,testId,instanceId,size,isEmpty,peek_obj_type,push,pop,clear,calledMethod,size_p,diff
1,1607899197708:4705af00-2ffa-40e8-8e87-efdc98f77ae4,1607899197708:769cfb23-e354-48a5-9661-3b6253fc2603,"size == ""1""","isEmpty == ""True""","peek_obj_type == ""class java.lang.String""","push == ""True""","pop == ""False""","clear == ""False""","calledMethod == ""push""","size_p == ""0""",Yes
2,1607899197708:4705af00-2ffa-40e8-8e87-efdc98f77ae4,1607899197708:769cfb23-e354-48a5-9661-3b6253fc2603,"size == ""1""","isEmpty == ""True""","peek_obj_type == ""class java.lang.String""","push == ""False""","pop == ""True""","clear == ""False""","calledMethod == ""pop""","size_p == ""1""",Yes
4,1607899197707:eb758733-3051-414a-b892-9f690dc23e10,1607899197707:7aec52ab-d80a-4145-8bfe-aea27f73e806,"size == ""1""","isEmpty == ""True""","peek_obj_type == ""class java.lang.String""","push == ""True""","pop == ""False""","clear == ""False""","calledMethod == ""push""","size_p == ""0""",Yes
5,1607899197707:eb758733-3051-414a-b892-9f690dc23e10,1607899197707:7aec52ab-d80a-4145-8bfe-aea27f73e806,"size == ""1""","isEmpty == ""True""","peek_obj_type == ""class java.lang.String""","push == ""False""","pop == ""True""","clear == ""False""","calledMethod == ""pop""","size_p == ""1""",Yes
7,1607899197707:dd94dc7f-1cac-4dfc-904b-51ec826785f6,1607899197707:edc26165-5b19-4ccd-9f31-be4813decf1d,"size == ""1""","isEmpty == ""True""","peek_obj_type == ""class java.lang.String""","push == ""True""","pop == ""False""","clear == ""False""","calledMethod == ""push""","size_p == ""0""",Yes
8,1607899197707:dd94dc7f-1cac-4dfc-904b-51ec826785f6,1607899197707:edc26165-5b19-4ccd-9f31-be4813decf1d,"size == ""2""","isEmpty == ""True""","peek_obj_type == ""class java.lang.String""","push == ""True""","pop == ""False""","clear == ""False""","calledMethod == ""push""","size_p == ""1""",Yes
10,1607899197707:dd94dc7f-1cac-4dfc-904b-51ec826785f6,1607899197707:28f1e03b-0167-4c64-96a2-bcc3701deca3,"size == ""1""","isEmpty == ""True""","peek_obj_type == ""class java.lang.String""","push == ""True""","pop == ""False""","clear == ""False""","calledMethod == ""push""","size_p == ""0""",Yes
11,1607899197707:dd94dc7f-1cac-4dfc-904b-51ec826785f6,1607899197707:28f1e03b-0167-4c64-96a2-bcc3701deca3,"size == ""1""","isEmpty == ""True""","peek_obj_type == ""class java.lang.String""","push == ""False""","pop == ""True""","clear == ""False""","calledMethod == ""pop""","size_p == ""1""",Yes
13,1607899197707:c0484850-bf82-4ade-8c78-7138df775f61,1607899197707:d5b91ee0-6161-4cfc-aafc-0281b83ba369,"size == ""1""","isEmpty == ""True""","peek_obj_type == ""class java.lang.String""","push == ""True""","pop == ""False""","clear == ""False""","calledMethod == ""push""","size_p == ""0""",Yes
14,1607899197707:c0484850-bf82-4ade-8c78-7138df775f61,1607899197707:d5b91ee0-6161-4cfc-aafc-0281b83ba369,"size == ""1""","isEmpty == ""True""","peek_obj_type == ""class java.lang.String""","push == ""False""","pop == ""True""","clear == ""False""","calledMethod == ""pop""","size_p == ""1""",Yes
16,1607899197707:9cf6afec-a09b-441f-85eb-c8fc26ecee88,1607899197707:3a364ef1-d447-49ba-8992-64dcff0f56d6,"size == ""1""","isEmpty == ""True""","peek_obj_type == ""class java.lang.String""","push == ""True""","pop == ""False""","clear == ""False""","calledMethod == ""push""","size_p == ""0""",Yes
17,1607899197707:9cf6afec-a09b-441f-85eb-c8fc26ecee88,1607899197707:3a364ef1-d447-49ba-8992-64dcff0f56d6,"size == ""2""","isEmpty == ""True""","peek_obj_type == ""class java.lang.String""","push == ""True""","pop == ""False""","clear == ""False""","calledMethod == ""push""","size_p == ""1""",Yes
18,1607899197707:9cf6afec-a09b-441f-85eb-c8fc26ecee88,1607899197707:3a364ef1-d447-49ba-8992-64dcff0f56d6,"size == ""3""","isEmpty == ""True""","peek_obj_type == ""class java.lang.String""","push == ""True""","pop == ""False""","clear == ""False""","calledMethod == ""push""","size_p == ""2""",Yes
20,1607899197707:9cf6afec-a09b-441f-85eb-c8fc26ecee88,1607899197707:2bbe79de-c7eb-4f8e-a7c2-ca1a579a1fb4,"size == ""1""","isEmpty == ""True""","peek_obj_type == ""class java.lang.String""","push == ""True""","pop == ""False""","clear == ""False""","calledMethod == ""push""","size_p == ""0""",Yes
21,1607899197707:9cf6afec-a09b-441f-85eb-c8fc26ecee88,1607899197707:2bbe79de-c7eb-4f8e-a7c2-ca1a579a1fb4,"size == ""1""","isEmpty == ""True""","peek_obj_type == ""class java.lang.String""","push == ""False""","pop == ""True""","clear == ""False""","calledMethod == ""pop""","size_p == ""1""",Yes
23,1607899197707:8e61c4d8-5554-43b3-b2e6-501ff27f13ea,1607899197707:f6cf39d2-f285-4315-9cab-351e1c302222,"size == ""1""","isEmpty == ""True""","peek_obj_type == ""class java.lang.String""","push == ""True""","pop == ""False""","clear == ""False""","calledMethod == ""push""","size_p == ""0""",Yes
24,1607899197707:8e61c4d8-5554-43b3-b2e6-501ff27f13ea,1607899197707:f6cf39d2-f285-4315-9cab-351e1c302222,"size == ""1""","isEmpty == ""True""","peek_obj_type == ""class java.lang.String""","push == ""False""","pop == ""True""","clear == ""False""","calledMethod == ""pop""","size_p == ""1""",Yes
27,1607899197707:8e61c4d8-5554-43b3-b2e6-501ff27f13ea,1607899197707:13ab1bf5-502f-4ac5-88bf-da068aa64280,"size == ""1""","isEmpty == ""True""","peek_obj_type == ""class java.lang.String""","push == ""True""","pop == ""False""","clear == ""False""","calledMethod == ""push""","size_p == ""0""",Yes
28,1607899197707:8e61c4d8-5554-43b3-b2e6-501ff27f13ea,1607899197707:13ab1bf5-502f-4ac5-88bf-da068aa64280,"size == ""1""","isEmpty == ""True""","peek_obj_type == ""class java.lang.String""","push == ""False""","pop == ""False""","clear == ""True""","calledMethod == ""clear""","size_p == ""1""",Yes
29,1607899197707:8e61c4d8-5554-43b3-b2e6-501ff27f13ea,1607899197707:13ab1bf5-502f-4ac5-88bf-da068aa64280,"size == ""1""","isEmpty == ""True""","peek_obj_type == ""class java.lang.String""","push == ""False""","pop == ""False""","clear == ""True""","calledMethod == ""clear""","size_p == ""1""",Yes
30,1607899197707:8e61c4d8-5554-43b3-b2e6-501ff27f13ea,1607899197707:13ab1bf5-502f-4ac5-88bf-da068aa64280,"size == ""1""","isEmpty == ""True""","peek_obj_type == ""class java.lang.String""","push == ""False""","pop == ""False""","clear == ""True""","calledMethod == ""clear""","size_p == ""1""",Yes
32,1607899197707:8a0e4af3-71f1-4689-95b1-7b692741b8a1,1607899197707:f59b3344-82ef-40a2-915e-3cf39c089e41,"size == ""1""","isEmpty == ""True""","peek_obj_type == ""class java.lang.String""","push == ""True""","pop == ""False""","clear == ""False""","calledMethod == ""push""","size_p == ""0""",Yes
33,1607899197707:8a0e4af3-71f1-4689-95b1-7b692741b8a1,1607899197707:f59b3344-82ef-40a2-915e-3cf39c089e41,"size == ""1""","isEmpty == ""True""","peek_obj_type == ""class java.lang.String""","push == ""False""","pop == ""True""","clear == ""False""","calledMethod == ""pop""","size_p == ""1""",Yes
35,1607899197707:8a0e4af3-71f1-4689-95b1-7b692741b8a1,1607899197707:52db1f8c-ab54-49f8-9441-759f8e0a6e65,"size == ""1""","isEmpty == ""True""","peek_obj_type == ""class java.lang.String""","push == ""True""","pop == ""False""","clear == ""False""","calledMethod == ""push""","size_p == ""0""",Yes
37,1607899197707:2b8bbe4c-f546-42e1-8cda-24d508e19480,1607899197707:5eb4acde-ac83-424b-bb04-246fed15111a,"size == ""1""","isEmpty == ""True""","peek_obj_type == ""class java.lang.String""","push == ""True""","pop == ""False""","clear == ""False""","calledMethod == ""push""","size_p == ""0""",Yes
38,1607899197707:2b8bbe4c-f546-42e1-8cda-24d508e19480,1607899197707:5eb4acde-ac83-424b-bb04-246fed15111a,"size == ""1""","isEmpty == ""True""","peek_obj_type == ""class java.lang.String""","push == ""False""","pop == ""True""","clear == ""False""","calledMethod == ""pop""","size_p == ""1""",Yes
40,1607899197706:daf4cd9b-907d-4748-b830-207e08f451b6,1607899197706:807f89e6-ac95-41eb-865d-32b14ded638e,"size == ""1""","isEmpty == ""True""","peek_obj_type == ""class java.lang.String""","push == ""True""","pop == ""False""","clear == ""False""","calledMethod == ""push""","size_p == ""0""",Yes
41,1607899197706:daf4cd9b-907d-4748-b830-207e08f451b6,1607899197706:807f89e6-ac95-41eb-865d-32b14ded638e,"size == ""1""","isEmpty == ""True""","peek_obj_type == ""class java.lang.String""","push == ""False""","pop == ""True""","clear == ""False""","calledMethod == ""pop""","size_p == ""1""",Yes
44,1607899197706:daf4cd9b-907d-4748-b830-207e08f451b6,1607899197706:73154188-cbe7-4a20-b31d-cf9a637ae1c3,"size == ""1""","isEmpty == ""True""","peek_obj_type == ""class java.lang.String""","push == ""True""","pop == ""False""","clear == ""False""","calledMethod == ""push""","size_p == ""0""",Yes
45,1607899197706:daf4cd9b-907d-4748-b830-207e08f451b6,1607899197706:73154188-cbe7-4a20-b31d-cf9a637ae1c3,"size == ""1""","isEmpty == ""True""","peek_obj_type == ""class java.lang.String""","push == ""False""","pop == ""False""","clear == ""True""","calledMethod == ""clear""","size_p == ""1""",Yes
46,1607899197706:daf4cd9b-907d-4748-b830-207e08f451b6,1607899197706:73154188-cbe7-4a20-b31d-cf9a637ae1c3,"size == ""1""","isEmpty == ""True""","peek_obj_type == ""class java.lang.String""","push == ""False""","pop == ""False""","clear == ""True""","calledMethod == ""clear""","size_p == ""1""",Yes
47,1607899197706:daf4cd9b-907d-4748-b830-207e08f451b6,1607899197706:73154188-cbe7-4a20-b31d-cf9a637ae1c3,"size == ""1""","isEmpty == ""True""","peek_obj_type == ""class java.lang.String""","push == ""False""","pop == ""False""","clear == ""True""","calledMethod == ""clear""","size_p == ""1""",Yes
49,1607899197706:c3740472-5ee3-41ad-b0c0-9dc4427666b3,1607899197706:c453f94f-a9e8-4930-b7f0-d79faa76fbe4,"size == ""1""","isEmpty == ""True""","peek_obj_type == ""class java.lang.String""","push == ""True""","pop == ""False""","clear == ""False""","calledMethod == ""push""","size_p == ""0""",Yes
51,1607899197706:c3740472-5ee3-41ad-b0c0-9dc4427666b3,1607899197706:8c1140f8-7097-4af0-baa8-03ebcfee3eb1,"size == ""1""","isEmpty == ""True""","peek_obj_type == ""class java.lang.String""","push == ""True""","pop == ""False""","clear == ""False""","calledMethod == ""push""","size_p == ""0""",Yes
52,1607899197706:c3740472-5ee3-41ad-b0c0-9dc4427666b3,1607899197706:8c1140f8-7097-4af0-baa8-03ebcfee3eb1,"size == ""1""","isEmpty == ""True""","peek_obj_type == ""class java.lang.String""","push == ""False""","pop == ""True""","clear == ""False""","calledMethod == ""pop""","size_p == ""1""",Yes
54,1607899197706:c26c9913-ebd5-4ce4-a2cc-443f74b58c5b,1607899197706:3e3291b5-a90a-461d-8a27-537bd2793bb7,"size == ""1""","isEmpty == ""True""","peek_obj_type == ""class java.lang.String""","push == ""True""","pop == ""False""","clear == ""False""","calledMethod == ""push""","size_p == ""0""",Yes
55,1607899197706:c26c9913-ebd5-4ce4-a2cc-443f74b58c5b,1607899197706:3e3291b5-a90a-461d-8a27-537bd2793bb7,"size == ""1""","isEmpty == ""True""","peek_obj_type == ""class java.lang.String""","push == ""False""","pop == ""True""","clear == ""False""","calledMethod == ""pop""","size_p == ""1""",Yes
58,1607899197706:5112d1fc-2769-4adf-a7f9-7b7581a37b5c,1607899197706:f94680a6-86b4-49a6-86b0-d92a5882a830,"size == ""1""","isEmpty == ""True""","peek_obj_type == ""class java.lang.String""","push == ""True""","pop == ""False""","clear == ""False""","calledMethod == ""push""","size_p == ""0""",Yes
59,1607899197706:5112d1fc-2769-4adf-a7f9-7b7581a37b5c,1607899197706:f94680a6-86b4-49a6-86b0-d92a5882a830,"size == ""1""","isEmpty == ""True""","peek_obj_type == ""class java.lang.String""","push == ""False""","pop == ""False""","clear == ""True""","calledMethod == ""clear""","size_p == ""1""",Yes
60,1607899197706:5112d1fc-2769-4adf-a7f9-7b7581a37b5c,1607899197706:f94680a6-86b4-49a6-86b0-d92a5882a830,"size == ""1""","isEmpty == ""True""","peek_obj_type == ""class java.lang.String""","push == ""False""","pop == ""False""","clear == ""True""","calledMethod == ""clear""","size_p == ""1""",Yes
61,1607899197706:5112d1fc-2769-4adf-a7f9-7b7581a37b5c,1607899197706:f94680a6-86b4-49a6-86b0-d92a5882a830,"size == ""1""","isEmpty == ""True""","peek_obj_type == ""class java.lang.String""","push == ""False""","pop == ""False""","clear == ""True""","calledMethod == ""clear""","size_p == ""1""",Yes
63,1607899197706:5112d1fc-2769-4adf-a7f9-7b7581a37b5c,1607899197706:a8c0e16a-0c25-4c27-bc07-f5c7aabfeb85,"size == ""1""","isEmpty == ""True""","peek_obj_type == ""class java.lang.String""","push == ""True""","pop == ""False""","clear == ""False""","calledMethod == ""push""","size_p == ""0""",Yes
64,1607899197706:5112d1fc-2769-4adf-a7f9-7b7581a37b5c,1607899197706:a8c0e16a-0c25-4c27-bc07-f5c7aabfeb85,"size == ""1""","isEmpty == ""True""","peek_obj_type == ""class java.lang.String""","push == ""False""","pop == ""True""","clear == ""False""","calledMethod == ""pop""","size_p == ""1""",Yes
66,1607899197706:4bd5ecb8-0523-4fda-9246-29ea1b061cd9,1607899197706:1a03cf17-20cb-4167-a798-06e66b1e2456,"size == ""1""","isEmpty == ""True""","peek_obj_type == ""class java.lang.String""","push == ""True""","pop == ""False""","clear == ""False""","calledMethod == ""push""","size_p == ""0""",Yes
67,1607899197706:4bd5ecb8-0523-4fda-9246-29ea1b061cd9,1607899197706:1a03cf17-20cb-4167-a798-06e66b1e2456,"size == ""1""","isEmpty == ""True""","peek_obj_type == ""class java.lang.String""","push == ""False""","pop == ""True""","clear == ""False""","calledMethod == ""pop""","size_p == ""1""",Yes
70,1607899197706:2ab3f120-176f-4023-b048-ef5bdf9685eb,1607899197706:2bf7e651-825d-45ac-a4f2-f4eaef7aeac3,"size == ""1""","isEmpty == ""True""","peek_obj_type == ""class java.lang.String""","push == ""True""","pop == ""False""","clear == ""False""","calledMethod == ""push""","size_p == ""0""",Yes
71,1607899197706:2ab3f120-176f-4023-b048-ef5bdf9685eb,1607899197706:2bf7e651-825d-45ac-a4f2-f4eaef7aeac3,"size == ""1""","isEmpty == ""True""","peek_obj_type == ""class java.lang.String""","push == ""False""","pop == ""True""","clear == ""False""","calledMethod == ""pop""","size_p == ""1""",Yes
73,1607899197705:fcadcfe8-8d90-4c9b-9bc0-10d3fabaa7bf,1607899197706:ba385c36-02ba-4880-9caf-e4ed018ff5c3,"size == ""1""","isEmpty == ""True""","peek_obj_type == ""class java.lang.String""","push == ""True""","pop == ""False""","clear == ""False""","calledMethod == ""push""","size_p == ""0""",Yes
74,1607899197705:fcadcfe8-8d90-4c9b-9bc0-10d3fabaa7bf,1607899197706:ba385c36-02ba-4880-9caf-e4ed018ff5c3,"size == ""1""","isEmpty == ""True""","peek_obj_type == ""class java.lang.String""","push == ""False""","pop == ""True""","clear == ""False""","calledMethod == ""pop""","size_p == ""1""",Yes
77,1607899197705:fcadcfe8-8d90-4c9b-9bc0-10d3fabaa7bf,1607899197705:284c3eb2-2e6a-450d-84b9-bd771f11c147,"size == ""1""","isEmpty == ""True""","peek_obj_type == ""class java.lang.String""","push == ""True""","pop == ""False""","clear == ""False""","calledMethod == ""push""","size_p == ""0""",Yes
78,1607899197705:fcadcfe8-8d90-4c9b-9bc0-10d3fabaa7bf,1607899197705:284c3eb2-2e6a-450d-84b9-bd771f11c147,"size == ""1""","isEmpty == ""True""","peek_obj_type == ""class java.lang.String""","push == ""False""","pop == ""False""","clear == ""True""","calledMethod == ""clear""","size_p == ""1""",Yes
79,1607899197705:fcadcfe8-8d90-4c9b-9bc0-10d3fabaa7bf,1607899197705:284c3eb2-2e6a-450d-84b9-bd771f11c147,"size == ""1""","isEmpty == ""True""","peek_obj_type == ""class java.lang.String""","push == ""False""","pop == ""False""","clear == ""True""","calledMethod == ""clear""","size_p == ""1""",Yes
80,1607899197705:fcadcfe8-8d90-4c9b-9bc0-10d3fabaa7bf,1607899197705:284c3eb2-2e6a-450d-84b9-bd771f11c147,"size == ""1""","isEmpty == ""True""","peek_obj_type == ""class java.lang.String""","push == ""False""","pop == ""False""","clear == ""True""","calledMethod == ""clear""","size_p == ""1""",Yes
82,1607899197705:c0d167d1-6eba-4edd-a9b4-b9022e2e60ff,1607899197705:75c5ab5b-58c5-4ec3-a770-f4d5ff6afef8,"size == ""1""","isEmpty == ""True""","peek_obj_type == ""class java.lang.String""","push == ""True""","pop == ""False""","clear == ""False""","calledMethod == ""push""","size_p == ""0""",Yes
83,1607899197705:c0d167d1-6eba-4edd-a9b4-b9022e2e60ff,1607899197705:75c5ab5b-58c5-4ec3-a770-f4d5ff6afef8,"size == ""2""","isEmpty == ""True""","peek_obj_type == ""class java.lang.String""","push == ""True""","pop == ""False""","clear == ""False""","calledMethod == ""push""","size_p == ""1""",Yes
85,1607899197705:c0d167d1-6eba-4edd-a9b4-b9022e2e60ff,1607899197705:3ee0b8c1-2a9b-4a51-bc9f-841f5796e787,"size == ""1""","isEmpty == ""True""","peek_obj_type == ""class java.lang.String""","push == ""True""","pop == ""False""","clear == ""False""","calledMethod == ""push""","size_p == ""0""",Yes
86,1607899197705:c0d167d1-6eba-4edd-a9b4-b9022e2e60ff,1607899197705:3ee0b8c1-2a9b-4a51-bc9f-841f5796e787,"size == ""1""","isEmpty == ""True""","peek_obj_type == ""class java.lang.String""","push == ""False""","pop == ""True""","clear == ""False""","calledMethod == ""pop""","size_p == ""1""",Yes
89,1607899197705:9adecb6e-e6fb-4676-804a-4c717f3d9ee6,1607899197705:57ca8e60-4575-4e11-b37e-7aaadf76c5e7,"size == ""1""","isEmpty == ""True""","peek_obj_type == ""class java.lang.String""","push == ""True""","pop == ""False""","clear == ""False""","calledMethod == ""push""","size_p == ""0""",Yes
90,1607899197705:9adecb6e-e6fb-4676-804a-4c717f3d9ee6,1607899197705:57ca8e60-4575-4e11-b37e-7aaadf76c5e7,"size == ""1""","isEmpty == ""True""","peek_obj_type == ""class java.lang.String""","push == ""False""","pop == ""True""","clear == ""False""","calledMethod == ""pop""","size_p == ""1""",Yes
92,1607899197705:9adecb6e-e6fb-4676-804a-4c717f3d9ee6,1607899197705:23fd20c2-2452-4054-8142-b576071e0f8a,"size == ""1""","isEmpty == ""True""","peek_obj_type == ""class java.lang.String""","push == ""True""","pop == ""False""","clear == ""False""","calledMethod == ""push""","size_p == ""0""",Yes
94,1607899197705:7ec07a7f-002c-43fd-b6ef-1ef68acb4998,1607899197705:eab9389c-8f69-4fad-be02-6baf7ac29984,"size == ""1""","isEmpty == ""True""","peek_obj_type == ""class java.lang.String""","push == ""True""","pop == ""False""","clear == ""False""","calledMethod == ""push""","size_p == ""0""",Yes
95,1607899197705:7ec07a7f-002c-43fd-b6ef-1ef68acb4998,1607899197705:eab9389c-8f69-4fad-be02-6baf7ac29984,"size == ""1""","isEmpty == ""True""","peek_obj_type == ""class java.lang.String""","push == ""False""","pop == ""True""","clear == ""False""","calledMethod == ""pop""","size_p == ""1""",Yes
97,1607899197705:7ec07a7f-002c-43fd-b6ef-1ef68acb4998,1607899197705:9ef91f58-ed01-4a79-b385-b84916979dfd,"size == ""1""","isEmpty == ""True""","peek_obj_type == ""class java.lang.String""","push == ""True""","pop == ""False""","clear == ""False""","calledMethod == ""push""","size_p == ""0""",Yes
99,1607899197705:5213e5cd-491b-4420-b795-003d754d2ac0,1607899197705:7f71d635-c08c-45de-a015-9966dca184df,"size == ""1""","isEmpty == ""True""","peek_obj_type == ""class java.lang.String""","push == ""True""","pop == ""False""","clear == ""False""","calledMethod == ""push""","size_p == ""0""",Yes
101,1607899197705:5213e5cd-491b-4420-b795-003d754d2ac0,1607899197705:783d9bcd-263d-4e80-aef9-122498afc69d,"size == ""1""","isEmpty == ""True""","peek_obj_type == ""class java.lang.String""","push == ""True""","pop == ""False""","clear == ""False""","calledMethod == ""push""","size_p == ""0""",Yes
102,1607899197705:5213e5cd-491b-4420-b795-003d754d2ac0,1607899197705:783d9bcd-263d-4e80-aef9-122498afc69d,"size == ""1""","isEmpty == ""True""","peek_obj_type == ""class java.lang.String""","push == ""False""","pop == ""True""","clear == ""False""","calledMethod == ""pop""","size_p == ""1""",Yes
105,1607899197705:35956de2-bd3b-4ba3-a13f-ec04f5d700b9,1607899197705:1a84f441-10f3-4efb-af42-def9702c6206,"size == ""1""","isEmpty == ""True""","peek_obj_type == ""class java.lang.String""","push == ""True""","pop == ""False""","clear == ""False""","calledMethod == ""push""","size_p == ""0""",Yes
106,1607899197705:35956de2-bd3b-4ba3-a13f-ec04f5d700b9,1607899197705:1a84f441-10f3-4efb-af42-def9702c6206,"size == ""1""","isEmpty == ""True""","peek_obj_type == ""class java.lang.String""","push == ""False""","pop == ""True""","clear == ""False""","calledMethod == ""pop""","size_p == ""1""",Yes
108,1607899197705:3543b0f2-15be-4fa5-940f-23febfbe76e2,1607899197705:be4186bb-4a8b-4203-9fa1-d89de5ed6a7d,"size == ""1""","isEmpty == ""True""","peek_obj_type == ""class java.lang.String""","push == ""True""","pop == ""False""","clear == ""False""","calledMethod == ""push""","size_p == ""0""",Yes
109,1607899197705:3543b0f2-15be-4fa5-940f-23febfbe76e2,1607899197705:be4186bb-4a8b-4203-9fa1-d89de5ed6a7d,"size == ""1""","isEmpty == ""True""","peek_obj_type == ""class java.lang.String""","push == ""False""","pop == ""True""","clear == ""False""","calledMethod == ""pop""","size_p == ""1""",Yes
111,1607899197705:3543b0f2-15be-4fa5-940f-23febfbe76e2,1607899197705:6674629c-bae4-4a0c-bec2-c872675dd0e0,"size == ""1""","isEmpty == ""True""","peek_obj_type == ""class java.lang.String""","push == ""True""","pop == ""False""","clear == ""False""","calledMethod == ""push""","size_p == ""0""",Yes
114,1607899197704:cbbb509e-7807-4186-be85-346c68596c35,1607899197704:79001e0d-b45b-40b2-8086-cbddacac387a,"size == ""1""","isEmpty == ""True""","peek_obj_type == ""class java.lang.String""","push == ""True""","pop == ""False""","clear == ""False""","calledMethod == ""push""","size_p == ""0""",Yes
115,1607899197704:cbbb509e-7807-4186-be85-346c68596c35,1607899197704:79001e0d-b45b-40b2-8086-cbddacac387a,"size == ""1""","isEmpty == ""True""","peek_obj_type == ""class java.lang.String""","push == ""False""","pop == ""True""","clear == ""False""","calledMethod == ""pop""","size_p == ""1""",Yes
117,1607899197704:cbbb509e-7807-4186-be85-346c68596c35,1607899197704:355b0e2d-4521-4f12-949c-0fbe49b5b2b1,"size == ""1""","isEmpty == ""True""","peek_obj_type == ""class java.lang.String""","push == ""True""","pop == ""False""","clear == ""False""","calledMethod == ""push""","size_p == ""0""",Yes
119,1607899197704:81468ba9-cd50-4c1c-b67a-8b6f4d628f46,1607899197704:f2cf6af7-921c-46e4-9428-2324d8225965,"size == ""1""","isEmpty == ""True""","peek_obj_type == ""class java.lang.String""","push == ""True""","pop == ""False""","clear == ""False""","calledMethod == ""push""","size_p == ""0""",Yes
120,1607899197704:81468ba9-cd50-4c1c-b67a-8b6f4d628f46,1607899197704:f2cf6af7-921c-46e4-9428-2324d8225965,"size == ""1""","isEmpty == ""True""","peek_obj_type == ""class java.lang.String""","push == ""False""","pop == ""True""","clear == ""False""","calledMethod == ""pop""","size_p == ""1""",Yes
122,1607899197703:874079a7-6337-4093-8bbd-3c08e2c3b79e,1607899197703:b71b06d7-1f27-47bc-8e88-3f370c160024,"size == ""1""","isEmpty == ""True""","peek_obj_type == ""class java.lang.String""","push == ""True""","pop == ""False""","clear == ""False""","calledMethod == ""push""","size_p == ""0""",Yes
123,1607899197703:874079a7-6337-4093-8bbd-3c08e2c3b79e,1607899197703:b71b06d7-1f27-47bc-8e88-3f370c160024,"size == ""1""","isEmpty == ""True""","peek_obj_type == ""class java.lang.String""","push == ""False""","pop == ""True""","clear == ""False""","calledMethod == ""pop""","size_p == ""1""",Yes
125,1607899197703:874079a7-6337-4093-8bbd-3c08e2c3b79e,1607899197703:08c90743-8c3d-4acd-a453-5c22316bcf53,"size == ""1""","isEmpty == ""True""","peek_obj_type == ""class java.lang.String""","push == ""True""","pop == ""False""","clear == ""False""","calledMethod == ""push""","size_p == ""0""",Yes
126,1607899197703:874079a7-6337-4093-8bbd-3c08e2c3b79e,1607899197703:08c90743-8c3d-4acd-a453-5c22316bcf53,"size == ""2""","isEmpty == ""True""","peek_obj_type == ""class java.lang.String""","push == ""True""","pop == ""False""","clear == ""False""","calledMethod == ""push""","size_p == ""1""",Yes
128,1607899197703:5f1ccbb1-8b5b-4b57-af69-3ecd0b0cf3c9,1607899197703:3c92ef3f-ccd6-44e0-9808-ef90fc393004,"size == ""1""","isEmpty == ""True""","peek_obj_type == ""class java.lang.String""","push == ""True""","pop == ""False""","clear == ""False""","calledMethod == ""push""","size_p == ""0""",Yes
129,1607899197703:5f1ccbb1-8b5b-4b57-af69-3ecd0b0cf3c9,1607899197703:3c92ef3f-ccd6-44e0-9808-ef90fc393004,"size == ""1""","isEmpty == ""True""","peek_obj_type == ""class java.lang.String""","push == ""False""","pop == ""True""","clear == ""False""","calledMethod == ""pop""","size_p == ""1""",Yes
131,1607899197703:46d939fa-48da-4aa3-a6b2-8ddb5b2946d0,1607899197703:9925a532-ebbf-4b2f-b265-9254b4ad33f9,"size == ""1""","isEmpty == ""True""","peek_obj_type == ""class java.lang.String""","push == ""True""","pop == ""False""","clear == ""False""","calledMethod == ""push""","size_p == ""0""",Yes
132,1607899197703:46d939fa-48da-4aa3-a6b2-8ddb5b2946d0,1607899197703:9925a532-ebbf-4b2f-b265-9254b4ad33f9,"size == ""1""","isEmpty == ""True""","peek_obj_type == ""class java.lang.String""","push == ""False""","pop == ""True""","clear == ""False""","calledMethod == ""pop""","size_p == ""1""",Yes
135,1607899197703:46d939fa-48da-4aa3-a6b2-8ddb5b2946d0,1607899197703:00ddc10a-0f7c-4283-a61a-9be0a1d683af,"size == ""1""","isEmpty == ""True""","peek_obj_type == ""class java.lang.String""","push == ""True""","pop == ""False""","clear == ""False""","calledMethod == ""push""","size_p == ""0""",Yes
136,1607899197703:46d939fa-48da-4aa3-a6b2-8ddb5b2946d0,1607899197703:00ddc10a-0f7c-4283-a61a-9be0a1d683af,"size == ""1""","isEmpty == ""True""","peek_obj_type == ""class java.lang.String""","push == ""False""","pop == ""False""","clear == ""True""","calledMethod == ""clear""","size_p == ""1""",Yes
137,1607899197703:46d939fa-48da-4aa3-a6b2-8ddb5b2946d0,1607899197703:00ddc10a-0f7c-4283-a61a-9be0a1d683af,"size == ""1""","isEmpty == ""True""","peek_obj_type == ""class java.lang.String""","push == ""False""","pop == ""False""","clear == ""True""","calledMethod == ""clear""","size_p == ""1""",Yes
138,1607899197703:46d939fa-48da-4aa3-a6b2-8ddb5b2946d0,1607899197703:00ddc10a-0f7c-4283-a61a-9be0a1d683af,"size == ""1""","isEmpty == ""True""","peek_obj_type == ""class java.lang.String""","push == ""False""","pop == ""False""","clear == ""True""","calledMethod == ""clear""","size_p == ""1""",Yes
140,1607899197703:3a26b513-206a-4d07-9943-8c17b0c45a66,1607899197703:c7965bda-bf24-4a73-8970-0a6c35a816b3,"size == ""1""","isEmpty == ""True""","peek_obj_type == ""class java.lang.String""","push == ""True""","pop == ""False""","clear == ""False""","calledMethod == ""push""","size_p == ""0""",Yes
141,1607899197703:3a26b513-206a-4d07-9943-8c17b0c45a66,1607899197703:c7965bda-bf24-4a73-8970-0a6c35a816b3,"size == ""1""","isEmpty == ""True""","peek_obj_type == ""class java.lang.String""","push == ""False""","pop == ""True""","clear == ""False""","calledMethod == ""pop""","size_p == ""1""",Yes
144,1607899197703:3a26b513-206a-4d07-9943-8c17b0c45a66,1607899197703:7f1efdaa-7184-4b01-831e-a7282cf54612,"size == ""1""","isEmpty == ""True""","peek_obj_type == ""class java.lang.String""","push == ""True""","pop == ""False""","clear == ""False""","calledMethod == ""push""","size_p == ""0""",Yes
145,1607899197703:3a26b513-206a-4d07-9943-8c17b0c45a66,1607899197703:7f1efdaa-7184-4b01-831e-a7282cf54612,"size == ""1""","isEmpty == ""True""","peek_obj_type == ""class java.lang.String""","push == ""False""","pop == ""False""","clear == ""True""","calledMethod == ""clear""","size_p == ""1""",Yes
146,1607899197703:3a26b513-206a-4d07-9943-8c17b0c45a66,1607899197703:7f1efdaa-7184-4b01-831e-a7282cf54612,"size == ""1""","isEmpty == ""True""","peek_obj_type == ""class java.lang.String""","push == ""False""","pop == ""False""","clear == ""True""","calledMethod == ""clear""","size_p == ""1""",Yes
147,1607899197703:3a26b513-206a-4d07-9943-8c17b0c45a66,1607899197703:7f1efdaa-7184-4b01-831e-a7282cf54612,"size == ""1""","isEmpty == ""True""","peek_obj_type == ""class java.lang.String""","push == ""False""","pop == ""False""","clear == ""True""","calledMethod == ""clear""","size_p == ""1""",Yes
149,1607899197703:0ca57d70-2a98-400a-98d6-43a9d7315865,1607899197703:ca8de42e-b3fb-4391-9b0b-24bde92c2c0e,"size == ""1""","isEmpty == ""True""","peek_obj_type == ""class java.lang.String""","push == ""True""","pop == ""False""","clear == ""False""","calledMethod == ""push""","size_p == ""0""",Yes
150,1607899197703:0ca57d70-2a98-400a-98d6-43a9d7315865,1607899197703:ca8de42e-b3fb-4391-9b0b-24bde92c2c0e,"size == ""1""","isEmpty == ""True""","peek_obj_type == ""class java.lang.String""","push == ""False""","pop == ""True""","clear == ""False""","calledMethod == ""pop""","size_p == ""1""",Yes
153,1607899197703:0ca57d70-2a98-400a-98d6-43a9d7315865,1607899197703:c6e6a672-7f9b-4a9f-a12f-97345bb0ad4e,"size == ""1""","isEmpty == ""True""","peek_obj_type == ""class java.lang.String""","push == ""True""","pop == ""False""","clear == ""False""","calledMethod == ""push""","size_p == ""0""",Yes
154,1607899197703:0ca57d70-2a98-400a-98d6-43a9d7315865,1607899197703:c6e6a672-7f9b-4a9f-a12f-97345bb0ad4e,"size == ""1""","isEmpty == ""True""","peek_obj_type == ""class java.lang.String""","push == ""False""","pop == ""False""","clear == ""True""","calledMethod == ""clear""","size_p == ""1""",Yes
155,1607899197703:0ca57d70-2a98-400a-98d6-43a9d7315865,1607899197703:c6e6a672-7f9b-4a9f-a12f-97345bb0ad4e,"size == ""1""","isEmpty == ""True""","peek_obj_type == ""class java.lang.String""","push == ""False""","pop == ""False""","clear == ""True""","calledMethod == ""clear""","size_p == ""1""",Yes
156,1607899197703:0ca57d70-2a98-400a-98d6-43a9d7315865,1607899197703:c6e6a672-7f9b-4a9f-a12f-97345bb0ad4e,"size == ""1""","isEmpty == ""True""","peek_obj_type == ""class java.lang.String""","push == ""False""","pop == ""False""","clear == ""True""","calledMethod == ""clear""","size_p == ""1""",Yes
158,1607899197702:dfc6b1c9-419d-4af8-8e31-9deabd5eb5ac,1607899197702:a8e6b1de-5393-4a74-b42e-22408e228178,"size == ""1""","isEmpty == ""True""","peek_obj_type == ""class java.lang.String""","push == ""True""","pop == ""False""","clear == ""False""","calledMethod == ""push""","size_p == ""0""",Yes
159,1607899197702:dfc6b1c9-419d-4af8-8e31-9deabd5eb5ac,1607899197702:a8e6b1de-5393-4a74-b42e-22408e228178,"size == ""1""","isEmpty == ""True""","peek_obj_type == ""class java.lang.String""","push == ""False""","pop == ""True""","clear == ""False""","calledMethod == ""pop""","size_p == ""1""",Yes
162,1607899197702:c32a6a0a-538e-4916-98c6-7c42d179bcfc,1607899197702:9ff4eb91-120c-4e48-a13f-d35f804c9e79,"size == ""1""","isEmpty == ""True""","peek_obj_type == ""class java.lang.String""","push == ""True""","pop == ""False""","clear == ""False""","calledMethod == ""push""","size_p == ""0""",Yes
164,1607899197702:c32a6a0a-538e-4916-98c6-7c42d179bcfc,1607899197702:0b6579dc-d2e0-4f8c-9032-1c5b3c8e4b1d,"size == ""1""","isEmpty == ""True""","peek_obj_type == ""class java.lang.String""","push == ""True""","pop == ""False""","clear == ""False""","calledMethod == ""push""","size_p == ""0""",Yes
165,1607899197702:c32a6a0a-538e-4916-98c6-7c42d179bcfc,1607899197702:0b6579dc-d2e0-4f8c-9032-1c5b3c8e4b1d,"size == ""1""","isEmpty == ""True""","peek_obj_type == ""class java.lang.String""","push == ""False""","pop == ""True""","clear == ""False""","calledMethod == ""pop""","size_p == ""1""",Yes
167,1607899197702:8b8fe140-d6fa-4224-acb4-b1fa656b1b15,1607899197702:7f4b6441-640c-4a97-8774-329ec195daef,"size == ""1""","isEmpty == ""True""","peek_obj_type == ""class java.lang.String""","push == ""True""","pop == ""False""","clear == ""False""","calledMethod == ""push""","size_p == ""0""",Yes
168,1607899197702:8b8fe140-d6fa-4224-acb4-b1fa656b1b15,1607899197702:7f4b6441-640c-4a97-8774-329ec195daef,"size == ""1""","isEmpty == ""True""","peek_obj_type == ""class java.lang.String""","push == ""False""","pop == ""True""","clear == ""False""","calledMethod == ""pop""","size_p == ""1""",Yes
170,1607899197702:7bef509e-6046-4a0a-8c96-667739ab83ba,1607899197703:224f7c7a-8061-4973-bf17-bf430f18d7a4,"size == ""1""","isEmpty == ""True""","peek_obj_type == ""class java.lang.String""","push == ""True""","pop == ""False""","clear == ""False""","calledMethod == ""push""","size_p == ""0""",Yes
171,1607899197702:7bef509e-6046-4a0a-8c96-667739ab83ba,1607899197703:224f7c7a-8061-4973-bf17-bf430f18d7a4,"size == ""1""","isEmpty == ""True""","peek_obj_type == ""class java.lang.String""","push == ""False""","pop == ""True""","clear == ""False""","calledMethod == ""pop""","size_p == ""1""",Yes
173,1607899197702:7bef509e-6046-4a0a-8c96-667739ab83ba,1607899197702:bffe137d-64cf-4179-9f3e-4914268d52d9,"size == ""1""","isEmpty == ""True""","peek_obj_type == ""class java.lang.String""","push == ""True""","pop == ""False""","clear == ""False""","calledMethod == ""push""","size_p == ""0""",Yes
174,1607899197702:7bef509e-6046-4a0a-8c96-667739ab83ba,1607899197702:bffe137d-64cf-4179-9f3e-4914268d52d9,"size == ""2""","isEmpty == ""True""","peek_obj_type == ""class java.lang.String""","push == ""True""","pop == ""False""","clear == ""False""","calledMethod == ""push""","size_p == ""1""",Yes
176,1607899197702:362d97a7-eefe-4f2a-a6c2-4540e5bcab16,1607899197702:9d56c1b3-eb69-48b4-a569-7381f2039c15,"size == ""1""","isEmpty == ""True""","peek_obj_type == ""class java.lang.String""","push == ""True""","pop == ""False""","clear == ""False""","calledMethod == ""push""","size_p == ""0""",Yes
177,1607899197702:362d97a7-eefe-4f2a-a6c2-4540e5bcab16,1607899197702:9d56c1b3-eb69-48b4-a569-7381f2039c15,"size == ""1""","isEmpty == ""True""","peek_obj_type == ""class java.lang.String""","push == ""False""","pop == ""True""","clear == ""False""","calledMethod == ""pop""","size_p == ""1""",Yes
179,1607899197702:2b902111-f015-48ab-a28e-39edaeda7b24,1607899197702:30cd0378-c786-4713-8650-9f933bcacf4a,"size == ""1""","isEmpty == ""True""","peek_obj_type == ""class java.lang.String""","push == ""True""","pop == ""False""","clear == ""False""","calledMethod == ""push""","size_p == ""0""",Yes
180,1607899197702:2b902111-f015-48ab-a28e-39edaeda7b24,1607899197702:30cd0378-c786-4713-8650-9f933bcacf4a,"size == ""1""","isEmpty == ""True""","peek_obj_type == ""class java.lang.String""","push == ""False""","pop == ""True""","clear == ""False""","calledMethod == ""pop""","size_p == ""1""",Yes
182,1607899197702:207b62d8-d8ee-4a21-9eaf-dd434365f411,1607899197702:b4a865ab-5f96-4e61-8d6c-38a8370be417,"size == ""1""","isEmpty == ""True""","peek_obj_type == ""class java.lang.String""","push == ""True""","pop == ""False""","clear == ""False""","calledMethod == ""push""","size_p == ""0""",Yes
183,1607899197702:207b62d8-d8ee-4a21-9eaf-dd434365f411,1607899197702:b4a865ab-5f96-4e61-8d6c-38a8370be417,"size == ""1""","isEmpty == ""True""","peek_obj_type == ""class java.lang.String""","push == ""False""","pop == ""True""","clear == ""False""","calledMethod == ""pop""","size_p == ""1""",Yes
186,1607899197702:207b62d8-d8ee-4a21-9eaf-dd434365f411,1607899197702:63770f09-6543-4164-b887-94b7c914f766,"size == ""1""","isEmpty == ""True""","peek_obj_type == ""class java.lang.String""","push == ""True""","pop == ""False""","clear == ""False""","calledMethod == ""push""","size_p == ""0""",Yes
187,1607899197702:207b62d8-d8ee-4a21-9eaf-dd434365f411,1607899197702:63770f09-6543-4164-b887-94b7c914f766,"size == ""1""","isEmpty == ""True""","peek_obj_type == ""class java.lang.String""","push == ""False""","pop == ""False""","clear == ""True""","calledMethod == ""clear""","size_p == ""1""",Yes
190,1607899197702:1c8c9651-54a8-4229-829e-08fe8b3d4c12,1607899197702:da559622-e8ac-43d6-903c-fe7882dbfdd5,"size == ""1""","isEmpty == ""True""","peek_obj_type == ""class java.lang.String""","push == ""True""","pop == ""False""","clear == ""False""","calledMethod == ""push""","size_p == ""0""",Yes
191,1607899197702:1c8c9651-54a8-4229-829e-08fe8b3d4c12,1607899197702:da559622-e8ac-43d6-903c-fe7882dbfdd5,"size == ""1""","isEmpty == ""True""","peek_obj_type == ""class java.lang.String""","push == ""False""","pop == ""False""","clear == ""True""","calledMethod == ""clear""","size_p == ""1""",Yes
192,1607899197702:1c8c9651-54a8-4229-829e-08fe8b3d4c12,1607899197702:da559622-e8ac-43d6-903c-fe7882dbfdd5,"size == ""1""","isEmpty == ""True""","peek_obj_type == ""class java.lang.String""","push == ""False""","pop == ""False""","clear == ""True""","calledMethod == ""clear""","size_p == ""1""",Yes
193,1607899197702:1c8c9651-54a8-4229-829e-08fe8b3d4c12,1607899197702:da559622-e8ac-43d6-903c-fe7882dbfdd5,"size == ""1""","isEmpty == ""True""","peek_obj_type == ""class java.lang.String""","push == ""False""","pop == ""False""","clear == ""True""","calledMethod == ""clear""","size_p == ""1""",Yes
195,1607899197702:1c8c9651-54a8-4229-829e-08fe8b3d4c12,1607899197702:70830765-7803-496f-8e2c-b731b8d92b77,"size == ""1""","isEmpty == ""True""","peek_obj_type == ""class java.lang.String""","push == ""True""","pop == ""False""","clear == ""False""","calledMethod == ""push""","size_p == ""0""",Yes
196,1607899197702:1c8c9651-54a8-4229-829e-08fe8b3d4c12,1607899197702:70830765-7803-496f-8e2c-b731b8d92b77,"size == ""1""","isEmpty == ""True""","peek_obj_type == ""class java.lang.String""","push == ""False""","pop == ""True""","clear == ""False""","calledMethod == ""pop""","size_p == ""1""",Yes
198,1607899197701:f9adb4e1-bd85-48ea-b756-934ee09328a9,1607899197701:706a06d3-5c3a-4539-8675-b399b1b7b52e,"size == ""1""","isEmpty == ""True""","peek_obj_type == ""class java.lang.String""","push == ""True""","pop == ""False""","clear == ""False""","calledMethod == ""push""","size_p == ""0""",Yes
199,1607899197701:f9adb4e1-bd85-48ea-b756-934ee09328a9,1607899197701:706a06d3-5c3a-4539-8675-b399b1b7b52e,"size == ""1""","isEmpty == ""True""","peek_obj_type == ""class java.lang.String""","push == ""False""","pop == ""True""","clear == ""False""","calledMethod == ""pop""","size_p == ""1""",Yes
202,1607899197701:f9adb4e1-bd85-48ea-b756-934ee09328a9,1607899197701:5821a276-9d35-44ef-a128-ab1ee8ad7f8c,"size == ""1""","isEmpty == ""True""","peek_obj_type == ""class java.lang.String""","push == ""True""","pop == ""False""","clear == ""False""","calledMethod == ""push""","size_p == ""0""",Yes
203,1607899197701:f9adb4e1-bd85-48ea-b756-934ee09328a9,1607899197701:5821a276-9d35-44ef-a128-ab1ee8ad7f8c,"size == ""1""","isEmpty == ""True""","peek_obj_type == ""class java.lang.String""","push == ""False""","pop == ""False""","clear == ""True""","calledMethod == ""clear""","size_p == ""1""",Yes
204,1607899197701:f9adb4e1-bd85-48ea-b756-934ee09328a9,1607899197701:5821a276-9d35-44ef-a128-ab1ee8ad7f8c,"size == ""1""","isEmpty == ""True""","peek_obj_type == ""class java.lang.String""","push == ""False""","pop == ""False""","clear == ""True""","calledMethod == ""clear""","size_p == ""1""",Yes
205,1607899197701:f9adb4e1-bd85-48ea-b756-934ee09328a9,1607899197701:5821a276-9d35-44ef-a128-ab1ee8ad7f8c,"size == ""1""","isEmpty == ""True""","peek_obj_type == ""class java.lang.String""","push == ""False""","pop == ""False""","clear == ""True""","calledMethod == ""clear""","size_p == ""1""",Yes
207,1607899197701:e9277f64-942f-4621-a079-aafed16455d8,1607899197701:ace8c5d8-fe07-4571-9fdc-1f2acb1c7fd9,"size == ""1""","isEmpty == ""True""","peek_obj_type == ""class java.lang.String""","push == ""True""","pop == ""False""","clear == ""False""","calledMethod == ""push""","size_p == ""0""",Yes
208,1607899197701:e9277f64-942f-4621-a079-aafed16455d8,1607899197701:ace8c5d8-fe07-4571-9fdc-1f2acb1c7fd9,"size == ""1""","isEmpty == ""True""","peek_obj_type == ""class java.lang.String""","push == ""False""","pop == ""True""","clear == ""False""","calledMethod == ""pop""","size_p == ""1""",Yes
211,1607899197701:93ac3c78-bccd-40cd-969f-43e8a41940c5,1607899197701:a909ad7c-d0e1-4315-ac31-d74e8a5b2b2a,"size == ""1""","isEmpty == ""True""","peek_obj_type == ""class java.lang.String""","push == ""True""","pop == ""False""","clear == ""False""","calledMethod == ""push""","size_p == ""0""",Yes
212,1607899197701:93ac3c78-bccd-40cd-969f-43e8a41940c5,1607899197701:a909ad7c-d0e1-4315-ac31-d74e8a5b2b2a,"size == ""1""","isEmpty == ""True""","peek_obj_type == ""class java.lang.String""","push == ""False""","pop == ""True""","clear == ""False""","calledMethod == ""pop""","size_p == ""1""",Yes
214,1607899197701:93ac3c78-bccd-40cd-969f-43e8a41940c5,1607899197701:0024d67d-9b32-4445-b3bf-9bb0d81fd5ff,"size == ""1""","isEmpty == ""True""","peek_obj_type == ""class java.lang.String""","push == ""True""","pop == ""False""","clear == ""False""","calledMethod == ""push""","size_p == ""0""",Yes
215,1607899197701:93ac3c78-bccd-40cd-969f-43e8a41940c5,1607899197701:0024d67d-9b32-4445-b3bf-9bb0d81fd5ff,"size == ""2""","isEmpty == ""True""","peek_obj_type == ""class java.lang.String""","push == ""True""","pop == ""False""","clear == ""False""","calledMethod == ""push""","size_p == ""1""",Yes
216,1607899197701:93ac3c78-bccd-40cd-969f-43e8a41940c5,1607899197701:0024d67d-9b32-4445-b3bf-9bb0d81fd5ff,"size == ""3""","isEmpty == ""True""","peek_obj_type == ""class java.lang.String""","push == ""True""","pop == ""False""","clear == ""False""","calledMethod == ""push""","size_p == ""2""",Yes
218,1607899197701:70448908-a05e-439b-b465-de5edbe6247e,1607899197701:42193c57-6232-406f-835b-80425d943077,"size == ""1""","isEmpty == ""True""","peek_obj_type == ""class java.lang.String""","push == ""True""","pop == ""False""","clear == ""False""","calledMethod == ""push""","size_p == ""0""",Yes
219,1607899197701:70448908-a05e-439b-b465-de5edbe6247e,1607899197701:42193c57-6232-406f-835b-80425d943077,"size == ""1""","isEmpty == ""True""","peek_obj_type == ""class java.lang.String""","push == ""False""","pop == ""True""","clear == ""False""","calledMethod == ""pop""","size_p == ""1""",Yes
221,1607899197701:4d43e880-b916-4c7a-9b98-745fc078efe2,1607899197701:332e4a7d-21f3-4ab3-b790-7579afd982ec,"size == ""1""","isEmpty == ""True""","peek_obj_type == ""class java.lang.String""","push == ""True""","pop == ""False""","clear == ""False""","calledMethod == ""push""","size_p == ""0""",Yes
222,1607899197701:4d43e880-b916-4c7a-9b98-745fc078efe2,1607899197701:332e4a7d-21f3-4ab3-b790-7579afd982ec,"size == ""1""","isEmpty == ""True""","peek_obj_type == ""class java.lang.String""","push == ""False""","pop == ""True""","clear == ""False""","calledMethod == ""pop""","size_p == ""1""",Yes
224,1607899197701:4d43e880-b916-4c7a-9b98-745fc078efe2,1607899197701:03c14716-f322-4eb0-8311-0cabd32113e6,"size == ""1""","isEmpty == ""True""","peek_obj_type == ""class java.lang.String""","push == ""True""","pop == ""False""","clear == ""False""","calledMethod == ""push""","size_p == ""0""",Yes
226,1607899197700:cd9080c1-7f3a-4dec-83bf-3f629821ef1a,1607899197700:60903693-0521-47d7-8a59-598377d5e57d,"size == ""1""","isEmpty == ""True""","peek_obj_type == ""class java.lang.String""","push == ""True""","pop == ""False""","clear == ""False""","calledMethod == ""push""","size_p == ""0""",Yes
227,1607899197700:cd9080c1-7f3a-4dec-83bf-3f629821ef1a,1607899197700:60903693-0521-47d7-8a59-598377d5e57d,"size == ""1""","isEmpty == ""True""","peek_obj_type == ""class java.lang.String""","push == ""False""","pop == ""True""","clear == ""False""","calledMethod == ""pop""","size_p == ""1""",Yes
229,1607899197700:cc3b283a-c5ee-48c0-961f-64ed99bb757c,1607899197700:feaa8261-e25a-49f0-9906-cbbe34d316ac,"size == ""1""","isEmpty == ""True""","peek_obj_type == ""class java.lang.String""","push == ""True""","pop == ""False""","clear == ""False""","calledMethod == ""push""","size_p == ""0""",Yes
230,1607899197700:cc3b283a-c5ee-48c0-961f-64ed99bb757c,1607899197700:feaa8261-e25a-49f0-9906-cbbe34d316ac,"size == ""1""","isEmpty == ""True""","peek_obj_type == ""class java.lang.String""","push == ""False""","pop == ""True""","clear == ""False""","calledMethod == ""pop""","size_p == ""1""",Yes
232,1607899197700:9d262a80-30c0-4df0-8d1e-aa03205705e1,1607899197700:d17e9ce4-5393-4b39-9fbc-c2419b49712a,"size == ""1""","isEmpty == ""True""","peek_obj_type == ""class java.lang.String""","push == ""True""","pop == ""False""","clear == ""False""","calledMethod == ""push""","size_p == ""0""",Yes
233,1607899197700:9d262a80-30c0-4df0-8d1e-aa03205705e1,1607899197700:d17e9ce4-5393-4b39-9fbc-c2419b49712a,"size == ""2""","isEmpty == ""True""","peek_obj_type == ""class java.lang.String""","push == ""True""","pop == ""False""","clear == ""False""","calledMethod == ""push""","size_p == ""1""",Yes
234,1607899197700:9d262a80-30c0-4df0-8d1e-aa03205705e1,1607899197700:d17e9ce4-5393-4b39-9fbc-c2419b49712a,"size == ""3""","isEmpty == ""True""","peek_obj_type == ""class java.lang.String""","push == ""True""","pop == ""False""","clear == ""False""","calledMethod == ""push""","size_p == ""2""",Yes
235,1607899197700:9d262a80-30c0-4df0-8d1e-aa03205705e1,1607899197700:d17e9ce4-5393-4b39-9fbc-c2419b49712a,"size == ""3""","isEmpty == ""True""","peek_obj_type == ""class java.lang.String""","push == ""False""","pop == ""True""","clear == ""False""","calledMethod == ""pop""","size_p == ""3""",Yes
237,1607899197700:72e5baf5-611d-468f-b850-59248eb227af,1607899197700:78e79ef0-e9ee-4e34-96b3-d1ccedb6f81c,"size == ""1""","isEmpty == ""True""","peek_obj_type == ""class java.lang.String""","push == ""True""","pop == ""False""","clear == ""False""","calledMethod == ""push""","size_p == ""0""",Yes
238,1607899197700:72e5baf5-611d-468f-b850-59248eb227af,1607899197700:78e79ef0-e9ee-4e34-96b3-d1ccedb6f81c,"size == ""1""","isEmpty == ""True""","peek_obj_type == ""class java.lang.String""","push == ""False""","pop == ""True""","clear == ""False""","calledMethod == ""pop""","size_p == ""1""",Yes
240,1607899197700:71b66f8b-65b7-4f84-b330-302777e57136,1607899197700:36ac2c09-0319-418f-a394-63011d2ab24c,"size == ""1""","isEmpty == ""True""","peek_obj_type == ""class java.lang.String""","push == ""True""","pop == ""False""","clear == ""False""","calledMethod == ""push""","size_p == ""0""",Yes
241,1607899197700:71b66f8b-65b7-4f84-b330-302777e57136,1607899197700:36ac2c09-0319-418f-a394-63011d2ab24c,"size == ""1""","isEmpty == ""True""","peek_obj_type == ""class java.lang.String""","push == ""False""","pop == ""True""","clear == ""False""","calledMethod == ""pop""","size_p == ""1""",Yes
243,1607899197700:4ea27385-965d-4c04-909e-1e7402d01066,1607899197700:230be296-c254-4c66-ab03-7e01198911d5,"size == ""1""","isEmpty == ""True""","peek_obj_type == ""class java.lang.String""","push == ""True""","pop == ""False""","clear == ""False""","calledMethod == ""push""","size_p == ""0""",Yes
244,1607899197700:4ea27385-965d-4c04-909e-1e7402d01066,1607899197700:230be296-c254-4c66-ab03-7e01198911d5,"size == ""1""","isEmpty == ""True""","peek_obj_type == ""class java.lang.String""","push == ""False""","pop == ""True""","clear == ""False""","calledMethod == ""pop""","size_p == ""1""",Yes
246,1607899197700:4445c579-4e5c-4db8-874b-a5229ad3c4f8,1607899197700:b25e3ced-2fb6-408e-9ed8-92f766bc0211,"size == ""1""","isEmpty == ""True""","peek_obj_type == ""class java.lang.String""","push == ""True""","pop == ""False""","clear == ""False""","calledMethod == ""push""","size_p == ""0""",Yes
247,1607899197700:4445c579-4e5c-4db8-874b-a5229ad3c4f8,1607899197700:b25e3ced-2fb6-408e-9ed8-92f766bc0211,"size == ""1""","isEmpty == ""True""","peek_obj_type == ""class java.lang.String""","push == ""False""","pop == ""True""","clear == ""False""","calledMethod == ""pop""","size_p == ""1""",Yes
250,1607899197699:e0633b23-adb5-4895-9ded-6073b18534b0,1607899197700:b53b892f-311b-4f52-af79-8ee0972c5619,"size == ""1""","isEmpty == ""True""","peek_obj_type == ""class java.lang.String""","push == ""True""","pop == ""False""","clear == ""False""","calledMethod == ""push""","size_p == ""0""",Yes
252,1607899197699:e0633b23-adb5-4895-9ded-6073b18534b0,1607899197700:772894f6-8281-433a-acd5-6275acfa97d2,"size == ""1""","isEmpty == ""True""","peek_obj_type == ""class java.lang.String""","push == ""True""","pop == ""False""","clear == ""False""","calledMethod == ""push""","size_p == ""0""",Yes
253,1607899197699:e0633b23-adb5-4895-9ded-6073b18534b0,1607899197700:772894f6-8281-433a-acd5-6275acfa97d2,"size == ""1""","isEmpty == ""True""","peek_obj_type == ""class java.lang.String""","push == ""False""","pop == ""True""","clear == ""False""","calledMethod == ""pop""","size_p == ""1""",Yes
256,1607899197699:e0633b23-adb5-4895-9ded-6073b18534b0,1607899197699:980f8bd4-79ce-40b7-ad4c-21cd39250dfb,"size == ""1""","isEmpty == ""True""","peek_obj_type == ""class java.lang.String""","push == ""True""","pop == ""False""","clear == ""False""","calledMethod == ""push""","size_p == ""0""",Yes
257,1607899197699:e0633b23-adb5-4895-9ded-6073b18534b0,1607899197699:980f8bd4-79ce-40b7-ad4c-21cd39250dfb,"size == ""1""","isEmpty == ""True""","peek_obj_type == ""class java.lang.String""","push == ""False""","pop == ""False""","clear == ""True""","calledMethod == ""clear""","size_p == ""1""",Yes
258,1607899197699:e0633b23-adb5-4895-9ded-6073b18534b0,1607899197699:980f8bd4-79ce-40b7-ad4c-21cd39250dfb,"size == ""1""","isEmpty == ""True""","peek_obj_type == ""class java.lang.String""","push == ""False""","pop == ""False""","clear == ""True""","calledMethod == ""clear""","size_p == ""1""",Yes
259,1607899197699:e0633b23-adb5-4895-9ded-6073b18534b0,1607899197699:980f8bd4-79ce-40b7-ad4c-21cd39250dfb,"size == ""1""","isEmpty == ""True""","peek_obj_type == ""class java.lang.String""","push == ""False""","pop == ""False""","clear == ""True""","calledMethod == ""clear""","size_p == ""1""",Yes
260,1607899197699:e0633b23-adb5-4895-9ded-6073b18534b0,1607899197699:980f8bd4-79ce-40b7-ad4c-21cd39250dfb,"size == ""1""","isEmpty == ""True""","peek_obj_type == ""class java.lang.String""","push == ""False""","pop == ""False""","clear == ""True""","calledMethod == ""clear""","size_p == ""1""",Yes
262,1607899197699:d932535c-1ab5-46f3-a8a8-8c10ea0ee166,1607899197699:e88d2645-dcc5-4df0-90c2-ccfe68162aca,"size == ""1""","isEmpty == ""True""","peek_obj_type == ""class java.lang.String""","push == ""True""","pop == ""False""","clear == ""False""","calledMethod == ""push""","size_p == ""0""",Yes
264,1607899197699:d932535c-1ab5-46f3-a8a8-8c10ea0ee166,1607899197699:cd05bcb1-6a29-45fb-8193-70e3ae9fe16c,"size == ""1""","isEmpty == ""True""","peek_obj_type == ""class java.lang.String""","push == ""True""","pop == ""False""","clear == ""False""","calledMethod == ""push""","size_p == ""0""",Yes
265,1607899197699:d932535c-1ab5-46f3-a8a8-8c10ea0ee166,1607899197699:cd05bcb1-6a29-45fb-8193-70e3ae9fe16c,"size == ""1""","isEmpty == ""True""","peek_obj_type == ""class java.lang.String""","push == ""False""","pop == ""True""","clear == ""False""","calledMethod == ""pop""","size_p == ""1""",Yes
267,1607899197699:c098cffb-2b16-4f4f-b3cb-b3d9f0a18b00,1607899197699:c12fcc52-630a-41fe-87f2-72b4e46b197e,"size == ""1""","isEmpty == ""True""","peek_obj_type == ""class java.lang.String""","push == ""True""","pop == ""False""","clear == ""False""","calledMethod == ""push""","size_p == ""0""",Yes
268,1607899197699:c098cffb-2b16-4f4f-b3cb-b3d9f0a18b00,1607899197699:c12fcc52-630a-41fe-87f2-72b4e46b197e,"size == ""1""","isEmpty == ""True""","peek_obj_type == ""class java.lang.String""","push == ""False""","pop == ""True""","clear == ""False""","calledMethod == ""pop""","size_p == ""1""",Yes
271,1607899197699:921c9575-e674-4524-ae10-ddb207206f16,1607899197699:4a64ca26-a2bd-4939-9020-d16b2364ae05,"size == ""1""","isEmpty == ""True""","peek_obj_type == ""class java.lang.String""","push == ""True""","pop == ""False""","clear == ""False""","calledMethod == ""push""","size_p == ""0""",Yes
272,1607899197699:921c9575-e674-4524-ae10-ddb207206f16,1607899197699:4a64ca26-a2bd-4939-9020-d16b2364ae05,"size == ""1""","isEmpty == ""True""","peek_obj_type == ""class java.lang.String""","push == ""False""","pop == ""True""","clear == ""False""","calledMethod == ""pop""","size_p == ""1""",Yes
274,1607899197699:595760f9-d16b-43e3-9843-85f6619ae03c,1607899197699:453e56d3-9c12-4b42-86d8-12afb284d58a,"size == ""1""","isEmpty == ""True""","peek_obj_type == ""class java.lang.String""","push == ""True""","pop == ""False""","clear == ""False""","calledMethod == ""push""","size_p == ""0""",Yes
275,1607899197699:595760f9-d16b-43e3-9843-85f6619ae03c,1607899197699:453e56d3-9c12-4b42-86d8-12afb284d58a,"size == ""1""","isEmpty == ""True""","peek_obj_type == ""class java.lang.String""","push == ""False""","pop == ""True""","clear == ""False""","calledMethod == ""pop""","size_p == ""1""",Yes
278,1607899197698:e37a1668-edc7-41d8-9338-ac3f9ad8008f,1607899197698:f3e20618-f687-416b-b053-2c2989ee9369,"size == ""1""","isEmpty == ""True""","peek_obj_type == ""class java.lang.String""","push == ""True""","pop == ""False""","clear == ""False""","calledMethod == ""push""","size_p == ""0""",Yes
279,1607899197698:e37a1668-edc7-41d8-9338-ac3f9ad8008f,1607899197698:f3e20618-f687-416b-b053-2c2989ee9369,"size == ""1""","isEmpty == ""True""","peek_obj_type == ""class java.lang.String""","push == ""False""","pop == ""False""","clear == ""True""","calledMethod == ""clear""","size_p == ""1""",Yes
281,1607899197698:e37a1668-edc7-41d8-9338-ac3f9ad8008f,1607899197698:42b54829-6e1b-4033-92cb-96001d6fd8e5,"size == ""1""","isEmpty == ""True""","peek_obj_type == ""class java.lang.String""","push == ""True""","pop == ""False""","clear == ""False""","calledMethod == ""push""","size_p == ""0""",Yes
282,1607899197698:e37a1668-edc7-41d8-9338-ac3f9ad8008f,1607899197698:42b54829-6e1b-4033-92cb-96001d6fd8e5,"size == ""1""","isEmpty == ""True""","peek_obj_type == ""class java.lang.String""","push == ""False""","pop == ""True""","clear == ""False""","calledMethod == ""pop""","size_p == ""1""",Yes
284,1607899197698:cf8ea9a9-c338-48d7-9cc4-21ac03360b39,1607899197698:cb1affc3-6964-4490-b2af-07d3a3dba0d7,"size == ""1""","isEmpty == ""True""","peek_obj_type == ""class java.lang.String""","push == ""True""","pop == ""False""","clear == ""False""","calledMethod == ""push""","size_p == ""0""",Yes
285,1607899197698:cf8ea9a9-c338-48d7-9cc4-21ac03360b39,1607899197698:cb1affc3-6964-4490-b2af-07d3a3dba0d7,"size == ""2""","isEmpty == ""True""","peek_obj_type == ""class java.lang.String""","push == ""True""","pop == ""False""","clear == ""False""","calledMethod == ""push""","size_p == ""1""",Yes
287,1607899197698:cf8ea9a9-c338-48d7-9cc4-21ac03360b39,1607899197698:5d9eb31a-0f7e-4092-a65e-e49d3de9eaef,"size == ""1""","isEmpty == ""True""","peek_obj_type == ""class java.lang.String""","push == ""True""","pop == ""False""","clear == ""False""","calledMethod == ""push""","size_p == ""0""",Yes
288,1607899197698:cf8ea9a9-c338-48d7-9cc4-21ac03360b39,1607899197698:5d9eb31a-0f7e-4092-a65e-e49d3de9eaef,"size == ""1""","isEmpty == ""True""","peek_obj_type == ""class java.lang.String""","push == ""False""","pop == ""True""","clear == ""False""","calledMethod == ""pop""","size_p == ""1""",Yes
290,1607899197698:b8f162f1-70a3-4900-be18-dc5619e61494,1607899197698:9b20823a-edac-40b5-8112-7024985c241b,"size == ""1""","isEmpty == ""True""","peek_obj_type == ""class java.lang.String""","push == ""True""","pop == ""False""","clear == ""False""","calledMethod == ""push""","size_p == ""0""",Yes
291,1607899197698:b8f162f1-70a3-4900-be18-dc5619e61494,1607899197698:9b20823a-edac-40b5-8112-7024985c241b,"size == ""1""","isEmpty == ""True""","peek_obj_type == ""class java.lang.String""","push == ""False""","pop == ""True""","clear == ""False""","calledMethod == ""pop""","size_p == ""1""",Yes
293,1607899197698:46acb5c1-4acf-462f-8cb0-b1fb57add9c3,1607899197698:38a5110b-e87d-4a13-9b7f-75dc05bfd76f,"size == ""1""","isEmpty == ""True""","peek_obj_type == ""class java.lang.String""","push == ""True""","pop == ""False""","clear == ""False""","calledMethod == ""push""","size_p == ""0""",Yes
294,1607899197698:46acb5c1-4acf-462f-8cb0-b1fb57add9c3,1607899197698:38a5110b-e87d-4a13-9b7f-75dc05bfd76f,"size == ""1""","isEmpty == ""True""","peek_obj_type == ""class java.lang.String""","push == ""False""","pop == ""True""","clear == ""False""","calledMethod == ""pop""","size_p == ""1""",Yes
296,1607899197698:3c085c9b-0223-4e51-b37c-9906b1dc22c9,1607899197698:bd5f34fb-c0dc-4f07-8136-b08dfec08cfc,"size == ""1""","isEmpty == ""True""","peek_obj_type == ""class java.lang.String""","push == ""True""","pop == ""False""","clear == ""False""","calledMethod == ""push""","size_p == ""0""",Yes
297,1607899197698:3c085c9b-0223-4e51-b37c-9906b1dc22c9,1607899197698:bd5f34fb-c0dc-4f07-8136-b08dfec08cfc,"size == ""1""","isEmpty == ""True""","peek_obj_type == ""class java.lang.String""","push == ""False""","pop == ""True""","clear == ""False""","calledMethod == ""pop""","size_p == ""1""",Yes
299,1607899197698:3c085c9b-0223-4e51-b37c-9906b1dc22c9,1607899197698:77f6bf6c-0e50-45db-a46e-fc361a43040e,"size == ""1""","isEmpty == ""True""","peek_obj_type == ""class java.lang.String""","push == ""True""","pop == ""False""","clear == ""False""","calledMethod == ""push""","size_p == ""0""",Yes
301,1607899197698:296e3804-d234-4dd9-a89d-5e8a34d8b2f5,1607899197698:a9611060-0141-4022-9e42-e871300281a0,"size == ""1""","isEmpty == ""True""","peek_obj_type == ""class java.lang.String""","push == ""True""","pop == ""False""","clear == ""False""","calledMethod == ""push""","size_p == ""0""",Yes
302,1607899197698:296e3804-d234-4dd9-a89d-5e8a34d8b2f5,1607899197698:a9611060-0141-4022-9e42-e871300281a0,"size == ""1""","isEmpty == ""True""","peek_obj_type == ""class java.lang.String""","push == ""False""","pop == ""True""","clear == ""False""","calledMethod == ""pop""","size_p == ""1""",Yes
304,1607899197698:11b243d0-cca1-4cef-a3b8-333c66cd9bea,1607899197699:132544cd-59f5-40ce-af62-68e6546f22fb,"size == ""1""","isEmpty == ""True""","peek_obj_type == ""class java.lang.String""","push == ""True""","pop == ""False""","clear == ""False""","calledMethod == ""push""","size_p == ""0""",Yes
305,1607899197698:11b243d0-cca1-4cef-a3b8-333c66cd9bea,1607899197699:132544cd-59f5-40ce-af62-68e6546f22fb,"size == ""1""","isEmpty == ""True""","peek_obj_type == ""class java.lang.String""","push == ""False""","pop == ""True""","clear == ""False""","calledMethod == ""pop""","size_p == ""1""",Yes
307,1607899197698:11b243d0-cca1-4cef-a3b8-333c66cd9bea,1607899197698:f4a66bed-1a71-4308-bd57-e908d16a3458,"size == ""1""","isEmpty == ""True""","peek_obj_type == ""class java.lang.String""","push == ""True""","pop == ""False""","clear == ""False""","calledMethod == ""push""","size_p == ""0""",Yes
310,1607899197697:f0e42811-54c2-45e5-9346-8342240c2b84,1607899197697:0badd026-49be-42d3-89f0-8f66bfc76458,"size == ""1""","isEmpty == ""True""","peek_obj_type == ""class java.lang.String""","push == ""True""","pop == ""False""","clear == ""False""","calledMethod == ""push""","size_p == ""0""",Yes
311,1607899197697:f0e42811-54c2-45e5-9346-8342240c2b84,1607899197697:0badd026-49be-42d3-89f0-8f66bfc76458,"size == ""1""","isEmpty == ""True""","peek_obj_type == ""class java.lang.String""","push == ""False""","pop == ""True""","clear == ""False""","calledMethod == ""pop""","size_p == ""1""",Yes
313,1607899197697:f0e42811-54c2-45e5-9346-8342240c2b84,1607899197697:005d9c25-3a51-4c54-9b84-7c9d8a5ba70a,"size == ""1""","isEmpty == ""True""","peek_obj_type == ""class java.lang.String""","push == ""True""","pop == ""False""","clear == ""False""","calledMethod == ""push""","size_p == ""0""",Yes
315,1607899197697:4fdf040a-98df-4ed7-a651-0e2a7165589a,1607899197697:52693bbc-3838-4982-8244-eecde503b96d,"size == ""1""","isEmpty == ""True""","peek_obj_type == ""class java.lang.String""","push == ""True""","pop == ""False""","clear == ""False""","calledMethod == ""push""","size_p == ""0""",Yes
316,1607899197697:4fdf040a-98df-4ed7-a651-0e2a7165589a,1607899197697:52693bbc-3838-4982-8244-eecde503b96d,"size == ""1""","isEmpty == ""True""","peek_obj_type == ""class java.lang.String""","push == ""False""","pop == ""True""","clear == ""False""","calledMethod == ""pop""","size_p == ""1""",Yes
318,1607899197697:43891dab-6fd4-4e8f-bc47-0381aaf278d9,1607899197697:63982656-fb1b-4fb1-ab30-b2c94609db9b,"size == ""1""","isEmpty == ""True""","peek_obj_type == ""class java.lang.String""","push == ""True""","pop == ""False""","clear == ""False""","calledMethod == ""push""","size_p == ""0""",Yes
319,1607899197697:43891dab-6fd4-4e8f-bc47-0381aaf278d9,1607899197697:63982656-fb1b-4fb1-ab30-b2c94609db9b,"size == ""1""","isEmpty == ""True""","peek_obj_type == ""class java.lang.String""","push == ""False""","pop == ""True""","clear == ""False""","calledMethod == ""pop""","size_p == ""1""",Yes
321,1607899197697:4070b6f6-5222-4b49-a69f-3a8d8b3f7b87,1607899197697:9aad309f-44b8-42a2-af51-fc1827e36684,"size == ""1""","isEmpty == ""True""","peek_obj_type == ""class java.lang.String""","push == ""True""","pop == ""False""","clear == ""False""","calledMethod == ""push""","size_p == ""0""",Yes
322,1607899197697:4070b6f6-5222-4b49-a69f-3a8d8b3f7b87,1607899197697:9aad309f-44b8-42a2-af51-fc1827e36684,"size == ""1""","isEmpty == ""True""","peek_obj_type == ""class java.lang.String""","push == ""False""","pop == ""True""","clear == ""False""","calledMethod == ""pop""","size_p == ""1""",Yes
324,1607899197697:0b702831-39f5-4fbc-8ad7-81b23d0cce03,1607899197697:0e2571e5-1317-48d1-a024-2f88f7f3a83e,"size == ""1""","isEmpty == ""True""","peek_obj_type == ""class java.lang.String""","push == ""True""","pop == ""False""","clear == ""False""","calledMethod == ""push""","size_p == ""0""",Yes
325,1607899197697:0b702831-39f5-4fbc-8ad7-81b23d0cce03,1607899197697:0e2571e5-1317-48d1-a024-2f88f7f3a83e,"size == ""1""","isEmpty == ""True""","peek_obj_type == ""class java.lang.String""","push == ""False""","pop == ""True""","clear == ""False""","calledMethod == ""pop""","size_p == ""1""",Yes
327,1607899197697:0b702831-39f5-4fbc-8ad7-81b23d0cce03,1607899197697:06e60809-b561-45d6-9b27-936b3bb88b47,"size == ""1""","isEmpty == ""True""","peek_obj_type == ""class java.lang.String""","push == ""True""","pop == ""False""","clear == ""False""","calledMethod == ""push""","size_p == ""0""",Yes
328,1607899197697:0b702831-39f5-4fbc-8ad7-81b23d0cce03,1607899197697:06e60809-b561-45d6-9b27-936b3bb88b47,"size == ""2""","isEmpty == ""True""","peek_obj_type == ""class java.lang.String""","push == ""True""","pop == ""False""","clear == ""False""","calledMethod == ""push""","size_p == ""1""",Yes
329,1607899197697:0b702831-39f5-4fbc-8ad7-81b23d0cce03,1607899197697:06e60809-b561-45d6-9b27-936b3bb88b47,"size == ""3""","isEmpty == ""True""","peek_obj_type == ""class java.lang.String""","push == ""True""","pop == ""False""","clear == ""False""","calledMethod == ""push""","size_p == ""2""",Yes
331,1607899197697:08e766e7-53f5-4def-96fa-847d29430698,1607899197698:80629b10-3a0a-40a8-a2fc-608488cfeff6,"size == ""1""","isEmpty == ""True""","peek_obj_type == ""class java.lang.String""","push == ""True""","pop == ""False""","clear == ""False""","calledMethod == ""push""","size_p == ""0""",Yes
332,1607899197697:08e766e7-53f5-4def-96fa-847d29430698,1607899197698:80629b10-3a0a-40a8-a2fc-608488cfeff6,"size == ""1""","isEmpty == ""True""","peek_obj_type == ""class java.lang.String""","push == ""False""","pop == ""True""","clear == ""False""","calledMethod == ""pop""","size_p == ""1""",Yes
334,1607899197697:08e766e7-53f5-4def-96fa-847d29430698,1607899197697:f689b657-a9fe-448a-ace9-14235f73d7b8,"size == ""1""","isEmpty == ""True""","peek_obj_type == ""class java.lang.String""","push == ""True""","pop == ""False""","clear == ""False""","calledMethod == ""push""","size_p == ""0""",Yes
335,1607899197697:08e766e7-53f5-4def-96fa-847d29430698,1607899197697:f689b657-a9fe-448a-ace9-14235f73d7b8,"size == ""2""","isEmpty == ""True""","peek_obj_type == ""class java.lang.String""","push == ""True""","pop == ""False""","clear == ""False""","calledMethod == ""push""","size_p == ""1""",Yes
337,1607899197697:01bfd652-37d4-49c4-a456-09d254743544,1607899197697:efb13460-6010-42c3-b5fc-3f8a0a06886b,"size == ""1""","isEmpty == ""True""","peek_obj_type == ""class java.lang.String""","push == ""True""","pop == ""False""","clear == ""False""","calledMethod == ""push""","size_p == ""0""",Yes
338,1607899197697:01bfd652-37d4-49c4-a456-09d254743544,1607899197697:efb13460-6010-42c3-b5fc-3f8a0a06886b,"size == ""1""","isEmpty == ""True""","peek_obj_type == ""class java.lang.String""","push == ""False""","pop == ""True""","clear == ""False""","calledMethod == ""pop""","size_p == ""1""",Yes
340,1607899197696:e4e968dc-63fc-43ab-880b-d7358e4996ed,1607899197696:83501fdf-b5bd-4cd1-a9e3-2b21ad1959e5,"size == ""1""","isEmpty == ""True""","peek_obj_type == ""class java.lang.String""","push == ""True""","pop == ""False""","clear == ""False""","calledMethod == ""push""","size_p == ""0""",Yes
341,1607899197696:e4e968dc-63fc-43ab-880b-d7358e4996ed,1607899197696:83501fdf-b5bd-4cd1-a9e3-2b21ad1959e5,"size == ""1""","isEmpty == ""True""","peek_obj_type == ""class java.lang.String""","push == ""False""","pop == ""True""","clear == ""False""","calledMethod == ""pop""","size_p == ""1""",Yes
344,1607899197696:e4e968dc-63fc-43ab-880b-d7358e4996ed,1607899197696:534bb528-6b7c-41fe-9c0c-383f288fbbd0,"size == ""1""","isEmpty == ""True""","peek_obj_type == ""class java.lang.String""","push == ""True""","pop == ""False""","clear == ""False""","calledMethod == ""push""","size_p == ""0""",Yes
345,1607899197696:e4e968dc-63fc-43ab-880b-d7358e4996ed,1607899197696:534bb528-6b7c-41fe-9c0c-383f288fbbd0,"size == ""1""","isEmpty == ""True""","peek_obj_type == ""class java.lang.String""","push == ""False""","pop == ""False""","clear == ""True""","calledMethod == ""clear""","size_p == ""1""",Yes
346,1607899197696:e4e968dc-63fc-43ab-880b-d7358e4996ed,1607899197696:534bb528-6b7c-41fe-9c0c-383f288fbbd0,"size == ""1""","isEmpty == ""True""","peek_obj_type == ""class java.lang.String""","push == ""False""","pop == ""False""","clear == ""True""","calledMethod == ""clear""","size_p == ""1""",Yes
347,1607899197696:e4e968dc-63fc-43ab-880b-d7358e4996ed,1607899197696:534bb528-6b7c-41fe-9c0c-383f288fbbd0,"size == ""1""","isEmpty == ""True""","peek_obj_type == ""class java.lang.String""","push == ""False""","pop == ""False""","clear == ""True""","calledMethod == ""clear""","size_p == ""1""",Yes
350,1607899197696:796ef80f-db8d-4afd-bfaf-92b258f26061,1607899197696:a4caa915-3e0d-471c-9b39-30f2e79f9a41,"size == ""1""","isEmpty == ""True""","peek_obj_type == ""class java.lang.String""","push == ""True""","pop == ""False""","clear == ""False""","calledMethod == ""push""","size_p == ""0""",Yes
351,1607899197696:796ef80f-db8d-4afd-bfaf-92b258f26061,1607899197696:a4caa915-3e0d-471c-9b39-30f2e79f9a41,"size == ""1""","isEmpty == ""True""","peek_obj_type == ""class java.lang.String""","push == ""False""","pop == ""False""","clear == ""True""","calledMethod == ""clear""","size_p == ""1""",Yes
353,1607899197696:796ef80f-db8d-4afd-bfaf-92b258f26061,1607899197696:8c07bd59-36ba-4a01-951b-6508690daf29,"size == ""1""","isEmpty == ""True""","peek_obj_type == ""class java.lang.String""","push == ""True""","pop == ""False""","clear == ""False""","calledMethod == ""push""","size_p == ""0""",Yes
355,1607899197696:5be0cfda-82d5-4e5d-b41f-f512fcd46093,1607899197696:1a32e6aa-2bde-4868-8de4-516d609e5fe7,"size == ""1""","isEmpty == ""True""","peek_obj_type == ""class java.lang.String""","push == ""True""","pop == ""False""","clear == ""False""","calledMethod == ""push""","size_p == ""0""",Yes
356,1607899197696:5be0cfda-82d5-4e5d-b41f-f512fcd46093,1607899197696:1a32e6aa-2bde-4868-8de4-516d609e5fe7,"size == ""1""","isEmpty == ""True""","peek_obj_type == ""class java.lang.String""","push == ""False""","pop == ""True""","clear == ""False""","calledMethod == ""pop""","size_p == ""1""",Yes
358,1607899197696:5638d0bc-e170-4ace-9466-71e523ee24ce,1607899197696:da77d566-0869-43da-b0aa-2d6e9dd75446,"size == ""1""","isEmpty == ""True""","peek_obj_type == ""class java.lang.String""","push == ""True""","pop == ""False""","clear == ""False""","calledMethod == ""push""","size_p == ""0""",Yes
360,1607899197696:5638d0bc-e170-4ace-9466-71e523ee24ce,1607899197696:ce0c2b6f-17dc-43b8-8f9a-1a67659fd8dd,"size == ""1""","isEmpty == ""True""","peek_obj_type == ""class java.lang.String""","push == ""True""","pop == ""False""","clear == ""False""","calledMethod == ""push""","size_p == ""0""",Yes
361,1607899197696:5638d0bc-e170-4ace-9466-71e523ee24ce,1607899197696:ce0c2b6f-17dc-43b8-8f9a-1a67659fd8dd,"size == ""2""","isEmpty == ""True""","peek_obj_type == ""class java.lang.String""","push == ""True""","pop == ""False""","clear == ""False""","calledMethod == ""push""","size_p == ""1""",Yes
363,1607899197696:5638d0bc-e170-4ace-9466-71e523ee24ce,1607899197696:31ee2b5c-06ef-4e51-a1eb-1e84f7f5de9c,"size == ""1""","isEmpty == ""True""","peek_obj_type == ""class java.lang.String""","push == ""True""","pop == ""False""","clear == ""False""","calledMethod == ""push""","size_p == ""0""",Yes
364,1607899197696:5638d0bc-e170-4ace-9466-71e523ee24ce,1607899197696:31ee2b5c-06ef-4e51-a1eb-1e84f7f5de9c,"size == ""1""","isEmpty == ""True""","peek_obj_type == ""class java.lang.String""","push == ""False""","pop == ""True""","clear == ""False""","calledMethod == ""pop""","size_p == ""1""",Yes
366,1607899197696:4ea5bfd6-35ea-4f7e-b489-84ab258fc362,1607899197696:4cee61c5-e976-4ad6-846d-02fc10daf033,"size == ""1""","isEmpty == ""True""","peek_obj_type == ""class java.lang.String""","push == ""True""","pop == ""False""","clear == ""False""","calledMethod == ""push""","size_p == ""0""",Yes
368,1607899197696:4ea5bfd6-35ea-4f7e-b489-84ab258fc362,1607899197696:21486052-9de8-4568-8020-b21abe68726a,"size == ""1""","isEmpty == ""True""","peek_obj_type == ""class java.lang.String""","push == ""True""","pop == ""False""","clear == ""False""","calledMethod == ""push""","size_p == ""0""",Yes
369,1607899197696:4ea5bfd6-35ea-4f7e-b489-84ab258fc362,1607899197696:21486052-9de8-4568-8020-b21abe68726a,"size == ""1""","isEmpty == ""True""","peek_obj_type == ""class java.lang.String""","push == ""False""","pop == ""True""","clear == ""False""","calledMethod == ""pop""","size_p == ""1""",Yes
371,1607899197695:ddcb7d4e-521f-4fa6-ba67-0e0cbc0a0e02,1607899197695:8aa69da2-efd4-4002-abf8-72371f1a9542,"size == ""1""","isEmpty == ""True""","peek_obj_type == ""class java.lang.String""","push == ""True""","pop == ""False""","clear == ""False""","calledMethod == ""push""","size_p == ""0""",Yes
372,1607899197695:ddcb7d4e-521f-4fa6-ba67-0e0cbc0a0e02,1607899197695:8aa69da2-efd4-4002-abf8-72371f1a9542,"size == ""1""","isEmpty == ""True""","peek_obj_type == ""class java.lang.String""","push == ""False""","pop == ""True""","clear == ""False""","calledMethod == ""pop""","size_p == ""1""",Yes
374,1607899197695:d4e9e926-d7d5-4ff0-9964-651a97dfdbc3,1607899197695:be32e7b1-f653-434e-b642-a69480acdd43,"size == ""1""","isEmpty == ""True""","peek_obj_type == ""class java.lang.String""","push == ""True""","pop == ""False""","clear == ""False""","calledMethod == ""push""","size_p == ""0""",Yes
375,1607899197695:d4e9e926-d7d5-4ff0-9964-651a97dfdbc3,1607899197695:be32e7b1-f653-434e-b642-a69480acdd43,"size == ""2""","isEmpty == ""True""","peek_obj_type == ""class java.lang.String""","push == ""True""","pop == ""False""","clear == ""False""","calledMethod == ""push""","size_p == ""1""",Yes
376,1607899197695:d4e9e926-d7d5-4ff0-9964-651a97dfdbc3,1607899197695:be32e7b1-f653-434e-b642-a69480acdd43,"size == ""3""","isEmpty == ""True""","peek_obj_type == ""class java.lang.String""","push == ""True""","pop == ""False""","clear == ""False""","calledMethod == ""push""","size_p == ""2""",Yes
379,1607899197695:d4e9e926-d7d5-4ff0-9964-651a97dfdbc3,1607899197695:086444a1-03c6-4c7c-8c06-241d22ce5456,"size == ""1""","isEmpty == ""True""","peek_obj_type == ""class java.lang.String""","push == ""True""","pop == ""False""","clear == ""False""","calledMethod == ""push""","size_p == ""0""",Yes
380,1607899197695:d4e9e926-d7d5-4ff0-9964-651a97dfdbc3,1607899197695:086444a1-03c6-4c7c-8c06-241d22ce5456,"size == ""1""","isEmpty == ""True""","peek_obj_type == ""class java.lang.String""","push == ""False""","pop == ""True""","clear == ""False""","calledMethod == ""pop""","size_p == ""1""",Yes
382,1607899197695:9b6208a2-81d1-4760-a56e-7af54c3d7bb6,1607899197695:15d46b91-a818-4d3c-a72a-f2d2ec2f5c16,"size == ""1""","isEmpty == ""True""","peek_obj_type == ""class java.lang.String""","push == ""True""","pop == ""False""","clear == ""False""","calledMethod == ""push""","size_p == ""0""",Yes
383,1607899197695:9b6208a2-81d1-4760-a56e-7af54c3d7bb6,1607899197695:15d46b91-a818-4d3c-a72a-f2d2ec2f5c16,"size == ""1""","isEmpty == ""True""","peek_obj_type == ""class java.lang.String""","push == ""False""","pop == ""True""","clear == ""False""","calledMethod == ""pop""","size_p == ""1""",Yes
385,1607899197695:55232241-1a56-4b51-a944-8ef5ef995eee,1607899197695:a4e4ea87-0496-4f42-8aec-83b541c3cd4c,"size == ""1""","isEmpty == ""True""","peek_obj_type == ""class java.lang.String""","push == ""True""","pop == ""False""","clear == ""False""","calledMethod == ""push""","size_p == ""0""",Yes
386,1607899197695:55232241-1a56-4b51-a944-8ef5ef995eee,1607899197695:a4e4ea87-0496-4f42-8aec-83b541c3cd4c,"size == ""1""","isEmpty == ""True""","peek_obj_type == ""class java.lang.String""","push == ""False""","pop == ""True""","clear == ""False""","calledMethod == ""pop""","size_p == ""1""",Yes
388,1607899197695:33253d7f-ca9e-4de1-9356-38ed3ad83a49,1607899197695:f1e0ac8e-4daf-4b90-a9d2-2b232301cd8b,"size == ""1""","isEmpty == ""True""","peek_obj_type == ""class java.lang.String""","push == ""True""","pop == ""False""","clear == ""False""","calledMethod == ""push""","size_p == ""0""",Yes
389,1607899197695:33253d7f-ca9e-4de1-9356-38ed3ad83a49,1607899197695:f1e0ac8e-4daf-4b90-a9d2-2b232301cd8b,"size == ""1""","isEmpty == ""True""","peek_obj_type == ""class java.lang.String""","push == ""False""","pop == ""True""","clear == ""False""","calledMethod == ""pop""","size_p == ""1""",Yes
391,1607899197695:2b4eadba-6002-43d8-9031-c4cc5bb2d959,1607899197695:af8a46c6-9594-459f-8924-39b60242a4b6,"size == ""1""","isEmpty == ""True""","peek_obj_type == ""class java.lang.String""","push == ""True""","pop == ""False""","clear == ""False""","calledMethod == ""push""","size_p == ""0""",Yes
392,1607899197695:2b4eadba-6002-43d8-9031-c4cc5bb2d959,1607899197695:af8a46c6-9594-459f-8924-39b60242a4b6,"size == ""1""","isEmpty == ""True""","peek_obj_type == ""class java.lang.String""","push == ""False""","pop == ""True""","clear == ""False""","calledMethod == ""pop""","size_p == ""1""",Yes
395,1607899197695:2b4eadba-6002-43d8-9031-c4cc5bb2d959,1607899197695:ad68c56e-1560-4c4b-9e6d-069994c23843,"size == ""1""","isEmpty == ""True""","peek_obj_type == ""class java.lang.String""","push == ""True""","pop == ""False""","clear == ""False""","calledMethod == ""push""","size_p == ""0""",Yes
396,1607899197695:2b4eadba-6002-43d8-9031-c4cc5bb2d959,1607899197695:ad68c56e-1560-4c4b-9e6d-069994c23843,"size == ""1""","isEmpty == ""True""","peek_obj_type == ""class java.lang.String""","push == ""False""","pop == ""False""","clear == ""True""","calledMethod == ""clear""","size_p == ""1""",Yes
397,1607899197695:2b4eadba-6002-43d8-9031-c4cc5bb2d959,1607899197695:ad68c56e-1560-4c4b-9e6d-069994c23843,"size == ""1""","isEmpty == ""True""","peek_obj_type == ""class java.lang.String""","push == ""False""","pop == ""False""","clear == ""True""","calledMethod == ""clear""","size_p == ""1""",Yes
398,1607899197695:2b4eadba-6002-43d8-9031-c4cc5bb2d959,1607899197695:ad68c56e-1560-4c4b-9e6d-069994c23843,"size == ""1""","isEmpty == ""True""","peek_obj_type == ""class java.lang.String""","push == ""False""","pop == ""False""","clear == ""True""","calledMethod == ""clear""","size_p == ""1""",Yes
400,1607899197695:08da29ee-bd3b-42a5-9b70-a5101fc77486,1607899197695:4655a62e-dd18-4a2a-971f-1bb92ed5aebc,"size == ""1""","isEmpty == ""True""","peek_obj_type == ""class java.lang.String""","push == ""True""","pop == ""False""","clear == ""False""","calledMethod == ""push""","size_p == ""0""",Yes
401,1607899197695:08da29ee-bd3b-42a5-9b70-a5101fc77486,1607899197695:4655a62e-dd18-4a2a-971f-1bb92ed5aebc,"size == ""1""","isEmpty == ""True""","peek_obj_type == ""class java.lang.String""","push == ""False""","pop == ""True""","clear == ""False""","calledMethod == ""pop""","size_p == ""1""",Yes
403,1607899197694:e05ab537-dc67-4195-903f-e6a1069a164f,1607899197695:bfac554e-a7c4-45b3-ace2-d84859ec6641,"size == ""1""","isEmpty == ""True""","peek_obj_type == ""class java.lang.String""","push == ""True""","pop == ""False""","clear == ""False""","calledMethod == ""push""","size_p == ""0""",Yes
404,1607899197694:e05ab537-dc67-4195-903f-e6a1069a164f,1607899197695:bfac554e-a7c4-45b3-ace2-d84859ec6641,"size == ""1""","isEmpty == ""True""","peek_obj_type == ""class java.lang.String""","push == ""False""","pop == ""True""","clear == ""False""","calledMethod == ""pop""","size_p == ""1""",Yes
406,1607899197694:e05ab537-dc67-4195-903f-e6a1069a164f,1607899197694:ef63f956-9bd1-4289-bb57-9e181787910f,"size == ""1""","isEmpty == ""True""","peek_obj_type == ""class java.lang.String""","push == ""True""","pop == ""False""","clear == ""False""","calledMethod == ""push""","size_p == ""0""",Yes
409,1607899197694:e03ee023-acac-4daf-bd1d-66594449f7b3,1607899197694:2ee540c4-eb62-457f-a955-0ee1d7a07718,"size == ""1""","isEmpty == ""True""","peek_obj_type == ""class java.lang.String""","push == ""True""","pop == ""False""","clear == ""False""","calledMethod == ""push""","size_p == ""0""",Yes
410,1607899197694:e03ee023-acac-4daf-bd1d-66594449f7b3,1607899197694:2ee540c4-eb62-457f-a955-0ee1d7a07718,"size == ""1""","isEmpty == ""True""","peek_obj_type == ""class java.lang.String""","push == ""False""","pop == ""True""","clear == ""False""","calledMethod == ""pop""","size_p == ""1""",Yes
412,1607899197694:8ecfd992-4ebf-4bda-888f-998d3b0e5bb4,1607899197694:46333fd0-1088-4021-b469-269f8077669e,"size == ""1""","isEmpty == ""True""","peek_obj_type == ""class java.lang.String""","push == ""True""","pop == ""False""","clear == ""False""","calledMethod == ""push""","size_p == ""0""",Yes
413,1607899197694:8ecfd992-4ebf-4bda-888f-998d3b0e5bb4,1607899197694:46333fd0-1088-4021-b469-269f8077669e,"size == ""1""","isEmpty == ""True""","peek_obj_type == ""class java.lang.String""","push == ""False""","pop == ""True""","clear == ""False""","calledMethod == ""pop""","size_p == ""1""",Yes
416,1607899197694:8ecfd992-4ebf-4bda-888f-998d3b0e5bb4,1607899197694:22a9a16a-e0a5-4e99-95a5-6fad5140e3b4,"size == ""1""","isEmpty == ""True""","peek_obj_type == ""class java.lang.String""","push == ""True""","pop == ""False""","clear == ""False""","calledMethod == ""push""","size_p == ""0""",Yes
417,1607899197694:8ecfd992-4ebf-4bda-888f-998d3b0e5bb4,1607899197694:22a9a16a-e0a5-4e99-95a5-6fad5140e3b4,"size == ""1""","isEmpty == ""True""","peek_obj_type == ""class java.lang.String""","push == ""False""","pop == ""False""","clear == ""True""","calledMethod == ""clear""","size_p == ""1""",Yes
420,1607899197694:7139f769-269d-4866-b04c-3c3769edb998,1607899197694:6a8918e6-5a26-4d54-bb4e-4c7038041d82,"size == ""1""","isEmpty == ""True""","peek_obj_type == ""class java.lang.String""","push == ""True""","pop == ""False""","clear == ""False""","calledMethod == ""push""","size_p == ""0""",Yes
421,1607899197694:7139f769-269d-4866-b04c-3c3769edb998,1607899197694:6a8918e6-5a26-4d54-bb4e-4c7038041d82,"size == ""1""","isEmpty == ""True""","peek_obj_type == ""class java.lang.String""","push == ""False""","pop == ""False""","clear == ""True""","calledMethod == ""clear""","size_p == ""1""",Yes
422,1607899197694:7139f769-269d-4866-b04c-3c3769edb998,1607899197694:6a8918e6-5a26-4d54-bb4e-4c7038041d82,"size == ""1""","isEmpty == ""True""","peek_obj_type == ""class java.lang.String""","push == ""False""","pop == ""False""","clear == ""True""","calledMethod == ""clear""","size_p == ""1""",Yes
423,1607899197694:7139f769-269d-4866-b04c-3c3769edb998,1607899197694:6a8918e6-5a26-4d54-bb4e-4c7038041d82,"size == ""1""","isEmpty == ""True""","peek_obj_type == ""class java.lang.String""","push == ""False""","pop == ""False""","clear == ""True""","calledMethod == ""clear""","size_p == ""1""",Yes
425,1607899197694:7139f769-269d-4866-b04c-3c3769edb998,1607899197694:6533859e-5a65-42a8-b22a-886f1187bb32,"size == ""1""","isEmpty == ""True""","peek_obj_type == ""class java.lang.String""","push == ""True""","pop == ""False""","clear == ""False""","calledMethod == ""push""","size_p == ""0""",Yes
426,1607899197694:7139f769-269d-4866-b04c-3c3769edb998,1607899197694:6533859e-5a65-42a8-b22a-886f1187bb32,"size == ""1""","isEmpty == ""True""","peek_obj_type == ""class java.lang.String""","push == ""False""","pop == ""True""","clear == ""False""","calledMethod == ""pop""","size_p == ""1""",Yes
428,1607899197694:5ecb193d-1738-48e1-9e33-8f790f683857,1607899197694:43c857aa-1a86-47bc-a3fc-f20f1ffae475,"size == ""1""","isEmpty == ""True""","peek_obj_type == ""class java.lang.String""","push == ""True""","pop == ""False""","clear == ""False""","calledMethod == ""push""","size_p == ""0""",Yes
429,1607899197694:5ecb193d-1738-48e1-9e33-8f790f683857,1607899197694:43c857aa-1a86-47bc-a3fc-f20f1ffae475,"size == ""1""","isEmpty == ""True""","peek_obj_type == ""class java.lang.String""","push == ""False""","pop == ""True""","clear == ""False""","calledMethod == ""pop""","size_p == ""1""",Yes
431,1607899197694:448ddfe8-9fb2-4617-8ffb-f23f59590b3b,1607899197694:50574fa9-63d6-4f96-bd31-3b5323f5b829,"size == ""1""","isEmpty == ""True""","peek_obj_type == ""class java.lang.String""","push == ""True""","pop == ""False""","clear == ""False""","calledMethod == ""push""","size_p == ""0""",Yes
432,1607899197694:448ddfe8-9fb2-4617-8ffb-f23f59590b3b,1607899197694:50574fa9-63d6-4f96-bd31-3b5323f5b829,"size == ""1""","isEmpty == ""True""","peek_obj_type == ""class java.lang.String""","push == ""False""","pop == ""True""","clear == ""False""","calledMethod == ""pop""","size_p == ""1""",Yes
434,1607899197694:0dd36000-29de-4abe-b363-108edc343182,1607899197694:7cda9e88-6ff8-46ba-bd00-271a5fd2446f,"size == ""1""","isEmpty == ""True""","peek_obj_type == ""class java.lang.String""","push == ""True""","pop == ""False""","clear == ""False""","calledMethod == ""push""","size_p == ""0""",Yes
435,1607899197694:0dd36000-29de-4abe-b363-108edc343182,1607899197694:7cda9e88-6ff8-46ba-bd00-271a5fd2446f,"size == ""1""","isEmpty == ""True""","peek_obj_type == ""class java.lang.String""","push == ""False""","pop == ""True""","clear == ""False""","calledMethod == ""pop""","size_p == ""1""",Yes
437,1607899197693:f90d40bd-4511-46af-aac9-6215152f1dc4,1607899197693:5e0a2b4f-9471-4fc4-b722-8f791e10c7f5,"size == ""1""","isEmpty == ""True""","peek_obj_type == ""class java.lang.String""","push == ""True""","pop == ""False""","clear == ""False""","calledMethod == ""push""","size_p == ""0""",Yes
438,1607899197693:f90d40bd-4511-46af-aac9-6215152f1dc4,1607899197693:5e0a2b4f-9471-4fc4-b722-8f791e10c7f5,"size == ""1""","isEmpty == ""True""","peek_obj_type == ""class java.lang.String""","push == ""False""","pop == ""True""","clear == ""False""","calledMethod == ""pop""","size_p == ""1""",Yes
440,1607899197693:abf0860d-f5b5-4d95-ae1e-f9ddcdc32125,1607899197693:eb05546a-4556-42d9-95f7-4b80f0e6b7ae,"size == ""1""","isEmpty == ""True""","peek_obj_type == ""class java.lang.String""","push == ""True""","pop == ""False""","clear == ""False""","calledMethod == ""push""","size_p == ""0""",Yes
442,1607899197693:abf0860d-f5b5-4d95-ae1e-f9ddcdc32125,1607899197693:37b00463-0715-44f2-998c-96169c531588,"size == ""1""","isEmpty == ""True""","peek_obj_type == ""class java.lang.String""","push == ""True""","pop == ""False""","clear == ""False""","calledMethod == ""push""","size_p == ""0""",Yes
443,1607899197693:abf0860d-f5b5-4d95-ae1e-f9ddcdc32125,1607899197693:37b00463-0715-44f2-998c-96169c531588,"size == ""1""","isEmpty == ""True""","peek_obj_type == ""class java.lang.String""","push == ""False""","pop == ""True""","clear == ""False""","calledMethod == ""pop""","size_p == ""1""",Yes
445,1607899197693:6cc5a64e-57ed-42aa-94b0-4567fdcd756b,1607899197693:100ffdef-7320-4546-9e90-ff45e58b9d72,"size == ""1""","isEmpty == ""True""","peek_obj_type == ""class java.lang.String""","push == ""True""","pop == ""False""","clear == ""False""","calledMethod == ""push""","size_p == ""0""",Yes
446,1607899197693:6cc5a64e-57ed-42aa-94b0-4567fdcd756b,1607899197693:100ffdef-7320-4546-9e90-ff45e58b9d72,"size == ""1""","isEmpty == ""True""","peek_obj_type == ""class java.lang.String""","push == ""False""","pop == ""True""","clear == ""False""","calledMethod == ""pop""","size_p == ""1""",Yes
448,1607899197693:51be6dec-4768-48dc-8aa6-48a22f7a7078,1607899197693:f46273ca-00be-4745-b10b-6276b436faf4,"size == ""1""","isEmpty == ""True""","peek_obj_type == ""class java.lang.String""","push == ""True""","pop == ""False""","clear == ""False""","calledMethod == ""push""","size_p == ""0""",Yes
449,1607899197693:51be6dec-4768-48dc-8aa6-48a22f7a7078,1607899197693:f46273ca-00be-4745-b10b-6276b436faf4,"size == ""1""","isEmpty == ""True""","peek_obj_type == ""class java.lang.String""","push == ""False""","pop == ""True""","clear == ""False""","calledMethod == ""pop""","size_p == ""1""",Yes
451,1607899197693:4e76e7a9-c720-4321-96d6-fcd213058e68,1607899197693:5d3f542a-bab9-4ee9-b174-02a268353cf2,"size == ""1""","isEmpty == ""True""","peek_obj_type == ""class java.lang.String""","push == ""True""","pop == ""False""","clear == ""False""","calledMethod == ""push""","size_p == ""0""",Yes
452,1607899197693:4e76e7a9-c720-4321-96d6-fcd213058e68,1607899197693:5d3f542a-bab9-4ee9-b174-02a268353cf2,"size == ""1""","isEmpty == ""True""","peek_obj_type == ""class java.lang.String""","push == ""False""","pop == ""True""","clear == ""False""","calledMethod == ""pop""","size_p == ""1""",Yes
454,1607899197693:4ad0be5d-a8c8-4554-80e6-f99c8f63d1a6,1607899197693:bd001d4b-9c57-4a9b-a06a-14baf6fc7301,"size == ""1""","isEmpty == ""True""","peek_obj_type == ""class java.lang.String""","push == ""True""","pop == ""False""","clear == ""False""","calledMethod == ""push""","size_p == ""0""",Yes
455,1607899197693:4ad0be5d-a8c8-4554-80e6-f99c8f63d1a6,1607899197693:bd001d4b-9c57-4a9b-a06a-14baf6fc7301,"size == ""1""","isEmpty == ""True""","peek_obj_type == ""class java.lang.String""","push == ""False""","pop == ""True""","clear == ""False""","calledMethod == ""pop""","size_p == ""1""",Yes
457,1607899197693:4ad0be5d-a8c8-4554-80e6-f99c8f63d1a6,1607899197693:52093fdd-2892-46df-ae1b-8041bfd33a5d,"size == ""1""","isEmpty == ""True""","peek_obj_type == ""class java.lang.String""","push == ""True""","pop == ""False""","clear == ""False""","calledMethod == ""push""","size_p == ""0""",Yes
459,1607899197693:01d7ab9a-c7b3-467b-8396-96613257bd7d,1607899197693:e6a91a17-6a65-4179-8031-e904c1df50f4,"size == ""1""","isEmpty == ""True""","peek_obj_type == ""class java.lang.String""","push == ""True""","pop == ""False""","clear == ""False""","calledMethod == ""push""","size_p == ""0""",Yes
460,1607899197693:01d7ab9a-c7b3-467b-8396-96613257bd7d,1607899197693:e6a91a17-6a65-4179-8031-e904c1df50f4,"size == ""1""","isEmpty == ""True""","peek_obj_type == ""class java.lang.String""","push == ""False""","pop == ""True""","clear == ""False""","calledMethod == ""pop""","size_p == ""1""",Yes
463,1607899197693:01d7ab9a-c7b3-467b-8396-96613257bd7d,1607899197693:d9809302-89b9-4432-8eb9-3e6da98b7634,"size == ""1""","isEmpty == ""True""","peek_obj_type == ""class java.lang.String""","push == ""True""","pop == ""False""","clear == ""False""","calledMethod == ""push""","size_p == ""0""",Yes
464,1607899197693:01d7ab9a-c7b3-467b-8396-96613257bd7d,1607899197693:d9809302-89b9-4432-8eb9-3e6da98b7634,"size == ""1""","isEmpty == ""True""","peek_obj_type == ""class java.lang.String""","push == ""False""","pop == ""False""","clear == ""True""","calledMethod == ""clear""","size_p == ""1""",Yes
465,1607899197693:01d7ab9a-c7b3-467b-8396-96613257bd7d,1607899197693:d9809302-89b9-4432-8eb9-3e6da98b7634,"size == ""1""","isEmpty == ""True""","peek_obj_type == ""class java.lang.String""","push == ""False""","pop == ""False""","clear == ""True""","calledMethod == ""clear""","size_p == ""1""",Yes
466,1607899197693:01d7ab9a-c7b3-467b-8396-96613257bd7d,1607899197693:d9809302-89b9-4432-8eb9-3e6da98b7634,"size == ""1""","isEmpty == ""True""","peek_obj_type == ""class java.lang.String""","push == ""False""","pop == ""False""","clear == ""True""","calledMethod == ""clear""","size_p == ""1""",Yes
468,1607899197692:dbc01a91-0b8e-41ea-b33c-a680f25494c9,1607899197692:cbc3afbd-c5fe-4d45-b9e6-38e6b0666df1,"size == ""1""","isEmpty == ""True""","peek_obj_type == ""class java.lang.String""","push == ""True""","pop == ""False""","clear == ""False""","calledMethod == ""push""","size_p == ""0""",Yes
470,1607899197692:dbc01a91-0b8e-41ea-b33c-a680f25494c9,1607899197692:217a3f2f-d3ed-4018-b522-e6fc56d55dad,"size == ""1""","isEmpty == ""True""","peek_obj_type == ""class java.lang.String""","push == ""True""","pop == ""False""","clear == ""False""","calledMethod == ""push""","size_p == ""0""",Yes
471,1607899197692:dbc01a91-0b8e-41ea-b33c-a680f25494c9,1607899197692:217a3f2f-d3ed-4018-b522-e6fc56d55dad,"size == ""1""","isEmpty == ""True""","peek_obj_type == ""class java.lang.String""","push == ""False""","pop == ""True""","clear == ""False""","calledMethod == ""pop""","size_p == ""1""",Yes
473,1607899197692:d5389544-683e-4b13-888d-bd5aab429d95,1607899197693:14c0b4f7-7eef-43ab-9549-52633fbb0c60,"size == ""1""","isEmpty == ""True""","peek_obj_type == ""class java.lang.String""","push == ""True""","pop == ""False""","clear == ""False""","calledMethod == ""push""","size_p == ""0""",Yes
474,1607899197692:d5389544-683e-4b13-888d-bd5aab429d95,1607899197693:14c0b4f7-7eef-43ab-9549-52633fbb0c60,"size == ""1""","isEmpty == ""True""","peek_obj_type == ""class java.lang.String""","push == ""False""","pop == ""True""","clear == ""False""","calledMethod == ""pop""","size_p == ""1""",Yes
476,1607899197692:d5389544-683e-4b13-888d-bd5aab429d95,1607899197692:5e0ddd53-b149-4629-b1c7-0779ac04255a,"size == ""1""","isEmpty == ""True""","peek_obj_type == ""class java.lang.String""","push == ""True""","pop == ""False""","clear == ""False""","calledMethod == ""push""","size_p == ""0""",Yes
479,1607899197692:c10efe91-44b7-4360-9466-826afa2450bb,1607899197692:6953b314-76ba-477a-8f72-54a9250698a5,"size == ""1""","isEmpty == ""True""","peek_obj_type == ""class java.lang.String""","push == ""True""","pop == ""False""","clear == ""False""","calledMethod == ""push""","size_p == ""0""",Yes
480,1607899197692:c10efe91-44b7-4360-9466-826afa2450bb,1607899197692:6953b314-76ba-477a-8f72-54a9250698a5,"size == ""1""","isEmpty == ""True""","peek_obj_type == ""class java.lang.String""","push == ""False""","pop == ""False""","clear == ""True""","calledMethod == ""clear""","size_p == ""1""",Yes
482,1607899197692:c10efe91-44b7-4360-9466-826afa2450bb,1607899197692:1529c4ab-d240-4c2a-b634-51487f44cdcf,"size == ""1""","isEmpty == ""True""","peek_obj_type == ""class java.lang.String""","push == ""True""","pop == ""False""","clear == ""False""","calledMethod == ""push""","size_p == ""0""",Yes
483,1607899197692:c10efe91-44b7-4360-9466-826afa2450bb,1607899197692:1529c4ab-d240-4c2a-b634-51487f44cdcf,"size == ""1""","isEmpty == ""True""","peek_obj_type == ""class java.lang.String""","push == ""False""","pop == ""True""","clear == ""False""","calledMethod == ""pop""","size_p == ""1""",Yes
486,1607899197692:423d3e1e-3954-429a-828b-e70e20cc54d8,1607899197692:f8eb22ee-5659-44d7-97d9-af2e94c2acc4,"size == ""1""","isEmpty == ""True""","peek_obj_type == ""class java.lang.String""","push == ""True""","pop == ""False""","clear == ""False""","calledMethod == ""push""","size_p == ""0""",Yes
487,1607899197692:423d3e1e-3954-429a-828b-e70e20cc54d8,1607899197692:f8eb22ee-5659-44d7-97d9-af2e94c2acc4,"size == ""1""","isEmpty == ""True""","peek_obj_type == ""class java.lang.String""","push == ""False""","pop == ""False""","clear == ""True""","calledMethod == ""clear""","size_p == ""1""",Yes
488,1607899197692:423d3e1e-3954-429a-828b-e70e20cc54d8,1607899197692:f8eb22ee-5659-44d7-97d9-af2e94c2acc4,"size == ""1""","isEmpty == ""True""","peek_obj_type == ""class java.lang.String""","push == ""False""","pop == ""False""","clear == ""True""","calledMethod == ""clear""","size_p == ""1""",Yes
489,1607899197692:423d3e1e-3954-429a-828b-e70e20cc54d8,1607899197692:f8eb22ee-5659-44d7-97d9-af2e94c2acc4,"size == ""1""","isEmpty == ""True""","peek_obj_type == ""class java.lang.String""","push == ""False""","pop == ""False""","clear == ""True""","calledMethod == ""clear""","size_p == ""1""",Yes
491,1607899197692:423d3e1e-3954-429a-828b-e70e20cc54d8,1607899197692:655f484f-f418-457f-90b3-225970626087,"size == ""1""","isEmpty == ""True""","peek_obj_type == ""class java.lang.String""","push == ""True""","pop == ""False""","clear == ""False""","calledMethod == ""push""","size_p == ""0""",Yes
492,1607899197692:423d3e1e-3954-429a-828b-e70e20cc54d8,1607899197692:655f484f-f418-457f-90b3-225970626087,"size == ""1""","isEmpty == ""True""","peek_obj_type == ""class java.lang.String""","push == ""False""","pop == ""True""","clear == ""False""","calledMethod == ""pop""","size_p == ""1""",Yes
495,1607899197692:2c1edd14-0a69-485c-a0e4-6378854812b6,1607899197692:7ff78787-6c3d-48a3-9eba-5397169599b7,"size == ""1""","isEmpty == ""True""","peek_obj_type == ""class java.lang.String""","push == ""True""","pop == ""False""","clear == ""False""","calledMethod == ""push""","size_p == ""0""",Yes
496,1607899197692:2c1edd14-0a69-485c-a0e4-6378854812b6,1607899197692:7ff78787-6c3d-48a3-9eba-5397169599b7,"size == ""1""","isEmpty == ""True""","peek_obj_type == ""class java.lang.String""","push == ""False""","pop == ""False""","clear == ""True""","calledMethod == ""clear""","size_p == ""1""",Yes
497,1607899197692:2c1edd14-0a69-485c-a0e4-6378854812b6,1607899197692:7ff78787-6c3d-48a3-9eba-5397169599b7,"size == ""1""","isEmpty == ""True""","peek_obj_type == ""class java.lang.String""","push == ""False""","pop == ""False""","clear == ""True""","calledMethod == ""clear""","size_p == ""1""",Yes
498,1607899197692:2c1edd14-0a69-485c-a0e4-6378854812b6,1607899197692:7ff78787-6c3d-48a3-9eba-5397169599b7,"size == ""1""","isEmpty == ""True""","peek_obj_type == ""class java.lang.String""","push == ""False""","pop == ""False""","clear == ""True""","calledMethod == ""clear""","size_p == ""1""",Yes
500,1607899197692:2c1edd14-0a69-485c-a0e4-6378854812b6,1607899197692:1acf60e7-a54e-454d-96e1-ff66d35289f9,"size == ""1""","isEmpty == ""True""","peek_obj_type == ""class java.lang.String""","push == ""True""","pop == ""False""","clear == ""False""","calledMethod == ""push""","size_p == ""0""",Yes
501,1607899197692:2c1edd14-0a69-485c-a0e4-6378854812b6,1607899197692:1acf60e7-a54e-454d-96e1-ff66d35289f9,"size == ""1""","isEmpty == ""True""","peek_obj_type == ""class java.lang.String""","push == ""False""","pop == ""True""","clear == ""False""","calledMethod == ""pop""","size_p == ""1""",Yes
503,1607899197692:19bc09eb-c23c-4c74-847e-6746b178d168,1607899197692:c4608dc8-04ae-4cbb-904d-e0cdc8ab007c,"size == ""1""","isEmpty == ""True""","peek_obj_type == ""class java.lang.String""","push == ""True""","pop == ""False""","clear == ""False""","calledMethod == ""push""","size_p == ""0""",Yes
504,1607899197692:19bc09eb-c23c-4c74-847e-6746b178d168,1607899197692:c4608dc8-04ae-4cbb-904d-e0cdc8ab007c,"size == ""1""","isEmpty == ""True""","peek_obj_type == ""class java.lang.String""","push == ""False""","pop == ""True""","clear == ""False""","calledMethod == ""pop""","size_p == ""1""",Yes
507,1607899197692:19bc09eb-c23c-4c74-847e-6746b178d168,1607899197692:633c478b-ba65-4ffa-9970-486c8b8f66cc,"size == ""1""","isEmpty == ""True""","peek_obj_type == ""class java.lang.String""","push == ""True""","pop == ""False""","clear == ""False""","calledMethod == ""push""","size_p == ""0""",Yes
508,1607899197692:19bc09eb-c23c-4c74-847e-6746b178d168,1607899197692:633c478b-ba65-4ffa-9970-486c8b8f66cc,"size == ""1""","isEmpty == ""True""","peek_obj_type == ""class java.lang.String""","push == ""False""","pop == ""False""","clear == ""True""","calledMethod == ""clear""","size_p == ""1""",Yes
509,1607899197692:19bc09eb-c23c-4c74-847e-6746b178d168,1607899197692:633c478b-ba65-4ffa-9970-486c8b8f66cc,"size == ""1""","isEmpty == ""True""","peek_obj_type == ""class java.lang.String""","push == ""False""","pop == ""False""","clear == ""True""","calledMethod == ""clear""","size_p == ""1""",Yes
510,1607899197692:19bc09eb-c23c-4c74-847e-6746b178d168,1607899197692:633c478b-ba65-4ffa-9970-486c8b8f66cc,"size == ""1""","isEmpty == ""True""","peek_obj_type == ""class java.lang.String""","push == ""False""","pop == ""False""","clear == ""True""","calledMethod == ""clear""","size_p == ""1""",Yes
512,1607899197691:c99161a1-7276-4086-952d-447f1ee070b8,1607899197691:d21cfbdd-d111-4b54-bdd1-c1a5bddf817b,"size == ""1""","isEmpty == ""True""","peek_obj_type == ""class java.lang.String""","push == ""True""","pop == ""False""","clear == ""False""","calledMethod == ""push""","size_p == ""0""",Yes
513,1607899197691:c99161a1-7276-4086-952d-447f1ee070b8,1607899197691:d21cfbdd-d111-4b54-bdd1-c1a5bddf817b,"size == ""1""","isEmpty == ""True""","peek_obj_type == ""class java.lang.String""","push == ""False""","pop == ""True""","clear == ""False""","calledMethod == ""pop""","size_p == ""1""",Yes
515,1607899197691:c1f741b5-4c72-49f0-bc76-34feb2b009c3,1607899197691:f9b55950-99e7-47ac-bee6-177ccd6bdc06,"size == ""1""","isEmpty == ""True""","peek_obj_type == ""class java.lang.String""","push == ""True""","pop == ""False""","clear == ""False""","calledMethod == ""push""","size_p == ""0""",Yes
516,1607899197691:c1f741b5-4c72-49f0-bc76-34feb2b009c3,1607899197691:f9b55950-99e7-47ac-bee6-177ccd6bdc06,"size == ""1""","isEmpty == ""True""","peek_obj_type == ""class java.lang.String""","push == ""False""","pop == ""True""","clear == ""False""","calledMethod == ""pop""","size_p == ""1""",Yes
519,1607899197691:c1f741b5-4c72-49f0-bc76-34feb2b009c3,1607899197691:462acb4e-1bb5-4b38-8646-e8125da0e59a,"size == ""1""","isEmpty == ""True""","peek_obj_type == ""class java.lang.String""","push == ""True""","pop == ""False""","clear == ""False""","calledMethod == ""push""","size_p == ""0""",Yes
520,1607899197691:c1f741b5-4c72-49f0-bc76-34feb2b009c3,1607899197691:462acb4e-1bb5-4b38-8646-e8125da0e59a,"size == ""1""","isEmpty == ""True""","peek_obj_type == ""class java.lang.String""","push == ""False""","pop == ""False""","clear == ""True""","calledMethod == ""clear""","size_p == ""1""",Yes
521,1607899197691:c1f741b5-4c72-49f0-bc76-34feb2b009c3,1607899197691:462acb4e-1bb5-4b38-8646-e8125da0e59a,"size == ""1""","isEmpty == ""True""","peek_obj_type == ""class java.lang.String""","push == ""False""","pop == ""False""","clear == ""True""","calledMethod == ""clear""","size_p == ""1""",Yes
522,1607899197691:c1f741b5-4c72-49f0-bc76-34feb2b009c3,1607899197691:462acb4e-1bb5-4b38-8646-e8125da0e59a,"size == ""1""","isEmpty == ""True""","peek_obj_type == ""class java.lang.String""","push == ""False""","pop == ""False""","clear == ""True""","calledMethod == ""clear""","size_p == ""1""",Yes
525,1607899197691:c1f741b5-4c72-49f0-bc76-34feb2b009c3,1607899197691:3be1c71a-9ded-4c67-8811-d1641a80b97b,"size == ""1""","isEmpty == ""True""","peek_obj_type == ""class java.lang.String""","push == ""True""","pop == ""False""","clear == ""False""","calledMethod == ""push""","size_p == ""0""",Yes
526,1607899197691:c1f741b5-4c72-49f0-bc76-34feb2b009c3,1607899197691:3be1c71a-9ded-4c67-8811-d1641a80b97b,"size == ""1""","isEmpty == ""True""","peek_obj_type == ""class java.lang.String""","push == ""False""","pop == ""False""","clear == ""True""","calledMethod == ""clear""","size_p == ""1""",Yes
527,1607899197691:c1f741b5-4c72-49f0-bc76-34feb2b009c3,1607899197691:3be1c71a-9ded-4c67-8811-d1641a80b97b,"size == ""1""","isEmpty == ""True""","peek_obj_type == ""class java.lang.String""","push == ""False""","pop == ""False""","clear == ""True""","calledMethod == ""clear""","size_p == ""1""",Yes
528,1607899197691:c1f741b5-4c72-49f0-bc76-34feb2b009c3,1607899197691:3be1c71a-9ded-4c67-8811-d1641a80b97b,"size == ""1""","isEmpty == ""True""","peek_obj_type == ""class java.lang.String""","push == ""False""","pop == ""False""","clear == ""True""","calledMethod == ""clear""","size_p == ""1""",Yes
530,1607899197691:be328489-8c52-46f8-b341-acdec55f4553,1607899197691:bc7cc517-b806-4cb1-8b0e-ebdec4feb552,"size == ""1""","isEmpty == ""True""","peek_obj_type == ""class java.lang.String""","push == ""True""","pop == ""False""","clear == ""False""","calledMethod == ""push""","size_p == ""0""",Yes
531,1607899197691:be328489-8c52-46f8-b341-acdec55f4553,1607899197691:bc7cc517-b806-4cb1-8b0e-ebdec4feb552,"size == ""1""","isEmpty == ""True""","peek_obj_type == ""class java.lang.String""","push == ""False""","pop == ""True""","clear == ""False""","calledMethod == ""pop""","size_p == ""1""",Yes
534,1607899197691:bb25ea67-be72-4453-91c6-62f88952b8e7,1607899197691:aa985e1e-98a5-4381-9538-2af6e553a39c,"size == ""1""","isEmpty == ""True""","peek_obj_type == ""class java.lang.String""","push == ""True""","pop == ""False""","clear == ""False""","calledMethod == ""push""","size_p == ""0""",Yes
535,1607899197691:bb25ea67-be72-4453-91c6-62f88952b8e7,1607899197691:aa985e1e-98a5-4381-9538-2af6e553a39c,"size == ""1""","isEmpty == ""True""","peek_obj_type == ""class java.lang.String""","push == ""False""","pop == ""True""","clear == ""False""","calledMethod == ""pop""","size_p == ""1""",Yes
538,1607899197691:5f25a874-6641-4a1a-882b-3ec50d471b1e,1607899197691:b41465b5-fe99-4cb7-80ed-5421acad6438,"size == ""1""","isEmpty == ""True""","peek_obj_type == ""class java.lang.String""","push == ""True""","pop == ""False""","clear == ""False""","calledMethod == ""push""","size_p == ""0""",Yes
539,1607899197691:5f25a874-6641-4a1a-882b-3ec50d471b1e,1607899197691:b41465b5-fe99-4cb7-80ed-5421acad6438,"size == ""1""","isEmpty == ""True""","peek_obj_type == ""class java.lang.String""","push == ""False""","pop == ""False""","clear == ""True""","calledMethod == ""clear""","size_p == ""1""",Yes
540,1607899197691:5f25a874-6641-4a1a-882b-3ec50d471b1e,1607899197691:b41465b5-fe99-4cb7-80ed-5421acad6438,"size == ""1""","isEmpty == ""True""","peek_obj_type == ""class java.lang.String""","push == ""False""","pop == ""False""","clear == ""True""","calledMethod == ""clear""","size_p == ""1""",Yes
541,1607899197691:5f25a874-6641-4a1a-882b-3ec50d471b1e,1607899197691:b41465b5-fe99-4cb7-80ed-5421acad6438,"size == ""1""","isEmpty == ""True""","peek_obj_type == ""class java.lang.String""","push == ""False""","pop == ""False""","clear == ""True""","calledMethod == ""clear""","size_p == ""1""",Yes
543,1607899197691:5f25a874-6641-4a1a-882b-3ec50d471b1e,1607899197691:7a879495-2c8a-43ec-b6c7-6985de2a5c74,"size == ""1""","isEmpty == ""True""","peek_obj_type == ""class java.lang.String""","push == ""True""","pop == ""False""","clear == ""False""","calledMethod == ""push""","size_p == ""0""",Yes
544,1607899197691:5f25a874-6641-4a1a-882b-3ec50d471b1e,1607899197691:7a879495-2c8a-43ec-b6c7-6985de2a5c74,"size == ""1""","isEmpty == ""True""","peek_obj_type == ""class java.lang.String""","push == ""False""","pop == ""True""","clear == ""False""","calledMethod == ""pop""","size_p == ""1""",Yes
546,1607899197691:58a62cbb-b386-4420-845e-d388e212cf59,1607899197691:bbd4d3d1-745f-4381-be7e-f0739a539089,"size == ""1""","isEmpty == ""True""","peek_obj_type == ""class java.lang.String""","push == ""True""","pop == ""False""","clear == ""False""","calledMethod == ""push""","size_p == ""0""",Yes
547,1607899197691:58a62cbb-b386-4420-845e-d388e212cf59,1607899197691:bbd4d3d1-745f-4381-be7e-f0739a539089,"size == ""1""","isEmpty == ""True""","peek_obj_type == ""class java.lang.String""","push == ""False""","pop == ""True""","clear == ""False""","calledMethod == ""pop""","size_p == ""1""",Yes
549,1607899197691:0771feca-15c3-444d-8105-f9d793718354,1607899197692:d7b84a16-015a-4fe3-a1ec-d0cf2c2e9060,"size == ""1""","isEmpty == ""True""","peek_obj_type == ""class java.lang.String""","push == ""True""","pop == ""False""","clear == ""False""","calledMethod == ""push""","size_p == ""0""",Yes
550,1607899197691:0771feca-15c3-444d-8105-f9d793718354,1607899197692:d7b84a16-015a-4fe3-a1ec-d0cf2c2e9060,"size == ""1""","isEmpty == ""True""","peek_obj_type == ""class java.lang.String""","push == ""False""","pop == ""True""","clear == ""False""","calledMethod == ""pop""","size_p == ""1""",Yes
552,1607899197691:0771feca-15c3-444d-8105-f9d793718354,1607899197691:22c14de4-915f-4663-aa77-c347afc00f20,"size == ""1""","isEmpty == ""True""","peek_obj_type == ""class java.lang.String""","push == ""True""","pop == ""False""","clear == ""False""","calledMethod == ""push""","size_p == ""0""",Yes
553,1607899197691:0771feca-15c3-444d-8105-f9d793718354,1607899197691:22c14de4-915f-4663-aa77-c347afc00f20,"size == ""2""","isEmpty == ""True""","peek_obj_type == ""class java.lang.String""","push == ""True""","pop == ""False""","clear == ""False""","calledMethod == ""push""","size_p == ""1""",Yes
555,1607899197690:e35d7cd0-16f4-4afa-8341-7d7830338978,1607899197690:b0af909e-8442-448a-b26c-0f2a3ac06ec9,"size == ""1""","isEmpty == ""True""","peek_obj_type == ""class java.lang.String""","push == ""True""","pop == ""False""","clear == ""False""","calledMethod == ""push""","size_p == ""0""",Yes
556,1607899197690:e35d7cd0-16f4-4afa-8341-7d7830338978,1607899197690:b0af909e-8442-448a-b26c-0f2a3ac06ec9,"size == ""1""","isEmpty == ""True""","peek_obj_type == ""class java.lang.String""","push == ""False""","pop == ""True""","clear == ""False""","calledMethod == ""pop""","size_p == ""1""",Yes
558,1607899197690:e35d7cd0-16f4-4afa-8341-7d7830338978,1607899197690:14a17f67-beb5-40a8-904e-82493b50fa93,"size == ""1""","isEmpty == ""True""","peek_obj_type == ""class java.lang.String""","push == ""True""","pop == ""False""","clear == ""False""","calledMethod == ""push""","size_p == ""0""",Yes
559,1607899197690:e35d7cd0-16f4-4afa-8341-7d7830338978,1607899197690:14a17f67-beb5-40a8-904e-82493b50fa93,"size == ""2""","isEmpty == ""True""","peek_obj_type == ""class java.lang.String""","push == ""True""","pop == ""False""","clear == ""False""","calledMethod == ""push""","size_p == ""1""",Yes
561,1607899197690:b334bde1-2b45-4bb6-a97a-651503ac82cf,1607899197690:bb2874dc-cdea-497b-9bac-167a509dfdfc,"size == ""1""","isEmpty == ""True""","peek_obj_type == ""class java.lang.String""","push == ""True""","pop == ""False""","clear == ""False""","calledMethod == ""push""","size_p == ""0""",Yes
562,1607899197690:b334bde1-2b45-4bb6-a97a-651503ac82cf,1607899197690:bb2874dc-cdea-497b-9bac-167a509dfdfc,"size == ""1""","isEmpty == ""True""","peek_obj_type == ""class java.lang.String""","push == ""False""","pop == ""True""","clear == ""False""","calledMethod == ""pop""","size_p == ""1""",Yes
564,1607899197690:9cc3ef4c-0710-4821-8abf-20b45dac5da4,1607899197690:bdfcb778-5563-49d8-b594-e3829569a80c,"size == ""1""","isEmpty == ""True""","peek_obj_type == ""class java.lang.String""","push == ""True""","pop == ""False""","clear == ""False""","calledMethod == ""push""","size_p == ""0""",Yes
565,1607899197690:9cc3ef4c-0710-4821-8abf-20b45dac5da4,1607899197690:bdfcb778-5563-49d8-b594-e3829569a80c,"size == ""1""","isEmpty == ""True""","peek_obj_type == ""class java.lang.String""","push == ""False""","pop == ""True""","clear == ""False""","calledMethod == ""pop""","size_p == ""1""",Yes
567,1607899197690:9839699f-94a4-4d34-bb79-9e213e0c94ce,1607899197690:872f5b0a-4ca6-43ad-968c-1c76341e6b7f,"size == ""1""","isEmpty == ""True""","peek_obj_type == ""class java.lang.String""","push == ""True""","pop == ""False""","clear == ""False""","calledMethod == ""push""","size_p == ""0""",Yes
568,1607899197690:9839699f-94a4-4d34-bb79-9e213e0c94ce,1607899197690:872f5b0a-4ca6-43ad-968c-1c76341e6b7f,"size == ""1""","isEmpty == ""True""","peek_obj_type == ""class java.lang.String""","push == ""False""","pop == ""True""","clear == ""False""","calledMethod == ""pop""","size_p == ""1""",Yes
570,1607899197690:9839699f-94a4-4d34-bb79-9e213e0c94ce,1607899197690:36dd908f-40eb-4bbc-9242-6a37d637fe19,"size == ""1""","isEmpty == ""True""","peek_obj_type == ""class java.lang.String""","push == ""True""","pop == ""False""","clear == ""False""","calledMethod == ""push""","size_p == ""0""",Yes
571,1607899197690:9839699f-94a4-4d34-bb79-9e213e0c94ce,1607899197690:36dd908f-40eb-4bbc-9242-6a37d637fe19,"size == ""2""","isEmpty == ""True""","peek_obj_type == ""class java.lang.String""","push == ""True""","pop == ""False""","clear == ""False""","calledMethod == ""push""","size_p == ""1""",Yes
574,1607899197690:7350f028-f3e4-4530-94f4-9370d7351330,1607899197690:daa08df7-11b0-460c-a1a8-e8da866b2434,"size == ""1""","isEmpty == ""True""","peek_obj_type == ""class java.lang.String""","push == ""True""","pop == ""False""","clear == ""False""","calledMethod == ""push""","size_p == ""0""",Yes
575,1607899197690:7350f028-f3e4-4530-94f4-9370d7351330,1607899197690:daa08df7-11b0-460c-a1a8-e8da866b2434,"size == ""1""","isEmpty == ""True""","peek_obj_type == ""class java.lang.String""","push == ""False""","pop == ""False""","clear == ""True""","calledMethod == ""clear""","size_p == ""1""",Yes
576,1607899197690:7350f028-f3e4-4530-94f4-9370d7351330,1607899197690:daa08df7-11b0-460c-a1a8-e8da866b2434,"size == ""1""","isEmpty == ""True""","peek_obj_type == ""class java.lang.String""","push == ""False""","pop == ""False""","clear == ""True""","calledMethod == ""clear""","size_p == ""1""",Yes
577,1607899197690:7350f028-f3e4-4530-94f4-9370d7351330,1607899197690:daa08df7-11b0-460c-a1a8-e8da866b2434,"size == ""1""","isEmpty == ""True""","peek_obj_type == ""class java.lang.String""","push == ""False""","pop == ""False""","clear == ""True""","calledMethod == ""clear""","size_p == ""1""",Yes
579,1607899197690:7350f028-f3e4-4530-94f4-9370d7351330,1607899197690:6048f81a-f8dd-4fad-ad6c-39662279bfba,"size == ""1""","isEmpty == ""True""","peek_obj_type == ""class java.lang.String""","push == ""True""","pop == ""False""","clear == ""False""","calledMethod == ""push""","size_p == ""0""",Yes
580,1607899197690:7350f028-f3e4-4530-94f4-9370d7351330,1607899197690:6048f81a-f8dd-4fad-ad6c-39662279bfba,"size == ""1""","isEmpty == ""True""","peek_obj_type == ""class java.lang.String""","push == ""False""","pop == ""True""","clear == ""False""","calledMethod == ""pop""","size_p == ""1""",Yes
582,1607899197690:7350f028-f3e4-4530-94f4-9370d7351330,1607899197690:12449c83-e36a-457a-9d05-2efc411cb111,"size == ""1""","isEmpty == ""True""","peek_obj_type == ""class java.lang.String""","push == ""True""","pop == ""False""","clear == ""False""","calledMethod == ""push""","size_p == ""0""",Yes
583,1607899197690:7350f028-f3e4-4530-94f4-9370d7351330,1607899197690:12449c83-e36a-457a-9d05-2efc411cb111,"size == ""2""","isEmpty == ""True""","peek_obj_type == ""class java.lang.String""","push == ""True""","pop == ""False""","clear == ""False""","calledMethod == ""push""","size_p == ""1""",Yes
585,1607899197690:2486fffb-f78e-4905-b2fe-627d7e254008,1607899197690:16c3c805-a439-458e-9e6a-68edadc10b17,"size == ""1""","isEmpty == ""True""","peek_obj_type == ""class java.lang.String""","push == ""True""","pop == ""False""","clear == ""False""","calledMethod == ""push""","size_p == ""0""",Yes
586,1607899197690:2486fffb-f78e-4905-b2fe-627d7e254008,1607899197690:16c3c805-a439-458e-9e6a-68edadc10b17,"size == ""1""","isEmpty == ""True""","peek_obj_type == ""class java.lang.String""","push == ""False""","pop == ""True""","clear == ""False""","calledMethod == ""pop""","size_p == ""1""",Yes
589,1607899197690:11bb9d20-25f3-477d-ac88-97e9b4287046,1607899197690:a54167fa-9be4-430e-bc67-8ff3e08ba1cb,"size == ""1""","isEmpty == ""True""","peek_obj_type == ""class java.lang.String""","push == ""True""","pop == ""False""","clear == ""False""","calledMethod == ""push""","size_p == ""0""",Yes
590,1607899197690:11bb9d20-25f3-477d-ac88-97e9b4287046,1607899197690:a54167fa-9be4-430e-bc67-8ff3e08ba1cb,"size == ""1""","isEmpty == ""True""","peek_obj_type == ""class java.lang.String""","push == ""False""","pop == ""True""","clear == ""False""","calledMethod == ""pop""","size_p == ""1""",Yes
592,1607899197689:de135ef1-dfb7-4d27-9fb0-7fbd0255309d,1607899197689:294bb0e7-820d-49fe-ab4a-8d2946703a1c,"size == ""1""","isEmpty == ""True""","peek_obj_type == ""class java.lang.String""","push == ""True""","pop == ""False""","clear == ""False""","calledMethod == ""push""","size_p == ""0""",Yes
593,1607899197689:de135ef1-dfb7-4d27-9fb0-7fbd0255309d,1607899197689:294bb0e7-820d-49fe-ab4a-8d2946703a1c,"size == ""1""","isEmpty == ""True""","peek_obj_type == ""class java.lang.String""","push == ""False""","pop == ""True""","clear == ""False""","calledMethod == ""pop""","size_p == ""1""",Yes
595,1607899197689:d530f72e-1845-4c78-bb4d-5118238e609c,1607899197689:b1b58334-3f1b-4a74-93e6-9a53de8f3812,"size == ""1""","isEmpty == ""True""","peek_obj_type == ""class java.lang.String""","push == ""True""","pop == ""False""","clear == ""False""","calledMethod == ""push""","size_p == ""0""",Yes
597,1607899197689:d530f72e-1845-4c78-bb4d-5118238e609c,1607899197689:ac536376-734d-4aed-a78b-6e467775a0be,"size == ""1""","isEmpty == ""True""","peek_obj_type == ""class java.lang.String""","push == ""True""","pop == ""False""","clear == ""False""","calledMethod == ""push""","size_p == ""0""",Yes
598,1607899197689:d530f72e-1845-4c78-bb4d-5118238e609c,1607899197689:ac536376-734d-4aed-a78b-6e467775a0be,"size == ""1""","isEmpty == ""True""","peek_obj_type == ""class java.lang.String""","push == ""False""","pop == ""True""","clear == ""False""","calledMethod == ""pop""","size_p == ""1""",Yes
600,1607899197689:cb5c1d68-827a-4242-9900-f6f36a68e5d7,1607899197689:d5898573-7e8a-4bed-9abb-9b20e699dd2b,"size == ""1""","isEmpty == ""True""","peek_obj_type == ""class java.lang.String""","push == ""True""","pop == ""False""","clear == ""False""","calledMethod == ""push""","size_p == ""0""",Yes
601,1607899197689:cb5c1d68-827a-4242-9900-f6f36a68e5d7,1607899197689:d5898573-7e8a-4bed-9abb-9b20e699dd2b,"size == ""1""","isEmpty == ""True""","peek_obj_type == ""class java.lang.String""","push == ""False""","pop == ""True""","clear == ""False""","calledMethod == ""pop""","size_p == ""1""",Yes
604,1607899197689:c9794e82-64b7-4918-8ca4-82fc55d6bd59,1607899197689:fe082573-f9fd-49f3-8a38-e3ac0545013b,"size == ""1""","isEmpty == ""True""","peek_obj_type == ""class java.lang.String""","push == ""True""","pop == ""False""","clear == ""False""","calledMethod == ""push""","size_p == ""0""",Yes
605,1607899197689:c9794e82-64b7-4918-8ca4-82fc55d6bd59,1607899197689:fe082573-f9fd-49f3-8a38-e3ac0545013b,"size == ""1""","isEmpty == ""True""","peek_obj_type == ""class java.lang.String""","push == ""False""","pop == ""False""","clear == ""True""","calledMethod == ""clear""","size_p == ""1""",Yes
607,1607899197689:c9794e82-64b7-4918-8ca4-82fc55d6bd59,1607899197689:6b205aa7-7705-4b9c-bb11-1f3c7007cc5b,"size == ""1""","isEmpty == ""True""","peek_obj_type == ""class java.lang.String""","push == ""True""","pop == ""False""","clear == ""False""","calledMethod == ""push""","size_p == ""0""",Yes
608,1607899197689:c9794e82-64b7-4918-8ca4-82fc55d6bd59,1607899197689:6b205aa7-7705-4b9c-bb11-1f3c7007cc5b,"size == ""1""","isEmpty == ""True""","peek_obj_type == ""class java.lang.String""","push == ""False""","pop == ""True""","clear == ""False""","calledMethod == ""pop""","size_p == ""1""",Yes
610,1607899197689:91fdf126-5e02-47d3-ad2a-ae81eeb5b62f,1607899197689:bd393726-f96e-4910-afd6-13758c091a92,"size == ""1""","isEmpty == ""True""","peek_obj_type == ""class java.lang.String""","push == ""True""","pop == ""False""","clear == ""False""","calledMethod == ""push""","size_p == ""0""",Yes
611,1607899197689:91fdf126-5e02-47d3-ad2a-ae81eeb5b62f,1607899197689:bd393726-f96e-4910-afd6-13758c091a92,"size == ""1""","isEmpty == ""True""","peek_obj_type == ""class java.lang.String""","push == ""False""","pop == ""True""","clear == ""False""","calledMethod == ""pop""","size_p == ""1""",Yes
613,1607899197689:58e2bdc8-6438-4031-9c63-1a9dce4107e1,1607899197689:98ace141-d470-48dd-9333-4f39d1609bf1,"size == ""1""","isEmpty == ""True""","peek_obj_type == ""class java.lang.String""","push == ""True""","pop == ""False""","clear == ""False""","calledMethod == ""push""","size_p == ""0""",Yes
614,1607899197689:58e2bdc8-6438-4031-9c63-1a9dce4107e1,1607899197689:98ace141-d470-48dd-9333-4f39d1609bf1,"size == ""1""","isEmpty == ""True""","peek_obj_type == ""class java.lang.String""","push == ""False""","pop == ""True""","clear == ""False""","calledMethod == ""pop""","size_p == ""1""",Yes
616,1607899197689:2ae2aa04-83e4-437b-b86a-d42c84d6e9e9,1607899197689:d613a344-42d3-475c-b2e8-d0844de9992d,"size == ""1""","isEmpty == ""True""","peek_obj_type == ""class java.lang.String""","push == ""True""","pop == ""False""","clear == ""False""","calledMethod == ""push""","size_p == ""0""",Yes
617,1607899197689:2ae2aa04-83e4-437b-b86a-d42c84d6e9e9,1607899197689:d613a344-42d3-475c-b2e8-d0844de9992d,"size == ""1""","isEmpty == ""True""","peek_obj_type == ""class java.lang.String""","push == ""False""","pop == ""True""","clear == ""False""","calledMethod == ""pop""","size_p == ""1""",Yes
619,1607899197688:79cdf480-4f44-4df7-b16b-3e9daa1cd006,1607899197688:d52d27da-14e1-411f-8106-885cb23b6e2b,"size == ""1""","isEmpty == ""True""","peek_obj_type == ""class java.lang.String""","push == ""True""","pop == ""False""","clear == ""False""","calledMethod == ""push""","size_p == ""0""",Yes
620,1607899197688:79cdf480-4f44-4df7-b16b-3e9daa1cd006,1607899197688:d52d27da-14e1-411f-8106-885cb23b6e2b,"size == ""2""","isEmpty == ""True""","peek_obj_type == ""class java.lang.String""","push == ""True""","pop == ""False""","clear == ""False""","calledMethod == ""push""","size_p == ""1""",Yes
622,1607899197688:79cdf480-4f44-4df7-b16b-3e9daa1cd006,1607899197688:88ac1b1d-db35-4111-839d-513498c5d940,"size == ""1""","isEmpty == ""True""","peek_obj_type == ""class java.lang.String""","push == ""True""","pop == ""False""","clear == ""False""","calledMethod == ""push""","size_p == ""0""",Yes
623,1607899197688:79cdf480-4f44-4df7-b16b-3e9daa1cd006,1607899197688:88ac1b1d-db35-4111-839d-513498c5d940,"size == ""1""","isEmpty == ""True""","peek_obj_type == ""class java.lang.String""","push == ""False""","pop == ""True""","clear == ""False""","calledMethod == ""pop""","size_p == ""1""",Yes
626,1607899197688:6632714e-30c1-4b5c-8ee1-3d500d5a542a,1607899197689:100c917a-50c7-47a2-91eb-087c5e904bdf,"size == ""1""","isEmpty == ""True""","peek_obj_type == ""class java.lang.String""","push == ""True""","pop == ""False""","clear == ""False""","calledMethod == ""push""","size_p == ""0""",Yes
627,1607899197688:6632714e-30c1-4b5c-8ee1-3d500d5a542a,1607899197689:100c917a-50c7-47a2-91eb-087c5e904bdf,"size == ""1""","isEmpty == ""True""","peek_obj_type == ""class java.lang.String""","push == ""False""","pop == ""True""","clear == ""False""","calledMethod == ""pop""","size_p == ""1""",Yes
629,1607899197688:6632714e-30c1-4b5c-8ee1-3d500d5a542a,1607899197688:adb5cf85-3494-4b13-98b1-b701c18d11b1,"size == ""1""","isEmpty == ""True""","peek_obj_type == ""class java.lang.String""","push == ""True""","pop == ""False""","clear == ""False""","calledMethod == ""push""","size_p == ""0""",Yes
630,1607899197688:6632714e-30c1-4b5c-8ee1-3d500d5a542a,1607899197688:adb5cf85-3494-4b13-98b1-b701c18d11b1,"size == ""2""","isEmpty == ""True""","peek_obj_type == ""class java.lang.String""","push == ""True""","pop == ""False""","clear == ""False""","calledMethod == ""push""","size_p == ""1""",Yes
631,1607899197688:6632714e-30c1-4b5c-8ee1-3d500d5a542a,1607899197688:adb5cf85-3494-4b13-98b1-b701c18d11b1,"size == ""3""","isEmpty == ""True""","peek_obj_type == ""class java.lang.String""","push == ""True""","pop == ""False""","clear == ""False""","calledMethod == ""push""","size_p == ""2""",Yes
632,1607899197688:6632714e-30c1-4b5c-8ee1-3d500d5a542a,1607899197688:adb5cf85-3494-4b13-98b1-b701c18d11b1,"size == ""3""","isEmpty == ""True""","peek_obj_type == ""class java.lang.String""","push == ""False""","pop == ""False""","clear == ""True""","calledMethod == ""clear""","size_p == ""3""",Yes
634,1607899197688:53b1c693-a412-46f0-aa63-2a9a9100c44e,1607899197688:d611948b-4385-4c37-8484-32d001d2bfd3,"size == ""1""","isEmpty == ""True""","peek_obj_type == ""class java.lang.String""","push == ""True""","pop == ""False""","clear == ""False""","calledMethod == ""push""","size_p == ""0""",Yes
637,1607899197688:53b1c693-a412-46f0-aa63-2a9a9100c44e,1607899197688:84185137-df37-4dd1-ac09-b13d8d1a3a80,"size == ""1""","isEmpty == ""True""","peek_obj_type == ""class java.lang.String""","push == ""True""","pop == ""False""","clear == ""False""","calledMethod == ""push""","size_p == ""0""",Yes
638,1607899197688:53b1c693-a412-46f0-aa63-2a9a9100c44e,1607899197688:84185137-df37-4dd1-ac09-b13d8d1a3a80,"size == ""1""","isEmpty == ""True""","peek_obj_type == ""class java.lang.String""","push == ""False""","pop == ""True""","clear == ""False""","calledMethod == ""pop""","size_p == ""1""",Yes
641,1607899197688:53b1c693-a412-46f0-aa63-2a9a9100c44e,1607899197688:2561b445-fc2d-489c-a24f-34f5d8ae0d78,"size == ""1""","isEmpty == ""True""","peek_obj_type == ""class java.lang.String""","push == ""True""","pop == ""False""","clear == ""False""","calledMethod == ""push""","size_p == ""0""",Yes
642,1607899197688:53b1c693-a412-46f0-aa63-2a9a9100c44e,1607899197688:2561b445-fc2d-489c-a24f-34f5d8ae0d78,"size == ""1""","isEmpty == ""True""","peek_obj_type == ""class java.lang.String""","push == ""False""","pop == ""False""","clear == ""True""","calledMethod == ""clear""","size_p == ""1""",Yes
643,1607899197688:53b1c693-a412-46f0-aa63-2a9a9100c44e,1607899197688:2561b445-fc2d-489c-a24f-34f5d8ae0d78,"size == ""1""","isEmpty == ""True""","peek_obj_type == ""class java.lang.String""","push == ""False""","pop == ""False""","clear == ""True""","calledMethod == ""clear""","size_p == ""1""",Yes
644,1607899197688:53b1c693-a412-46f0-aa63-2a9a9100c44e,1607899197688:2561b445-fc2d-489c-a24f-34f5d8ae0d78,"size == ""1""","isEmpty == ""True""","peek_obj_type == ""class java.lang.String""","push == ""False""","pop == ""False""","clear == ""True""","calledMethod == ""clear""","size_p == ""1""",Yes
646,1607899197688:3e3f5473-067b-4114-b4f0-3fcb506a404f,1607899197688:d8404294-e4ef-4222-8b97-def52c5d9f56,"size == ""1""","isEmpty == ""True""","peek_obj_type == ""class java.lang.String""","push == ""True""","pop == ""False""","clear == ""False""","calledMethod == ""push""","size_p == ""0""",Yes
647,1607899197688:3e3f5473-067b-4114-b4f0-3fcb506a404f,1607899197688:d8404294-e4ef-4222-8b97-def52c5d9f56,"size == ""1""","isEmpty == ""True""","peek_obj_type == ""class java.lang.String""","push == ""False""","pop == ""True""","clear == ""False""","calledMethod == ""pop""","size_p == ""1""",Yes
650,1607899197688:3e3f5473-067b-4114-b4f0-3fcb506a404f,1607899197688:bdad537c-3e97-459c-a42b-4bd005bcbf22,"size == ""1""","isEmpty == ""True""","peek_obj_type == ""class java.lang.String""","push == ""True""","pop == ""False""","clear == ""False""","calledMethod == ""push""","size_p == ""0""",Yes
651,1607899197688:3e3f5473-067b-4114-b4f0-3fcb506a404f,1607899197688:bdad537c-3e97-459c-a42b-4bd005bcbf22,"size == ""1""","isEmpty == ""True""","peek_obj_type == ""class java.lang.String""","push == ""False""","pop == ""False""","clear == ""True""","calledMethod == ""clear""","size_p == ""1""",Yes
652,1607899197688:3e3f5473-067b-4114-b4f0-3fcb506a404f,1607899197688:bdad537c-3e97-459c-a42b-4bd005bcbf22,"size == ""1""","isEmpty == ""True""","peek_obj_type == ""class java.lang.String""","push == ""False""","pop == ""False""","clear == ""True""","calledMethod == ""clear""","size_p == ""1""",Yes
653,1607899197688:3e3f5473-067b-4114-b4f0-3fcb506a404f,1607899197688:bdad537c-3e97-459c-a42b-4bd005bcbf22,"size == ""1""","isEmpty == ""True""","peek_obj_type == ""class java.lang.String""","push == ""False""","pop == ""False""","clear == ""True""","calledMethod == ""clear""","size_p == ""1""",Yes
655,1607899197688:0787ba11-1d00-4303-adb5-9c49ebd96906,1607899197688:8302cf5d-6e0a-4b16-9d17-536dcfb037e8,"size == ""1""","isEmpty == ""True""","peek_obj_type == ""class java.lang.String""","push == ""True""","pop == ""False""","clear == ""False""","calledMethod == ""push""","size_p == ""0""",Yes
656,1607899197688:0787ba11-1d00-4303-adb5-9c49ebd96906,1607899197688:8302cf5d-6e0a-4b16-9d17-536dcfb037e8,"size == ""1""","isEmpty == ""True""","peek_obj_type == ""class java.lang.String""","push == ""False""","pop == ""True""","clear == ""False""","calledMethod == ""pop""","size_p == ""1""",Yes
659,1607899197688:0787ba11-1d00-4303-adb5-9c49ebd96906,1607899197688:6c69fcae-cf6c-4005-8c55-a36caa1253b9,"size == ""1""","isEmpty == ""True""","peek_obj_type == ""class java.lang.String""","push == ""True""","pop == ""False""","clear == ""False""","calledMethod == ""push""","size_p == ""0""",Yes
660,1607899197688:0787ba11-1d00-4303-adb5-9c49ebd96906,1607899197688:6c69fcae-cf6c-4005-8c55-a36caa1253b9,"size == ""1""","isEmpty == ""True""","peek_obj_type == ""class java.lang.String""","push == ""False""","pop == ""False""","clear == ""True""","calledMethod == ""clear""","size_p == ""1""",Yes
661,1607899197688:0787ba11-1d00-4303-adb5-9c49ebd96906,1607899197688:6c69fcae-cf6c-4005-8c55-a36caa1253b9,"size == ""1""","isEmpty == ""True""","peek_obj_type == ""class java.lang.String""","push == ""False""","pop == ""False""","clear == ""True""","calledMethod == ""clear""","size_p == ""1""",Yes
662,1607899197688:0787ba11-1d00-4303-adb5-9c49ebd96906,1607899197688:6c69fcae-cf6c-4005-8c55-a36caa1253b9,"size == ""1""","isEmpty == ""True""","peek_obj_type == ""class java.lang.String""","push == ""False""","pop == ""False""","clear == ""True""","calledMethod == ""clear""","size_p == ""1""",Yes
664,1607899197687:caac6e29-e898-4ba5-9808-78ff966755ed,1607899197687:a2d5c18c-e683-449c-8902-b137109cd793,"size == ""1""","isEmpty == ""True""","peek_obj_type == ""class java.lang.String""","push == ""True""","pop == ""False""","clear == ""False""","calledMethod == ""push""","size_p == ""0""",Yes
665,1607899197687:caac6e29-e898-4ba5-9808-78ff966755ed,1607899197687:a2d5c18c-e683-449c-8902-b137109cd793,"size == ""1""","isEmpty == ""True""","peek_obj_type == ""class java.lang.String""","push == ""False""","pop == ""True""","clear == ""False""","calledMethod == ""pop""","size_p == ""1""",Yes
667,1607899197687:b980cffe-7456-43f2-9c66-09d00a10c4d2,1607899197687:06f41689-e855-44f7-8a07-96d350044ec9,"size == ""1""","isEmpty == ""True""","peek_obj_type == ""class java.lang.String""","push == ""True""","pop == ""False""","clear == ""False""","calledMethod == ""push""","size_p == ""0""",Yes
668,1607899197687:b980cffe-7456-43f2-9c66-09d00a10c4d2,1607899197687:06f41689-e855-44f7-8a07-96d350044ec9,"size == ""1""","isEmpty == ""True""","peek_obj_type == ""class java.lang.String""","push == ""False""","pop == ""True""","clear == ""False""","calledMethod == ""pop""","size_p == ""1""",Yes
670,1607899197687:b3671edf-e908-455d-9cd6-cde4779714fc,1607899197687:1c6111a4-7d8d-4ef6-8eaf-9b0bd14d6d6f,"size == ""1""","isEmpty == ""True""","peek_obj_type == ""class java.lang.String""","push == ""True""","pop == ""False""","clear == ""False""","calledMethod == ""push""","size_p == ""0""",Yes
671,1607899197687:b3671edf-e908-455d-9cd6-cde4779714fc,1607899197687:1c6111a4-7d8d-4ef6-8eaf-9b0bd14d6d6f,"size == ""1""","isEmpty == ""True""","peek_obj_type == ""class java.lang.String""","push == ""False""","pop == ""True""","clear == ""False""","calledMethod == ""pop""","size_p == ""1""",Yes
673,1607899197687:ac581bc6-406f-45e3-aad0-ec5318485f95,1607899197687:bc2b36b5-195f-43cc-9339-df83c6d6071a,"size == ""1""","isEmpty == ""True""","peek_obj_type == ""class java.lang.String""","push == ""True""","pop == ""False""","clear == ""False""","calledMethod == ""push""","size_p == ""0""",Yes
674,1607899197687:ac581bc6-406f-45e3-aad0-ec5318485f95,1607899197687:bc2b36b5-195f-43cc-9339-df83c6d6071a,"size == ""1""","isEmpty == ""True""","peek_obj_type == ""class java.lang.String""","push == ""False""","pop == ""True""","clear == ""False""","calledMethod == ""pop""","size_p == ""1""",Yes
677,1607899197687:96125f30-ed73-404e-9bc5-98b1b133f174,1607899197687:efecdf66-a702-435c-bcd7-4e0e7b03d314,"size == ""1""","isEmpty == ""True""","peek_obj_type == ""class java.lang.String""","push == ""True""","pop == ""False""","clear == ""False""","calledMethod == ""push""","size_p == ""0""",Yes
678,1607899197687:96125f30-ed73-404e-9bc5-98b1b133f174,1607899197687:efecdf66-a702-435c-bcd7-4e0e7b03d314,"size == ""1""","isEmpty == ""True""","peek_obj_type == ""class java.lang.String""","push == ""False""","pop == ""True""","clear == ""False""","calledMethod == ""pop""","size_p == ""1""",Yes
681,1607899197687:6b7e41c0-708a-4010-9dc2-08835f151995,1607899197687:44818b06-0cd1-4037-8256-9c2ad810d6f6,"size == ""1""","isEmpty == ""True""","peek_obj_type == ""class java.lang.String""","push == ""True""","pop == ""False""","clear == ""False""","calledMethod == ""push""","size_p == ""0""",Yes
682,1607899197687:6b7e41c0-708a-4010-9dc2-08835f151995,1607899197687:44818b06-0cd1-4037-8256-9c2ad810d6f6,"size == ""1""","isEmpty == ""True""","peek_obj_type == ""class java.lang.String""","push == ""False""","pop == ""True""","clear == ""False""","calledMethod == ""pop""","size_p == ""1""",Yes
684,1607899197687:6b7e41c0-708a-4010-9dc2-08835f151995,1607899197687:1d453984-0f28-4e8d-973a-29081f56475e,"size == ""1""","isEmpty == ""True""","peek_obj_type == ""class java.lang.String""","push == ""True""","pop == ""False""","clear == ""False""","calledMethod == ""push""","size_p == ""0""",Yes
686,1607899197687:55b77453-b1ef-4e22-92b9-2b910e56089e,1607899197687:12afbab4-c0b3-4561-8656-689b584a0b92,"size == ""1""","isEmpty == ""True""","peek_obj_type == ""class java.lang.String""","push == ""True""","pop == ""False""","clear == ""False""","calledMethod == ""push""","size_p == ""0""",Yes
687,1607899197687:55b77453-b1ef-4e22-92b9-2b910e56089e,1607899197687:12afbab4-c0b3-4561-8656-689b584a0b92,"size == ""1""","isEmpty == ""True""","peek_obj_type == ""class java.lang.String""","push == ""False""","pop == ""True""","clear == ""False""","calledMethod == ""pop""","size_p == ""1""",Yes
690,1607899197687:29b280ae-c051-4b34-83b3-86296a4b6222,1607899197687:6c39d46f-e2d1-4aed-813f-ac28991b1586,"size == ""1""","isEmpty == ""True""","peek_obj_type == ""class java.lang.String""","push == ""True""","pop == ""False""","clear == ""False""","calledMethod == ""push""","size_p == ""0""",Yes
691,1607899197687:29b280ae-c051-4b34-83b3-86296a4b6222,1607899197687:6c39d46f-e2d1-4aed-813f-ac28991b1586,"size == ""1""","isEmpty == ""True""","peek_obj_type == ""class java.lang.String""","push == ""False""","pop == ""True""","clear == ""False""","calledMethod == ""pop""","size_p == ""1""",Yes
693,1607899197687:03017cf7-1581-411b-9db9-fba97cd8244b,1607899197688:e99672f7-6ce9-4c56-839e-5fa283728fbd,"size == ""1""","isEmpty == ""True""","peek_obj_type == ""class java.lang.String""","push == ""True""","pop == ""False""","clear == ""False""","calledMethod == ""push""","size_p == ""0""",Yes
694,1607899197687:03017cf7-1581-411b-9db9-fba97cd8244b,1607899197688:e99672f7-6ce9-4c56-839e-5fa283728fbd,"size == ""1""","isEmpty == ""True""","peek_obj_type == ""class java.lang.String""","push == ""False""","pop == ""True""","clear == ""False""","calledMethod == ""pop""","size_p == ""1""",Yes
697,1607899197687:03017cf7-1581-411b-9db9-fba97cd8244b,1607899197687:bf0fc0a3-e299-4820-805b-ac080e76ecf9,"size == ""1""","isEmpty == ""True""","peek_obj_type == ""class java.lang.String""","push == ""True""","pop == ""False""","clear == ""False""","calledMethod == ""push""","size_p == ""0""",Yes
698,1607899197687:03017cf7-1581-411b-9db9-fba97cd8244b,1607899197687:bf0fc0a3-e299-4820-805b-ac080e76ecf9,"size == ""1""","isEmpty == ""True""","peek_obj_type == ""class java.lang.String""","push == ""False""","pop == ""False""","clear == ""True""","calledMethod == ""clear""","size_p == ""1""",Yes
700,1607899197686:ef2598ab-590a-4abe-bd41-941800773bd0,1607899197686:cd814eb2-ad7a-47e9-830f-739095fa9327,"size == ""1""","isEmpty == ""True""","peek_obj_type == ""class java.lang.String""","push == ""True""","pop == ""False""","clear == ""False""","calledMethod == ""push""","size_p == ""0""",Yes
701,1607899197686:ef2598ab-590a-4abe-bd41-941800773bd0,1607899197686:cd814eb2-ad7a-47e9-830f-739095fa9327,"size == ""1""","isEmpty == ""True""","peek_obj_type == ""class java.lang.String""","push == ""False""","pop == ""True""","clear == ""False""","calledMethod == ""pop""","size_p == ""1""",Yes
704,1607899197686:ef2598ab-590a-4abe-bd41-941800773bd0,1607899197686:0a4ca4e4-01a8-430f-bd74-f6f4395550a5,"size == ""1""","isEmpty == ""True""","peek_obj_type == ""class java.lang.String""","push == ""True""","pop == ""False""","clear == ""False""","calledMethod == ""push""","size_p == ""0""",Yes
705,1607899197686:ef2598ab-590a-4abe-bd41-941800773bd0,1607899197686:0a4ca4e4-01a8-430f-bd74-f6f4395550a5,"size == ""1""","isEmpty == ""True""","peek_obj_type == ""class java.lang.String""","push == ""False""","pop == ""False""","clear == ""True""","calledMethod == ""clear""","size_p == ""1""",Yes
706,1607899197686:ef2598ab-590a-4abe-bd41-941800773bd0,1607899197686:0a4ca4e4-01a8-430f-bd74-f6f4395550a5,"size == ""1""","isEmpty == ""True""","peek_obj_type == ""class java.lang.String""","push == ""False""","pop == ""False""","clear == ""True""","calledMethod == ""clear""","size_p == ""1""",Yes
707,1607899197686:ef2598ab-590a-4abe-bd41-941800773bd0,1607899197686:0a4ca4e4-01a8-430f-bd74-f6f4395550a5,"size == ""1""","isEmpty == ""True""","peek_obj_type == ""class java.lang.String""","push == ""False""","pop == ""False""","clear == ""True""","calledMethod == ""clear""","size_p == ""1""",Yes
709,1607899197686:94bf1a6a-3885-4824-8388-13ae3f4d9601,1607899197686:c1fd648d-ec24-4f9a-bdd8-9eff2799bdf4,"size == ""1""","isEmpty == ""True""","peek_obj_type == ""class java.lang.String""","push == ""True""","pop == ""False""","clear == ""False""","calledMethod == ""push""","size_p == ""0""",Yes
710,1607899197686:94bf1a6a-3885-4824-8388-13ae3f4d9601,1607899197686:c1fd648d-ec24-4f9a-bdd8-9eff2799bdf4,"size == ""1""","isEmpty == ""True""","peek_obj_type == ""class java.lang.String""","push == ""False""","pop == ""True""","clear == ""False""","calledMethod == ""pop""","size_p == ""1""",Yes
712,1607899197686:8609d6f4-4690-4385-834e-055644a813a0,1607899197686:c2efd2c9-09e2-49db-9fdc-c38fcd85a632,"size == ""1""","isEmpty == ""True""","peek_obj_type == ""class java.lang.String""","push == ""True""","pop == ""False""","clear == ""False""","calledMethod == ""push""","size_p == ""0""",Yes
713,1607899197686:8609d6f4-4690-4385-834e-055644a813a0,1607899197686:c2efd2c9-09e2-49db-9fdc-c38fcd85a632,"size == ""1""","isEmpty == ""True""","peek_obj_type == ""class java.lang.String""","push == ""False""","pop == ""True""","clear == ""False""","calledMethod == ""pop""","size_p == ""1""",Yes
715,1607899197686:465b262c-4d31-4e20-ad40-06e07f49f1af,1607899197686:789cd006-b9ae-478b-ba11-ee7a04789e87,"size == ""1""","isEmpty == ""True""","peek_obj_type == ""class java.lang.String""","push == ""True""","pop == ""False""","clear == ""False""","calledMethod == ""push""","size_p == ""0""",Yes
716,1607899197686:465b262c-4d31-4e20-ad40-06e07f49f1af,1607899197686:789cd006-b9ae-478b-ba11-ee7a04789e87,"size == ""1""","isEmpty == ""True""","peek_obj_type == ""class java.lang.String""","push == ""False""","pop == ""True""","clear == ""False""","calledMethod == ""pop""","size_p == ""1""",Yes
718,1607899197686:465b262c-4d31-4e20-ad40-06e07f49f1af,1607899197686:2c8b89a7-5098-410d-ad74-e69e1b21a163,"size == ""1""","isEmpty == ""True""","peek_obj_type == ""class java.lang.String""","push == ""True""","pop == ""False""","clear == ""False""","calledMethod == ""push""","size_p == ""0""",Yes
719,1607899197686:465b262c-4d31-4e20-ad40-06e07f49f1af,1607899197686:2c8b89a7-5098-410d-ad74-e69e1b21a163,"size == ""2""","isEmpty == ""True""","peek_obj_type == ""class java.lang.String""","push == ""True""","pop == ""False""","clear == ""False""","calledMethod == ""push""","size_p == ""1""",Yes
721,1607899197686:0ce7a105-19bd-4233-a249-f44f2eb4391f,1607899197686:edbb3346-2b84-4878-b163-a1c85f09954a,"size == ""1""","isEmpty == ""True""","peek_obj_type == ""class java.lang.String""","push == ""True""","pop == ""False""","clear == ""False""","calledMethod == ""push""","size_p == ""0""",Yes
722,1607899197686:0ce7a105-19bd-4233-a249-f44f2eb4391f,1607899197686:edbb3346-2b84-4878-b163-a1c85f09954a,"size == ""1""","isEmpty == ""True""","peek_obj_type == ""class java.lang.String""","push == ""False""","pop == ""True""","clear == ""False""","calledMethod == ""pop""","size_p == ""1""",Yes
724,1607899197686:08a1eb39-7110-4840-9599-e666d0deba07,1607899197686:bdec367d-205d-4c9b-8169-1caedced3264,"size == ""1""","isEmpty == ""True""","peek_obj_type == ""class java.lang.String""","push == ""True""","pop == ""False""","clear == ""False""","calledMethod == ""push""","size_p == ""0""",Yes
725,1607899197686:08a1eb39-7110-4840-9599-e666d0deba07,1607899197686:bdec367d-205d-4c9b-8169-1caedced3264,"size == ""2""","isEmpty == ""True""","peek_obj_type == ""class java.lang.String""","push == ""True""","pop == ""False""","clear == ""False""","calledMethod == ""push""","size_p == ""1""",Yes
727,1607899197686:08a1eb39-7110-4840-9599-e666d0deba07,1607899197686:698ecbbb-785d-420f-8045-5c16effca6c6,"size == ""1""","isEmpty == ""True""","peek_obj_type == ""class java.lang.String""","push == ""True""","pop == ""False""","clear == ""False""","calledMethod == ""push""","size_p == ""0""",Yes
728,1607899197686:08a1eb39-7110-4840-9599-e666d0deba07,1607899197686:698ecbbb-785d-420f-8045-5c16effca6c6,"size == ""1""","isEmpty == ""True""","peek_obj_type == ""class java.lang.String""","push == ""False""","pop == ""True""","clear == ""False""","calledMethod == ""pop""","size_p == ""1""",Yes
730,1607899197685:ef126823-cffe-483f-a250-55a2dc12c8b9,1607899197685:eb983c77-804a-4a8a-ba3d-c2e3c3f1015b,"size == ""1""","isEmpty == ""True""","peek_obj_type == ""class java.lang.String""","push == ""True""","pop == ""False""","clear == ""False""","calledMethod == ""push""","size_p == ""0""",Yes
731,1607899197685:ef126823-cffe-483f-a250-55a2dc12c8b9,1607899197685:eb983c77-804a-4a8a-ba3d-c2e3c3f1015b,"size == ""1""","isEmpty == ""True""","peek_obj_type == ""class java.lang.String""","push == ""False""","pop == ""True""","clear == ""False""","calledMethod == ""pop""","size_p == ""1""",Yes
734,1607899197685:ef126823-cffe-483f-a250-55a2dc12c8b9,1607899197685:5942fa2a-97e2-49b6-9b31-bf867d129b21,"size == ""1""","isEmpty == ""True""","peek_obj_type == ""class java.lang.String""","push == ""True""","pop == ""False""","clear == ""False""","calledMethod == ""push""","size_p == ""0""",Yes
735,1607899197685:ef126823-cffe-483f-a250-55a2dc12c8b9,1607899197685:5942fa2a-97e2-49b6-9b31-bf867d129b21,"size == ""1""","isEmpty == ""True""","peek_obj_type == ""class java.lang.String""","push == ""False""","pop == ""False""","clear == ""True""","calledMethod == ""clear""","size_p == ""1""",Yes
736,1607899197685:ef126823-cffe-483f-a250-55a2dc12c8b9,1607899197685:5942fa2a-97e2-49b6-9b31-bf867d129b21,"size == ""1""","isEmpty == ""True""","peek_obj_type == ""class java.lang.String""","push == ""False""","pop == ""False""","clear == ""True""","calledMethod == ""clear""","size_p == ""1""",Yes
737,1607899197685:ef126823-cffe-483f-a250-55a2dc12c8b9,1607899197685:5942fa2a-97e2-49b6-9b31-bf867d129b21,"size == ""1""","isEmpty == ""True""","peek_obj_type == ""class java.lang.String""","push == ""False""","pop == ""False""","clear == ""True""","calledMethod == ""clear""","size_p == ""1""",Yes
739,1607899197685:cd9db35b-2029-480c-994b-f2bd1e1f69a0,1607899197685:f86ba586-cceb-426e-b6c2-0204de9ec8b9,"size == ""1""","isEmpty == ""True""","peek_obj_type == ""class java.lang.String""","push == ""True""","pop == ""False""","clear == ""False""","calledMethod == ""push""","size_p == ""0""",Yes
740,1607899197685:cd9db35b-2029-480c-994b-f2bd1e1f69a0,1607899197685:f86ba586-cceb-426e-b6c2-0204de9ec8b9,"size == ""2""","isEmpty == ""True""","peek_obj_type == ""class java.lang.String""","push == ""True""","pop == ""False""","clear == ""False""","calledMethod == ""push""","size_p == ""1""",Yes
741,1607899197685:cd9db35b-2029-480c-994b-f2bd1e1f69a0,1607899197685:f86ba586-cceb-426e-b6c2-0204de9ec8b9,"size == ""3""","isEmpty == ""True""","peek_obj_type == ""class java.lang.String""","push == ""True""","pop == ""False""","clear == ""False""","calledMethod == ""push""","size_p == ""2""",Yes
744,1607899197685:cd9db35b-2029-480c-994b-f2bd1e1f69a0,1607899197685:def9a3d9-4e5f-4213-8a73-fca607d5a092,"size == ""1""","isEmpty == ""True""","peek_obj_type == ""class java.lang.String""","push == ""True""","pop == ""False""","clear == ""False""","calledMethod == ""push""","size_p == ""0""",Yes
745,1607899197685:cd9db35b-2029-480c-994b-f2bd1e1f69a0,1607899197685:def9a3d9-4e5f-4213-8a73-fca607d5a092,"size == ""1""","isEmpty == ""True""","peek_obj_type == ""class java.lang.String""","push == ""False""","pop == ""True""","clear == ""False""","calledMethod == ""pop""","size_p == ""1""",Yes
747,1607899197685:8fe3acd9-d5f9-4183-971a-e71017815cf5,1607899197686:93a6e42a-df4c-4948-8d4f-5c28aeed5669,"size == ""1""","isEmpty == ""True""","peek_obj_type == ""class java.lang.String""","push == ""True""","pop == ""False""","clear == ""False""","calledMethod == ""push""","size_p == ""0""",Yes
748,1607899197685:8fe3acd9-d5f9-4183-971a-e71017815cf5,1607899197686:93a6e42a-df4c-4948-8d4f-5c28aeed5669,"size == ""1""","isEmpty == ""True""","peek_obj_type == ""class java.lang.String""","push == ""False""","pop == ""True""","clear == ""False""","calledMethod == ""pop""","size_p == ""1""",Yes
751,1607899197685:8fe3acd9-d5f9-4183-971a-e71017815cf5,1607899197685:8fafa1a3-4ae6-4502-8e81-7a24e2ecd5ab,"size == ""1""","isEmpty == ""True""","peek_obj_type == ""class java.lang.String""","push == ""True""","pop == ""False""","clear == ""False""","calledMethod == ""push""","size_p == ""0""",Yes
752,1607899197685:8fe3acd9-d5f9-4183-971a-e71017815cf5,1607899197685:8fafa1a3-4ae6-4502-8e81-7a24e2ecd5ab,"size == ""1""","isEmpty == ""True""","peek_obj_type == ""class java.lang.String""","push == ""False""","pop == ""False""","clear == ""True""","calledMethod == ""clear""","size_p == ""1""",Yes
753,1607899197685:8fe3acd9-d5f9-4183-971a-e71017815cf5,1607899197685:8fafa1a3-4ae6-4502-8e81-7a24e2ecd5ab,"size == ""1""","isEmpty == ""True""","peek_obj_type == ""class java.lang.String""","push == ""False""","pop == ""False""","clear == ""True""","calledMethod == ""clear""","size_p == ""1""",Yes
754,1607899197685:8fe3acd9-d5f9-4183-971a-e71017815cf5,1607899197685:8fafa1a3-4ae6-4502-8e81-7a24e2ecd5ab,"size == ""1""","isEmpty == ""True""","peek_obj_type == ""class java.lang.String""","push == ""False""","pop == ""False""","clear == ""True""","calledMethod == ""clear""","size_p == ""1""",Yes
757,1607899197685:2ed87a34-750a-469a-80a7-a4149f5fbf0a,1607899197685:e6d1b805-2792-4a59-ab8b-8cc50127a30f,"size == ""1""","isEmpty == ""True""","peek_obj_type == ""class java.lang.String""","push == ""True""","pop == ""False""","clear == ""False""","calledMethod == ""push""","size_p == ""0""",Yes
758,1607899197685:2ed87a34-750a-469a-80a7-a4149f5fbf0a,1607899197685:e6d1b805-2792-4a59-ab8b-8cc50127a30f,"size == ""1""","isEmpty == ""True""","peek_obj_type == ""class java.lang.String""","push == ""False""","pop == ""False""","clear == ""True""","calledMethod == ""clear""","size_p == ""1""",Yes
759,1607899197685:2ed87a34-750a-469a-80a7-a4149f5fbf0a,1607899197685:e6d1b805-2792-4a59-ab8b-8cc50127a30f,"size == ""1""","isEmpty == ""True""","peek_obj_type == ""class java.lang.String""","push == ""False""","pop == ""False""","clear == ""True""","calledMethod == ""clear""","size_p == ""1""",Yes
760,1607899197685:2ed87a34-750a-469a-80a7-a4149f5fbf0a,1607899197685:e6d1b805-2792-4a59-ab8b-8cc50127a30f,"size == ""1""","isEmpty == ""True""","peek_obj_type == ""class java.lang.String""","push == ""False""","pop == ""False""","clear == ""True""","calledMethod == ""clear""","size_p == ""1""",Yes
762,1607899197685:2ed87a34-750a-469a-80a7-a4149f5fbf0a,1607899197685:82df424f-fdec-456d-8cae-98a9d078d00e,"size == ""1""","isEmpty == ""True""","peek_obj_type == ""class java.lang.String""","push == ""True""","pop == ""False""","clear == ""False""","calledMethod == ""push""","size_p == ""0""",Yes
763,1607899197685:2ed87a34-750a-469a-80a7-a4149f5fbf0a,1607899197685:82df424f-fdec-456d-8cae-98a9d078d00e,"size == ""1""","isEmpty == ""True""","peek_obj_type == ""class java.lang.String""","push == ""False""","pop == ""True""","clear == ""False""","calledMethod == ""pop""","size_p == ""1""",Yes
765,1607899197685:05fa41ce-0f7a-41f8-9bda-77e82ab7db8c,1607899197685:d2bf50ed-b51a-4806-a079-250b600de3b5,"size == ""1""","isEmpty == ""True""","peek_obj_type == ""class java.lang.String""","push == ""True""","pop == ""False""","clear == ""False""","calledMethod == ""push""","size_p == ""0""",Yes
766,1607899197685:05fa41ce-0f7a-41f8-9bda-77e82ab7db8c,1607899197685:d2bf50ed-b51a-4806-a079-250b600de3b5,"size == ""1""","isEmpty == ""True""","peek_obj_type == ""class java.lang.String""","push == ""False""","pop == ""True""","clear == ""False""","calledMethod == ""pop""","size_p == ""1""",Yes
768,1607899197685:05fa41ce-0f7a-41f8-9bda-77e82ab7db8c,1607899197685:5605bb5d-3ef0-4b87-8a50-ba56df6fb71f,"size == ""1""","isEmpty == ""True""","peek_obj_type == ""class java.lang.String""","push == ""True""","pop == ""False""","clear == ""False""","calledMethod == ""push""","size_p == ""0""",Yes
770,1607899197684:ede1fb00-a7f5-411d-836e-7b11dc4e3125,1607899197684:6dbc6ae9-74f4-46e4-ab9f-fce27993691a,"size == ""1""","isEmpty == ""True""","peek_obj_type == ""class java.lang.String""","push == ""True""","pop == ""False""","clear == ""False""","calledMethod == ""push""","size_p == ""0""",Yes
771,1607899197684:ede1fb00-a7f5-411d-836e-7b11dc4e3125,1607899197684:6dbc6ae9-74f4-46e4-ab9f-fce27993691a,"size == ""1""","isEmpty == ""True""","peek_obj_type == ""class java.lang.String""","push == ""False""","pop == ""True""","clear == ""False""","calledMethod == ""pop""","size_p == ""1""",Yes
773,1607899197684:d5b014c9-fa6e-4597-8e7c-4366606dc2c8,1607899197685:7c405e86-ee47-4852-bf0f-ba680cc7278e,"size == ""1""","isEmpty == ""True""","peek_obj_type == ""class java.lang.String""","push == ""True""","pop == ""False""","clear == ""False""","calledMethod == ""push""","size_p == ""0""",Yes
774,1607899197684:d5b014c9-fa6e-4597-8e7c-4366606dc2c8,1607899197685:7c405e86-ee47-4852-bf0f-ba680cc7278e,"size == ""1""","isEmpty == ""True""","peek_obj_type == ""class java.lang.String""","push == ""False""","pop == ""True""","clear == ""False""","calledMethod == ""pop""","size_p == ""1""",Yes
777,1607899197684:d5b014c9-fa6e-4597-8e7c-4366606dc2c8,1607899197684:2f7a5c80-2a62-4033-9ab9-a4372b8c34e5,"size == ""1""","isEmpty == ""True""","peek_obj_type == ""class java.lang.String""","push == ""True""","pop == ""False""","clear == ""False""","calledMethod == ""push""","size_p == ""0""",Yes
778,1607899197684:d5b014c9-fa6e-4597-8e7c-4366606dc2c8,1607899197684:2f7a5c80-2a62-4033-9ab9-a4372b8c34e5,"size == ""1""","isEmpty == ""True""","peek_obj_type == ""class java.lang.String""","push == ""False""","pop == ""False""","clear == ""True""","calledMethod == ""clear""","size_p == ""1""",Yes
779,1607899197684:d5b014c9-fa6e-4597-8e7c-4366606dc2c8,1607899197684:2f7a5c80-2a62-4033-9ab9-a4372b8c34e5,"size == ""1""","isEmpty == ""True""","peek_obj_type == ""class java.lang.String""","push == ""False""","pop == ""False""","clear == ""True""","calledMethod == ""clear""","size_p == ""1""",Yes
780,1607899197684:d5b014c9-fa6e-4597-8e7c-4366606dc2c8,1607899197684:2f7a5c80-2a62-4033-9ab9-a4372b8c34e5,"size == ""1""","isEmpty == ""True""","peek_obj_type == ""class java.lang.String""","push == ""False""","pop == ""False""","clear == ""True""","calledMethod == ""clear""","size_p == ""1""",Yes
782,1607899197684:ba0b4f16-ff62-4501-9ed0-457408a97653,1607899197684:eb39f714-c830-48a2-84bb-1df78b0edabc,"size == ""1""","isEmpty == ""True""","peek_obj_type == ""class java.lang.String""","push == ""True""","pop == ""False""","clear == ""False""","calledMethod == ""push""","size_p == ""0""",Yes
783,1607899197684:ba0b4f16-ff62-4501-9ed0-457408a97653,1607899197684:eb39f714-c830-48a2-84bb-1df78b0edabc,"size == ""1""","isEmpty == ""True""","peek_obj_type == ""class java.lang.String""","push == ""False""","pop == ""True""","clear == ""False""","calledMethod == ""pop""","size_p == ""1""",Yes
785,1607899197684:b9e54cb1-95ab-4086-b9a7-e9015d222d8c,1607899197684:ac010832-a703-42c0-a82e-4c40e8e0694b,"size == ""1""","isEmpty == ""True""","peek_obj_type == ""class java.lang.String""","push == ""True""","pop == ""False""","clear == ""False""","calledMethod == ""push""","size_p == ""0""",Yes
786,1607899197684:b9e54cb1-95ab-4086-b9a7-e9015d222d8c,1607899197684:ac010832-a703-42c0-a82e-4c40e8e0694b,"size == ""1""","isEmpty == ""True""","peek_obj_type == ""class java.lang.String""","push == ""False""","pop == ""True""","clear == ""False""","calledMethod == ""pop""","size_p == ""1""",Yes
789,1607899197684:b9e54cb1-95ab-4086-b9a7-e9015d222d8c,1607899197684:7e0702e4-021c-45aa-8757-738a2e537080,"size == ""1""","isEmpty == ""True""","peek_obj_type == ""class java.lang.String""","push == ""True""","pop == ""False""","clear == ""False""","calledMethod == ""push""","size_p == ""0""",Yes
790,1607899197684:b9e54cb1-95ab-4086-b9a7-e9015d222d8c,1607899197684:7e0702e4-021c-45aa-8757-738a2e537080,"size == ""1""","isEmpty == ""True""","peek_obj_type == ""class java.lang.String""","push == ""False""","pop == ""False""","clear == ""True""","calledMethod == ""clear""","size_p == ""1""",Yes
791,1607899197684:b9e54cb1-95ab-4086-b9a7-e9015d222d8c,1607899197684:7e0702e4-021c-45aa-8757-738a2e537080,"size == ""1""","isEmpty == ""True""","peek_obj_type == ""class java.lang.String""","push == ""False""","pop == ""False""","clear == ""True""","calledMethod == ""clear""","size_p == ""1""",Yes
792,1607899197684:b9e54cb1-95ab-4086-b9a7-e9015d222d8c,1607899197684:7e0702e4-021c-45aa-8757-738a2e537080,"size == ""1""","isEmpty == ""True""","peek_obj_type == ""class java.lang.String""","push == ""False""","pop == ""False""","clear == ""True""","calledMethod == ""clear""","size_p == ""1""",Yes
794,1607899197684:546de065-43b9-4a95-968d-de01a9e5f2fd,1607899197684:c2579492-4041-4f83-bc4f-bd23788a2d7d,"size == ""1""","isEmpty == ""True""","peek_obj_type == ""class java.lang.String""","push == ""True""","pop == ""False""","clear == ""False""","calledMethod == ""push""","size_p == ""0""",Yes
795,1607899197684:546de065-43b9-4a95-968d-de01a9e5f2fd,1607899197684:c2579492-4041-4f83-bc4f-bd23788a2d7d,"size == ""1""","isEmpty == ""True""","peek_obj_type == ""class java.lang.String""","push == ""False""","pop == ""True""","clear == ""False""","calledMethod == ""pop""","size_p == ""1""",Yes
798,1607899197684:546de065-43b9-4a95-968d-de01a9e5f2fd,1607899197684:795d4ed5-1b11-4a40-a401-f79a57d06fa7,"size == ""1""","isEmpty == ""True""","peek_obj_type == ""class java.lang.String""","push == ""True""","pop == ""False""","clear == ""False""","calledMethod == ""push""","size_p == ""0""",Yes
799,1607899197684:546de065-43b9-4a95-968d-de01a9e5f2fd,1607899197684:795d4ed5-1b11-4a40-a401-f79a57d06fa7,"size == ""1""","isEmpty == ""True""","peek_obj_type == ""class java.lang.String""","push == ""False""","pop == ""False""","clear == ""True""","calledMethod == ""clear""","size_p == ""1""",Yes
800,1607899197684:546de065-43b9-4a95-968d-de01a9e5f2fd,1607899197684:795d4ed5-1b11-4a40-a401-f79a57d06fa7,"size == ""1""","isEmpty == ""True""","peek_obj_type == ""class java.lang.String""","push == ""False""","pop == ""False""","clear == ""True""","calledMethod == ""clear""","size_p == ""1""",Yes
801,1607899197684:546de065-43b9-4a95-968d-de01a9e5f2fd,1607899197684:795d4ed5-1b11-4a40-a401-f79a57d06fa7,"size == ""1""","isEmpty == ""True""","peek_obj_type == ""class java.lang.String""","push == ""False""","pop == ""False""","clear == ""True""","calledMethod == ""clear""","size_p == ""1""",Yes
803,1607899197684:41745800-68de-4765-b532-693e667e0408,1607899197684:f861d5fb-d218-4978-a68f-c6fa0fd40c78,"size == ""1""","isEmpty == ""True""","peek_obj_type == ""class java.lang.String""","push == ""True""","pop == ""False""","clear == ""False""","calledMethod == ""push""","size_p == ""0""",Yes
804,1607899197684:41745800-68de-4765-b532-693e667e0408,1607899197684:f861d5fb-d218-4978-a68f-c6fa0fd40c78,"size == ""1""","isEmpty == ""True""","peek_obj_type == ""class java.lang.String""","push == ""False""","pop == ""True""","clear == ""False""","calledMethod == ""pop""","size_p == ""1""",Yes
806,1607899197684:41745800-68de-4765-b532-693e667e0408,1607899197684:39981240-666c-4e74-ad48-2b471af60acd,"size == ""1""","isEmpty == ""True""","peek_obj_type == ""class java.lang.String""","push == ""True""","pop == ""False""","clear == ""False""","calledMethod == ""push""","size_p == ""0""",Yes
809,1607899197684:1c5f1e58-5e91-44c1-bfbd-9235f420f2e7,1607899197684:902e2653-c694-47a0-ada2-5701d1a423fa,"size == ""1""","isEmpty == ""True""","peek_obj_type == ""class java.lang.String""","push == ""True""","pop == ""False""","clear == ""False""","calledMethod == ""push""","size_p == ""0""",Yes
810,1607899197684:1c5f1e58-5e91-44c1-bfbd-9235f420f2e7,1607899197684:902e2653-c694-47a0-ada2-5701d1a423fa,"size == ""1""","isEmpty == ""True""","peek_obj_type == ""class java.lang.String""","push == ""False""","pop == ""False""","clear == ""True""","calledMethod == ""clear""","size_p == ""1""",Yes
811,1607899197684:1c5f1e58-5e91-44c1-bfbd-9235f420f2e7,1607899197684:902e2653-c694-47a0-ada2-5701d1a423fa,"size == ""1""","isEmpty == ""True""","peek_obj_type == ""class java.lang.String""","push == ""False""","pop == ""False""","clear == ""True""","calledMethod == ""clear""","size_p == ""1""",Yes
812,1607899197684:1c5f1e58-5e91-44c1-bfbd-9235f420f2e7,1607899197684:902e2653-c694-47a0-ada2-5701d1a423fa,"size == ""1""","isEmpty == ""True""","peek_obj_type == ""class java.lang.String""","push == ""False""","pop == ""False""","clear == ""True""","calledMethod == ""clear""","size_p == ""1""",Yes
814,1607899197684:1c5f1e58-5e91-44c1-bfbd-9235f420f2e7,1607899197684:6f112910-19c2-4a2d-9957-e997082bcac8,"size == ""1""","isEmpty == ""True""","peek_obj_type == ""class java.lang.String""","push == ""True""","pop == ""False""","clear == ""False""","calledMethod == ""push""","size_p == ""0""",Yes
815,1607899197684:1c5f1e58-5e91-44c1-bfbd-9235f420f2e7,1607899197684:6f112910-19c2-4a2d-9957-e997082bcac8,"size == ""1""","isEmpty == ""True""","peek_obj_type == ""class java.lang.String""","push == ""False""","pop == ""True""","clear == ""False""","calledMethod == ""pop""","size_p == ""1""",Yes
817,1607899197683:9adcbc9f-0c42-47e1-8ee1-c55337414896,1607899197683:23c55385-21a7-44a9-9415-914b2b3cc41d,"size == ""1""","isEmpty == ""True""","peek_obj_type == ""class java.lang.String""","push == ""True""","pop == ""False""","clear == ""False""","calledMethod == ""push""","size_p == ""0""",Yes
818,1607899197683:9adcbc9f-0c42-47e1-8ee1-c55337414896,1607899197683:23c55385-21a7-44a9-9415-914b2b3cc41d,"size == ""1""","isEmpty == ""True""","peek_obj_type == ""class java.lang.String""","push == ""False""","pop == ""True""","clear == ""False""","calledMethod == ""pop""","size_p == ""1""",Yes
820,1607899197683:7dd78bbe-dad4-4f0a-97f8-4ab09a49bafc,1607899197683:e97cfa50-ec4e-4d34-8650-dc111a6d63bc,"size == ""1""","isEmpty == ""True""","peek_obj_type == ""class java.lang.String""","push == ""True""","pop == ""False""","clear == ""False""","calledMethod == ""push""","size_p == ""0""",Yes
822,1607899197683:7dd78bbe-dad4-4f0a-97f8-4ab09a49bafc,1607899197683:40e2682f-90f2-43a6-a0b0-4b7d607d154f,"size == ""1""","isEmpty == ""True""","peek_obj_type == ""class java.lang.String""","push == ""True""","pop == ""False""","clear == ""False""","calledMethod == ""push""","size_p == ""0""",Yes
823,1607899197683:7dd78bbe-dad4-4f0a-97f8-4ab09a49bafc,1607899197683:40e2682f-90f2-43a6-a0b0-4b7d607d154f,"size == ""1""","isEmpty == ""True""","peek_obj_type == ""class java.lang.String""","push == ""False""","pop == ""True""","clear == ""False""","calledMethod == ""pop""","size_p == ""1""",Yes
825,1607899197683:7c3d680e-7038-46f8-93f7-455f4ae6e1ae,1607899197683:d577547e-ff9b-4ee4-b579-4408bb983854,"size == ""1""","isEmpty == ""True""","peek_obj_type == ""class java.lang.String""","push == ""True""","pop == ""False""","clear == ""False""","calledMethod == ""push""","size_p == ""0""",Yes
826,1607899197683:7c3d680e-7038-46f8-93f7-455f4ae6e1ae,1607899197683:d577547e-ff9b-4ee4-b579-4408bb983854,"size == ""1""","isEmpty == ""True""","peek_obj_type == ""class java.lang.String""","push == ""False""","pop == ""True""","clear == ""False""","calledMethod == ""pop""","size_p == ""1""",Yes
829,1607899197683:7c3d680e-7038-46f8-93f7-455f4ae6e1ae,1607899197683:01ab6c19-7f36-4e98-86a6-9550d5a1b104,"size == ""1""","isEmpty == ""True""","peek_obj_type == ""class java.lang.String""","push == ""True""","pop == ""False""","clear == ""False""","calledMethod == ""push""","size_p == ""0""",Yes
830,1607899197683:7c3d680e-7038-46f8-93f7-455f4ae6e1ae,1607899197683:01ab6c19-7f36-4e98-86a6-9550d5a1b104,"size == ""1""","isEmpty == ""True""","peek_obj_type == ""class java.lang.String""","push == ""False""","pop == ""False""","clear == ""True""","calledMethod == ""clear""","size_p == ""1""",Yes
831,1607899197683:7c3d680e-7038-46f8-93f7-455f4ae6e1ae,1607899197683:01ab6c19-7f36-4e98-86a6-9550d5a1b104,"size == ""1""","isEmpty == ""True""","peek_obj_type == ""class java.lang.String""","push == ""False""","pop == ""False""","clear == ""True""","calledMethod == ""clear""","size_p == ""1""",Yes
832,1607899197683:7c3d680e-7038-46f8-93f7-455f4ae6e1ae,1607899197683:01ab6c19-7f36-4e98-86a6-9550d5a1b104,"size == ""1""","isEmpty == ""True""","peek_obj_type == ""class java.lang.String""","push == ""False""","pop == ""False""","clear == ""True""","calledMethod == ""clear""","size_p == ""1""",Yes
834,1607899197683:4a9cb969-5f49-42a4-960f-c98ba6e6dced,1607899197683:d7dd48e1-0b83-441b-8dd7-db067f6dd33a,"size == ""1""","isEmpty == ""True""","peek_obj_type == ""class java.lang.String""","push == ""True""","pop == ""False""","clear == ""False""","calledMethod == ""push""","size_p == ""0""",Yes
835,1607899197683:4a9cb969-5f49-42a4-960f-c98ba6e6dced,1607899197683:d7dd48e1-0b83-441b-8dd7-db067f6dd33a,"size == ""1""","isEmpty == ""True""","peek_obj_type == ""class java.lang.String""","push == ""False""","pop == ""True""","clear == ""False""","calledMethod == ""pop""","size_p == ""1""",Yes
838,1607899197683:4a9cb969-5f49-42a4-960f-c98ba6e6dced,1607899197683:94029edb-e17d-452b-9bb1-4cc02d1b6da1,"size == ""1""","isEmpty == ""True""","peek_obj_type == ""class java.lang.String""","push == ""True""","pop == ""False""","clear == ""False""","calledMethod == ""push""","size_p == ""0""",Yes
840,1607899197682:6dd5ae45-c4c6-4975-a2b5-cd35ec872a5c,1607899197682:dba79486-3f40-4c27-86bd-295494bf676a,"size == ""1""","isEmpty == ""True""","peek_obj_type == ""class java.lang.String""","push == ""True""","pop == ""False""","clear == ""False""","calledMethod == ""push""","size_p == ""0""",Yes
841,1607899197682:6dd5ae45-c4c6-4975-a2b5-cd35ec872a5c,1607899197682:dba79486-3f40-4c27-86bd-295494bf676a,"size == ""1""","isEmpty == ""True""","peek_obj_type == ""class java.lang.String""","push == ""False""","pop == ""True""","clear == ""False""","calledMethod == ""pop""","size_p == ""1""",Yes
843,1607899197682:6dd5ae45-c4c6-4975-a2b5-cd35ec872a5c,1607899197682:1e796dfa-e230-41ab-8a90-c127795ae70a,"size == ""1""","isEmpty == ""True""","peek_obj_type == ""class java.lang.String""","push == ""True""","pop == ""False""","clear == ""False""","calledMethod == ""push""","size_p == ""0""",Yes
844,1607899197682:6dd5ae45-c4c6-4975-a2b5-cd35ec872a5c,1607899197682:1e796dfa-e230-41ab-8a90-c127795ae70a,"size == ""2""","isEmpty == ""True""","peek_obj_type == ""class java.lang.String""","push == ""True""","pop == ""False""","clear == ""False""","calledMethod == ""push""","size_p == ""1""",Yes
845,1607899197682:6dd5ae45-c4c6-4975-a2b5-cd35ec872a5c,1607899197682:1e796dfa-e230-41ab-8a90-c127795ae70a,"size == ""3""","isEmpty == ""True""","peek_obj_type == ""class java.lang.String""","push == ""True""","pop == ""False""","clear == ""False""","calledMethod == ""push""","size_p == ""2""",Yes
846,1607899197682:6dd5ae45-c4c6-4975-a2b5-cd35ec872a5c,1607899197682:1e796dfa-e230-41ab-8a90-c127795ae70a,"size == ""3""","isEmpty == ""True""","peek_obj_type == ""class java.lang.String""","push == ""False""","pop == ""False""","clear == ""True""","calledMethod == ""clear""","size_p == ""3""",Yes
848,1607899197682:6dd5ae45-c4c6-4975-a2b5-cd35ec872a5c,1607899197682:11fc0b80-60c9-4982-bd42-fcbea5b226dc,"size == ""1""","isEmpty == ""True""","peek_obj_type == ""class java.lang.String""","push == ""True""","pop == ""False""","clear == ""False""","calledMethod == ""push""","size_p == ""0""",Yes
850,1607899197682:1a4195ea-c28e-4285-bfba-35ab95c62df7,1607899197682:f0756943-b46a-4280-8f3b-593b98cf2c19,"size == ""1""","isEmpty == ""True""","peek_obj_type == ""class java.lang.String""","push == ""True""","pop == ""False""","clear == ""False""","calledMethod == ""push""","size_p == ""0""",Yes
853,1607899197682:1a4195ea-c28e-4285-bfba-35ab95c62df7,1607899197682:2ae10b1c-d378-483f-a038-6f725d8d2949,"size == ""1""","isEmpty == ""True""","peek_obj_type == ""class java.lang.String""","push == ""True""","pop == ""False""","clear == ""False""","calledMethod == ""push""","size_p == ""0""",Yes
854,1607899197682:1a4195ea-c28e-4285-bfba-35ab95c62df7,1607899197682:2ae10b1c-d378-483f-a038-6f725d8d2949,"size == ""1""","isEmpty == ""True""","peek_obj_type == ""class java.lang.String""","push == ""False""","pop == ""True""","clear == ""False""","calledMethod == ""pop""","size_p == ""1""",Yes
856,1607899197682:090ad272-52a9-4758-8c81-4cfaf15d8b75,1607899197682:b787d212-411b-4414-b1d2-3ee067263516,"size == ""1""","isEmpty == ""True""","peek_obj_type == ""class java.lang.String""","push == ""True""","pop == ""False""","clear == ""False""","calledMethod == ""push""","size_p == ""0""",Yes
857,1607899197682:090ad272-52a9-4758-8c81-4cfaf15d8b75,1607899197682:b787d212-411b-4414-b1d2-3ee067263516,"size == ""1""","isEmpty == ""True""","peek_obj_type == ""class java.lang.String""","push == ""False""","pop == ""True""","clear == ""False""","calledMethod == ""pop""","size_p == ""1""",Yes
860,1607899197681:f46f97d2-3b4d-4e1d-bd95-ded1289d6acc,1607899197682:1a229d4c-5e6f-4fc5-b5a2-9056e58e46f0,"size == ""1""","isEmpty == ""True""","peek_obj_type == ""class java.lang.String""","push == ""True""","pop == ""False""","clear == ""False""","calledMethod == ""push""","size_p == ""0""",Yes
861,1607899197681:f46f97d2-3b4d-4e1d-bd95-ded1289d6acc,1607899197682:1a229d4c-5e6f-4fc5-b5a2-9056e58e46f0,"size == ""1""","isEmpty == ""True""","peek_obj_type == ""class java.lang.String""","push == ""False""","pop == ""True""","clear == ""False""","calledMethod == ""pop""","size_p == ""1""",Yes
863,1607899197681:f46f97d2-3b4d-4e1d-bd95-ded1289d6acc,1607899197681:8917a932-b0b3-4204-8afa-beb0a814e20b,"size == ""1""","isEmpty == ""True""","peek_obj_type == ""class java.lang.String""","push == ""True""","pop == ""False""","clear == ""False""","calledMethod == ""push""","size_p == ""0""",Yes
864,1607899197681:f46f97d2-3b4d-4e1d-bd95-ded1289d6acc,1607899197681:8917a932-b0b3-4204-8afa-beb0a814e20b,"size == ""2""","isEmpty == ""True""","peek_obj_type == ""class java.lang.String""","push == ""True""","pop == ""False""","clear == ""False""","calledMethod == ""push""","size_p == ""1""",Yes
865,1607899197681:f46f97d2-3b4d-4e1d-bd95-ded1289d6acc,1607899197681:8917a932-b0b3-4204-8afa-beb0a814e20b,"size == ""3""","isEmpty == ""True""","peek_obj_type == ""class java.lang.String""","push == ""True""","pop == ""False""","clear == ""False""","calledMethod == ""push""","size_p == ""2""",Yes
867,1607899197681:e4fa1baa-10dd-4b94-87a9-3926e6334c7a,1607899197681:ffe5e1c6-23d6-4f80-94a3-4474cd6dec5e,"size == ""1""","isEmpty == ""True""","peek_obj_type == ""class java.lang.String""","push == ""True""","pop == ""False""","clear == ""False""","calledMethod == ""push""","size_p == ""0""",Yes
868,1607899197681:e4fa1baa-10dd-4b94-87a9-3926e6334c7a,1607899197681:ffe5e1c6-23d6-4f80-94a3-4474cd6dec5e,"size == ""1""","isEmpty == ""True""","peek_obj_type == ""class java.lang.String""","push == ""False""","pop == ""True""","clear == ""False""","calledMethod == ""pop""","size_p == ""1""",Yes
870,1607899197681:e3c9520b-50df-44c5-92c0-510f140f081d,1607899197681:ba22b72c-0dde-40cb-b334-b88abd22a4ad,"size == ""1""","isEmpty == ""True""","peek_obj_type == ""class java.lang.String""","push == ""True""","pop == ""False""","clear == ""False""","calledMethod == ""push""","size_p == ""0""",Yes
871,1607899197681:e3c9520b-50df-44c5-92c0-510f140f081d,1607899197681:ba22b72c-0dde-40cb-b334-b88abd22a4ad,"size == ""1""","isEmpty == ""True""","peek_obj_type == ""class java.lang.String""","push == ""False""","pop == ""True""","clear == ""False""","calledMethod == ""pop""","size_p == ""1""",Yes
873,1607899197681:e3c9520b-50df-44c5-92c0-510f140f081d,1607899197681:1a7955c6-54ce-40c8-b164-29bc061ad137,"size == ""1""","isEmpty == ""True""","peek_obj_type == ""class java.lang.String""","push == ""True""","pop == ""False""","clear == ""False""","calledMethod == ""push""","size_p == ""0""",Yes
874,1607899197681:e3c9520b-50df-44c5-92c0-510f140f081d,1607899197681:1a7955c6-54ce-40c8-b164-29bc061ad137,"size == ""2""","isEmpty == ""True""","peek_obj_type == ""class java.lang.String""","push == ""True""","pop == ""False""","clear == ""False""","calledMethod == ""push""","size_p == ""1""",Yes
876,1607899197681:8e62a2dc-ccf9-4ac4-8e64-b531f9d84a73,1607899197681:dc542c76-e0d1-411c-934b-b032661dc89f,"size == ""1""","isEmpty == ""True""","peek_obj_type == ""class java.lang.String""","push == ""True""","pop == ""False""","clear == ""False""","calledMethod == ""push""","size_p == ""0""",Yes
877,1607899197681:8e62a2dc-ccf9-4ac4-8e64-b531f9d84a73,1607899197681:dc542c76-e0d1-411c-934b-b032661dc89f,"size == ""1""","isEmpty == ""True""","peek_obj_type == ""class java.lang.String""","push == ""False""","pop == ""True""","clear == ""False""","calledMethod == ""pop""","size_p == ""1""",Yes
879,1607899197681:038c8513-e7a5-42dd-8781-c9c0c54a704d,1607899197681:571881a5-6786-4407-b007-a31a32f56dd3,"size == ""1""","isEmpty == ""True""","peek_obj_type == ""class java.lang.String""","push == ""True""","pop == ""False""","clear == ""False""","calledMethod == ""push""","size_p == ""0""",Yes
880,1607899197681:038c8513-e7a5-42dd-8781-c9c0c54a704d,1607899197681:571881a5-6786-4407-b007-a31a32f56dd3,"size == ""1""","isEmpty == ""True""","peek_obj_type == ""class java.lang.String""","push == ""False""","pop == ""True""","clear == ""False""","calledMethod == ""pop""","size_p == ""1""",Yes
882,1607899197680:e4ac6827-dfcc-4a65-9dbd-f7fcaf0ed227,1607899197680:ec35872f-449c-4bb1-979b-a7f949a14429,"size == ""1""","isEmpty == ""True""","peek_obj_type == ""class java.lang.String""","push == ""True""","pop == ""False""","clear == ""False""","calledMethod == ""push""","size_p == ""0""",Yes
883,1607899197680:e4ac6827-dfcc-4a65-9dbd-f7fcaf0ed227,1607899197680:ec35872f-449c-4bb1-979b-a7f949a14429,"size == ""2""","isEmpty == ""True""","peek_obj_type == ""class java.lang.String""","push == ""True""","pop == ""False""","clear == ""False""","calledMethod == ""push""","size_p == ""1""",Yes
885,1607899197680:e4ac6827-dfcc-4a65-9dbd-f7fcaf0ed227,1607899197680:4330296d-9309-4e25-8434-3c37ae767833,"size == ""1""","isEmpty == ""True""","peek_obj_type == ""class java.lang.String""","push == ""True""","pop == ""False""","clear == ""False""","calledMethod == ""push""","size_p == ""0""",Yes
886,1607899197680:e4ac6827-dfcc-4a65-9dbd-f7fcaf0ed227,1607899197680:4330296d-9309-4e25-8434-3c37ae767833,"size == ""1""","isEmpty == ""True""","peek_obj_type == ""class java.lang.String""","push == ""False""","pop == ""True""","clear == ""False""","calledMethod == ""pop""","size_p == ""1""",Yes
888,1607899197680:dfdfcb7d-0e0a-4cdc-b6ec-11ea30d37d2c,1607899197681:0e6506c1-9b90-4dbf-875e-0b975bc99e2b,"size == ""1""","isEmpty == ""True""","peek_obj_type == ""class java.lang.String""","push == ""True""","pop == ""False""","clear == ""False""","calledMethod == ""push""","size_p == ""0""",Yes
889,1607899197680:dfdfcb7d-0e0a-4cdc-b6ec-11ea30d37d2c,1607899197681:0e6506c1-9b90-4dbf-875e-0b975bc99e2b,"size == ""1""","isEmpty == ""True""","peek_obj_type == ""class java.lang.String""","push == ""False""","pop == ""True""","clear == ""False""","calledMethod == ""pop""","size_p == ""1""",Yes
892,1607899197680:dfdfcb7d-0e0a-4cdc-b6ec-11ea30d37d2c,1607899197680:11c8c2a0-8995-428e-af64-2b93d7217e56,"size == ""1""","isEmpty == ""True""","peek_obj_type == ""class java.lang.String""","push == ""True""","pop == ""False""","clear == ""False""","calledMethod == ""push""","size_p == ""0""",Yes
893,1607899197680:dfdfcb7d-0e0a-4cdc-b6ec-11ea30d37d2c,1607899197680:11c8c2a0-8995-428e-af64-2b93d7217e56,"size == ""1""","isEmpty == ""True""","peek_obj_type == ""class java.lang.String""","push == ""False""","pop == ""False""","clear == ""True""","calledMethod == ""clear""","size_p == ""1""",Yes
894,1607899197680:dfdfcb7d-0e0a-4cdc-b6ec-11ea30d37d2c,1607899197680:11c8c2a0-8995-428e-af64-2b93d7217e56,"size == ""1""","isEmpty == ""True""","peek_obj_type == ""class java.lang.String""","push == ""False""","pop == ""False""","clear == ""True""","calledMethod == ""clear""","size_p == ""1""",Yes
895,1607899197680:dfdfcb7d-0e0a-4cdc-b6ec-11ea30d37d2c,1607899197680:11c8c2a0-8995-428e-af64-2b93d7217e56,"size == ""1""","isEmpty == ""True""","peek_obj_type == ""class java.lang.String""","push == ""False""","pop == ""False""","clear == ""True""","calledMethod == ""clear""","size_p == ""1""",Yes
897,1607899197680:a8d21c7e-1386-4d29-b112-1aeb375836d6,1607899197680:0f63ff67-1e1e-4641-96a9-6ccd58f662bb,"size == ""1""","isEmpty == ""True""","peek_obj_type == ""class java.lang.String""","push == ""True""","pop == ""False""","clear == ""False""","calledMethod == ""push""","size_p == ""0""",Yes
898,1607899197680:a8d21c7e-1386-4d29-b112-1aeb375836d6,1607899197680:0f63ff67-1e1e-4641-96a9-6ccd58f662bb,"size == ""1""","isEmpty == ""True""","peek_obj_type == ""class java.lang.String""","push == ""False""","pop == ""True""","clear == ""False""","calledMethod == ""pop""","size_p == ""1""",Yes
900,1607899197680:979b2543-b792-4d91-ad44-5fb39e057500,1607899197680:b0526666-6e80-4544-98fb-dd22c5a8832c,"size == ""1""","isEmpty == ""True""","peek_obj_type == ""class java.lang.String""","push == ""True""","pop == ""False""","clear == ""False""","calledMethod == ""push""","size_p == ""0""",Yes
901,1607899197680:979b2543-b792-4d91-ad44-5fb39e057500,1607899197680:b0526666-6e80-4544-98fb-dd22c5a8832c,"size == ""1""","isEmpty == ""True""","peek_obj_type == ""class java.lang.String""","push == ""False""","pop == ""True""","clear == ""False""","calledMethod == ""pop""","size_p == ""1""",Yes
904,1607899197680:979b2543-b792-4d91-ad44-5fb39e057500,1607899197680:49f1e01a-6738-4bf2-9b5f-e7f6bc1cfc59,"size == ""1""","isEmpty == ""True""","peek_obj_type == ""class java.lang.String""","push == ""True""","pop == ""False""","clear == ""False""","calledMethod == ""push""","size_p == ""0""",Yes
905,1607899197680:979b2543-b792-4d91-ad44-5fb39e057500,1607899197680:49f1e01a-6738-4bf2-9b5f-e7f6bc1cfc59,"size == ""1""","isEmpty == ""True""","peek_obj_type == ""class java.lang.String""","push == ""False""","pop == ""False""","clear == ""True""","calledMethod == ""clear""","size_p == ""1""",Yes
906,1607899197680:979b2543-b792-4d91-ad44-5fb39e057500,1607899197680:49f1e01a-6738-4bf2-9b5f-e7f6bc1cfc59,"size == ""1""","isEmpty == ""True""","peek_obj_type == ""class java.lang.String""","push == ""False""","pop == ""False""","clear == ""True""","calledMethod == ""clear""","size_p == ""1""",Yes
907,1607899197680:979b2543-b792-4d91-ad44-5fb39e057500,1607899197680:49f1e01a-6738-4bf2-9b5f-e7f6bc1cfc59,"size == ""1""","isEmpty == ""True""","peek_obj_type == ""class java.lang.String""","push == ""False""","pop == ""False""","clear == ""True""","calledMethod == ""clear""","size_p == ""1""",Yes
909,1607899197680:13088ddb-6e6a-48ae-8572-38263e80be90,1607899197680:23ba1668-f712-4496-af4a-0cc9b02120ff,"size == ""1""","isEmpty == ""True""","peek_obj_type == ""class java.lang.String""","push == ""True""","pop == ""False""","clear == ""False""","calledMethod == ""push""","size_p == ""0""",Yes
910,1607899197680:13088ddb-6e6a-48ae-8572-38263e80be90,1607899197680:23ba1668-f712-4496-af4a-0cc9b02120ff,"size == ""1""","isEmpty == ""True""","peek_obj_type == ""class java.lang.String""","push == ""False""","pop == ""True""","clear == ""False""","calledMethod == ""pop""","size_p == ""1""",Yes
913,1607899197679:b2af2770-5de3-4c5b-a0d9-5b639cfa4420,1607899197679:eb887cf5-c6f8-434b-a630-871b76a86d0b,"size == ""1""","isEmpty == ""True""","peek_obj_type == ""class java.lang.String""","push == ""True""","pop == ""False""","clear == ""False""","calledMethod == ""push""","size_p == ""0""",Yes
914,1607899197679:b2af2770-5de3-4c5b-a0d9-5b639cfa4420,1607899197679:eb887cf5-c6f8-434b-a630-871b76a86d0b,"size == ""1""","isEmpty == ""True""","peek_obj_type == ""class java.lang.String""","push == ""False""","pop == ""False""","clear == ""True""","calledMethod == ""clear""","size_p == ""1""",Yes
915,1607899197679:b2af2770-5de3-4c5b-a0d9-5b639cfa4420,1607899197679:eb887cf5-c6f8-434b-a630-871b76a86d0b,"size == ""1""","isEmpty == ""True""","peek_obj_type == ""class java.lang.String""","push == ""False""","pop == ""False""","clear == ""True""","calledMethod == ""clear""","size_p == ""1""",Yes
916,1607899197679:b2af2770-5de3-4c5b-a0d9-5b639cfa4420,1607899197679:eb887cf5-c6f8-434b-a630-871b76a86d0b,"size == ""1""","isEmpty == ""True""","peek_obj_type == ""class java.lang.String""","push == ""False""","pop == ""False""","clear == ""True""","calledMethod == ""clear""","size_p == ""1""",Yes
918,1607899197679:b2af2770-5de3-4c5b-a0d9-5b639cfa4420,1607899197679:df409d98-bb1d-4306-8a45-48738c4f91db,"size == ""1""","isEmpty == ""True""","peek_obj_type == ""class java.lang.String""","push == ""True""","pop == ""False""","clear == ""False""","calledMethod == ""push""","size_p == ""0""",Yes
919,1607899197679:b2af2770-5de3-4c5b-a0d9-5b639cfa4420,1607899197679:df409d98-bb1d-4306-8a45-48738c4f91db,"size == ""1""","isEmpty == ""True""","peek_obj_type == ""class java.lang.String""","push == ""False""","pop == ""True""","clear == ""False""","calledMethod == ""pop""","size_p == ""1""",Yes
922,1607899197679:b2af2770-5de3-4c5b-a0d9-5b639cfa4420,1607899197679:0ab5a693-0e53-44e5-b7be-59648c8a05fd,"size == ""1""","isEmpty == ""True""","peek_obj_type == ""class java.lang.String""","push == ""True""","pop == ""False""","clear == ""False""","calledMethod == ""push""","size_p == ""0""",Yes
924,1607899197679:2b8f1b86-40f7-469f-b422-85eb3fe1b863,1607899197679:c29d4381-87e7-4487-a3bf-61efed78babd,"size == ""1""","isEmpty == ""True""","peek_obj_type == ""class java.lang.String""","push == ""True""","pop == ""False""","clear == ""False""","calledMethod == ""push""","size_p == ""0""",Yes
925,1607899197679:2b8f1b86-40f7-469f-b422-85eb3fe1b863,1607899197679:c29d4381-87e7-4487-a3bf-61efed78babd,"size == ""1""","isEmpty == ""True""","peek_obj_type == ""class java.lang.String""","push == ""False""","pop == ""True""","clear == ""False""","calledMethod == ""pop""","size_p == ""1""",Yes
927,1607899197679:036d6f42-9765-4fc6-8374-7a8677b60927,1607899197679:06b88948-cdce-4d5f-abd7-ad13eec8148c,"size == ""1""","isEmpty == ""True""","peek_obj_type == ""class java.lang.String""","push == ""True""","pop == ""False""","clear == ""False""","calledMethod == ""push""","size_p == ""0""",Yes
928,1607899197679:036d6f42-9765-4fc6-8374-7a8677b60927,1607899197679:06b88948-cdce-4d5f-abd7-ad13eec8148c,"size == ""1""","isEmpty == ""True""","peek_obj_type == ""class java.lang.String""","push == ""False""","pop == ""True""","clear == ""False""","calledMethod == ""pop""","size_p == ""1""",Yes
930,1607899197678:6bd76c01-336a-46d5-91c4-008c461b3ed3,1607899197678:db412467-8481-4e3e-8b0f-5ad19aeb06e8,"size == ""1""","isEmpty == ""True""","peek_obj_type == ""class java.lang.String""","push == ""True""","pop == ""False""","clear == ""False""","calledMethod == ""push""","size_p == ""0""",Yes
931,1607899197678:6bd76c01-336a-46d5-91c4-008c461b3ed3,1607899197678:db412467-8481-4e3e-8b0f-5ad19aeb06e8,"size == ""2""","isEmpty == ""True""","peek_obj_type == ""class java.lang.String""","push == ""True""","pop == ""False""","clear == ""False""","calledMethod == ""push""","size_p == ""1""",Yes
933,1607899197678:6bd76c01-336a-46d5-91c4-008c461b3ed3,1607899197678:73f4b85a-9d7a-4791-957b-9dbb0de08c3a,"size == ""1""","isEmpty == ""True""","peek_obj_type == ""class java.lang.String""","push == ""True""","pop == ""False""","clear == ""False""","calledMethod == ""push""","size_p == ""0""",Yes
934,1607899197678:6bd76c01-336a-46d5-91c4-008c461b3ed3,1607899197678:73f4b85a-9d7a-4791-957b-9dbb0de08c3a,"size == ""1""","isEmpty == ""True""","peek_obj_type == ""class java.lang.String""","push == ""False""","pop == ""True""","clear == ""False""","calledMethod == ""pop""","size_p == ""1""",Yes
936,1607899197678:67338e89-54ea-49f5-96d0-5766c37a6dfa,1607899197678:a1b15b43-bcf3-4eef-b201-e6c2912af514,"size == ""1""","isEmpty == ""True""","peek_obj_type == ""class java.lang.String""","push == ""True""","pop == ""False""","clear == ""False""","calledMethod == ""push""","size_p == ""0""",Yes
937,1607899197678:67338e89-54ea-49f5-96d0-5766c37a6dfa,1607899197678:a1b15b43-bcf3-4eef-b201-e6c2912af514,"size == ""1""","isEmpty == ""True""","peek_obj_type == ""class java.lang.String""","push == ""False""","pop == ""True""","clear == ""False""","calledMethod == ""pop""","size_p == ""1""",Yes
940,1607899197678:67338e89-54ea-49f5-96d0-5766c37a6dfa,1607899197678:38270fb7-f8c9-40b4-8b22-6fe31393b46d,"size == ""1""","isEmpty == ""True""","peek_obj_type == ""class java.lang.String""","push == ""True""","pop == ""False""","clear == ""False""","calledMethod == ""push""","size_p == ""0""",Yes
941,1607899197678:67338e89-54ea-49f5-96d0-5766c37a6dfa,1607899197678:38270fb7-f8c9-40b4-8b22-6fe31393b46d,"size == ""1""","isEmpty == ""True""","peek_obj_type == ""class java.lang.String""","push == ""False""","pop == ""False""","clear == ""True""","calledMethod == ""clear""","size_p == ""1""",Yes
942,1607899197678:67338e89-54ea-49f5-96d0-5766c37a6dfa,1607899197678:38270fb7-f8c9-40b4-8b22-6fe31393b46d,"size == ""1""","isEmpty == ""True""","peek_obj_type == ""class java.lang.String""","push == ""False""","pop == ""False""","clear == ""True""","calledMethod == ""clear""","size_p == ""1""",Yes
943,1607899197678:67338e89-54ea-49f5-96d0-5766c37a6dfa,1607899197678:38270fb7-f8c9-40b4-8b22-6fe31393b46d,"size == ""1""","isEmpty == ""True""","peek_obj_type == ""class java.lang.String""","push == ""False""","pop == ""False""","clear == ""True""","calledMethod == ""clear""","size_p == ""1""",Yes
945,1607899197678:5f8aeea1-19e7-4492-a2e9-037a557f3316,1607899197678:78882ff6-59a0-4fcb-940c-7fb72d74991c,"size == ""1""","isEmpty == ""True""","peek_obj_type == ""class java.lang.String""","push == ""True""","pop == ""False""","clear == ""False""","calledMethod == ""push""","size_p == ""0""",Yes
946,1607899197678:5f8aeea1-19e7-4492-a2e9-037a557f3316,1607899197678:78882ff6-59a0-4fcb-940c-7fb72d74991c,"size == ""1""","isEmpty == ""True""","peek_obj_type == ""class java.lang.String""","push == ""False""","pop == ""True""","clear == ""False""","calledMethod == ""pop""","size_p == ""1""",Yes
948,1607899197678:4d42a4b2-8b35-4711-882e-64388ae7c60f,1607899197679:b5f1848a-b373-43db-abdd-55d8f2e024af,"size == ""1""","isEmpty == ""True""","peek_obj_type == ""class java.lang.String""","push == ""True""","pop == ""False""","clear == ""False""","calledMethod == ""push""","size_p == ""0""",Yes
949,1607899197678:4d42a4b2-8b35-4711-882e-64388ae7c60f,1607899197679:b5f1848a-b373-43db-abdd-55d8f2e024af,"size == ""1""","isEmpty == ""True""","peek_obj_type == ""class java.lang.String""","push == ""False""","pop == ""True""","clear == ""False""","calledMethod == ""pop""","size_p == ""1""",Yes
952,1607899197678:4d42a4b2-8b35-4711-882e-64388ae7c60f,1607899197678:ff579e8d-9d3b-417e-874d-70b321cdfd3d,"size == ""1""","isEmpty == ""True""","peek_obj_type == ""class java.lang.String""","push == ""True""","pop == ""False""","clear == ""False""","calledMethod == ""push""","size_p == ""0""",Yes
953,1607899197678:4d42a4b2-8b35-4711-882e-64388ae7c60f,1607899197678:ff579e8d-9d3b-417e-874d-70b321cdfd3d,"size == ""1""","isEmpty == ""True""","peek_obj_type == ""class java.lang.String""","push == ""False""","pop == ""False""","clear == ""True""","calledMethod == ""clear""","size_p == ""1""",Yes
954,1607899197678:4d42a4b2-8b35-4711-882e-64388ae7c60f,1607899197678:ff579e8d-9d3b-417e-874d-70b321cdfd3d,"size == ""1""","isEmpty == ""True""","peek_obj_type == ""class java.lang.String""","push == ""False""","pop == ""False""","clear == ""True""","calledMethod == ""clear""","size_p == ""1""",Yes
955,1607899197678:4d42a4b2-8b35-4711-882e-64388ae7c60f,1607899197678:ff579e8d-9d3b-417e-874d-70b321cdfd3d,"size == ""1""","isEmpty == ""True""","peek_obj_type == ""class java.lang.String""","push == ""False""","pop == ""False""","clear == ""True""","calledMethod == ""clear""","size_p == ""1""",Yes
957,1607899197677:7f0d90b8-7119-46ce-b005-866ecb39025f,1607899197677:0119190a-0edc-420f-94ba-65ca43c1233a,"size == ""1""","isEmpty == ""True""","peek_obj_type == ""class java.lang.String""","push == ""True""","pop == ""False""","clear == ""False""","calledMethod == ""push""","size_p == ""0""",Yes
958,1607899197677:7f0d90b8-7119-46ce-b005-866ecb39025f,1607899197677:0119190a-0edc-420f-94ba-65ca43c1233a,"size == ""1""","isEmpty == ""True""","peek_obj_type == ""class java.lang.String""","push == ""False""","pop == ""True""","clear == ""False""","calledMethod == ""pop""","size_p == ""1""",Yes
960,1607899197677:7ac26a68-f30b-46d7-8960-7dd8e7206a0e,1607899197677:352bbb20-5d1b-44e9-98ef-656ea4ccd676,"size == ""1""","isEmpty == ""True""","peek_obj_type == ""class java.lang.String""","push == ""True""","pop == ""False""","clear == ""False""","calledMethod == ""push""","size_p == ""0""",Yes
961,1607899197677:7ac26a68-f30b-46d7-8960-7dd8e7206a0e,1607899197677:352bbb20-5d1b-44e9-98ef-656ea4ccd676,"size == ""1""","isEmpty == ""True""","peek_obj_type == ""class java.lang.String""","push == ""False""","pop == ""True""","clear == ""False""","calledMethod == ""pop""","size_p == ""1""",Yes
963,1607899197677:6f4d83e8-4b66-4181-a9ac-c0665ddeadc5,1607899197677:d173db08-117b-4846-8b02-45d1a47a0411,"size == ""1""","isEmpty == ""True""","peek_obj_type == ""class java.lang.String""","push == ""True""","pop == ""False""","clear == ""False""","calledMethod == ""push""","size_p == ""0""",Yes
964,1607899197677:6f4d83e8-4b66-4181-a9ac-c0665ddeadc5,1607899197677:d173db08-117b-4846-8b02-45d1a47a0411,"size == ""1""","isEmpty == ""True""","peek_obj_type == ""class java.lang.String""","push == ""False""","pop == ""True""","clear == ""False""","calledMethod == ""pop""","size_p == ""1""",Yes
971,1607899197677:6f4d83e8-4b66-4181-a9ac-c0665ddeadc5,1607899197677:5fe9c4f1-48f7-4999-b00c-efb2b509d9ef,"size == ""1""","isEmpty == ""True""","peek_obj_type == ""class java.lang.String""","push == ""True""","pop == ""False""","clear == ""False""","calledMethod == ""push""","size_p == ""0""",Yes
972,1607899197677:6f4d83e8-4b66-4181-a9ac-c0665ddeadc5,1607899197677:5fe9c4f1-48f7-4999-b00c-efb2b509d9ef,"size == ""1""","isEmpty == ""True""","peek_obj_type == ""class java.lang.String""","push == ""False""","pop == ""False""","clear == ""True""","calledMethod == ""clear""","size_p == ""1""",Yes
973,1607899197677:6f4d83e8-4b66-4181-a9ac-c0665ddeadc5,1607899197677:5fe9c4f1-48f7-4999-b00c-efb2b509d9ef,"size == ""1""","isEmpty == ""True""","peek_obj_type == ""class java.lang.String""","push == ""False""","pop == ""False""","clear == ""True""","calledMethod == ""clear""","size_p == ""1""",Yes
974,1607899197677:6f4d83e8-4b66-4181-a9ac-c0665ddeadc5,1607899197677:5fe9c4f1-48f7-4999-b00c-efb2b509d9ef,"size == ""1""","isEmpty == ""True""","peek_obj_type == ""class java.lang.String""","push == ""False""","pop == ""False""","clear == ""True""","calledMethod == ""clear""","size_p == ""1""",Yes
976,1607899197677:5e58600f-65c7-4a1c-9396-212d438ee7f5,1607899197677:1402d080-140a-4464-b776-c0172dda2315,"size == ""1""","isEmpty == ""True""","peek_obj_type == ""class java.lang.String""","push == ""True""","pop == ""False""","clear == ""False""","calledMethod == ""push""","size_p == ""0""",Yes
977,1607899197677:5e58600f-65c7-4a1c-9396-212d438ee7f5,1607899197677:1402d080-140a-4464-b776-c0172dda2315,"size == ""1""","isEmpty == ""True""","peek_obj_type == ""class java.lang.String""","push == ""False""","pop == ""True""","clear == ""False""","calledMethod == ""pop""","size_p == ""1""",Yes
980,1607899197677:534d260d-3135-4045-8131-1df50ed7654a,1607899197678:c13aeb7c-a3dd-4ddb-834f-798b9e76960c,"size == ""1""","isEmpty == ""True""","peek_obj_type == ""class java.lang.String""","push == ""True""","pop == ""False""","clear == ""False""","calledMethod == ""push""","size_p == ""0""",Yes
981,1607899197677:534d260d-3135-4045-8131-1df50ed7654a,1607899197678:c13aeb7c-a3dd-4ddb-834f-798b9e76960c,"size == ""1""","isEmpty == ""True""","peek_obj_type == ""class java.lang.String""","push == ""False""","pop == ""True""","clear == ""False""","calledMethod == ""pop""","size_p == ""1""",Yes
983,1607899197677:534d260d-3135-4045-8131-1df50ed7654a,1607899197677:658437ca-6728-4e55-989d-7c914da8652c,"size == ""1""","isEmpty == ""True""","peek_obj_type == ""class java.lang.String""","push == ""True""","pop == ""False""","clear == ""False""","calledMethod == ""push""","size_p == ""0""",Yes
984,1607899197677:534d260d-3135-4045-8131-1df50ed7654a,1607899197677:658437ca-6728-4e55-989d-7c914da8652c,"size == ""2""","isEmpty == ""True""","peek_obj_type == ""class java.lang.String""","push == ""True""","pop == ""False""","clear == ""False""","calledMethod == ""push""","size_p == ""1""",Yes
985,1607899197677:534d260d-3135-4045-8131-1df50ed7654a,1607899197677:658437ca-6728-4e55-989d-7c914da8652c,"size == ""3""","isEmpty == ""True""","peek_obj_type == ""class java.lang.String""","push == ""True""","pop == ""False""","clear == ""False""","calledMethod == ""push""","size_p == ""2""",Yes
987,1607899197676:bc4d8cad-b631-4b5e-a5d1-12813387130f,1607899197676:c25434dc-10e1-4b42-a349-25b658c1cfc5,"size == ""1""","isEmpty == ""True""","peek_obj_type == ""class java.lang.String""","push == ""True""","pop == ""False""","clear == ""False""","calledMethod == ""push""","size_p == ""0""",Yes
988,1607899197676:bc4d8cad-b631-4b5e-a5d1-12813387130f,1607899197676:c25434dc-10e1-4b42-a349-25b658c1cfc5,"size == ""1""","isEmpty == ""True""","peek_obj_type == ""class java.lang.String""","push == ""False""","pop == ""True""","clear == ""False""","calledMethod == ""pop""","size_p == ""1""",Yes
991,1607899197676:bc4d8cad-b631-4b5e-a5d1-12813387130f,1607899197676:3b26fb09-820d-4632-8d66-b225bc5ea475,"size == ""1""","isEmpty == ""True""","peek_obj_type == ""class java.lang.String""","push == ""True""","pop == ""False""","clear == ""False""","calledMethod == ""push""","size_p == ""0""",Yes
992,1607899197676:bc4d8cad-b631-4b5e-a5d1-12813387130f,1607899197676:3b26fb09-820d-4632-8d66-b225bc5ea475,"size == ""1""","isEmpty == ""True""","peek_obj_type == ""class java.lang.String""","push == ""False""","pop == ""False""","clear == ""True""","calledMethod == ""clear""","size_p == ""1""",Yes
995,1607899197676:810a58b0-89d7-4b9e-a903-31055b430794,1607899197676:ffb84bf0-5653-49e7-860d-da6ff95e2d4c,"size == ""1""","isEmpty == ""True""","peek_obj_type == ""class java.lang.String""","push == ""True""","pop == ""False""","clear == ""False""","calledMethod == ""push""","size_p == ""0""",Yes
996,1607899197676:810a58b0-89d7-4b9e-a903-31055b430794,1607899197676:ffb84bf0-5653-49e7-860d-da6ff95e2d4c,"size == ""1""","isEmpty == ""True""","peek_obj_type == ""class java.lang.String""","push == ""False""","pop == ""False""","clear == ""True""","calledMethod == ""clear""","size_p == ""1""",Yes
998,1607899197676:810a58b0-89d7-4b9e-a903-31055b430794,1607899197676:c7a1bc48-55ac-4ed0-9401-6de0f8707694,"size == ""1""","isEmpty == ""True""","peek_obj_type == ""class java.lang.String""","push == ""True""","pop == ""False""","clear == ""False""","calledMethod == ""push""","size_p == ""0""",Yes
999,1607899197676:810a58b0-89d7-4b9e-a903-31055b430794,1607899197676:c7a1bc48-55ac-4ed0-9401-6de0f8707694,"size == ""1""","isEmpty == ""True""","peek_obj_type == ""class java.lang.String""","push == ""False""","pop == ""True""","clear == ""False""","calledMethod == ""pop""","size_p == ""1""",Yes
1002,1607899197676:1576555f-b00c-46f3-a074-ee5357b7f9e7,1607899197676:a5618348-b5b6-49c2-957a-f73c07eeec5e,"size == ""1""","isEmpty == ""True""","peek_obj_type == ""class java.lang.String""","push == ""True""","pop == ""False""","clear == ""False""","calledMethod == ""push""","size_p == ""0""",Yes
1004,1607899197676:1576555f-b00c-46f3-a074-ee5357b7f9e7,1607899197676:30d27423-b86b-432c-8758-2f59c335eb0e,"size == ""1""","isEmpty == ""True""","peek_obj_type == ""class java.lang.String""","push == ""True""","pop == ""False""","clear == ""False""","calledMethod == ""push""","size_p == ""0""",Yes
1005,1607899197676:1576555f-b00c-46f3-a074-ee5357b7f9e7,1607899197676:30d27423-b86b-432c-8758-2f59c335eb0e,"size == ""1""","isEmpty == ""True""","peek_obj_type == ""class java.lang.String""","push == ""False""","pop == ""True""","clear == ""False""","calledMethod == ""pop""","size_p == ""1""",Yes
1007,1607899197675:f7dabb67-a98a-442b-a43b-4fc2aa7e7dad,1607899197675:568079cb-8200-44f3-9f8d-42296860862d,"size == ""1""","isEmpty == ""True""","peek_obj_type == ""class java.lang.String""","push == ""True""","pop == ""False""","clear == ""False""","calledMethod == ""push""","size_p == ""0""",Yes
1009,1607899197675:f7dabb67-a98a-442b-a43b-4fc2aa7e7dad,1607899197675:12ced284-a953-456f-a5f0-83e76b676983,"size == ""1""","isEmpty == ""True""","peek_obj_type == ""class java.lang.String""","push == ""True""","pop == ""False""","clear == ""False""","calledMethod == ""push""","size_p == ""0""",Yes
1010,1607899197675:f7dabb67-a98a-442b-a43b-4fc2aa7e7dad,1607899197675:12ced284-a953-456f-a5f0-83e76b676983,"size == ""1""","isEmpty == ""True""","peek_obj_type == ""class java.lang.String""","push == ""False""","pop == ""True""","clear == ""False""","calledMethod == ""pop""","size_p == ""1""",Yes
1012,1607899197675:f2085fb4-dde6-4211-aaf1-5e94e3c55742,1607899197675:7b98cc6e-2a3f-45ba-b16d-0b347a4d7b81,"size == ""1""","isEmpty == ""True""","peek_obj_type == ""class java.lang.String""","push == ""True""","pop == ""False""","clear == ""False""","calledMethod == ""push""","size_p == ""0""",Yes
1013,1607899197675:f2085fb4-dde6-4211-aaf1-5e94e3c55742,1607899197675:7b98cc6e-2a3f-45ba-b16d-0b347a4d7b81,"size == ""2""","isEmpty == ""True""","peek_obj_type == ""class java.lang.String""","push == ""True""","pop == ""False""","clear == ""False""","calledMethod == ""push""","size_p == ""1""",Yes
1015,1607899197675:f2085fb4-dde6-4211-aaf1-5e94e3c55742,1607899197675:6b4ad82d-59b3-41bb-b7f4-760fb22a9565,"size == ""1""","isEmpty == ""True""","peek_obj_type == ""class java.lang.String""","push == ""True""","pop == ""False""","clear == ""False""","calledMethod == ""push""","size_p == ""0""",Yes
1016,1607899197675:f2085fb4-dde6-4211-aaf1-5e94e3c55742,1607899197675:6b4ad82d-59b3-41bb-b7f4-760fb22a9565,"size == ""1""","isEmpty == ""True""","peek_obj_type == ""class java.lang.String""","push == ""False""","pop == ""True""","clear == ""False""","calledMethod == ""pop""","size_p == ""1""",Yes
1018,1607899197675:2573835e-0e80-4455-b380-14346bc71a7e,1607899197675:c45148fd-e5d9-4f58-9936-85138f4bcaa6,"size == ""1""","isEmpty == ""True""","peek_obj_type == ""class java.lang.String""","push == ""True""","pop == ""False""","clear == ""False""","calledMethod == ""push""","size_p == ""0""",Yes
1019,1607899197675:2573835e-0e80-4455-b380-14346bc71a7e,1607899197675:c45148fd-e5d9-4f58-9936-85138f4bcaa6,"size == ""1""","isEmpty == ""True""","peek_obj_type == ""class java.lang.String""","push == ""False""","pop == ""True""","clear == ""False""","calledMethod == ""pop""","size_p == ""1""",Yes
1021,1607899197675:133f22ed-7111-405d-a724-40dc25383714,1607899197675:f55cdd59-b936-4bd7-81ed-a6f61e28b2dd,"size == ""1""","isEmpty == ""True""","peek_obj_type == ""class java.lang.String""","push == ""True""","pop == ""False""","clear == ""False""","calledMethod == ""push""","size_p == ""0""",Yes
1022,1607899197675:133f22ed-7111-405d-a724-40dc25383714,1607899197675:f55cdd59-b936-4bd7-81ed-a6f61e28b2dd,"size == ""1""","isEmpty == ""True""","peek_obj_type == ""class java.lang.String""","push == ""False""","pop == ""True""","clear == ""False""","calledMethod == ""pop""","size_p == ""1""",Yes
1025,1607899197675:133f22ed-7111-405d-a724-40dc25383714,1607899197675:42d3e415-c105-4703-a907-f3fae0d0552d,"size == ""1""","isEmpty == ""True""","peek_obj_type == ""class java.lang.String""","push == ""True""","pop == ""False""","clear == ""False""","calledMethod == ""push""","size_p == ""0""",Yes
1026,1607899197675:133f22ed-7111-405d-a724-40dc25383714,1607899197675:42d3e415-c105-4703-a907-f3fae0d0552d,"size == ""1""","isEmpty == ""True""","peek_obj_type == ""class java.lang.String""","push == ""False""","pop == ""False""","clear == ""True""","calledMethod == ""clear""","size_p == ""1""",Yes
1027,1607899197675:133f22ed-7111-405d-a724-40dc25383714,1607899197675:42d3e415-c105-4703-a907-f3fae0d0552d,"size == ""1""","isEmpty == ""True""","peek_obj_type == ""class java.lang.String""","push == ""False""","pop == ""False""","clear == ""True""","calledMethod == ""clear""","size_p == ""1""",Yes
1028,1607899197675:133f22ed-7111-405d-a724-40dc25383714,1607899197675:42d3e415-c105-4703-a907-f3fae0d0552d,"size == ""1""","isEmpty == ""True""","peek_obj_type == ""class java.lang.String""","push == ""False""","pop == ""False""","clear == ""True""","calledMethod == ""clear""","size_p == ""1""",Yes
1030,1607899197675:0de6c974-4950-4102-9da7-930cb5fa1ff3,1607899197675:8e5b0196-2d22-4f8e-89e7-dbd3198fc8b5,"size == ""1""","isEmpty == ""True""","peek_obj_type == ""class java.lang.String""","push == ""True""","pop == ""False""","clear == ""False""","calledMethod == ""push""","size_p == ""0""",Yes
1031,1607899197675:0de6c974-4950-4102-9da7-930cb5fa1ff3,1607899197675:8e5b0196-2d22-4f8e-89e7-dbd3198fc8b5,"size == ""1""","isEmpty == ""True""","peek_obj_type == ""class java.lang.String""","push == ""False""","pop == ""True""","clear == ""False""","calledMethod == ""pop""","size_p == ""1""",Yes
1033,1607899197674:df2f24f3-e4d4-46b1-bb9c-6ab5dbedafe4,1607899197674:b9642269-6b67-4aab-bfa1-8cfb357d1400,"size == ""1""","isEmpty == ""True""","peek_obj_type == ""class java.lang.String""","push == ""True""","pop == ""False""","clear == ""False""","calledMethod == ""push""","size_p == ""0""",Yes
1034,1607899197674:df2f24f3-e4d4-46b1-bb9c-6ab5dbedafe4,1607899197674:b9642269-6b67-4aab-bfa1-8cfb357d1400,"size == ""1""","isEmpty == ""True""","peek_obj_type == ""class java.lang.String""","push == ""False""","pop == ""True""","clear == ""False""","calledMethod == ""pop""","size_p == ""1""",Yes
1036,1607899197674:b6c4fab1-0a0f-4175-b6f4-e2bbf4e58b04,1607899197674:e5ea7e83-e938-4e0d-a5fa-181b51bf5abd,"size == ""1""","isEmpty == ""True""","peek_obj_type == ""class java.lang.String""","push == ""True""","pop == ""False""","clear == ""False""","calledMethod == ""push""","size_p == ""0""",Yes
1037,1607899197674:b6c4fab1-0a0f-4175-b6f4-e2bbf4e58b04,1607899197674:e5ea7e83-e938-4e0d-a5fa-181b51bf5abd,"size == ""1""","isEmpty == ""True""","peek_obj_type == ""class java.lang.String""","push == ""False""","pop == ""True""","clear == ""False""","calledMethod == ""pop""","size_p == ""1""",Yes
1040,1607899197674:b6c4fab1-0a0f-4175-b6f4-e2bbf4e58b04,1607899197674:a94237d5-db2e-4f80-9be8-d36d1bba36b1,"size == ""1""","isEmpty == ""True""","peek_obj_type == ""class java.lang.String""","push == ""True""","pop == ""False""","clear == ""False""","calledMethod == ""push""","size_p == ""0""",Yes
1041,1607899197674:b6c4fab1-0a0f-4175-b6f4-e2bbf4e58b04,1607899197674:a94237d5-db2e-4f80-9be8-d36d1bba36b1,"size == ""1""","isEmpty == ""True""","peek_obj_type == ""class java.lang.String""","push == ""False""","pop == ""False""","clear == ""True""","calledMethod == ""clear""","size_p == ""1""",Yes
1044,1607899197674:b6c4fab1-0a0f-4175-b6f4-e2bbf4e58b04,1607899197674:2656da1e-eff6-459c-a2e4-f70adaec74e4,"size == ""1""","isEmpty == ""True""","peek_obj_type == ""class java.lang.String""","push == ""True""","pop == ""False""","clear == ""False""","calledMethod == ""push""","size_p == ""0""",Yes
1045,1607899197674:b6c4fab1-0a0f-4175-b6f4-e2bbf4e58b04,1607899197674:2656da1e-eff6-459c-a2e4-f70adaec74e4,"size == ""1""","isEmpty == ""True""","peek_obj_type == ""class java.lang.String""","push == ""False""","pop == ""False""","clear == ""True""","calledMethod == ""clear""","size_p == ""1""",Yes
1046,1607899197674:b6c4fab1-0a0f-4175-b6f4-e2bbf4e58b04,1607899197674:2656da1e-eff6-459c-a2e4-f70adaec74e4,"size == ""1""","isEmpty == ""True""","peek_obj_type == ""class java.lang.String""","push == ""False""","pop == ""False""","clear == ""True""","calledMethod == ""clear""","size_p == ""1""",Yes
1047,1607899197674:b6c4fab1-0a0f-4175-b6f4-e2bbf4e58b04,1607899197674:2656da1e-eff6-459c-a2e4-f70adaec74e4,"size == ""1""","isEmpty == ""True""","peek_obj_type == ""class java.lang.String""","push == ""False""","pop == ""False""","clear == ""True""","calledMethod == ""clear""","size_p == ""1""",Yes
1050,1607899197674:9737cc36-307e-4582-9978-53f018a99e40,1607899197674:08bd75b2-2e9a-466a-843f-936b6a4e1950,"size == ""1""","isEmpty == ""True""","peek_obj_type == ""class java.lang.String""","push == ""True""","pop == ""False""","clear == ""False""","calledMethod == ""push""","size_p == ""0""",Yes
1051,1607899197674:9737cc36-307e-4582-9978-53f018a99e40,1607899197674:08bd75b2-2e9a-466a-843f-936b6a4e1950,"size == ""1""","isEmpty == ""True""","peek_obj_type == ""class java.lang.String""","push == ""False""","pop == ""True""","clear == ""False""","calledMethod == ""pop""","size_p == ""1""",Yes
1053,1607899197674:0779b188-94c8-4fb0-96ba-97b306d2dc13,1607899197674:01051d30-7932-4c3d-8500-ac34e81c66c9,"size == ""1""","isEmpty == ""True""","peek_obj_type == ""class java.lang.String""","push == ""True""","pop == ""False""","clear == ""False""","calledMethod == ""push""","size_p == ""0""",Yes
1054,1607899197674:0779b188-94c8-4fb0-96ba-97b306d2dc13,1607899197674:01051d30-7932-4c3d-8500-ac34e81c66c9,"size == ""2""","isEmpty == ""True""","peek_obj_type == ""class java.lang.String""","push == ""True""","pop == ""False""","clear == ""False""","calledMethod == ""push""","size_p == ""1""",Yes
1055,1607899197674:0779b188-94c8-4fb0-96ba-97b306d2dc13,1607899197674:01051d30-7932-4c3d-8500-ac34e81c66c9,"size == ""3""","isEmpty == ""True""","peek_obj_type == ""class java.lang.String""","push == ""True""","pop == ""False""","clear == ""False""","calledMethod == ""push""","size_p == ""2""",Yes
1056,1607899197674:0779b188-94c8-4fb0-96ba-97b306d2dc13,1607899197674:01051d30-7932-4c3d-8500-ac34e81c66c9,"size == ""3""","isEmpty == ""True""","peek_obj_type == ""class java.lang.String""","push == ""False""","pop == ""True""","clear == ""False""","calledMethod == ""pop""","size_p == ""3""",Yes
1058,1607899197673:e5b883c0-2914-4e0f-b2ef-39c3dd79aa86,1607899197673:46bfefe1-9b1d-4f30-b331-7828399f39bc,"size == ""1""","isEmpty == ""True""","peek_obj_type == ""class java.lang.String""","push == ""True""","pop == ""False""","clear == ""False""","calledMethod == ""push""","size_p == ""0""",Yes
1059,1607899197673:e5b883c0-2914-4e0f-b2ef-39c3dd79aa86,1607899197673:46bfefe1-9b1d-4f30-b331-7828399f39bc,"size == ""1""","isEmpty == ""True""","peek_obj_type == ""class java.lang.String""","push == ""False""","pop == ""True""","clear == ""False""","calledMethod == ""pop""","size_p == ""1""",Yes
1061,1607899197673:b207c24b-da2a-4440-89fd-f8cfce73dc50,1607899197673:766f7318-835d-4475-9826-0f02e8354ea7,"size == ""1""","isEmpty == ""True""","peek_obj_type == ""class java.lang.String""","push == ""True""","pop == ""False""","clear == ""False""","calledMethod == ""push""","size_p == ""0""",Yes
1062,1607899197673:b207c24b-da2a-4440-89fd-f8cfce73dc50,1607899197673:766f7318-835d-4475-9826-0f02e8354ea7,"size == ""1""","isEmpty == ""True""","peek_obj_type == ""class java.lang.String""","push == ""False""","pop == ""True""","clear == ""False""","calledMethod == ""pop""","size_p == ""1""",Yes
1064,1607899197673:8aeec85c-85bd-4e58-b562-e737d724a25c,1607899197673:7bfcd64b-426f-4189-8ac9-55e600e2eb5d,"size == ""1""","isEmpty == ""True""","peek_obj_type == ""class java.lang.String""","push == ""True""","pop == ""False""","clear == ""False""","calledMethod == ""push""","size_p == ""0""",Yes
1065,1607899197673:8aeec85c-85bd-4e58-b562-e737d724a25c,1607899197673:7bfcd64b-426f-4189-8ac9-55e600e2eb5d,"size == ""1""","isEmpty == ""True""","peek_obj_type == ""class java.lang.String""","push == ""False""","pop == ""True""","clear == ""False""","calledMethod == ""pop""","size_p == ""1""",Yes
1067,1607899197673:8aeec85c-85bd-4e58-b562-e737d724a25c,1607899197673:3a2413d0-f53c-4035-8e26-12013b76c1e3,"size == ""1""","isEmpty == ""True""","peek_obj_type == ""class java.lang.String""","push == ""True""","pop == ""False""","clear == ""False""","calledMethod == ""push""","size_p == ""0""",Yes
1070,1607899197673:4ba4f75b-5aac-492d-a66b-d8c0de2ee4cf,1607899197673:c162468b-0f21-414d-976d-836669d4b067,"size == ""1""","isEmpty == ""True""","peek_obj_type == ""class java.lang.String""","push == ""True""","pop == ""False""","clear == ""False""","calledMethod == ""push""","size_p == ""0""",Yes
1071,1607899197673:4ba4f75b-5aac-492d-a66b-d8c0de2ee4cf,1607899197673:c162468b-0f21-414d-976d-836669d4b067,"size == ""1""","isEmpty == ""True""","peek_obj_type == ""class java.lang.String""","push == ""False""","pop == ""True""","clear == ""False""","calledMethod == ""pop""","size_p == ""1""",Yes
1073,1607899197673:0f86a7cb-64fa-4e24-be11-5efea92e3d43,1607899197673:d4dbac27-f90e-45c6-89b3-8392612dcdbf,"size == ""1""","isEmpty == ""True""","peek_obj_type == ""class java.lang.String""","push == ""True""","pop == ""False""","clear == ""False""","calledMethod == ""push""","size_p == ""0""",Yes
1074,1607899197673:0f86a7cb-64fa-4e24-be11-5efea92e3d43,1607899197673:d4dbac27-f90e-45c6-89b3-8392612dcdbf,"size == ""1""","isEmpty == ""True""","peek_obj_type == ""class java.lang.String""","push == ""False""","pop == ""True""","clear == ""False""","calledMethod == ""pop""","size_p == ""1""",Yes
1076,1607899197672:d6774d99-9e81-4bb0-add3-c49528e62bbb,1607899197672:d97288de-3122-40c6-9e76-cf7da6214306,"size == ""1""","isEmpty == ""True""","peek_obj_type == ""class java.lang.String""","push == ""True""","pop == ""False""","clear == ""False""","calledMethod == ""push""","size_p == ""0""",Yes
1077,1607899197672:d6774d99-9e81-4bb0-add3-c49528e62bbb,1607899197672:d97288de-3122-40c6-9e76-cf7da6214306,"size == ""1""","isEmpty == ""True""","peek_obj_type == ""class java.lang.String""","push == ""False""","pop == ""True""","clear == ""False""","calledMethod == ""pop""","size_p == ""1""",Yes
1079,1607899197672:d6774d99-9e81-4bb0-add3-c49528e62bbb,1607899197672:68e04b7f-c8b2-441b-9c35-1df5a9fcd023,"size == ""1""","isEmpty == ""True""","peek_obj_type == ""class java.lang.String""","push == ""True""","pop == ""False""","clear == ""False""","calledMethod == ""push""","size_p == ""0""",Yes
1081,1607899197672:d526af32-99a6-4440-b989-e2003f8863ea,1607899197672:65bf1215-eca0-4492-8e68-d0a91311d97b,"size == ""1""","isEmpty == ""True""","peek_obj_type == ""class java.lang.String""","push == ""True""","pop == ""False""","clear == ""False""","calledMethod == ""push""","size_p == ""0""",Yes
1082,1607899197672:d526af32-99a6-4440-b989-e2003f8863ea,1607899197672:65bf1215-eca0-4492-8e68-d0a91311d97b,"size == ""1""","isEmpty == ""True""","peek_obj_type == ""class java.lang.String""","push == ""False""","pop == ""True""","clear == ""False""","calledMethod == ""pop""","size_p == ""1""",Yes
1084,1607899197672:a8c7e5d5-cac1-4deb-ba4e-72d27876fc71,1607899197672:9523ec3e-0137-4bb4-a9a3-9edf0937a6d6,"size == ""1""","isEmpty == ""True""","peek_obj_type == ""class java.lang.String""","push == ""True""","pop == ""False""","clear == ""False""","calledMethod == ""push""","size_p == ""0""",Yes
1085,1607899197672:a8c7e5d5-cac1-4deb-ba4e-72d27876fc71,1607899197672:9523ec3e-0137-4bb4-a9a3-9edf0937a6d6,"size == ""1""","isEmpty == ""True""","peek_obj_type == ""class java.lang.String""","push == ""False""","pop == ""True""","clear == ""False""","calledMethod == ""pop""","size_p == ""1""",Yes
1088,1607899197672:a186f0c1-5175-4c20-8c97-f9ad7218473d,1607899197672:16a573ea-5940-44c2-8d33-8823f6b4289c,"size == ""1""","isEmpty == ""True""","peek_obj_type == ""class java.lang.String""","push == ""True""","pop == ""False""","clear == ""False""","calledMethod == ""push""","size_p == ""0""",Yes
1089,1607899197672:a186f0c1-5175-4c20-8c97-f9ad7218473d,1607899197672:16a573ea-5940-44c2-8d33-8823f6b4289c,"size == ""1""","isEmpty == ""True""","peek_obj_type == ""class java.lang.String""","push == ""False""","pop == ""True""","clear == ""False""","calledMethod == ""pop""","size_p == ""1""",Yes
1091,1607899197672:73054870-d520-43a5-81a9-7e11dc2b28d4,1607899197672:019f3ffb-eef8-4735-9db3-7cfdf37d521c,"size == ""1""","isEmpty == ""True""","peek_obj_type == ""class java.lang.String""","push == ""True""","pop == ""False""","clear == ""False""","calledMethod == ""push""","size_p == ""0""",Yes
1092,1607899197672:73054870-d520-43a5-81a9-7e11dc2b28d4,1607899197672:019f3ffb-eef8-4735-9db3-7cfdf37d521c,"size == ""1""","isEmpty == ""True""","peek_obj_type == ""class java.lang.String""","push == ""False""","pop == ""True""","clear == ""False""","calledMethod == ""pop""","size_p == ""1""",Yes
1094,1607899197672:1d9b0828-6fcb-4b3a-a6e2-2a0fbf2f1051,1607899197673:be0482fd-6f68-4f5a-ae89-cb23d45569a3,"size == ""1""","isEmpty == ""True""","peek_obj_type == ""class java.lang.String""","push == ""True""","pop == ""False""","clear == ""False""","calledMethod == ""push""","size_p == ""0""",Yes
1095,1607899197672:1d9b0828-6fcb-4b3a-a6e2-2a0fbf2f1051,1607899197673:be0482fd-6f68-4f5a-ae89-cb23d45569a3,"size == ""1""","isEmpty == ""True""","peek_obj_type == ""class java.lang.String""","push == ""False""","pop == ""True""","clear == ""False""","calledMethod == ""pop""","size_p == ""1""",Yes
1098,1607899197672:1d9b0828-6fcb-4b3a-a6e2-2a0fbf2f1051,1607899197672:c0a22a40-9b6a-40e3-ae6e-ea20a2cbfdd7,"size == ""1""","isEmpty == ""True""","peek_obj_type == ""class java.lang.String""","push == ""True""","pop == ""False""","clear == ""False""","calledMethod == ""push""","size_p == ""0""",Yes
1099,1607899197672:1d9b0828-6fcb-4b3a-a6e2-2a0fbf2f1051,1607899197672:c0a22a40-9b6a-40e3-ae6e-ea20a2cbfdd7,"size == ""1""","isEmpty == ""True""","peek_obj_type == ""class java.lang.String""","push == ""False""","pop == ""False""","clear == ""True""","calledMethod == ""clear""","size_p == ""1""",Yes
1100,1607899197672:1d9b0828-6fcb-4b3a-a6e2-2a0fbf2f1051,1607899197672:c0a22a40-9b6a-40e3-ae6e-ea20a2cbfdd7,"size == ""1""","isEmpty == ""True""","peek_obj_type == ""class java.lang.String""","push == ""False""","pop == ""False""","clear == ""True""","calledMethod == ""clear""","size_p == ""1""",Yes
1101,1607899197672:1d9b0828-6fcb-4b3a-a6e2-2a0fbf2f1051,1607899197672:c0a22a40-9b6a-40e3-ae6e-ea20a2cbfdd7,"size == ""1""","isEmpty == ""True""","peek_obj_type == ""class java.lang.String""","push == ""False""","pop == ""False""","clear == ""True""","calledMethod == ""clear""","size_p == ""1""",Yes
1103,1607899197671:9ea4183d-fdea-4d47-bfca-d37eb9b0b02c,1607899197671:f54dc224-101e-4395-921a-814936625477,"size == ""1""","isEmpty == ""True""","peek_obj_type == ""class java.lang.String""","push == ""True""","pop == ""False""","clear == ""False""","calledMethod == ""push""","size_p == ""0""",Yes
1104,1607899197671:9ea4183d-fdea-4d47-bfca-d37eb9b0b02c,1607899197671:f54dc224-101e-4395-921a-814936625477,"size == ""2""","isEmpty == ""True""","peek_obj_type == ""class java.lang.String""","push == ""True""","pop == ""False""","clear == ""False""","calledMethod == ""push""","size_p == ""1""",Yes
1106,1607899197671:9ea4183d-fdea-4d47-bfca-d37eb9b0b02c,1607899197671:1759f22e-6e90-45ad-b78f-72d695879b40,"size == ""1""","isEmpty == ""True""","peek_obj_type == ""class java.lang.String""","push == ""True""","pop == ""False""","clear == ""False""","calledMethod == ""push""","size_p == ""0""",Yes
1107,1607899197671:9ea4183d-fdea-4d47-bfca-d37eb9b0b02c,1607899197671:1759f22e-6e90-45ad-b78f-72d695879b40,"size == ""1""","isEmpty == ""True""","peek_obj_type == ""class java.lang.String""","push == ""False""","pop == ""True""","clear == ""False""","calledMethod == ""pop""","size_p == ""1""",Yes
1109,1607899197671:33bfb108-9f57-4ab9-8d16-8f3edf7c747c,1607899197671:1bd96502-28a6-408b-bce3-7fad052f488a,"size == ""1""","isEmpty == ""True""","peek_obj_type == ""class java.lang.String""","push == ""True""","pop == ""False""","clear == ""False""","calledMethod == ""push""","size_p == ""0""",Yes
1110,1607899197671:33bfb108-9f57-4ab9-8d16-8f3edf7c747c,1607899197671:1bd96502-28a6-408b-bce3-7fad052f488a,"size == ""1""","isEmpty == ""True""","peek_obj_type == ""class java.lang.String""","push == ""False""","pop == ""True""","clear == ""False""","calledMethod == ""pop""","size_p == ""1""",Yes
1112,1607899197671:10f25be3-0013-4c78-af36-9ac284e80f24,1607899197671:c34202a9-ba18-4bb4-96a3-ca9d072c6568,"size == ""1""","isEmpty == ""True""","peek_obj_type == ""class java.lang.String""","push == ""True""","pop == ""False""","clear == ""False""","calledMethod == ""push""","size_p == ""0""",Yes
1113,1607899197671:10f25be3-0013-4c78-af36-9ac284e80f24,1607899197671:c34202a9-ba18-4bb4-96a3-ca9d072c6568,"size == ""1""","isEmpty == ""True""","peek_obj_type == ""class java.lang.String""","push == ""False""","pop == ""True""","clear == ""False""","calledMethod == ""pop""","size_p == ""1""",Yes
1116,1607899197671:10f25be3-0013-4c78-af36-9ac284e80f24,1607899197671:4b1947b4-4f40-44ce-a229-7e52e323dd87,"size == ""1""","isEmpty == ""True""","peek_obj_type == ""class java.lang.String""","push == ""True""","pop == ""False""","clear == ""False""","calledMethod == ""push""","size_p == ""0""",Yes
1119,1607899197671:10f25be3-0013-4c78-af36-9ac284e80f24,1607899197671:09cb40a7-8664-4f3e-ab10-bf50fab76db6,"size == ""1""","isEmpty == ""True""","peek_obj_type == ""class java.lang.String""","push == ""True""","pop == ""False""","clear == ""False""","calledMethod == ""push""","size_p == ""0""",Yes
1120,1607899197671:10f25be3-0013-4c78-af36-9ac284e80f24,1607899197671:09cb40a7-8664-4f3e-ab10-bf50fab76db6,"size == ""1""","isEmpty == ""True""","peek_obj_type == ""class java.lang.String""","push == ""False""","pop == ""False""","clear == ""True""","calledMethod == ""clear""","size_p == ""1""",Yes
1121,1607899197671:10f25be3-0013-4c78-af36-9ac284e80f24,1607899197671:09cb40a7-8664-4f3e-ab10-bf50fab76db6,"size == ""1""","isEmpty == ""True""","peek_obj_type == ""class java.lang.String""","push == ""False""","pop == ""False""","clear == ""True""","calledMethod == ""clear""","size_p == ""1""",Yes
1122,1607899197671:10f25be3-0013-4c78-af36-9ac284e80f24,1607899197671:09cb40a7-8664-4f3e-ab10-bf50fab76db6,"size == ""1""","isEmpty == ""True""","peek_obj_type == ""class java.lang.String""","push == ""False""","pop == ""False""","clear == ""True""","calledMethod == ""clear""","size_p == ""1""",Yes
1123,1607899197671:10f25be3-0013-4c78-af36-9ac284e80f24,1607899197671:09cb40a7-8664-4f3e-ab10-bf50fab76db6,"size == ""1""","isEmpty == ""True""","peek_obj_type == ""class java.lang.String""","push == ""False""","pop == ""False""","clear == ""True""","calledMethod == ""clear""","size_p == ""1""",Yes
1125,1607899197670:f1f47167-d239-4350-8690-cd8523452d6c,1607899197670:b68969d0-f7f9-4b5b-b9f7-fb3cd7f8c382,"size == ""1""","isEmpty == ""True""","peek_obj_type == ""class java.lang.String""","push == ""True""","pop == ""False""","clear == ""False""","calledMethod == ""push""","size_p == ""0""",Yes
1126,1607899197670:f1f47167-d239-4350-8690-cd8523452d6c,1607899197670:b68969d0-f7f9-4b5b-b9f7-fb3cd7f8c382,"size == ""1""","isEmpty == ""True""","peek_obj_type == ""class java.lang.String""","push == ""False""","pop == ""True""","clear == ""False""","calledMethod == ""pop""","size_p == ""1""",Yes
1129,1607899197670:f1f47167-d239-4350-8690-cd8523452d6c,1607899197670:2a920f9c-3d17-4920-88cc-8ec7c73490ef,"size == ""1""","isEmpty == ""True""","peek_obj_type == ""class java.lang.String""","push == ""True""","pop == ""False""","clear == ""False""","calledMethod == ""push""","size_p == ""0""",Yes
1130,1607899197670:f1f47167-d239-4350-8690-cd8523452d6c,1607899197670:2a920f9c-3d17-4920-88cc-8ec7c73490ef,"size == ""1""","isEmpty == ""True""","peek_obj_type == ""class java.lang.String""","push == ""False""","pop == ""False""","clear == ""True""","calledMethod == ""clear""","size_p == ""1""",Yes
1131,1607899197670:f1f47167-d239-4350-8690-cd8523452d6c,1607899197670:2a920f9c-3d17-4920-88cc-8ec7c73490ef,"size == ""1""","isEmpty == ""True""","peek_obj_type == ""class java.lang.String""","push == ""False""","pop == ""False""","clear == ""True""","calledMethod == ""clear""","size_p == ""1""",Yes
1132,1607899197670:f1f47167-d239-4350-8690-cd8523452d6c,1607899197670:2a920f9c-3d17-4920-88cc-8ec7c73490ef,"size == ""1""","isEmpty == ""True""","peek_obj_type == ""class java.lang.String""","push == ""False""","pop == ""False""","clear == ""True""","calledMethod == ""clear""","size_p == ""1""",Yes
1134,1607899197670:b77111f9-d187-4ae5-9352-b2b730550ef6,1607899197670:29ebb718-ec51-4843-b446-edc9e07df0bc,"size == ""1""","isEmpty == ""True""","peek_obj_type == ""class java.lang.String""","push == ""True""","pop == ""False""","clear == ""False""","calledMethod == ""push""","size_p == ""0""",Yes
1135,1607899197670:b77111f9-d187-4ae5-9352-b2b730550ef6,1607899197670:29ebb718-ec51-4843-b446-edc9e07df0bc,"size == ""2""","isEmpty == ""True""","peek_obj_type == ""class java.lang.String""","push == ""True""","pop == ""False""","clear == ""False""","calledMethod == ""push""","size_p == ""1""",Yes
1136,1607899197670:b77111f9-d187-4ae5-9352-b2b730550ef6,1607899197670:29ebb718-ec51-4843-b446-edc9e07df0bc,"size == ""2""","isEmpty == ""True""","peek_obj_type == ""class java.lang.String""","push == ""False""","pop == ""False""","clear == ""True""","calledMethod == ""clear""","size_p == ""2""",Yes
1137,1607899197670:b77111f9-d187-4ae5-9352-b2b730550ef6,1607899197670:29ebb718-ec51-4843-b446-edc9e07df0bc,"size == ""2""","isEmpty == ""True""","peek_obj_type == ""class java.lang.String""","push == ""False""","pop == ""True""","clear == ""False""","calledMethod == ""pop""","size_p == ""2""",Yes
1139,1607899197670:ac7e2354-5a27-49c6-bb12-1d56ca80cff2,1607899197670:8322a1b8-5086-4bb6-95e9-724714358054,"size == ""1""","isEmpty == ""True""","peek_obj_type == ""class java.lang.String""","push == ""True""","pop == ""False""","clear == ""False""","calledMethod == ""push""","size_p == ""0""",Yes
1140,1607899197670:ac7e2354-5a27-49c6-bb12-1d56ca80cff2,1607899197670:8322a1b8-5086-4bb6-95e9-724714358054,"size == ""1""","isEmpty == ""True""","peek_obj_type == ""class java.lang.String""","push == ""False""","pop == ""True""","clear == ""False""","calledMethod == ""pop""","size_p == ""1""",Yes
1142,1607899197670:4a2d06ce-ddd8-4823-8050-a5fe88204ed7,1607899197671:cb3c2547-7984-4739-b777-bda3083e2d62,"size == ""1""","isEmpty == ""True""","peek_obj_type == ""class java.lang.String""","push == ""True""","pop == ""False""","clear == ""False""","calledMethod == ""push""","size_p == ""0""",Yes
1143,1607899197670:4a2d06ce-ddd8-4823-8050-a5fe88204ed7,1607899197671:cb3c2547-7984-4739-b777-bda3083e2d62,"size == ""1""","isEmpty == ""True""","peek_obj_type == ""class java.lang.String""","push == ""False""","pop == ""True""","clear == ""False""","calledMethod == ""pop""","size_p == ""1""",Yes
1146,1607899197670:4a2d06ce-ddd8-4823-8050-a5fe88204ed7,1607899197670:4530fc1e-4bca-451f-95e1-10901c6e30c8,"size == ""1""","isEmpty == ""True""","peek_obj_type == ""class java.lang.String""","push == ""True""","pop == ""False""","clear == ""False""","calledMethod == ""push""","size_p == ""0""",Yes
1148,1607899197670:3112e269-ad62-4725-97dd-78be185c0a98,1607899197670:6eb930ad-d7b6-4d18-ae7b-ffe4897161a2,"size == ""1""","isEmpty == ""True""","peek_obj_type == ""class java.lang.String""","push == ""True""","pop == ""False""","clear == ""False""","calledMethod == ""push""","size_p == ""0""",Yes
1149,1607899197670:3112e269-ad62-4725-97dd-78be185c0a98,1607899197670:6eb930ad-d7b6-4d18-ae7b-ffe4897161a2,"size == ""1""","isEmpty == ""True""","peek_obj_type == ""class java.lang.String""","push == ""False""","pop == ""True""","clear == ""False""","calledMethod == ""pop""","size_p == ""1""",Yes
1152,1607899197669:cd7977fc-2d3b-44e1-9379-ae87d92de7f5,1607899197669:1d43007f-120d-4d62-9c8b-93a27be06ecf,"size == ""1""","isEmpty == ""True""","peek_obj_type == ""class java.lang.String""","push == ""True""","pop == ""False""","clear == ""False""","calledMethod == ""push""","size_p == ""0""",Yes
1153,1607899197669:cd7977fc-2d3b-44e1-9379-ae87d92de7f5,1607899197669:1d43007f-120d-4d62-9c8b-93a27be06ecf,"size == ""1""","isEmpty == ""True""","peek_obj_type == ""class java.lang.String""","push == ""False""","pop == ""True""","clear == ""False""","calledMethod == ""pop""","size_p == ""1""",Yes
1155,1607899197669:88d4ee42-0a18-43be-8836-5b7748258468,1607899197669:d9a31f85-8647-4157-97fe-90759e09bef7,"size == ""1""","isEmpty == ""True""","peek_obj_type == ""class java.lang.String""","push == ""True""","pop == ""False""","clear == ""False""","calledMethod == ""push""","size_p == ""0""",Yes
1157,1607899197669:88d4ee42-0a18-43be-8836-5b7748258468,1607899197669:bfb365a8-6c4a-4ee7-9ddd-5948595f9952,"size == ""1""","isEmpty == ""True""","peek_obj_type == ""class java.lang.String""","push == ""True""","pop == ""False""","clear == ""False""","calledMethod == ""push""","size_p == ""0""",Yes
1158,1607899197669:88d4ee42-0a18-43be-8836-5b7748258468,1607899197669:bfb365a8-6c4a-4ee7-9ddd-5948595f9952,"size == ""1""","isEmpty == ""True""","peek_obj_type == ""class java.lang.String""","push == ""False""","pop == ""True""","clear == ""False""","calledMethod == ""pop""","size_p == ""1""",Yes
1160,1607899197669:83fa3a58-744a-4990-a504-2f1ea5545ec4,1607899197669:53cde514-9ea4-462e-81bd-e1829a3525e9,"size == ""1""","isEmpty == ""True""","peek_obj_type == ""class java.lang.String""","push == ""True""","pop == ""False""","clear == ""False""","calledMethod == ""push""","size_p == ""0""",Yes
1161,1607899197669:83fa3a58-744a-4990-a504-2f1ea5545ec4,1607899197669:53cde514-9ea4-462e-81bd-e1829a3525e9,"size == ""1""","isEmpty == ""True""","peek_obj_type == ""class java.lang.String""","push == ""False""","pop == ""True""","clear == ""False""","calledMethod == ""pop""","size_p == ""1""",Yes
1163,1607899197669:5d7bab1c-7d65-4dde-a1e6-990a955141b9,1607899197669:0f9a615b-b23a-453a-aa4a-fbdfc7b0ae1a,"size == ""1""","isEmpty == ""True""","peek_obj_type == ""class java.lang.String""","push == ""True""","pop == ""False""","clear == ""False""","calledMethod == ""push""","size_p == ""0""",Yes
1164,1607899197669:5d7bab1c-7d65-4dde-a1e6-990a955141b9,1607899197669:0f9a615b-b23a-453a-aa4a-fbdfc7b0ae1a,"size == ""1""","isEmpty == ""True""","peek_obj_type == ""class java.lang.String""","push == ""False""","pop == ""True""","clear == ""False""","calledMethod == ""pop""","size_p == ""1""",Yes
1166,1607899197668:ec369c4c-d00c-4c1f-b902-1eba88b01eff,1607899197668:8c88be7f-e556-4ad7-aae8-312afbe15ad7,"size == ""1""","isEmpty == ""True""","peek_obj_type == ""class java.lang.String""","push == ""True""","pop == ""False""","clear == ""False""","calledMethod == ""push""","size_p == ""0""",Yes
1167,1607899197668:ec369c4c-d00c-4c1f-b902-1eba88b01eff,1607899197668:8c88be7f-e556-4ad7-aae8-312afbe15ad7,"size == ""1""","isEmpty == ""True""","peek_obj_type == ""class java.lang.String""","push == ""False""","pop == ""True""","clear == ""False""","calledMethod == ""pop""","size_p == ""1""",Yes
1170,1607899197668:ec369c4c-d00c-4c1f-b902-1eba88b01eff,1607899197668:1edda583-829b-4770-b39e-c25571b75fda,"size == ""1""","isEmpty == ""True""","peek_obj_type == ""class java.lang.String""","push == ""True""","pop == ""False""","clear == ""False""","calledMethod == ""push""","size_p == ""0""",Yes
1171,1607899197668:ec369c4c-d00c-4c1f-b902-1eba88b01eff,1607899197668:1edda583-829b-4770-b39e-c25571b75fda,"size == ""1""","isEmpty == ""True""","peek_obj_type == ""class java.lang.String""","push == ""False""","pop == ""False""","clear == ""True""","calledMethod == ""clear""","size_p == ""1""",Yes
1172,1607899197668:ec369c4c-d00c-4c1f-b902-1eba88b01eff,1607899197668:1edda583-829b-4770-b39e-c25571b75fda,"size == ""1""","isEmpty == ""True""","peek_obj_type == ""class java.lang.String""","push == ""False""","pop == ""False""","clear == ""True""","calledMethod == ""clear""","size_p == ""1""",Yes
1173,1607899197668:ec369c4c-d00c-4c1f-b902-1eba88b01eff,1607899197668:1edda583-829b-4770-b39e-c25571b75fda,"size == ""1""","isEmpty == ""True""","peek_obj_type == ""class java.lang.String""","push == ""False""","pop == ""False""","clear == ""True""","calledMethod == ""clear""","size_p == ""1""",Yes
1175,1607899197668:c2fdaf81-9d59-4beb-8172-fedd25d83aa0,1607899197668:bba3ec3f-be64-40d2-a505-9a5b6c6eca1c,"size == ""1""","isEmpty == ""True""","peek_obj_type == ""class java.lang.String""","push == ""True""","pop == ""False""","clear == ""False""","calledMethod == ""push""","size_p == ""0""",Yes
1176,1607899197668:c2fdaf81-9d59-4beb-8172-fedd25d83aa0,1607899197668:bba3ec3f-be64-40d2-a505-9a5b6c6eca1c,"size == ""1""","isEmpty == ""True""","peek_obj_type == ""class java.lang.String""","push == ""False""","pop == ""True""","clear == ""False""","calledMethod == ""pop""","size_p == ""1""",Yes
1178,1607899197668:afed8fb4-8a65-4f5e-b7e3-34edfbd1cd8c,1607899197668:b923d35c-aecd-4ae7-b36e-3da4089df45a,"size == ""1""","isEmpty == ""True""","peek_obj_type == ""class java.lang.String""","push == ""True""","pop == ""False""","clear == ""False""","calledMethod == ""push""","size_p == ""0""",Yes
1180,1607899197668:afed8fb4-8a65-4f5e-b7e3-34edfbd1cd8c,1607899197668:8a481177-52e7-493a-ad65-fcd161480eb9,"size == ""1""","isEmpty == ""True""","peek_obj_type == ""class java.lang.String""","push == ""True""","pop == ""False""","clear == ""False""","calledMethod == ""push""","size_p == ""0""",Yes
1181,1607899197668:afed8fb4-8a65-4f5e-b7e3-34edfbd1cd8c,1607899197668:8a481177-52e7-493a-ad65-fcd161480eb9,"size == ""1""","isEmpty == ""True""","peek_obj_type == ""class java.lang.String""","push == ""False""","pop == ""True""","clear == ""False""","calledMethod == ""pop""","size_p == ""1""",Yes
1183,1607899197668:afed8fb4-8a65-4f5e-b7e3-34edfbd1cd8c,1607899197668:77b9082c-55ba-4beb-a539-d9f0d8427ff0,"size == ""1""","isEmpty == ""True""","peek_obj_type == ""class java.lang.String""","push == ""True""","pop == ""False""","clear == ""False""","calledMethod == ""push""","size_p == ""0""",Yes
1184,1607899197668:afed8fb4-8a65-4f5e-b7e3-34edfbd1cd8c,1607899197668:77b9082c-55ba-4beb-a539-d9f0d8427ff0,"size == ""2""","isEmpty == ""True""","peek_obj_type == ""class java.lang.String""","push == ""True""","pop == ""False""","clear == ""False""","calledMethod == ""push""","size_p == ""1""",Yes
1185,1607899197668:afed8fb4-8a65-4f5e-b7e3-34edfbd1cd8c,1607899197668:77b9082c-55ba-4beb-a539-d9f0d8427ff0,"size == ""3""","isEmpty == ""True""","peek_obj_type == ""class java.lang.String""","push == ""True""","pop == ""False""","clear == ""False""","calledMethod == ""push""","size_p == ""2""",Yes
1186,1607899197668:afed8fb4-8a65-4f5e-b7e3-34edfbd1cd8c,1607899197668:77b9082c-55ba-4beb-a539-d9f0d8427ff0,"size == ""3""","isEmpty == ""True""","peek_obj_type == ""class java.lang.String""","push == ""False""","pop == ""False""","clear == ""True""","calledMethod == ""clear""","size_p == ""3""",Yes
1188,1607899197667:ca8d65c1-b353-4fa3-a9a6-ac83f372b0ff,1607899197667:901e402f-6bb9-4e0f-9c04-6e6943718d5b,"size == ""1""","isEmpty == ""True""","peek_obj_type == ""class java.lang.String""","push == ""True""","pop == ""False""","clear == ""False""","calledMethod == ""push""","size_p == ""0""",Yes
1190,1607899197667:ca8d65c1-b353-4fa3-a9a6-ac83f372b0ff,1607899197667:8a9c15c6-a242-43b6-82f4-53e5e6047776,"size == ""1""","isEmpty == ""True""","peek_obj_type == ""class java.lang.String""","push == ""True""","pop == ""False""","clear == ""False""","calledMethod == ""push""","size_p == ""0""",Yes
1191,1607899197667:ca8d65c1-b353-4fa3-a9a6-ac83f372b0ff,1607899197667:8a9c15c6-a242-43b6-82f4-53e5e6047776,"size == ""1""","isEmpty == ""True""","peek_obj_type == ""class java.lang.String""","push == ""False""","pop == ""True""","clear == ""False""","calledMethod == ""pop""","size_p == ""1""",Yes
1194,1607899197667:7b628b14-4c48-4d54-83e9-392dcbbdcb13,1607899197668:fde87d79-ff35-49ab-9c8f-036023ad3882,"size == ""1""","isEmpty == ""True""","peek_obj_type == ""class java.lang.String""","push == ""True""","pop == ""False""","clear == ""False""","calledMethod == ""push""","size_p == ""0""",Yes
1195,1607899197667:7b628b14-4c48-4d54-83e9-392dcbbdcb13,1607899197668:fde87d79-ff35-49ab-9c8f-036023ad3882,"size == ""1""","isEmpty == ""True""","peek_obj_type == ""class java.lang.String""","push == ""False""","pop == ""False""","clear == ""True""","calledMethod == ""clear""","size_p == ""1""",Yes
1196,1607899197667:7b628b14-4c48-4d54-83e9-392dcbbdcb13,1607899197668:fde87d79-ff35-49ab-9c8f-036023ad3882,"size == ""1""","isEmpty == ""True""","peek_obj_type == ""class java.lang.String""","push == ""False""","pop == ""False""","clear == ""True""","calledMethod == ""clear""","size_p == ""1""",Yes
1197,1607899197667:7b628b14-4c48-4d54-83e9-392dcbbdcb13,1607899197668:fde87d79-ff35-49ab-9c8f-036023ad3882,"size == ""1""","isEmpty == ""True""","peek_obj_type == ""class java.lang.String""","push == ""False""","pop == ""False""","clear == ""True""","calledMethod == ""clear""","size_p == ""1""",Yes
1199,1607899197667:7b628b14-4c48-4d54-83e9-392dcbbdcb13,1607899197668:05473ddf-ef63-4359-b6bd-8956408f3517,"size == ""1""","isEmpty == ""True""","peek_obj_type == ""class java.lang.String""","push == ""True""","pop == ""False""","clear == ""False""","calledMethod == ""push""","size_p == ""0""",Yes
1200,1607899197667:7b628b14-4c48-4d54-83e9-392dcbbdcb13,1607899197668:05473ddf-ef63-4359-b6bd-8956408f3517,"size == ""1""","isEmpty == ""True""","peek_obj_type == ""class java.lang.String""","push == ""False""","pop == ""True""","clear == ""False""","calledMethod == ""pop""","size_p == ""1""",Yes
1202,1607899197667:5d5c8481-998b-4cdb-b34f-000a7957eb6b,1607899197667:9031c8c7-c7e4-4e46-aeec-0eed2b00665f,"size == ""1""","isEmpty == ""True""","peek_obj_type == ""class java.lang.String""","push == ""True""","pop == ""False""","clear == ""False""","calledMethod == ""push""","size_p == ""0""",Yes
1203,1607899197667:5d5c8481-998b-4cdb-b34f-000a7957eb6b,1607899197667:9031c8c7-c7e4-4e46-aeec-0eed2b00665f,"size == ""1""","isEmpty == ""True""","peek_obj_type == ""class java.lang.String""","push == ""False""","pop == ""True""","clear == ""False""","calledMethod == ""pop""","size_p == ""1""",Yes
1205,1607899197667:48edbc08-18cf-498a-a706-abfb71eac37c,1607899197667:0ce79789-f018-4813-92b7-763188d244d3,"size == ""1""","isEmpty == ""True""","peek_obj_type == ""class java.lang.String""","push == ""True""","pop == ""False""","clear == ""False""","calledMethod == ""push""","size_p == ""0""",Yes
1206,1607899197667:48edbc08-18cf-498a-a706-abfb71eac37c,1607899197667:0ce79789-f018-4813-92b7-763188d244d3,"size == ""1""","isEmpty == ""True""","peek_obj_type == ""class java.lang.String""","push == ""False""","pop == ""True""","clear == ""False""","calledMethod == ""pop""","size_p == ""1""",Yes
1208,1607899197667:27649913-884f-482d-872a-04ce973151d1,1607899197667:c2e1fb68-433c-4a1b-9a1a-488dadc8c7bc,"size == ""1""","isEmpty == ""True""","peek_obj_type == ""class java.lang.String""","push == ""True""","pop == ""False""","clear == ""False""","calledMethod == ""push""","size_p == ""0""",Yes
1209,1607899197667:27649913-884f-482d-872a-04ce973151d1,1607899197667:c2e1fb68-433c-4a1b-9a1a-488dadc8c7bc,"size == ""1""","isEmpty == ""True""","peek_obj_type == ""class java.lang.String""","push == ""False""","pop == ""True""","clear == ""False""","calledMethod == ""pop""","size_p == ""1""",Yes
1211,1607899197667:27649913-884f-482d-872a-04ce973151d1,1607899197667:3be31b45-5143-4340-9bd2-d5206a595c02,"size == ""1""","isEmpty == ""True""","peek_obj_type == ""class java.lang.String""","push == ""True""","pop == ""False""","clear == ""False""","calledMethod == ""push""","size_p == ""0""",Yes
1214,1607899197667:1e2ad027-c17e-4f4d-819d-8278964e4c53,1607899197667:d7074183-ff1f-4882-ad04-bdc90cdd2906,"size == ""1""","isEmpty == ""True""","peek_obj_type == ""class java.lang.String""","push == ""True""","pop == ""False""","clear == ""False""","calledMethod == ""push""","size_p == ""0""",Yes
1215,1607899197667:1e2ad027-c17e-4f4d-819d-8278964e4c53,1607899197667:d7074183-ff1f-4882-ad04-bdc90cdd2906,"size == ""1""","isEmpty == ""True""","peek_obj_type == ""class java.lang.String""","push == ""False""","pop == ""True""","clear == ""False""","calledMethod == ""pop""","size_p == ""1""",Yes
1217,1607899197666:d3867d73-3053-42ff-bffa-01d6d0b87fbe,1607899197666:7a4094df-da2f-404f-a317-fb171500230f,"size == ""1""","isEmpty == ""True""","peek_obj_type == ""class java.lang.String""","push == ""True""","pop == ""False""","clear == ""False""","calledMethod == ""push""","size_p == ""0""",Yes
1218,1607899197666:d3867d73-3053-42ff-bffa-01d6d0b87fbe,1607899197666:7a4094df-da2f-404f-a317-fb171500230f,"size == ""1""","isEmpty == ""True""","peek_obj_type == ""class java.lang.String""","push == ""False""","pop == ""True""","clear == ""False""","calledMethod == ""pop""","size_p == ""1""",Yes
1220,1607899197666:a668b976-1ce6-44e7-b021-672177445120,1607899197666:051a775a-8797-4218-a45d-da4d6b90be30,"size == ""1""","isEmpty == ""True""","peek_obj_type == ""class java.lang.String""","push == ""True""","pop == ""False""","clear == ""False""","calledMethod == ""push""","size_p == ""0""",Yes
1221,1607899197666:a668b976-1ce6-44e7-b021-672177445120,1607899197666:051a775a-8797-4218-a45d-da4d6b90be30,"size == ""1""","isEmpty == ""True""","peek_obj_type == ""class java.lang.String""","push == ""False""","pop == ""True""","clear == ""False""","calledMethod == ""pop""","size_p == ""1""",Yes
1223,1607899197666:9c9bb5ce-3b8a-4e71-bd83-85113a8535a6,1607899197666:f7ac446c-910d-46b2-bccc-4a91e62b3f80,"size == ""1""","isEmpty == ""True""","peek_obj_type == ""class java.lang.String""","push == ""True""","pop == ""False""","clear == ""False""","calledMethod == ""push""","size_p == ""0""",Yes
1224,1607899197666:9c9bb5ce-3b8a-4e71-bd83-85113a8535a6,1607899197666:f7ac446c-910d-46b2-bccc-4a91e62b3f80,"size == ""1""","isEmpty == ""True""","peek_obj_type == ""class java.lang.String""","push == ""False""","pop == ""True""","clear == ""False""","calledMethod == ""pop""","size_p == ""1""",Yes
1227,1607899197666:9664b15f-7914-4a64-be05-7c6418a1821a,1607899197666:fbfca789-c369-45b4-b487-fcbd86ea848d,"size == ""1""","isEmpty == ""True""","peek_obj_type == ""class java.lang.String""","push == ""True""","pop == ""False""","clear == ""False""","calledMethod == ""push""","size_p == ""0""",Yes
1228,1607899197666:9664b15f-7914-4a64-be05-7c6418a1821a,1607899197666:fbfca789-c369-45b4-b487-fcbd86ea848d,"size == ""1""","isEmpty == ""True""","peek_obj_type == ""class java.lang.String""","push == ""False""","pop == ""False""","clear == ""True""","calledMethod == ""clear""","size_p == ""1""",Yes
1229,1607899197666:9664b15f-7914-4a64-be05-7c6418a1821a,1607899197666:fbfca789-c369-45b4-b487-fcbd86ea848d,"size == ""1""","isEmpty == ""True""","peek_obj_type == ""class java.lang.String""","push == ""False""","pop == ""False""","clear == ""True""","calledMethod == ""clear""","size_p == ""1""",Yes
1230,1607899197666:9664b15f-7914-4a64-be05-7c6418a1821a,1607899197666:fbfca789-c369-45b4-b487-fcbd86ea848d,"size == ""1""","isEmpty == ""True""","peek_obj_type == ""class java.lang.String""","push == ""False""","pop == ""False""","clear == ""True""","calledMethod == ""clear""","size_p == ""1""",Yes
1232,1607899197666:9664b15f-7914-4a64-be05-7c6418a1821a,1607899197666:ea5fd229-baaf-4670-a64e-5bcfecc8eb4b,"size == ""1""","isEmpty == ""True""","peek_obj_type == ""class java.lang.String""","push == ""True""","pop == ""False""","clear == ""False""","calledMethod == ""push""","size_p == ""0""",Yes
1233,1607899197666:9664b15f-7914-4a64-be05-7c6418a1821a,1607899197666:ea5fd229-baaf-4670-a64e-5bcfecc8eb4b,"size == ""1""","isEmpty == ""True""","peek_obj_type == ""class java.lang.String""","push == ""False""","pop == ""True""","clear == ""False""","calledMethod == ""pop""","size_p == ""1""",Yes
1236,1607899197666:9292784b-d179-4ba0-8521-fd092989a404,1607899197666:dd5f468d-5d35-4362-aafb-b5efb7b02608,"size == ""1""","isEmpty == ""True""","peek_obj_type == ""class java.lang.String""","push == ""True""","pop == ""False""","clear == ""False""","calledMethod == ""push""","size_p == ""0""",Yes
1237,1607899197666:9292784b-d179-4ba0-8521-fd092989a404,1607899197666:dd5f468d-5d35-4362-aafb-b5efb7b02608,"size == ""1""","isEmpty == ""True""","peek_obj_type == ""class java.lang.String""","push == ""False""","pop == ""True""","clear == ""False""","calledMethod == ""pop""","size_p == ""1""",Yes
1240,1607899197666:6839b720-6d43-45e3-ae91-0633132ec5c8,1607899197666:aa17206d-4ea6-4a2a-99cc-b650693ed7db,"size == ""1""","isEmpty == ""True""","peek_obj_type == ""class java.lang.String""","push == ""True""","pop == ""False""","clear == ""False""","calledMethod == ""push""","size_p == ""0""",Yes
1241,1607899197666:6839b720-6d43-45e3-ae91-0633132ec5c8,1607899197666:aa17206d-4ea6-4a2a-99cc-b650693ed7db,"size == ""1""","isEmpty == ""True""","peek_obj_type == ""class java.lang.String""","push == ""False""","pop == ""False""","clear == ""True""","calledMethod == ""clear""","size_p == ""1""",Yes
1242,1607899197666:6839b720-6d43-45e3-ae91-0633132ec5c8,1607899197666:aa17206d-4ea6-4a2a-99cc-b650693ed7db,"size == ""1""","isEmpty == ""True""","peek_obj_type == ""class java.lang.String""","push == ""False""","pop == ""False""","clear == ""True""","calledMethod == ""clear""","size_p == ""1""",Yes
1243,1607899197666:6839b720-6d43-45e3-ae91-0633132ec5c8,1607899197666:aa17206d-4ea6-4a2a-99cc-b650693ed7db,"size == ""1""","isEmpty == ""True""","peek_obj_type == ""class java.lang.String""","push == ""False""","pop == ""False""","clear == ""True""","calledMethod == ""clear""","size_p == ""1""",Yes
1245,1607899197666:6839b720-6d43-45e3-ae91-0633132ec5c8,1607899197666:66e8163d-5b86-4088-bc93-d6d70535f49b,"size == ""1""","isEmpty == ""True""","peek_obj_type == ""class java.lang.String""","push == ""True""","pop == ""False""","clear == ""False""","calledMethod == ""push""","size_p == ""0""",Yes
1246,1607899197666:6839b720-6d43-45e3-ae91-0633132ec5c8,1607899197666:66e8163d-5b86-4088-bc93-d6d70535f49b,"size == ""1""","isEmpty == ""True""","peek_obj_type == ""class java.lang.String""","push == ""False""","pop == ""True""","clear == ""False""","calledMethod == ""pop""","size_p == ""1""",Yes
1248,1607899197666:01b512c5-f664-40dc-906c-62b7cf27527c,1607899197666:ed671c10-4574-4d9e-b2b5-367de1910c3f,"size == ""1""","isEmpty == ""True""","peek_obj_type == ""class java.lang.String""","push == ""True""","pop == ""False""","clear == ""False""","calledMethod == ""push""","size_p == ""0""",Yes
1251,1607899197666:01b512c5-f664-40dc-906c-62b7cf27527c,1607899197666:6f33b1e2-0a49-411c-8385-d8c5d3b2f60b,"size == ""1""","isEmpty == ""True""","peek_obj_type == ""class java.lang.String""","push == ""True""","pop == ""False""","clear == ""False""","calledMethod == ""push""","size_p == ""0""",Yes
1252,1607899197666:01b512c5-f664-40dc-906c-62b7cf27527c,1607899197666:6f33b1e2-0a49-411c-8385-d8c5d3b2f60b,"size == ""1""","isEmpty == ""True""","peek_obj_type == ""class java.lang.String""","push == ""False""","pop == ""True""","clear == ""False""","calledMethod == ""pop""","size_p == ""1""",Yes
1254,1607899197665:d5791283-31f3-463c-8188-d771dadc34df,1607899197665:4f7ded01-aaa6-482d-99cf-2f91fcadb832,"size == ""1""","isEmpty == ""True""","peek_obj_type == ""class java.lang.String""","push == ""True""","pop == ""False""","clear == ""False""","calledMethod == ""push""","size_p == ""0""",Yes
1255,1607899197665:d5791283-31f3-463c-8188-d771dadc34df,1607899197665:4f7ded01-aaa6-482d-99cf-2f91fcadb832,"size == ""1""","isEmpty == ""True""","peek_obj_type == ""class java.lang.String""","push == ""False""","pop == ""True""","clear == ""False""","calledMethod == ""pop""","size_p == ""1""",Yes
1257,1607899197665:d5791283-31f3-463c-8188-d771dadc34df,1607899197665:4c77eb69-ad6c-4659-bb80-f7945f47cb84,"size == ""1""","isEmpty == ""True""","peek_obj_type == ""class java.lang.String""","push == ""True""","pop == ""False""","clear == ""False""","calledMethod == ""push""","size_p == ""0""",Yes
1258,1607899197665:d5791283-31f3-463c-8188-d771dadc34df,1607899197665:4c77eb69-ad6c-4659-bb80-f7945f47cb84,"size == ""2""","isEmpty == ""True""","peek_obj_type == ""class java.lang.String""","push == ""True""","pop == ""False""","clear == ""False""","calledMethod == ""push""","size_p == ""1""",Yes
1260,1607899197665:b3319d9d-d7af-4918-b195-9787f82bf5ed,1607899197665:fc508d78-7346-46cc-82a1-31ce6dbb8b46,"size == ""1""","isEmpty == ""True""","peek_obj_type == ""class java.lang.String""","push == ""True""","pop == ""False""","clear == ""False""","calledMethod == ""push""","size_p == ""0""",Yes
1261,1607899197665:b3319d9d-d7af-4918-b195-9787f82bf5ed,1607899197665:fc508d78-7346-46cc-82a1-31ce6dbb8b46,"size == ""2""","isEmpty == ""True""","peek_obj_type == ""class java.lang.String""","push == ""True""","pop == ""False""","clear == ""False""","calledMethod == ""push""","size_p == ""1""",Yes
1262,1607899197665:b3319d9d-d7af-4918-b195-9787f82bf5ed,1607899197665:fc508d78-7346-46cc-82a1-31ce6dbb8b46,"size == ""3""","isEmpty == ""True""","peek_obj_type == ""class java.lang.String""","push == ""True""","pop == ""False""","clear == ""False""","calledMethod == ""push""","size_p == ""2""",Yes
1263,1607899197665:b3319d9d-d7af-4918-b195-9787f82bf5ed,1607899197665:fc508d78-7346-46cc-82a1-31ce6dbb8b46,"size == ""3""","isEmpty == ""True""","peek_obj_type == ""class java.lang.String""","push == ""False""","pop == ""True""","clear == ""False""","calledMethod == ""pop""","size_p == ""3""",Yes
1265,1607899197665:85aaa123-e627-4535-a17f-cdc889c0c073,1607899197665:81b755c1-f71d-43bf-bd58-f5cfc6966ced,"size == ""1""","isEmpty == ""True""","peek_obj_type == ""class java.lang.String""","push == ""True""","pop == ""False""","clear == ""False""","calledMethod == ""push""","size_p == ""0""",Yes
1266,1607899197665:85aaa123-e627-4535-a17f-cdc889c0c073,1607899197665:81b755c1-f71d-43bf-bd58-f5cfc6966ced,"size == ""1""","isEmpty == ""True""","peek_obj_type == ""class java.lang.String""","push == ""False""","pop == ""True""","clear == ""False""","calledMethod == ""pop""","size_p == ""1""",Yes
1268,1607899197665:69df9cec-2632-4931-aa00-77c07839922a,1607899197665:cd07d16c-5e79-4e31-8db9-a52ab6be1554,"size == ""1""","isEmpty == ""True""","peek_obj_type == ""class java.lang.String""","push == ""True""","pop == ""False""","clear == ""False""","calledMethod == ""push""","size_p == ""0""",Yes
1270,1607899197665:69df9cec-2632-4931-aa00-77c07839922a,1607899197665:b3b54a23-cba7-4fc7-8d92-d3ebcc3cba9f,"size == ""1""","isEmpty == ""True""","peek_obj_type == ""class java.lang.String""","push == ""True""","pop == ""False""","clear == ""False""","calledMethod == ""push""","size_p == ""0""",Yes
1271,1607899197665:69df9cec-2632-4931-aa00-77c07839922a,1607899197665:b3b54a23-cba7-4fc7-8d92-d3ebcc3cba9f,"size == ""1""","isEmpty == ""True""","peek_obj_type == ""class java.lang.String""","push == ""False""","pop == ""True""","clear == ""False""","calledMethod == ""pop""","size_p == ""1""",Yes
1273,1607899197665:6666cf51-cdeb-4e79-bd7a-e59db183ae7a,1607899197665:047eb79e-510c-4a5b-bfba-8be3f202a1ea,"size == ""1""","isEmpty == ""True""","peek_obj_type == ""class java.lang.String""","push == ""True""","pop == ""False""","clear == ""False""","calledMethod == ""push""","size_p == ""0""",Yes
1274,1607899197665:6666cf51-cdeb-4e79-bd7a-e59db183ae7a,1607899197665:047eb79e-510c-4a5b-bfba-8be3f202a1ea,"size == ""1""","isEmpty == ""True""","peek_obj_type == ""class java.lang.String""","push == ""False""","pop == ""True""","clear == ""False""","calledMethod == ""pop""","size_p == ""1""",Yes
1276,1607899197665:578cace3-4885-44c4-9ffb-e9fb88d930e4,1607899197665:be303306-3070-4840-aefd-07a661a2d73e,"size == ""1""","isEmpty == ""True""","peek_obj_type == ""class java.lang.String""","push == ""True""","pop == ""False""","clear == ""False""","calledMethod == ""push""","size_p == ""0""",Yes
1277,1607899197665:578cace3-4885-44c4-9ffb-e9fb88d930e4,1607899197665:be303306-3070-4840-aefd-07a661a2d73e,"size == ""1""","isEmpty == ""True""","peek_obj_type == ""class java.lang.String""","push == ""False""","pop == ""True""","clear == ""False""","calledMethod == ""pop""","size_p == ""1""",Yes
1279,1607899197665:578cace3-4885-44c4-9ffb-e9fb88d930e4,1607899197665:520c66ef-6297-47cf-a356-ea1f6d2bb478,"size == ""1""","isEmpty == ""True""","peek_obj_type == ""class java.lang.String""","push == ""True""","pop == ""False""","clear == ""False""","calledMethod == ""push""","size_p == ""0""",Yes
1280,1607899197665:578cace3-4885-44c4-9ffb-e9fb88d930e4,1607899197665:520c66ef-6297-47cf-a356-ea1f6d2bb478,"size == ""2""","isEmpty == ""True""","peek_obj_type == ""class java.lang.String""","push == ""True""","pop == ""False""","clear == ""False""","calledMethod == ""push""","size_p == ""1""",Yes
1282,1607899197665:5204ede9-31d3-41d6-abd9-d736d74a0fd3,1607899197665:d3e2c1af-8e90-40cb-b447-dd36f1a6d13c,"size == ""1""","isEmpty == ""True""","peek_obj_type == ""class java.lang.String""","push == ""True""","pop == ""False""","clear == ""False""","calledMethod == ""push""","size_p == ""0""",Yes
1283,1607899197665:5204ede9-31d3-41d6-abd9-d736d74a0fd3,1607899197665:d3e2c1af-8e90-40cb-b447-dd36f1a6d13c,"size == ""1""","isEmpty == ""True""","peek_obj_type == ""class java.lang.String""","push == ""False""","pop == ""True""","clear == ""False""","calledMethod == ""pop""","size_p == ""1""",Yes
1285,1607899197664:77b5c55d-43d7-403d-a275-e984efbb5ca2,1607899197664:fd68f390-52dc-4f39-ab27-a4405155e6e2,"size == ""1""","isEmpty == ""True""","peek_obj_type == ""class java.lang.String""","push == ""True""","pop == ""False""","clear == ""False""","calledMethod == ""push""","size_p == ""0""",Yes
1287,1607899197664:77b5c55d-43d7-403d-a275-e984efbb5ca2,1607899197664:02faea4c-915a-420c-82a1-ee32418ec669,"size == ""1""","isEmpty == ""True""","peek_obj_type == ""class java.lang.String""","push == ""True""","pop == ""False""","clear == ""False""","calledMethod == ""push""","size_p == ""0""",Yes
1288,1607899197664:77b5c55d-43d7-403d-a275-e984efbb5ca2,1607899197664:02faea4c-915a-420c-82a1-ee32418ec669,"size == ""1""","isEmpty == ""True""","peek_obj_type == ""class java.lang.String""","push == ""False""","pop == ""True""","clear == ""False""","calledMethod == ""pop""","size_p == ""1""",Yes
1290,1607899197664:59854507-d243-43e4-9009-eaea84379fa7,1607899197664:150ac20b-c88b-4c17-99dd-110ced05b72f,"size == ""1""","isEmpty == ""True""","peek_obj_type == ""class java.lang.String""","push == ""True""","pop == ""False""","clear == ""False""","calledMethod == ""push""","size_p == ""0""",Yes
1291,1607899197664:59854507-d243-43e4-9009-eaea84379fa7,1607899197664:150ac20b-c88b-4c17-99dd-110ced05b72f,"size == ""1""","isEmpty == ""True""","peek_obj_type == ""class java.lang.String""","push == ""False""","pop == ""True""","clear == ""False""","calledMethod == ""pop""","size_p == ""1""",Yes
1293,1607899197664:54be6546-dbe3-41cc-8c2f-3edf6d7c3443,1607899197664:7a3532ec-2aac-4b89-a3ad-a2dae342bd51,"size == ""1""","isEmpty == ""True""","peek_obj_type == ""class java.lang.String""","push == ""True""","pop == ""False""","clear == ""False""","calledMethod == ""push""","size_p == ""0""",Yes
1294,1607899197664:54be6546-dbe3-41cc-8c2f-3edf6d7c3443,1607899197664:7a3532ec-2aac-4b89-a3ad-a2dae342bd51,"size == ""1""","isEmpty == ""True""","peek_obj_type == ""class java.lang.String""","push == ""False""","pop == ""True""","clear == ""False""","calledMethod == ""pop""","size_p == ""1""",Yes
1296,1607899197664:53bd5a77-116b-47eb-9cca-a246de8f7b76,1607899197664:891f958d-6339-4617-b63e-0cad13ecdf18,"size == ""1""","isEmpty == ""True""","peek_obj_type == ""class java.lang.String""","push == ""True""","pop == ""False""","clear == ""False""","calledMethod == ""push""","size_p == ""0""",Yes
1298,1607899197664:53bd5a77-116b-47eb-9cca-a246de8f7b76,1607899197664:14e47551-12ef-44d0-bd2f-5ad983920374,"size == ""1""","isEmpty == ""True""","peek_obj_type == ""class java.lang.String""","push == ""True""","pop == ""False""","clear == ""False""","calledMethod == ""push""","size_p == ""0""",Yes
1299,1607899197664:53bd5a77-116b-47eb-9cca-a246de8f7b76,1607899197664:14e47551-12ef-44d0-bd2f-5ad983920374,"size == ""1""","isEmpty == ""True""","peek_obj_type == ""class java.lang.String""","push == ""False""","pop == ""True""","clear == ""False""","calledMethod == ""pop""","size_p == ""1""",Yes
1301,1607899197664:527e0e34-2c5c-4a96-ab62-da0a9f02719c,1607899197664:b4e0a35d-cfc1-4fb3-9def-e8e61b25b929,"size == ""1""","isEmpty == ""True""","peek_obj_type == ""class java.lang.String""","push == ""True""","pop == ""False""","clear == ""False""","calledMethod == ""push""","size_p == ""0""",Yes
1302,1607899197664:527e0e34-2c5c-4a96-ab62-da0a9f02719c,1607899197664:b4e0a35d-cfc1-4fb3-9def-e8e61b25b929,"size == ""1""","isEmpty == ""True""","peek_obj_type == ""class java.lang.String""","push == ""False""","pop == ""True""","clear == ""False""","calledMethod == ""pop""","size_p == ""1""",Yes
1304,1607899197664:527e0e34-2c5c-4a96-ab62-da0a9f02719c,1607899197664:21fa4078-8f57-410b-8a09-5d16106a80d3,"size == ""1""","isEmpty == ""True""","peek_obj_type == ""class java.lang.String""","push == ""True""","pop == ""False""","clear == ""False""","calledMethod == ""push""","size_p == ""0""",Yes
1306,1607899197664:16372770-1eb3-4f02-b7ab-b2f5621558d1,1607899197664:8222c1b1-25b8-4021-9df4-3ce50d92ca30,"size == ""1""","isEmpty == ""True""","peek_obj_type == ""class java.lang.String""","push == ""True""","pop == ""False""","clear == ""False""","calledMethod == ""push""","size_p == ""0""",Yes
1307,1607899197664:16372770-1eb3-4f02-b7ab-b2f5621558d1,1607899197664:8222c1b1-25b8-4021-9df4-3ce50d92ca30,"size == ""1""","isEmpty == ""True""","peek_obj_type == ""class java.lang.String""","push == ""False""","pop == ""True""","clear == ""False""","calledMethod == ""pop""","size_p == ""1""",Yes
1310,1607899197664:16372770-1eb3-4f02-b7ab-b2f5621558d1,1607899197664:39bb492a-4e10-4972-8694-74be5f4c442e,"size == ""1""","isEmpty == ""True""","peek_obj_type == ""class java.lang.String""","push == ""True""","pop == ""False""","clear == ""False""","calledMethod == ""push""","size_p == ""0""",Yes
1311,1607899197664:16372770-1eb3-4f02-b7ab-b2f5621558d1,1607899197664:39bb492a-4e10-4972-8694-74be5f4c442e,"size == ""1""","isEmpty == ""True""","peek_obj_type == ""class java.lang.String""","push == ""False""","pop == ""False""","clear == ""True""","calledMethod == ""clear""","size_p == ""1""",Yes
1312,1607899197664:16372770-1eb3-4f02-b7ab-b2f5621558d1,1607899197664:39bb492a-4e10-4972-8694-74be5f4c442e,"size == ""1""","isEmpty == ""True""","peek_obj_type == ""class java.lang.String""","push == ""False""","pop == ""False""","clear == ""True""","calledMethod == ""clear""","size_p == ""1""",Yes
1313,1607899197664:16372770-1eb3-4f02-b7ab-b2f5621558d1,1607899197664:39bb492a-4e10-4972-8694-74be5f4c442e,"size == ""1""","isEmpty == ""True""","peek_obj_type == ""class java.lang.String""","push == ""False""","pop == ""False""","clear == ""True""","calledMethod == ""clear""","size_p == ""1""",Yes
1315,1607899197664:0bf4af7a-54ee-4640-99c7-76539bb7e06c,1607899197664:bfd919bd-6f84-4975-b9b7-dccf5ff7cd65,"size == ""1""","isEmpty == ""True""","peek_obj_type == ""class java.lang.String""","push == ""True""","pop == ""False""","clear == ""False""","calledMethod == ""push""","size_p == ""0""",Yes
1316,1607899197664:0bf4af7a-54ee-4640-99c7-76539bb7e06c,1607899197664:bfd919bd-6f84-4975-b9b7-dccf5ff7cd65,"size == ""1""","isEmpty == ""True""","peek_obj_type == ""class java.lang.String""","push == ""False""","pop == ""True""","clear == ""False""","calledMethod == ""pop""","size_p == ""1""",Yes
1318,1607899197663:eaa02947-f084-4c6c-86f8-7ef73fd81dda,1607899197663:445f3240-bd51-4a00-8c32-982011a985a7,"size == ""1""","isEmpty == ""True""","peek_obj_type == ""class java.lang.String""","push == ""True""","pop == ""False""","clear == ""False""","calledMethod == ""push""","size_p == ""0""",Yes
1319,1607899197663:eaa02947-f084-4c6c-86f8-7ef73fd81dda,1607899197663:445f3240-bd51-4a00-8c32-982011a985a7,"size == ""1""","isEmpty == ""True""","peek_obj_type == ""class java.lang.String""","push == ""False""","pop == ""True""","clear == ""False""","calledMethod == ""pop""","size_p == ""1""",Yes
1321,1607899197663:e1d71d44-3526-46af-94e9-9b4553bbb39f,1607899197664:99d77ba3-3b63-4257-b027-d14dfabf70bc,"size == ""1""","isEmpty == ""True""","peek_obj_type == ""class java.lang.String""","push == ""True""","pop == ""False""","clear == ""False""","calledMethod == ""push""","size_p == ""0""",Yes
1322,1607899197663:e1d71d44-3526-46af-94e9-9b4553bbb39f,1607899197664:99d77ba3-3b63-4257-b027-d14dfabf70bc,"size == ""1""","isEmpty == ""True""","peek_obj_type == ""class java.lang.String""","push == ""False""","pop == ""True""","clear == ""False""","calledMethod == ""pop""","size_p == ""1""",Yes
1324,1607899197663:e1d71d44-3526-46af-94e9-9b4553bbb39f,1607899197664:4781985c-f72b-4f04-9d89-d1eafab8f292,"size == ""1""","isEmpty == ""True""","peek_obj_type == ""class java.lang.String""","push == ""True""","pop == ""False""","clear == ""False""","calledMethod == ""push""","size_p == ""0""",Yes
1327,1607899197663:d5767b4f-cda9-4a72-a8d8-7f0c9423147a,1607899197663:fcf4891f-0811-4626-b9c1-27a8c667357b,"size == ""1""","isEmpty == ""True""","peek_obj_type == ""class java.lang.String""","push == ""True""","pop == ""False""","clear == ""False""","calledMethod == ""push""","size_p == ""0""",Yes
1328,1607899197663:d5767b4f-cda9-4a72-a8d8-7f0c9423147a,1607899197663:fcf4891f-0811-4626-b9c1-27a8c667357b,"size == ""1""","isEmpty == ""True""","peek_obj_type == ""class java.lang.String""","push == ""False""","pop == ""True""","clear == ""False""","calledMethod == ""pop""","size_p == ""1""",Yes
1330,1607899197663:d5767b4f-cda9-4a72-a8d8-7f0c9423147a,1607899197663:cd6653e1-29fa-4019-85d0-c5d7f9b23fc3,"size == ""1""","isEmpty == ""True""","peek_obj_type == ""class java.lang.String""","push == ""True""","pop == ""False""","clear == ""False""","calledMethod == ""push""","size_p == ""0""",Yes
1334,1607899197663:d5767b4f-cda9-4a72-a8d8-7f0c9423147a,1607899197663:2b880325-74a7-46fd-a9e1-6bc9768f0a4a,"size == ""1""","isEmpty == ""True""","peek_obj_type == ""class java.lang.String""","push == ""True""","pop == ""False""","clear == ""False""","calledMethod == ""push""","size_p == ""0""",Yes
1335,1607899197663:d5767b4f-cda9-4a72-a8d8-7f0c9423147a,1607899197663:2b880325-74a7-46fd-a9e1-6bc9768f0a4a,"size == ""1""","isEmpty == ""True""","peek_obj_type == ""class java.lang.String""","push == ""False""","pop == ""False""","clear == ""True""","calledMethod == ""clear""","size_p == ""1""",Yes
1336,1607899197663:d5767b4f-cda9-4a72-a8d8-7f0c9423147a,1607899197663:2b880325-74a7-46fd-a9e1-6bc9768f0a4a,"size == ""1""","isEmpty == ""True""","peek_obj_type == ""class java.lang.String""","push == ""False""","pop == ""False""","clear == ""True""","calledMethod == ""clear""","size_p == ""1""",Yes
1337,1607899197663:d5767b4f-cda9-4a72-a8d8-7f0c9423147a,1607899197663:2b880325-74a7-46fd-a9e1-6bc9768f0a4a,"size == ""1""","isEmpty == ""True""","peek_obj_type == ""class java.lang.String""","push == ""False""","pop == ""False""","clear == ""True""","calledMethod == ""clear""","size_p == ""1""",Yes
1340,1607899197663:b9149e19-a404-441c-88b5-1443f8dda43f,1607899197663:2d2bcd3c-2e0b-4b67-b95d-b3cc1877b0e1,"size == ""1""","isEmpty == ""True""","peek_obj_type == ""class java.lang.String""","push == ""True""","pop == ""False""","clear == ""False""","calledMethod == ""push""","size_p == ""0""",Yes
1341,1607899197663:b9149e19-a404-441c-88b5-1443f8dda43f,1607899197663:2d2bcd3c-2e0b-4b67-b95d-b3cc1877b0e1,"size == ""1""","isEmpty == ""True""","peek_obj_type == ""class java.lang.String""","push == ""False""","pop == ""True""","clear == ""False""","calledMethod == ""pop""","size_p == ""1""",Yes
1344,1607899197663:b2abdb4f-61fc-4f02-903c-00ed75f885cc,1607899197663:0f134c99-2b99-4eb0-9700-4b018821acfb,"size == ""1""","isEmpty == ""True""","peek_obj_type == ""class java.lang.String""","push == ""True""","pop == ""False""","clear == ""False""","calledMethod == ""push""","size_p == ""0""",Yes
1345,1607899197663:b2abdb4f-61fc-4f02-903c-00ed75f885cc,1607899197663:0f134c99-2b99-4eb0-9700-4b018821acfb,"size == ""1""","isEmpty == ""True""","peek_obj_type == ""class java.lang.String""","push == ""False""","pop == ""False""","clear == ""True""","calledMethod == ""clear""","size_p == ""1""",Yes
1346,1607899197663:b2abdb4f-61fc-4f02-903c-00ed75f885cc,1607899197663:0f134c99-2b99-4eb0-9700-4b018821acfb,"size == ""1""","isEmpty == ""True""","peek_obj_type == ""class java.lang.String""","push == ""False""","pop == ""False""","clear == ""True""","calledMethod == ""clear""","size_p == ""1""",Yes
1347,1607899197663:b2abdb4f-61fc-4f02-903c-00ed75f885cc,1607899197663:0f134c99-2b99-4eb0-9700-4b018821acfb,"size == ""1""","isEmpty == ""True""","peek_obj_type == ""class java.lang.String""","push == ""False""","pop == ""False""","clear == ""True""","calledMethod == ""clear""","size_p == ""1""",Yes
1348,1607899197663:b2abdb4f-61fc-4f02-903c-00ed75f885cc,1607899197663:0f134c99-2b99-4eb0-9700-4b018821acfb,"size == ""1""","isEmpty == ""True""","peek_obj_type == ""class java.lang.String""","push == ""False""","pop == ""False""","clear == ""True""","calledMethod == ""clear""","size_p == ""1""",Yes
1349,1607899197663:b2abdb4f-61fc-4f02-903c-00ed75f885cc,1607899197663:0f134c99-2b99-4eb0-9700-4b018821acfb,"size == ""1""","isEmpty == ""True""","peek_obj_type == ""class java.lang.String""","push == ""False""","pop == ""False""","clear == ""True""","calledMethod == ""clear""","size_p == ""1""",Yes
1350,1607899197663:b2abdb4f-61fc-4f02-903c-00ed75f885cc,1607899197663:0f134c99-2b99-4eb0-9700-4b018821acfb,"size == ""1""","isEmpty == ""True""","peek_obj_type == ""class java.lang.String""","push == ""False""","pop == ""False""","clear == ""True""","calledMethod == ""clear""","size_p == ""1""",Yes
1351,1607899197663:b2abdb4f-61fc-4f02-903c-00ed75f885cc,1607899197663:0f134c99-2b99-4eb0-9700-4b018821acfb,"size == ""1""","isEmpty == ""True""","peek_obj_type == ""class java.lang.String""","push == ""False""","pop == ""True""","clear == ""False""","calledMethod == ""pop""","size_p == ""1""",Yes
1353,1607899197663:0a9e09af-b31b-441f-a5ed-b182f783b244,1607899197663:a155b3be-4c5b-4ee4-a25d-6f2ceb88e071,"size == ""1""","isEmpty == ""True""","peek_obj_type == ""class java.lang.String""","push == ""True""","pop == ""False""","clear == ""False""","calledMethod == ""push""","size_p == ""0""",Yes
1354,1607899197663:0a9e09af-b31b-441f-a5ed-b182f783b244,1607899197663:a155b3be-4c5b-4ee4-a25d-6f2ceb88e071,"size == ""1""","isEmpty == ""True""","peek_obj_type == ""class java.lang.String""","push == ""False""","pop == ""True""","clear == ""False""","calledMethod == ""pop""","size_p == ""1""",Yes
1357,1607899197663:0a9e09af-b31b-441f-a5ed-b182f783b244,1607899197663:1cb50a01-fc00-4bac-bdd5-9cdae4fb2142,"size == ""1""","isEmpty == ""True""","peek_obj_type == ""class java.lang.String""","push == ""True""","pop == ""False""","clear == ""False""","calledMethod == ""push""","size_p == ""0""",Yes
1358,1607899197663:0a9e09af-b31b-441f-a5ed-b182f783b244,1607899197663:1cb50a01-fc00-4bac-bdd5-9cdae4fb2142,"size == ""1""","isEmpty == ""True""","peek_obj_type == ""class java.lang.String""","push == ""False""","pop == ""False""","clear == ""True""","calledMethod == ""clear""","size_p == ""1""",Yes
1359,1607899197663:0a9e09af-b31b-441f-a5ed-b182f783b244,1607899197663:1cb50a01-fc00-4bac-bdd5-9cdae4fb2142,"size == ""1""","isEmpty == ""True""","peek_obj_type == ""class java.lang.String""","push == ""False""","pop == ""False""","clear == ""True""","calledMethod == ""clear""","size_p == ""1""",Yes
1360,1607899197663:0a9e09af-b31b-441f-a5ed-b182f783b244,1607899197663:1cb50a01-fc00-4bac-bdd5-9cdae4fb2142,"size == ""1""","isEmpty == ""True""","peek_obj_type == ""class java.lang.String""","push == ""False""","pop == ""False""","clear == ""True""","calledMethod == ""clear""","size_p == ""1""",Yes
1363,1607899197662:e488c1e6-8088-435f-bab4-4415b3ef2856,1607899197662:76e502a8-c0d0-4209-b26e-4cb19c9194ba,"size == ""1""","isEmpty == ""True""","peek_obj_type == ""class java.lang.String""","push == ""True""","pop == ""False""","clear == ""False""","calledMethod == ""push""","size_p == ""0""",Yes
1364,1607899197662:e488c1e6-8088-435f-bab4-4415b3ef2856,1607899197662:76e502a8-c0d0-4209-b26e-4cb19c9194ba,"size == ""1""","isEmpty == ""True""","peek_obj_type == ""class java.lang.String""","push == ""False""","pop == ""False""","clear == ""True""","calledMethod == ""clear""","size_p == ""1""",Yes
1365,1607899197662:e488c1e6-8088-435f-bab4-4415b3ef2856,1607899197662:76e502a8-c0d0-4209-b26e-4cb19c9194ba,"size == ""1""","isEmpty == ""True""","peek_obj_type == ""class java.lang.String""","push == ""False""","pop == ""False""","clear == ""True""","calledMethod == ""clear""","size_p == ""1""",Yes
1366,1607899197662:e488c1e6-8088-435f-bab4-4415b3ef2856,1607899197662:76e502a8-c0d0-4209-b26e-4cb19c9194ba,"size == ""1""","isEmpty == ""True""","peek_obj_type == ""class java.lang.String""","push == ""False""","pop == ""False""","clear == ""True""","calledMethod == ""clear""","size_p == ""1""",Yes
1368,1607899197662:e488c1e6-8088-435f-bab4-4415b3ef2856,1607899197662:171b7c31-58cc-4ca0-b7a0-6fa5549c52ea,"size == ""1""","isEmpty == ""True""","peek_obj_type == ""class java.lang.String""","push == ""True""","pop == ""False""","clear == ""False""","calledMethod == ""push""","size_p == ""0""",Yes
1369,1607899197662:e488c1e6-8088-435f-bab4-4415b3ef2856,1607899197662:171b7c31-58cc-4ca0-b7a0-6fa5549c52ea,"size == ""1""","isEmpty == ""True""","peek_obj_type == ""class java.lang.String""","push == ""False""","pop == ""True""","clear == ""False""","calledMethod == ""pop""","size_p == ""1""",Yes
1372,1607899197662:a8ea9c36-3669-4ac5-8f86-683d15c42722,1607899197662:42471ab9-a127-4a4f-82c3-a7d8fbd12895,"size == ""1""","isEmpty == ""True""","peek_obj_type == ""class java.lang.String""","push == ""True""","pop == ""False""","clear == ""False""","calledMethod == ""push""","size_p == ""0""",Yes
1373,1607899197662:a8ea9c36-3669-4ac5-8f86-683d15c42722,1607899197662:42471ab9-a127-4a4f-82c3-a7d8fbd12895,"size == ""1""","isEmpty == ""True""","peek_obj_type == ""class java.lang.String""","push == ""False""","pop == ""True""","clear == ""False""","calledMethod == ""pop""","size_p == ""1""",Yes
1375,1607899197662:a8ea9c36-3669-4ac5-8f86-683d15c42722,1607899197662:421f27bd-9660-4f8d-8791-284fc1d8ab81,"size == ""1""","isEmpty == ""True""","peek_obj_type == ""class java.lang.String""","push == ""True""","pop == ""False""","clear == ""False""","calledMethod == ""push""","size_p == ""0""",Yes
1377,1607899197662:933f44f3-e622-44a5-b841-22b80ed3243b,1607899197662:f6e99555-dbd8-4121-a205-08d2b8a3bf9d,"size == ""1""","isEmpty == ""True""","peek_obj_type == ""class java.lang.String""","push == ""True""","pop == ""False""","clear == ""False""","calledMethod == ""push""","size_p == ""0""",Yes
1380,1607899197662:933f44f3-e622-44a5-b841-22b80ed3243b,1607899197662:c2ce20b2-b720-4326-a248-1698e4a470ef,"size == ""1""","isEmpty == ""True""","peek_obj_type == ""class java.lang.String""","push == ""True""","pop == ""False""","clear == ""False""","calledMethod == ""push""","size_p == ""0""",Yes
1381,1607899197662:933f44f3-e622-44a5-b841-22b80ed3243b,1607899197662:c2ce20b2-b720-4326-a248-1698e4a470ef,"size == ""1""","isEmpty == ""True""","peek_obj_type == ""class java.lang.String""","push == ""False""","pop == ""True""","clear == ""False""","calledMethod == ""pop""","size_p == ""1""",Yes
1383,1607899197662:393a20af-af91-456f-b724-9cb9c65e17b7,1607899197662:1f54a97b-2475-4386-9d7a-f1f05a62163f,"size == ""1""","isEmpty == ""True""","peek_obj_type == ""class java.lang.String""","push == ""True""","pop == ""False""","clear == ""False""","calledMethod == ""push""","size_p == ""0""",Yes
1384,1607899197662:393a20af-af91-456f-b724-9cb9c65e17b7,1607899197662:1f54a97b-2475-4386-9d7a-f1f05a62163f,"size == ""1""","isEmpty == ""True""","peek_obj_type == ""class java.lang.String""","push == ""False""","pop == ""True""","clear == ""False""","calledMethod == ""pop""","size_p == ""1""",Yes
1387,1607899197662:393a20af-af91-456f-b724-9cb9c65e17b7,1607899197662:100864e3-0c18-482f-b01c-44448286e239,"size == ""1""","isEmpty == ""True""","peek_obj_type == ""class java.lang.String""","push == ""True""","pop == ""False""","clear == ""False""","calledMethod == ""push""","size_p == ""0""",Yes
1388,1607899197662:393a20af-af91-456f-b724-9cb9c65e17b7,1607899197662:100864e3-0c18-482f-b01c-44448286e239,"size == ""1""","isEmpty == ""True""","peek_obj_type == ""class java.lang.String""","push == ""False""","pop == ""False""","clear == ""True""","calledMethod == ""clear""","size_p == ""1""",Yes
1390,1607899197662:29c6d288-eb4c-4d49-aa95-83e253878fb0,1607899197662:dab4841c-8a18-4cf4-ad16-fa9057a33b50,"size == ""1""","isEmpty == ""True""","peek_obj_type == ""class java.lang.String""","push == ""True""","pop == ""False""","clear == ""False""","calledMethod == ""push""","size_p == ""0""",Yes
1391,1607899197662:29c6d288-eb4c-4d49-aa95-83e253878fb0,1607899197662:dab4841c-8a18-4cf4-ad16-fa9057a33b50,"size == ""1""","isEmpty == ""True""","peek_obj_type == ""class java.lang.String""","push == ""False""","pop == ""True""","clear == ""False""","calledMethod == ""pop""","size_p == ""1""",Yes
1393,1607899197661:9e16c18b-2d67-4de1-ba9e-390dfde04285,1607899197661:ed8b391a-233e-4fe2-82a4-822541bc1249,"size == ""1""","isEmpty == ""True""","peek_obj_type == ""class java.lang.String""","push == ""True""","pop == ""False""","clear == ""False""","calledMethod == ""push""","size_p == ""0""",Yes
1394,1607899197661:9e16c18b-2d67-4de1-ba9e-390dfde04285,1607899197661:ed8b391a-233e-4fe2-82a4-822541bc1249,"size == ""1""","isEmpty == ""True""","peek_obj_type == ""class java.lang.String""","push == ""False""","pop == ""True""","clear == ""False""","calledMethod == ""pop""","size_p == ""1""",Yes
1396,1607899197661:9e16c18b-2d67-4de1-ba9e-390dfde04285,1607899197661:4ad718c7-5dfb-4fb8-a5d2-beb4b2954d22,"size == ""1""","isEmpty == ""True""","peek_obj_type == ""class java.lang.String""","push == ""True""","pop == ""False""","clear == ""False""","calledMethod == ""push""","size_p == ""0""",Yes
1397,1607899197661:9e16c18b-2d67-4de1-ba9e-390dfde04285,1607899197661:4ad718c7-5dfb-4fb8-a5d2-beb4b2954d22,"size == ""2""","isEmpty == ""True""","peek_obj_type == ""class java.lang.String""","push == ""True""","pop == ""False""","clear == ""False""","calledMethod == ""push""","size_p == ""1""",Yes
1399,1607899197661:8ed542fe-1480-43aa-bf61-c0b419e62c46,1607899197661:9bd7710d-6fab-4b98-bc53-2f0c8240e963,"size == ""1""","isEmpty == ""True""","peek_obj_type == ""class java.lang.String""","push == ""True""","pop == ""False""","clear == ""False""","calledMethod == ""push""","size_p == ""0""",Yes
1400,1607899197661:8ed542fe-1480-43aa-bf61-c0b419e62c46,1607899197661:9bd7710d-6fab-4b98-bc53-2f0c8240e963,"size == ""2""","isEmpty == ""True""","peek_obj_type == ""class java.lang.String""","push == ""True""","pop == ""False""","clear == ""False""","calledMethod == ""push""","size_p == ""1""",Yes
1401,1607899197661:8ed542fe-1480-43aa-bf61-c0b419e62c46,1607899197661:9bd7710d-6fab-4b98-bc53-2f0c8240e963,"size == ""3""","isEmpty == ""True""","peek_obj_type == ""class java.lang.String""","push == ""True""","pop == ""False""","clear == ""False""","calledMethod == ""push""","size_p == ""2""",Yes
1403,1607899197661:8ed542fe-1480-43aa-bf61-c0b419e62c46,1607899197661:6bd8f89e-a0fb-4615-b8cc-777d6fa8aab3,"size == ""1""","isEmpty == ""True""","peek_obj_type == ""class java.lang.String""","push == ""True""","pop == ""False""","clear == ""False""","calledMethod == ""push""","size_p == ""0""",Yes
1404,1607899197661:8ed542fe-1480-43aa-bf61-c0b419e62c46,1607899197661:6bd8f89e-a0fb-4615-b8cc-777d6fa8aab3,"size == ""1""","isEmpty == ""True""","peek_obj_type == ""class java.lang.String""","push == ""False""","pop == ""True""","clear == ""False""","calledMethod == ""pop""","size_p == ""1""",Yes
1406,1607899197661:8bb1876c-9838-4464-bccc-e27ec0028d11,1607899197661:2dda8edc-b13f-4170-b9d2-7f2f8f4dec38,"size == ""1""","isEmpty == ""True""","peek_obj_type == ""class java.lang.String""","push == ""True""","pop == ""False""","clear == ""False""","calledMethod == ""push""","size_p == ""0""",Yes
1407,1607899197661:8bb1876c-9838-4464-bccc-e27ec0028d11,1607899197661:2dda8edc-b13f-4170-b9d2-7f2f8f4dec38,"size == ""1""","isEmpty == ""True""","peek_obj_type == ""class java.lang.String""","push == ""False""","pop == ""True""","clear == ""False""","calledMethod == ""pop""","size_p == ""1""",Yes
1410,1607899197661:8bb1876c-9838-4464-bccc-e27ec0028d11,1607899197661:0b8075ae-11e9-4ceb-a311-8ac1545c6ce1,"size == ""1""","isEmpty == ""True""","peek_obj_type == ""class java.lang.String""","push == ""True""","pop == ""False""","clear == ""False""","calledMethod == ""push""","size_p == ""0""",Yes
1411,1607899197661:8bb1876c-9838-4464-bccc-e27ec0028d11,1607899197661:0b8075ae-11e9-4ceb-a311-8ac1545c6ce1,"size == ""1""","isEmpty == ""True""","peek_obj_type == ""class java.lang.String""","push == ""False""","pop == ""False""","clear == ""True""","calledMethod == ""clear""","size_p == ""1""",Yes
1412,1607899197661:8bb1876c-9838-4464-bccc-e27ec0028d11,1607899197661:0b8075ae-11e9-4ceb-a311-8ac1545c6ce1,"size == ""1""","isEmpty == ""True""","peek_obj_type == ""class java.lang.String""","push == ""False""","pop == ""False""","clear == ""True""","calledMethod == ""clear""","size_p == ""1""",Yes
1413,1607899197661:8bb1876c-9838-4464-bccc-e27ec0028d11,1607899197661:0b8075ae-11e9-4ceb-a311-8ac1545c6ce1,"size == ""1""","isEmpty == ""True""","peek_obj_type == ""class java.lang.String""","push == ""False""","pop == ""False""","clear == ""True""","calledMethod == ""clear""","size_p == ""1""",Yes
1415,1607899197661:86026ab8-6076-44b5-a4d7-9165b11a5595,1607899197661:23a42737-6f72-4f5e-b431-1d86d1cf17bd,"size == ""1""","isEmpty == ""True""","peek_obj_type == ""class java.lang.String""","push == ""True""","pop == ""False""","clear == ""False""","calledMethod == ""push""","size_p == ""0""",Yes
1416,1607899197661:86026ab8-6076-44b5-a4d7-9165b11a5595,1607899197661:23a42737-6f72-4f5e-b431-1d86d1cf17bd,"size == ""1""","isEmpty == ""True""","peek_obj_type == ""class java.lang.String""","push == ""False""","pop == ""True""","clear == ""False""","calledMethod == ""pop""","size_p == ""1""",Yes
1418,1607899197661:5252d5f8-b6b4-4cb6-b4a4-2e2e10b885b8,1607899197661:742c956c-87d3-46d6-a9a3-1dcc3a16ceab,"size == ""1""","isEmpty == ""True""","peek_obj_type == ""class java.lang.String""","push == ""True""","pop == ""False""","clear == ""False""","calledMethod == ""push""","size_p == ""0""",Yes
1419,1607899197661:5252d5f8-b6b4-4cb6-b4a4-2e2e10b885b8,1607899197661:742c956c-87d3-46d6-a9a3-1dcc3a16ceab,"size == ""1""","isEmpty == ""True""","peek_obj_type == ""class java.lang.String""","push == ""False""","pop == ""True""","clear == ""False""","calledMethod == ""pop""","size_p == ""1""",Yes
1421,1607899197661:4f130470-d9c3-4e4d-8814-f4d992a8adff,1607899197662:8ce17196-ff39-486e-941b-815c0967c111,"size == ""1""","isEmpty == ""True""","peek_obj_type == ""class java.lang.String""","push == ""True""","pop == ""False""","clear == ""False""","calledMethod == ""push""","size_p == ""0""",Yes
1422,1607899197661:4f130470-d9c3-4e4d-8814-f4d992a8adff,1607899197662:8ce17196-ff39-486e-941b-815c0967c111,"size == ""1""","isEmpty == ""True""","peek_obj_type == ""class java.lang.String""","push == ""False""","pop == ""True""","clear == ""False""","calledMethod == ""pop""","size_p == ""1""",Yes
1425,1607899197661:4f130470-d9c3-4e4d-8814-f4d992a8adff,1607899197662:7d0a11e8-3a0d-4f7c-8982-ee64752998c1,"size == ""1""","isEmpty == ""True""","peek_obj_type == ""class java.lang.String""","push == ""True""","pop == ""False""","clear == ""False""","calledMethod == ""push""","size_p == ""0""",Yes
1426,1607899197661:4f130470-d9c3-4e4d-8814-f4d992a8adff,1607899197662:7d0a11e8-3a0d-4f7c-8982-ee64752998c1,"size == ""1""","isEmpty == ""True""","peek_obj_type == ""class java.lang.String""","push == ""False""","pop == ""False""","clear == ""True""","calledMethod == ""clear""","size_p == ""1""",Yes
1427,1607899197661:4f130470-d9c3-4e4d-8814-f4d992a8adff,1607899197662:7d0a11e8-3a0d-4f7c-8982-ee64752998c1,"size == ""1""","isEmpty == ""True""","peek_obj_type == ""class java.lang.String""","push == ""False""","pop == ""False""","clear == ""True""","calledMethod == ""clear""","size_p == ""1""",Yes
1428,1607899197661:4f130470-d9c3-4e4d-8814-f4d992a8adff,1607899197662:7d0a11e8-3a0d-4f7c-8982-ee64752998c1,"size == ""1""","isEmpty == ""True""","peek_obj_type == ""class java.lang.String""","push == ""False""","pop == ""False""","clear == ""True""","calledMethod == ""clear""","size_p == ""1""",Yes
1431,1607899197661:4f130470-d9c3-4e4d-8814-f4d992a8adff,1607899197661:8bd11fbf-5a81-475a-93db-a9e08cf10b4a,"size == ""1""","isEmpty == ""True""","peek_obj_type == ""class java.lang.String""","push == ""True""","pop == ""False""","clear == ""False""","calledMethod == ""push""","size_p == ""0""",Yes
1432,1607899197661:4f130470-d9c3-4e4d-8814-f4d992a8adff,1607899197661:8bd11fbf-5a81-475a-93db-a9e08cf10b4a,"size == ""1""","isEmpty == ""True""","peek_obj_type == ""class java.lang.String""","push == ""False""","pop == ""False""","clear == ""True""","calledMethod == ""clear""","size_p == ""1""",Yes
1435,1607899197660:e60f8210-65c4-4afb-9dd1-8b672416fc11,1607899197660:f281157a-3ac4-4668-85e4-fba4a6d0b7c1,"size == ""1""","isEmpty == ""True""","peek_obj_type == ""class java.lang.String""","push == ""True""","pop == ""False""","clear == ""False""","calledMethod == ""push""","size_p == ""0""",Yes
1436,1607899197660:e60f8210-65c4-4afb-9dd1-8b672416fc11,1607899197660:f281157a-3ac4-4668-85e4-fba4a6d0b7c1,"size == ""1""","isEmpty == ""True""","peek_obj_type == ""class java.lang.String""","push == ""False""","pop == ""False""","clear == ""True""","calledMethod == ""clear""","size_p == ""1""",Yes
1438,1607899197660:e60f8210-65c4-4afb-9dd1-8b672416fc11,1607899197660:5f5fd4b1-ff95-422d-b143-75ec51064813,"size == ""1""","isEmpty == ""True""","peek_obj_type == ""class java.lang.String""","push == ""True""","pop == ""False""","clear == ""False""","calledMethod == ""push""","size_p == ""0""",Yes
1439,1607899197660:e60f8210-65c4-4afb-9dd1-8b672416fc11,1607899197660:5f5fd4b1-ff95-422d-b143-75ec51064813,"size == ""1""","isEmpty == ""True""","peek_obj_type == ""class java.lang.String""","push == ""False""","pop == ""True""","clear == ""False""","calledMethod == ""pop""","size_p == ""1""",Yes
1441,1607899197660:b72b4933-9e79-4676-aad9-be86feb385c1,1607899197660:82f09a12-2e86-44a8-a832-eda2b7be38a7,"size == ""1""","isEmpty == ""True""","peek_obj_type == ""class java.lang.String""","push == ""True""","pop == ""False""","clear == ""False""","calledMethod == ""push""","size_p == ""0""",Yes
1442,1607899197660:b72b4933-9e79-4676-aad9-be86feb385c1,1607899197660:82f09a12-2e86-44a8-a832-eda2b7be38a7,"size == ""1""","isEmpty == ""True""","peek_obj_type == ""class java.lang.String""","push == ""False""","pop == ""True""","clear == ""False""","calledMethod == ""pop""","size_p == ""1""",Yes
1444,1607899197660:a7bbafce-73f6-42c0-b4c8-2343a9d95b72,1607899197660:8f945a96-c6e1-44c7-bc57-f6c543f05860,"size == ""1""","isEmpty == ""True""","peek_obj_type == ""class java.lang.String""","push == ""True""","pop == ""False""","clear == ""False""","calledMethod == ""push""","size_p == ""0""",Yes
1445,1607899197660:a7bbafce-73f6-42c0-b4c8-2343a9d95b72,1607899197660:8f945a96-c6e1-44c7-bc57-f6c543f05860,"size == ""1""","isEmpty == ""True""","peek_obj_type == ""class java.lang.String""","push == ""False""","pop == ""True""","clear == ""False""","calledMethod == ""pop""","size_p == ""1""",Yes
1447,1607899197660:88abee25-5775-4d0f-9fc9-697997c1842e,1607899197660:355d01bc-a7b5-4617-b901-fb3920fc6d30,"size == ""1""","isEmpty == ""True""","peek_obj_type == ""class java.lang.String""","push == ""True""","pop == ""False""","clear == ""False""","calledMethod == ""push""","size_p == ""0""",Yes
1448,1607899197660:88abee25-5775-4d0f-9fc9-697997c1842e,1607899197660:355d01bc-a7b5-4617-b901-fb3920fc6d30,"size == ""1""","isEmpty == ""True""","peek_obj_type == ""class java.lang.String""","push == ""False""","pop == ""True""","clear == ""False""","calledMethod == ""pop""","size_p == ""1""",Yes
1450,1607899197660:568537d3-56ec-4685-abc3-7de50ef927b2,1607899197660:ee402a9e-0b21-4829-aae7-c1b75c30df44,"size == ""1""","isEmpty == ""True""","peek_obj_type == ""class java.lang.String""","push == ""True""","pop == ""False""","clear == ""False""","calledMethod == ""push""","size_p == ""0""",Yes
1451,1607899197660:568537d3-56ec-4685-abc3-7de50ef927b2,1607899197660:ee402a9e-0b21-4829-aae7-c1b75c30df44,"size == ""1""","isEmpty == ""True""","peek_obj_type == ""class java.lang.String""","push == ""False""","pop == ""True""","clear == ""False""","calledMethod == ""pop""","size_p == ""1""",Yes
1453,1607899197660:568537d3-56ec-4685-abc3-7de50ef927b2,1607899197660:c7f1b37a-8e40-4cd1-b6ce-e05f62748366,"size == ""1""","isEmpty == ""True""","peek_obj_type == ""class java.lang.String""","push == ""True""","pop == ""False""","clear == ""False""","calledMethod == ""push""","size_p == ""0""",Yes
1454,1607899197660:568537d3-56ec-4685-abc3-7de50ef927b2,1607899197660:c7f1b37a-8e40-4cd1-b6ce-e05f62748366,"size == ""2""","isEmpty == ""True""","peek_obj_type == ""class java.lang.String""","push == ""True""","pop == ""False""","clear == ""False""","calledMethod == ""push""","size_p == ""1""",Yes
1457,1607899197659:f48749e9-3811-4d9f-8f48-07d573fb0e45,1607899197659:5cdf0f72-24d8-4171-ba88-b65b2689e2fd,"size == ""1""","isEmpty == ""True""","peek_obj_type == ""class java.lang.String""","push == ""True""","pop == ""False""","clear == ""False""","calledMethod == ""push""","size_p == ""0""",Yes
1458,1607899197659:f48749e9-3811-4d9f-8f48-07d573fb0e45,1607899197659:5cdf0f72-24d8-4171-ba88-b65b2689e2fd,"size == ""1""","isEmpty == ""True""","peek_obj_type == ""class java.lang.String""","push == ""False""","pop == ""False""","clear == ""True""","calledMethod == ""clear""","size_p == ""1""",Yes
1460,1607899197659:f48749e9-3811-4d9f-8f48-07d573fb0e45,1607899197659:47bc9639-2fbf-4fce-99ca-706c88b4b389,"size == ""1""","isEmpty == ""True""","peek_obj_type == ""class java.lang.String""","push == ""True""","pop == ""False""","clear == ""False""","calledMethod == ""push""","size_p == ""0""",Yes
1461,1607899197659:f48749e9-3811-4d9f-8f48-07d573fb0e45,1607899197659:47bc9639-2fbf-4fce-99ca-706c88b4b389,"size == ""1""","isEmpty == ""True""","peek_obj_type == ""class java.lang.String""","push == ""False""","pop == ""True""","clear == ""False""","calledMethod == ""pop""","size_p == ""1""",Yes
1463,1607899197659:f4153d25-7411-4bb8-8548-f5b7d55a529f,1607899197659:327d9b15-6b4e-4810-86e2-0738c9d0fb72,"size == ""1""","isEmpty == ""True""","peek_obj_type == ""class java.lang.String""","push == ""True""","pop == ""False""","clear == ""False""","calledMethod == ""push""","size_p == ""0""",Yes
1464,1607899197659:f4153d25-7411-4bb8-8548-f5b7d55a529f,1607899197659:327d9b15-6b4e-4810-86e2-0738c9d0fb72,"size == ""1""","isEmpty == ""True""","peek_obj_type == ""class java.lang.String""","push == ""False""","pop == ""True""","clear == ""False""","calledMethod == ""pop""","size_p == ""1""",Yes
1467,1607899197659:e45327db-7d1a-4a54-b72c-1cc5e13b3cb2,1607899197659:d2ebe085-89c5-4eff-b5db-9a0ca6c6e17e,"size == ""1""","isEmpty == ""True""","peek_obj_type == ""class java.lang.String""","push == ""True""","pop == ""False""","clear == ""False""","calledMethod == ""push""","size_p == ""0""",Yes
1468,1607899197659:e45327db-7d1a-4a54-b72c-1cc5e13b3cb2,1607899197659:d2ebe085-89c5-4eff-b5db-9a0ca6c6e17e,"size == ""1""","isEmpty == ""True""","peek_obj_type == ""class java.lang.String""","push == ""False""","pop == ""False""","clear == ""True""","calledMethod == ""clear""","size_p == ""1""",Yes
1469,1607899197659:e45327db-7d1a-4a54-b72c-1cc5e13b3cb2,1607899197659:d2ebe085-89c5-4eff-b5db-9a0ca6c6e17e,"size == ""1""","isEmpty == ""True""","peek_obj_type == ""class java.lang.String""","push == ""False""","pop == ""False""","clear == ""True""","calledMethod == ""clear""","size_p == ""1""",Yes
1470,1607899197659:e45327db-7d1a-4a54-b72c-1cc5e13b3cb2,1607899197659:d2ebe085-89c5-4eff-b5db-9a0ca6c6e17e,"size == ""1""","isEmpty == ""True""","peek_obj_type == ""class java.lang.String""","push == ""False""","pop == ""False""","clear == ""True""","calledMethod == ""clear""","size_p == ""1""",Yes
1472,1607899197659:e45327db-7d1a-4a54-b72c-1cc5e13b3cb2,1607899197659:b576dd80-279e-49fe-917c-5d6d85bb40b3,"size == ""1""","isEmpty == ""True""","peek_obj_type == ""class java.lang.String""","push == ""True""","pop == ""False""","clear == ""False""","calledMethod == ""push""","size_p == ""0""",Yes
1473,1607899197659:e45327db-7d1a-4a54-b72c-1cc5e13b3cb2,1607899197659:b576dd80-279e-49fe-917c-5d6d85bb40b3,"size == ""1""","isEmpty == ""True""","peek_obj_type == ""class java.lang.String""","push == ""False""","pop == ""True""","clear == ""False""","calledMethod == ""pop""","size_p == ""1""",Yes
1475,1607899197659:c810d543-b3f5-431b-8ba4-66e0541d9f97,1607899197659:83156630-0aa7-4139-868b-217d824b7579,"size == ""1""","isEmpty == ""True""","peek_obj_type == ""class java.lang.String""","push == ""True""","pop == ""False""","clear == ""False""","calledMethod == ""push""","size_p == ""0""",Yes
1476,1607899197659:c810d543-b3f5-431b-8ba4-66e0541d9f97,1607899197659:83156630-0aa7-4139-868b-217d824b7579,"size == ""1""","isEmpty == ""True""","peek_obj_type == ""class java.lang.String""","push == ""False""","pop == ""True""","clear == ""False""","calledMethod == ""pop""","size_p == ""1""",Yes
1478,1607899197659:c42fad12-892c-4104-b3f6-d5052b994452,1607899197659:e97bbff8-f1b5-461c-b911-f83e88df7a02,"size == ""1""","isEmpty == ""True""","peek_obj_type == ""class java.lang.String""","push == ""True""","pop == ""False""","clear == ""False""","calledMethod == ""push""","size_p == ""0""",Yes
1479,1607899197659:c42fad12-892c-4104-b3f6-d5052b994452,1607899197659:e97bbff8-f1b5-461c-b911-f83e88df7a02,"size == ""1""","isEmpty == ""True""","peek_obj_type == ""class java.lang.String""","push == ""False""","pop == ""True""","clear == ""False""","calledMethod == ""pop""","size_p == ""1""",Yes
1481,1607899197659:c42fad12-892c-4104-b3f6-d5052b994452,1607899197659:8b5c9225-4aa8-4ea1-aaf0-e3595e506a95,"size == ""1""","isEmpty == ""True""","peek_obj_type == ""class java.lang.String""","push == ""True""","pop == ""False""","clear == ""False""","calledMethod == ""push""","size_p == ""0""",Yes
1482,1607899197659:c42fad12-892c-4104-b3f6-d5052b994452,1607899197659:8b5c9225-4aa8-4ea1-aaf0-e3595e506a95,"size == ""2""","isEmpty == ""True""","peek_obj_type == ""class java.lang.String""","push == ""True""","pop == ""False""","clear == ""False""","calledMethod == ""push""","size_p == ""1""",Yes
1484,1607899197659:a60bb9ca-3073-4141-8555-05219158e3e0,1607899197659:ebf6acf3-1dc0-4aa1-b7e9-0223056114c5,"size == ""1""","isEmpty == ""True""","peek_obj_type == ""class java.lang.String""","push == ""True""","pop == ""False""","clear == ""False""","calledMethod == ""push""","size_p == ""0""",Yes
1485,1607899197659:a60bb9ca-3073-4141-8555-05219158e3e0,1607899197659:ebf6acf3-1dc0-4aa1-b7e9-0223056114c5,"size == ""1""","isEmpty == ""True""","peek_obj_type == ""class java.lang.String""","push == ""False""","pop == ""True""","clear == ""False""","calledMethod == ""pop""","size_p == ""1""",Yes
1488,1607899197659:0e515146-9144-4382-aa8a-a7c4d59e0368,1607899197659:f785d33c-0eda-4f30-940d-f0396b09975d,"size == ""1""","isEmpty == ""True""","peek_obj_type == ""class java.lang.String""","push == ""True""","pop == ""False""","clear == ""False""","calledMethod == ""push""","size_p == ""0""",Yes
1489,1607899197659:0e515146-9144-4382-aa8a-a7c4d59e0368,1607899197659:f785d33c-0eda-4f30-940d-f0396b09975d,"size == ""1""","isEmpty == ""True""","peek_obj_type == ""class java.lang.String""","push == ""False""","pop == ""True""","clear == ""False""","calledMethod == ""pop""","size_p == ""1""",Yes
1491,1607899197658:e9a55362-4370-4f9a-8b64-adaa9bf2bfd0,1607899197658:552c119c-3d20-4a14-ad30-3b482b4db228,"size == ""1""","isEmpty == ""True""","peek_obj_type == ""class java.lang.String""","push == ""True""","pop == ""False""","clear == ""False""","calledMethod == ""push""","size_p == ""0""",Yes
1492,1607899197658:e9a55362-4370-4f9a-8b64-adaa9bf2bfd0,1607899197658:552c119c-3d20-4a14-ad30-3b482b4db228,"size == ""1""","isEmpty == ""True""","peek_obj_type == ""class java.lang.String""","push == ""False""","pop == ""True""","clear == ""False""","calledMethod == ""pop""","size_p == ""1""",Yes
1494,1607899197658:da7c239a-2c64-4635-9aa9-317e920881b1,1607899197658:c7153457-bbff-4c0f-b758-254e946deec3,"size == ""1""","isEmpty == ""True""","peek_obj_type == ""class java.lang.String""","push == ""True""","pop == ""False""","clear == ""False""","calledMethod == ""push""","size_p == ""0""",Yes
1496,1607899197658:da7c239a-2c64-4635-9aa9-317e920881b1,1607899197658:bb74a1a4-7a97-4d5d-9c37-3dc4cd4c4cfc,"size == ""1""","isEmpty == ""True""","peek_obj_type == ""class java.lang.String""","push == ""True""","pop == ""False""","clear == ""False""","calledMethod == ""push""","size_p == ""0""",Yes
1497,1607899197658:da7c239a-2c64-4635-9aa9-317e920881b1,1607899197658:bb74a1a4-7a97-4d5d-9c37-3dc4cd4c4cfc,"size == ""1""","isEmpty == ""True""","peek_obj_type == ""class java.lang.String""","push == ""False""","pop == ""True""","clear == ""False""","calledMethod == ""pop""","size_p == ""1""",Yes
1500,1607899197658:d30b0af7-a82d-46e2-b04a-85d1a9fed968,1607899197658:939fb6a8-0e44-48a7-838f-effdee7d770b,"size == ""1""","isEmpty == ""True""","peek_obj_type == ""class java.lang.String""","push == ""True""","pop == ""False""","clear == ""False""","calledMethod == ""push""","size_p == ""0""",Yes
1501,1607899197658:d30b0af7-a82d-46e2-b04a-85d1a9fed968,1607899197658:939fb6a8-0e44-48a7-838f-effdee7d770b,"size == ""1""","isEmpty == ""True""","peek_obj_type == ""class java.lang.String""","push == ""False""","pop == ""True""","clear == ""False""","calledMethod == ""pop""","size_p == ""1""",Yes
1503,1607899197658:d30b0af7-a82d-46e2-b04a-85d1a9fed968,1607899197658:134f5aaa-6458-4605-9eb9-7e8d000266f6,"size == ""1""","isEmpty == ""True""","peek_obj_type == ""class java.lang.String""","push == ""True""","pop == ""False""","clear == ""False""","calledMethod == ""push""","size_p == ""0""",Yes
1504,1607899197658:d30b0af7-a82d-46e2-b04a-85d1a9fed968,1607899197658:134f5aaa-6458-4605-9eb9-7e8d000266f6,"size == ""2""","isEmpty == ""True""","peek_obj_type == ""class java.lang.String""","push == ""True""","pop == ""False""","clear == ""False""","calledMethod == ""push""","size_p == ""1""",Yes
1505,1607899197658:d30b0af7-a82d-46e2-b04a-85d1a9fed968,1607899197658:134f5aaa-6458-4605-9eb9-7e8d000266f6,"size == ""3""","isEmpty == ""True""","peek_obj_type == ""class java.lang.String""","push == ""True""","pop == ""False""","clear == ""False""","calledMethod == ""push""","size_p == ""2""",Yes
1508,1607899197658:9c787815-60ae-47f6-b690-b64ed5b5eded,1607899197658:ce3a6b8b-0829-4aad-95cc-bc001ab21c3b,"size == ""1""","isEmpty == ""True""","peek_obj_type == ""class java.lang.String""","push == ""True""","pop == ""False""","clear == ""False""","calledMethod == ""push""","size_p == ""0""",Yes
1509,1607899197658:9c787815-60ae-47f6-b690-b64ed5b5eded,1607899197658:ce3a6b8b-0829-4aad-95cc-bc001ab21c3b,"size == ""1""","isEmpty == ""True""","peek_obj_type == ""class java.lang.String""","push == ""False""","pop == ""False""","clear == ""True""","calledMethod == ""clear""","size_p == ""1""",Yes
1510,1607899197658:9c787815-60ae-47f6-b690-b64ed5b5eded,1607899197658:ce3a6b8b-0829-4aad-95cc-bc001ab21c3b,"size == ""1""","isEmpty == ""True""","peek_obj_type == ""class java.lang.String""","push == ""False""","pop == ""False""","clear == ""True""","calledMethod == ""clear""","size_p == ""1""",Yes
1511,1607899197658:9c787815-60ae-47f6-b690-b64ed5b5eded,1607899197658:ce3a6b8b-0829-4aad-95cc-bc001ab21c3b,"size == ""1""","isEmpty == ""True""","peek_obj_type == ""class java.lang.String""","push == ""False""","pop == ""False""","clear == ""True""","calledMethod == ""clear""","size_p == ""1""",Yes
1513,1607899197658:9c787815-60ae-47f6-b690-b64ed5b5eded,1607899197658:4c2d8691-c022-4433-b146-8c6c383897e2,"size == ""1""","isEmpty == ""True""","peek_obj_type == ""class java.lang.String""","push == ""True""","pop == ""False""","clear == ""False""","calledMethod == ""push""","size_p == ""0""",Yes
1514,1607899197658:9c787815-60ae-47f6-b690-b64ed5b5eded,1607899197658:4c2d8691-c022-4433-b146-8c6c383897e2,"size == ""1""","isEmpty == ""True""","peek_obj_type == ""class java.lang.String""","push == ""False""","pop == ""True""","clear == ""False""","calledMethod == ""pop""","size_p == ""1""",Yes
1516,1607899197658:0fdf8ae4-fc6a-4e98-9f28-7fbc652409e1,1607899197658:c95349a8-5489-407a-ae27-a64f2d6e501d,"size == ""1""","isEmpty == ""True""","peek_obj_type == ""class java.lang.String""","push == ""True""","pop == ""False""","clear == ""False""","calledMethod == ""push""","size_p == ""0""",Yes
1517,1607899197658:0fdf8ae4-fc6a-4e98-9f28-7fbc652409e1,1607899197658:c95349a8-5489-407a-ae27-a64f2d6e501d,"size == ""1""","isEmpty == ""True""","peek_obj_type == ""class java.lang.String""","push == ""False""","pop == ""True""","clear == ""False""","calledMethod == ""pop""","size_p == ""1""",Yes
1519,1607899197657:ea3f5ed1-68cd-4b78-b15f-0312c2f9dd62,1607899197657:2c40450b-180f-4f05-9eb0-e58150231b09,"size == ""1""","isEmpty == ""True""","peek_obj_type == ""class java.lang.String""","push == ""True""","pop == ""False""","clear == ""False""","calledMethod == ""push""","size_p == ""0""",Yes
1520,1607899197657:ea3f5ed1-68cd-4b78-b15f-0312c2f9dd62,1607899197657:2c40450b-180f-4f05-9eb0-e58150231b09,"size == ""1""","isEmpty == ""True""","peek_obj_type == ""class java.lang.String""","push == ""False""","pop == ""True""","clear == ""False""","calledMethod == ""pop""","size_p == ""1""",Yes
1522,1607899197657:d6697e21-a205-4e4c-93fb-b803af6fb5cd,1607899197657:aaccfa29-f3de-464a-be70-5d7ffef81e26,"size == ""1""","isEmpty == ""True""","peek_obj_type == ""class java.lang.String""","push == ""True""","pop == ""False""","clear == ""False""","calledMethod == ""push""","size_p == ""0""",Yes
1523,1607899197657:d6697e21-a205-4e4c-93fb-b803af6fb5cd,1607899197657:aaccfa29-f3de-464a-be70-5d7ffef81e26,"size == ""1""","isEmpty == ""True""","peek_obj_type == ""class java.lang.String""","push == ""False""","pop == ""True""","clear == ""False""","calledMethod == ""pop""","size_p == ""1""",Yes
1525,1607899197657:d6697e21-a205-4e4c-93fb-b803af6fb5cd,1607899197657:56b4e173-24c4-4aa7-bcb3-7cd1e0f1d285,"size == ""1""","isEmpty == ""True""","peek_obj_type == ""class java.lang.String""","push == ""True""","pop == ""False""","clear == ""False""","calledMethod == ""push""","size_p == ""0""",Yes
1526,1607899197657:d6697e21-a205-4e4c-93fb-b803af6fb5cd,1607899197657:56b4e173-24c4-4aa7-bcb3-7cd1e0f1d285,"size == ""2""","isEmpty == ""True""","peek_obj_type == ""class java.lang.String""","push == ""True""","pop == ""False""","clear == ""False""","calledMethod == ""push""","size_p == ""1""",Yes
1528,1607899197657:8e6c6aa2-5489-4754-9ddc-9e077e524e34,1607899197657:ba12c873-bdc9-47f7-bb88-b9481b151c0b,"size == ""1""","isEmpty == ""True""","peek_obj_type == ""class java.lang.String""","push == ""True""","pop == ""False""","clear == ""False""","calledMethod == ""push""","size_p == ""0""",Yes
1529,1607899197657:8e6c6aa2-5489-4754-9ddc-9e077e524e34,1607899197657:ba12c873-bdc9-47f7-bb88-b9481b151c0b,"size == ""1""","isEmpty == ""True""","peek_obj_type == ""class java.lang.String""","push == ""False""","pop == ""True""","clear == ""False""","calledMethod == ""pop""","size_p == ""1""",Yes
1531,1607899197657:8e6c6aa2-5489-4754-9ddc-9e077e524e34,1607899197657:a8331f0c-4a50-4f9c-bd9b-fa94955b8fbc,"size == ""1""","isEmpty == ""True""","peek_obj_type == ""class java.lang.String""","push == ""True""","pop == ""False""","clear == ""False""","calledMethod == ""push""","size_p == ""0""",Yes
1532,1607899197657:8e6c6aa2-5489-4754-9ddc-9e077e524e34,1607899197657:a8331f0c-4a50-4f9c-bd9b-fa94955b8fbc,"size == ""2""","isEmpty == ""True""","peek_obj_type == ""class java.lang.String""","push == ""True""","pop == ""False""","clear == ""False""","calledMethod == ""push""","size_p == ""1""",Yes
1534,1607899197657:536df5f0-b88a-48ed-a7af-07d01f30fa1d,1607899197657:95d437ec-f810-4f9a-a7b7-87e954151d69,"size == ""1""","isEmpty == ""True""","peek_obj_type == ""class java.lang.String""","push == ""True""","pop == ""False""","clear == ""False""","calledMethod == ""push""","size_p == ""0""",Yes
1535,1607899197657:536df5f0-b88a-48ed-a7af-07d01f30fa1d,1607899197657:95d437ec-f810-4f9a-a7b7-87e954151d69,"size == ""1""","isEmpty == ""True""","peek_obj_type == ""class java.lang.String""","push == ""False""","pop == ""True""","clear == ""False""","calledMethod == ""pop""","size_p == ""1""",Yes
1537,1607899197657:536df5f0-b88a-48ed-a7af-07d01f30fa1d,1607899197657:5e10f985-4c64-485e-8d4c-a87baf0e4479,"size == ""1""","isEmpty == ""True""","peek_obj_type == ""class java.lang.String""","push == ""True""","pop == ""False""","clear == ""False""","calledMethod == ""push""","size_p == ""0""",Yes
1539,1607899197656:9c76c90d-9e5e-4006-9d53-125f694c4959,1607899197656:e2a57037-f8cd-4313-9127-03f03230a881,"size == ""1""","isEmpty == ""True""","peek_obj_type == ""class java.lang.String""","push == ""True""","pop == ""False""","clear == ""False""","calledMethod == ""push""","size_p == ""0""",Yes
1540,1607899197656:9c76c90d-9e5e-4006-9d53-125f694c4959,1607899197656:e2a57037-f8cd-4313-9127-03f03230a881,"size == ""1""","isEmpty == ""True""","peek_obj_type == ""class java.lang.String""","push == ""False""","pop == ""True""","clear == ""False""","calledMethod == ""pop""","size_p == ""1""",Yes
1542,1607899197656:86eb51ec-89d5-4e96-b6c5-05a28ca054c4,1607899197656:973b51e5-b74c-4c4b-ad2b-b983cbb8b225,"size == ""1""","isEmpty == ""True""","peek_obj_type == ""class java.lang.String""","push == ""True""","pop == ""False""","clear == ""False""","calledMethod == ""push""","size_p == ""0""",Yes
1543,1607899197656:86eb51ec-89d5-4e96-b6c5-05a28ca054c4,1607899197656:973b51e5-b74c-4c4b-ad2b-b983cbb8b225,"size == ""1""","isEmpty == ""True""","peek_obj_type == ""class java.lang.String""","push == ""False""","pop == ""True""","clear == ""False""","calledMethod == ""pop""","size_p == ""1""",Yes
1545,1607899197656:821c642c-2f04-4aef-a8b8-b9520f720f3e,1607899197656:e099422e-52ac-42c7-85b7-3340f577a211,"size == ""1""","isEmpty == ""True""","peek_obj_type == ""class java.lang.String""","push == ""True""","pop == ""False""","clear == ""False""","calledMethod == ""push""","size_p == ""0""",Yes
1546,1607899197656:821c642c-2f04-4aef-a8b8-b9520f720f3e,1607899197656:e099422e-52ac-42c7-85b7-3340f577a211,"size == ""1""","isEmpty == ""True""","peek_obj_type == ""class java.lang.String""","push == ""False""","pop == ""True""","clear == ""False""","calledMethod == ""pop""","size_p == ""1""",Yes
1548,1607899197656:68b2fe33-1987-4e75-9138-80aa98ceee3c,1607899197656:6c2bbe31-9b0c-4a51-b03c-1de1dec42776,"size == ""1""","isEmpty == ""True""","peek_obj_type == ""class java.lang.String""","push == ""True""","pop == ""False""","clear == ""False""","calledMethod == ""push""","size_p == ""0""",Yes
1549,1607899197656:68b2fe33-1987-4e75-9138-80aa98ceee3c,1607899197656:6c2bbe31-9b0c-4a51-b03c-1de1dec42776,"size == ""1""","isEmpty == ""True""","peek_obj_type == ""class java.lang.String""","push == ""False""","pop == ""True""","clear == ""False""","calledMethod == ""pop""","size_p == ""1""",Yes
1552,1607899197656:68b2fe33-1987-4e75-9138-80aa98ceee3c,1607899197656:59d888f8-c766-4f8d-aae1-c55ebbaf6507,"size == ""1""","isEmpty == ""True""","peek_obj_type == ""class java.lang.String""","push == ""True""","pop == ""False""","clear == ""False""","calledMethod == ""push""","size_p == ""0""",Yes
1553,1607899197656:68b2fe33-1987-4e75-9138-80aa98ceee3c,1607899197656:59d888f8-c766-4f8d-aae1-c55ebbaf6507,"size == ""1""","isEmpty == ""True""","peek_obj_type == ""class java.lang.String""","push == ""False""","pop == ""False""","clear == ""True""","calledMethod == ""clear""","size_p == ""1""",Yes
1554,1607899197656:68b2fe33-1987-4e75-9138-80aa98ceee3c,1607899197656:59d888f8-c766-4f8d-aae1-c55ebbaf6507,"size == ""1""","isEmpty == ""True""","peek_obj_type == ""class java.lang.String""","push == ""False""","pop == ""False""","clear == ""True""","calledMethod == ""clear""","size_p == ""1""",Yes
1555,1607899197656:68b2fe33-1987-4e75-9138-80aa98ceee3c,1607899197656:59d888f8-c766-4f8d-aae1-c55ebbaf6507,"size == ""1""","isEmpty == ""True""","peek_obj_type == ""class java.lang.String""","push == ""False""","pop == ""False""","clear == ""True""","calledMethod == ""clear""","size_p == ""1""",Yes
1557,1607899197656:60ef0333-8418-46d3-a3ed-8aec9241d1a9,1607899197656:f9ca03c0-d626-4143-86f5-e83075fadbd4,"size == ""1""","isEmpty == ""True""","peek_obj_type == ""class java.lang.String""","push == ""True""","pop == ""False""","clear == ""False""","calledMethod == ""push""","size_p == ""0""",Yes
1558,1607899197656:60ef0333-8418-46d3-a3ed-8aec9241d1a9,1607899197656:f9ca03c0-d626-4143-86f5-e83075fadbd4,"size == ""1""","isEmpty == ""True""","peek_obj_type == ""class java.lang.String""","push == ""False""","pop == ""True""","clear == ""False""","calledMethod == ""pop""","size_p == ""1""",Yes
1560,1607899197656:4f3f4632-1432-4ad0-96df-a83283d597f6,1607899197656:906ddee1-9680-437c-af55-c375c10cb2dd,"size == ""1""","isEmpty == ""True""","peek_obj_type == ""class java.lang.String""","push == ""True""","pop == ""False""","clear == ""False""","calledMethod == ""push""","size_p == ""0""",Yes
1561,1607899197656:4f3f4632-1432-4ad0-96df-a83283d597f6,1607899197656:906ddee1-9680-437c-af55-c375c10cb2dd,"size == ""1""","isEmpty == ""True""","peek_obj_type == ""class java.lang.String""","push == ""False""","pop == ""True""","clear == ""False""","calledMethod == ""pop""","size_p == ""1""",Yes
1564,1607899197656:0b118873-88e6-4a31-b5b4-da9e46d98e02,1607899197656:8d75d2da-92fb-4fdb-9a0e-ef030446ee4c,"size == ""1""","isEmpty == ""True""","peek_obj_type == ""class java.lang.String""","push == ""True""","pop == ""False""","clear == ""False""","calledMethod == ""push""","size_p == ""0""",Yes
1565,1607899197656:0b118873-88e6-4a31-b5b4-da9e46d98e02,1607899197656:8d75d2da-92fb-4fdb-9a0e-ef030446ee4c,"size == ""1""","isEmpty == ""True""","peek_obj_type == ""class java.lang.String""","push == ""False""","pop == ""False""","clear == ""True""","calledMethod == ""clear""","size_p == ""1""",Yes
1566,1607899197656:0b118873-88e6-4a31-b5b4-da9e46d98e02,1607899197656:8d75d2da-92fb-4fdb-9a0e-ef030446ee4c,"size == ""1""","isEmpty == ""True""","peek_obj_type == ""class java.lang.String""","push == ""False""","pop == ""False""","clear == ""True""","calledMethod == ""clear""","size_p == ""1""",Yes
1567,1607899197656:0b118873-88e6-4a31-b5b4-da9e46d98e02,1607899197656:8d75d2da-92fb-4fdb-9a0e-ef030446ee4c,"size == ""1""","isEmpty == ""True""","peek_obj_type == ""class java.lang.String""","push == ""False""","pop == ""False""","clear == ""True""","calledMethod == ""clear""","size_p == ""1""",Yes
1569,1607899197656:0b118873-88e6-4a31-b5b4-da9e46d98e02,1607899197656:1110733b-9dd8-40cb-a6d1-669336c69985,"size == ""1""","isEmpty == ""True""","peek_obj_type == ""class java.lang.String""","push == ""True""","pop == ""False""","clear == ""False""","calledMethod == ""push""","size_p == ""0""",Yes
1570,1607899197656:0b118873-88e6-4a31-b5b4-da9e46d98e02,1607899197656:1110733b-9dd8-40cb-a6d1-669336c69985,"size == ""1""","isEmpty == ""True""","peek_obj_type == ""class java.lang.String""","push == ""False""","pop == ""True""","clear == ""False""","calledMethod == ""pop""","size_p == ""1""",Yes
1572,1607899197655:ad10653a-104d-4e53-aba9-e97d96cd68d3,1607899197655:eb59b4c8-6f83-4362-963a-5c6a58b3f352,"size == ""1""","isEmpty == ""True""","peek_obj_type == ""class java.lang.String""","push == ""True""","pop == ""False""","clear == ""False""","calledMethod == ""push""","size_p == ""0""",Yes
1573,1607899197655:ad10653a-104d-4e53-aba9-e97d96cd68d3,1607899197655:eb59b4c8-6f83-4362-963a-5c6a58b3f352,"size == ""1""","isEmpty == ""True""","peek_obj_type == ""class java.lang.String""","push == ""False""","pop == ""True""","clear == ""False""","calledMethod == ""pop""","size_p == ""1""",Yes
1576,1607899197655:ad10653a-104d-4e53-aba9-e97d96cd68d3,1607899197655:8a111d3b-0d3b-4d1b-8dfc-71606999a831,"size == ""1""","isEmpty == ""True""","peek_obj_type == ""class java.lang.String""","push == ""True""","pop == ""False""","clear == ""False""","calledMethod == ""push""","size_p == ""0""",Yes
1577,1607899197655:ad10653a-104d-4e53-aba9-e97d96cd68d3,1607899197655:8a111d3b-0d3b-4d1b-8dfc-71606999a831,"size == ""1""","isEmpty == ""True""","peek_obj_type == ""class java.lang.String""","push == ""False""","pop == ""False""","clear == ""True""","calledMethod == ""clear""","size_p == ""1""",Yes
1578,1607899197655:ad10653a-104d-4e53-aba9-e97d96cd68d3,1607899197655:8a111d3b-0d3b-4d1b-8dfc-71606999a831,"size == ""1""","isEmpty == ""True""","peek_obj_type == ""class java.lang.String""","push == ""False""","pop == ""False""","clear == ""True""","calledMethod == ""clear""","size_p == ""1""",Yes
1579,1607899197655:ad10653a-104d-4e53-aba9-e97d96cd68d3,1607899197655:8a111d3b-0d3b-4d1b-8dfc-71606999a831,"size == ""1""","isEmpty == ""True""","peek_obj_type == ""class java.lang.String""","push == ""False""","pop == ""False""","clear == ""True""","calledMethod == ""clear""","size_p == ""1""",Yes
1582,1607899197655:801df5b6-709e-4e81-86d1-72b0090e3e97,1607899197655:a750fe85-a6e1-4752-a031-87ab4571e56d,"size == ""1""","isEmpty == ""True""","peek_obj_type == ""class java.lang.String""","push == ""True""","pop == ""False""","clear == ""False""","calledMethod == ""push""","size_p == ""0""",Yes
1584,1607899197655:801df5b6-709e-4e81-86d1-72b0090e3e97,1607899197655:135be2e3-b414-4676-9a9e-fc69b69b2d7c,"size == ""1""","isEmpty == ""True""","peek_obj_type == ""class java.lang.String""","push == ""True""","pop == ""False""","clear == ""False""","calledMethod == ""push""","size_p == ""0""",Yes
1585,1607899197655:801df5b6-709e-4e81-86d1-72b0090e3e97,1607899197655:135be2e3-b414-4676-9a9e-fc69b69b2d7c,"size == ""1""","isEmpty == ""True""","peek_obj_type == ""class java.lang.String""","push == ""False""","pop == ""True""","clear == ""False""","calledMethod == ""pop""","size_p == ""1""",Yes
1588,1607899197655:6e94822a-9db3-43b1-ad30-467034a37ff2,1607899197655:b7499729-5fa3-45b0-a3bd-10d0265faacb,"size == ""1""","isEmpty == ""True""","peek_obj_type == ""class java.lang.String""","push == ""True""","pop == ""False""","clear == ""False""","calledMethod == ""push""","size_p == ""0""",Yes
1589,1607899197655:6e94822a-9db3-43b1-ad30-467034a37ff2,1607899197655:b7499729-5fa3-45b0-a3bd-10d0265faacb,"size == ""1""","isEmpty == ""True""","peek_obj_type == ""class java.lang.String""","push == ""False""","pop == ""False""","clear == ""True""","calledMethod == ""clear""","size_p == ""1""",Yes
1590,1607899197655:6e94822a-9db3-43b1-ad30-467034a37ff2,1607899197655:b7499729-5fa3-45b0-a3bd-10d0265faacb,"size == ""1""","isEmpty == ""True""","peek_obj_type == ""class java.lang.String""","push == ""False""","pop == ""False""","clear == ""True""","calledMethod == ""clear""","size_p == ""1""",Yes
1591,1607899197655:6e94822a-9db3-43b1-ad30-467034a37ff2,1607899197655:b7499729-5fa3-45b0-a3bd-10d0265faacb,"size == ""1""","isEmpty == ""True""","peek_obj_type == ""class java.lang.String""","push == ""False""","pop == ""False""","clear == ""True""","calledMethod == ""clear""","size_p == ""1""",Yes
1593,1607899197655:6e94822a-9db3-43b1-ad30-467034a37ff2,1607899197655:5f06bdbd-6b9a-4282-a700-9264492e8c44,"size == ""1""","isEmpty == ""True""","peek_obj_type == ""class java.lang.String""","push == ""True""","pop == ""False""","clear == ""False""","calledMethod == ""push""","size_p == ""0""",Yes
1594,1607899197655:6e94822a-9db3-43b1-ad30-467034a37ff2,1607899197655:5f06bdbd-6b9a-4282-a700-9264492e8c44,"size == ""1""","isEmpty == ""True""","peek_obj_type == ""class java.lang.String""","push == ""False""","pop == ""True""","clear == ""False""","calledMethod == ""pop""","size_p == ""1""",Yes
1596,1607899197655:57641248-c9e7-4063-8121-eecdb71eec26,1607899197655:e67f8991-e5c7-41cb-a899-89a4adb59d2e,"size == ""1""","isEmpty == ""True""","peek_obj_type == ""class java.lang.String""","push == ""True""","pop == ""False""","clear == ""False""","calledMethod == ""push""","size_p == ""0""",Yes
1597,1607899197655:57641248-c9e7-4063-8121-eecdb71eec26,1607899197655:e67f8991-e5c7-41cb-a899-89a4adb59d2e,"size == ""1""","isEmpty == ""True""","peek_obj_type == ""class java.lang.String""","push == ""False""","pop == ""True""","clear == ""False""","calledMethod == ""pop""","size_p == ""1""",Yes
1600,1607899197655:565923af-3f91-469e-9bd2-f79068900081,1607899197655:ea61c918-4a7a-4750-9df8-0c69b885c448,"size == ""1""","isEmpty == ""True""","peek_obj_type == ""class java.lang.String""","push == ""True""","pop == ""False""","clear == ""False""","calledMethod == ""push""","size_p == ""0""",Yes
1602,1607899197655:565923af-3f91-469e-9bd2-f79068900081,1607899197655:5ae9f46a-d048-4c1e-8700-c5415ba89609,"size == ""1""","isEmpty == ""True""","peek_obj_type == ""class java.lang.String""","push == ""True""","pop == ""False""","clear == ""False""","calledMethod == ""push""","size_p == ""0""",Yes
1603,1607899197655:565923af-3f91-469e-9bd2-f79068900081,1607899197655:5ae9f46a-d048-4c1e-8700-c5415ba89609,"size == ""1""","isEmpty == ""True""","peek_obj_type == ""class java.lang.String""","push == ""False""","pop == ""True""","clear == ""False""","calledMethod == ""pop""","size_p == ""1""",Yes
1605,1607899197654:e8c7483e-2ce7-444e-ae00-73264a0b84b5,1607899197654:0929a291-a80c-4887-a09d-4fc053f75b0a,"size == ""1""","isEmpty == ""True""","peek_obj_type == ""class java.lang.String""","push == ""True""","pop == ""False""","clear == ""False""","calledMethod == ""push""","size_p == ""0""",Yes
1606,1607899197654:e8c7483e-2ce7-444e-ae00-73264a0b84b5,1607899197654:0929a291-a80c-4887-a09d-4fc053f75b0a,"size == ""1""","isEmpty == ""True""","peek_obj_type == ""class java.lang.String""","push == ""False""","pop == ""True""","clear == ""False""","calledMethod == ""pop""","size_p == ""1""",Yes
1609,1607899197654:75a72840-df85-42ab-abce-00e9a679459b,1607899197654:7fbc0cad-b3ec-4c6f-b5a7-dcf609f3e9d2,"size == ""1""","isEmpty == ""True""","peek_obj_type == ""class java.lang.String""","push == ""True""","pop == ""False""","clear == ""False""","calledMethod == ""push""","size_p == ""0""",Yes
1610,1607899197654:75a72840-df85-42ab-abce-00e9a679459b,1607899197654:7fbc0cad-b3ec-4c6f-b5a7-dcf609f3e9d2,"size == ""1""","isEmpty == ""True""","peek_obj_type == ""class java.lang.String""","push == ""False""","pop == ""False""","clear == ""True""","calledMethod == ""clear""","size_p == ""1""",Yes
1611,1607899197654:75a72840-df85-42ab-abce-00e9a679459b,1607899197654:7fbc0cad-b3ec-4c6f-b5a7-dcf609f3e9d2,"size == ""1""","isEmpty == ""True""","peek_obj_type == ""class java.lang.String""","push == ""False""","pop == ""False""","clear == ""True""","calledMethod == ""clear""","size_p == ""1""",Yes
1612,1607899197654:75a72840-df85-42ab-abce-00e9a679459b,1607899197654:7fbc0cad-b3ec-4c6f-b5a7-dcf609f3e9d2,"size == ""1""","isEmpty == ""True""","peek_obj_type == ""class java.lang.String""","push == ""False""","pop == ""False""","clear == ""True""","calledMethod == ""clear""","size_p == ""1""",Yes
1614,1607899197654:75a72840-df85-42ab-abce-00e9a679459b,1607899197654:2207306e-8c18-46b6-9782-d2e0b31c3128,"size == ""1""","isEmpty == ""True""","peek_obj_type == ""class java.lang.String""","push == ""True""","pop == ""False""","clear == ""False""","calledMethod == ""push""","size_p == ""0""",Yes
1615,1607899197654:75a72840-df85-42ab-abce-00e9a679459b,1607899197654:2207306e-8c18-46b6-9782-d2e0b31c3128,"size == ""1""","isEmpty == ""True""","peek_obj_type == ""class java.lang.String""","push == ""False""","pop == ""True""","clear == ""False""","calledMethod == ""pop""","size_p == ""1""",Yes
1618,1607899197654:3ec458d0-de69-4f5e-b657-fd2a93365e76,1607899197654:922e9918-7234-4625-b51d-b38d6bd97942,"size == ""1""","isEmpty == ""True""","peek_obj_type == ""class java.lang.String""","push == ""True""","pop == ""False""","clear == ""False""","calledMethod == ""push""","size_p == ""0""",Yes
1619,1607899197654:3ec458d0-de69-4f5e-b657-fd2a93365e76,1607899197654:922e9918-7234-4625-b51d-b38d6bd97942,"size == ""1""","isEmpty == ""True""","peek_obj_type == ""class java.lang.String""","push == ""False""","pop == ""False""","clear == ""True""","calledMethod == ""clear""","size_p == ""1""",Yes
1620,1607899197654:3ec458d0-de69-4f5e-b657-fd2a93365e76,1607899197654:922e9918-7234-4625-b51d-b38d6bd97942,"size == ""1""","isEmpty == ""True""","peek_obj_type == ""class java.lang.String""","push == ""False""","pop == ""False""","clear == ""True""","calledMethod == ""clear""","size_p == ""1""",Yes
1621,1607899197654:3ec458d0-de69-4f5e-b657-fd2a93365e76,1607899197654:922e9918-7234-4625-b51d-b38d6bd97942,"size == ""1""","isEmpty == ""True""","peek_obj_type == ""class java.lang.String""","push == ""False""","pop == ""False""","clear == ""True""","calledMethod == ""clear""","size_p == ""1""",Yes
1623,1607899197654:3ec458d0-de69-4f5e-b657-fd2a93365e76,1607899197654:68b6b089-f4f8-4025-a94c-49baae53ea66,"size == ""1""","isEmpty == ""True""","peek_obj_type == ""class java.lang.String""","push == ""True""","pop == ""False""","clear == ""False""","calledMethod == ""push""","size_p == ""0""",Yes
1624,1607899197654:3ec458d0-de69-4f5e-b657-fd2a93365e76,1607899197654:68b6b089-f4f8-4025-a94c-49baae53ea66,"size == ""1""","isEmpty == ""True""","peek_obj_type == ""class java.lang.String""","push == ""False""","pop == ""True""","clear == ""False""","calledMethod == ""pop""","size_p == ""1""",Yes
1626,1607899197654:20dc6268-2184-4769-b45e-883fdc69fb98,1607899197654:b5414456-0e12-440f-8a75-08ec52b38408,"size == ""1""","isEmpty == ""True""","peek_obj_type == ""class java.lang.String""","push == ""True""","pop == ""False""","clear == ""False""","calledMethod == ""push""","size_p == ""0""",Yes
1628,1607899197654:20dc6268-2184-4769-b45e-883fdc69fb98,1607899197654:613ff22d-c400-4212-a509-42413428cec4,"size == ""1""","isEmpty == ""True""","peek_obj_type == ""class java.lang.String""","push == ""True""","pop == ""False""","clear == ""False""","calledMethod == ""push""","size_p == ""0""",Yes
1629,1607899197654:20dc6268-2184-4769-b45e-883fdc69fb98,1607899197654:613ff22d-c400-4212-a509-42413428cec4,"size == ""1""","isEmpty == ""True""","peek_obj_type == ""class java.lang.String""","push == ""False""","pop == ""True""","clear == ""False""","calledMethod == ""pop""","size_p == ""1""",Yes
1631,1607899197654:10dccea5-cf2e-4288-b9a2-88d2e3529f39,1607899197654:0a8a7520-4636-4492-ba09-f55d3394e598,"size == ""1""","isEmpty == ""True""","peek_obj_type == ""class java.lang.String""","push == ""True""","pop == ""False""","clear == ""False""","calledMethod == ""push""","size_p == ""0""",Yes
1632,1607899197654:10dccea5-cf2e-4288-b9a2-88d2e3529f39,1607899197654:0a8a7520-4636-4492-ba09-f55d3394e598,"size == ""1""","isEmpty == ""True""","peek_obj_type == ""class java.lang.String""","push == ""False""","pop == ""True""","clear == ""False""","calledMethod == ""pop""","size_p == ""1""",Yes
1634,1607899197654:07e0db2b-d295-44e5-81d6-9337c2530ad3,1607899197654:aed34e4a-b26e-4282-8407-ce0e7120049c,"size == ""1""","isEmpty == ""True""","peek_obj_type == ""class java.lang.String""","push == ""True""","pop == ""False""","clear == ""False""","calledMethod == ""push""","size_p == ""0""",Yes
1635,1607899197654:07e0db2b-d295-44e5-81d6-9337c2530ad3,1607899197654:aed34e4a-b26e-4282-8407-ce0e7120049c,"size == ""1""","isEmpty == ""True""","peek_obj_type == ""class java.lang.String""","push == ""False""","pop == ""True""","clear == ""False""","calledMethod == ""pop""","size_p == ""1""",Yes
1638,1607899197653:fbf94c1d-e9ca-45a9-8d07-f72d21241256,1607899197653:ac270ca2-9178-414c-be66-b7d668db5676,"size == ""1""","isEmpty == ""True""","peek_obj_type == ""class java.lang.String""","push == ""True""","pop == ""False""","clear == ""False""","calledMethod == ""push""","size_p == ""0""",Yes
1639,1607899197653:fbf94c1d-e9ca-45a9-8d07-f72d21241256,1607899197653:ac270ca2-9178-414c-be66-b7d668db5676,"size == ""1""","isEmpty == ""True""","peek_obj_type == ""class java.lang.String""","push == ""False""","pop == ""True""","clear == ""False""","calledMethod == ""pop""","size_p == ""1""",Yes
1641,1607899197653:fbf94c1d-e9ca-45a9-8d07-f72d21241256,1607899197653:270406ae-2eb3-4a1b-8dea-0007b16b6d37,"size == ""1""","isEmpty == ""True""","peek_obj_type == ""class java.lang.String""","push == ""True""","pop == ""False""","clear == ""False""","calledMethod == ""push""","size_p == ""0""",Yes
1643,1607899197653:e50cf228-c8e9-4afe-9dba-852b02d1d53b,1607899197653:424acfbe-56f3-4bc7-b83f-cc86f33daf53,"size == ""1""","isEmpty == ""True""","peek_obj_type == ""class java.lang.String""","push == ""True""","pop == ""False""","clear == ""False""","calledMethod == ""push""","size_p == ""0""",Yes
1644,1607899197653:e50cf228-c8e9-4afe-9dba-852b02d1d53b,1607899197653:424acfbe-56f3-4bc7-b83f-cc86f33daf53,"size == ""1""","isEmpty == ""True""","peek_obj_type == ""class java.lang.String""","push == ""False""","pop == ""True""","clear == ""False""","calledMethod == ""pop""","size_p == ""1""",Yes
1646,1607899197653:db56c050-953d-49e5-8e98-51ba7b7cea47,1607899197653:f3e61446-7fca-4b84-a32a-4e25bc276afc,"size == ""1""","isEmpty == ""True""","peek_obj_type == ""class java.lang.String""","push == ""True""","pop == ""False""","clear == ""False""","calledMethod == ""push""","size_p == ""0""",Yes
1648,1607899197653:db56c050-953d-49e5-8e98-51ba7b7cea47,1607899197653:008306c7-a277-4f64-b6cb-bb4bfe2cf0c7,"size == ""1""","isEmpty == ""True""","peek_obj_type == ""class java.lang.String""","push == ""True""","pop == ""False""","clear == ""False""","calledMethod == ""push""","size_p == ""0""",Yes
1649,1607899197653:db56c050-953d-49e5-8e98-51ba7b7cea47,1607899197653:008306c7-a277-4f64-b6cb-bb4bfe2cf0c7,"size == ""1""","isEmpty == ""True""","peek_obj_type == ""class java.lang.String""","push == ""False""","pop == ""True""","clear == ""False""","calledMethod == ""pop""","size_p == ""1""",Yes
1651,1607899197653:c13b7b39-c0ab-4c3f-9e8b-78ad6874e4c4,1607899197654:1769106a-7c3a-490e-88a8-0daab55cf13f,"size == ""1""","isEmpty == ""True""","peek_obj_type == ""class java.lang.String""","push == ""True""","pop == ""False""","clear == ""False""","calledMethod == ""push""","size_p == ""0""",Yes
1652,1607899197653:c13b7b39-c0ab-4c3f-9e8b-78ad6874e4c4,1607899197654:1769106a-7c3a-490e-88a8-0daab55cf13f,"size == ""1""","isEmpty == ""True""","peek_obj_type == ""class java.lang.String""","push == ""False""","pop == ""True""","clear == ""False""","calledMethod == ""pop""","size_p == ""1""",Yes
1655,1607899197653:c13b7b39-c0ab-4c3f-9e8b-78ad6874e4c4,1607899197653:94c48f0b-6787-48e7-a548-0160e618d7f7,"size == ""1""","isEmpty == ""True""","peek_obj_type == ""class java.lang.String""","push == ""True""","pop == ""False""","clear == ""False""","calledMethod == ""push""","size_p == ""0""",Yes
1656,1607899197653:c13b7b39-c0ab-4c3f-9e8b-78ad6874e4c4,1607899197653:94c48f0b-6787-48e7-a548-0160e618d7f7,"size == ""1""","isEmpty == ""True""","peek_obj_type == ""class java.lang.String""","push == ""False""","pop == ""False""","clear == ""True""","calledMethod == ""clear""","size_p == ""1""",Yes
1657,1607899197653:c13b7b39-c0ab-4c3f-9e8b-78ad6874e4c4,1607899197653:94c48f0b-6787-48e7-a548-0160e618d7f7,"size == ""1""","isEmpty == ""True""","peek_obj_type == ""class java.lang.String""","push == ""False""","pop == ""False""","clear == ""True""","calledMethod == ""clear""","size_p == ""1""",Yes
1658,1607899197653:c13b7b39-c0ab-4c3f-9e8b-78ad6874e4c4,1607899197653:94c48f0b-6787-48e7-a548-0160e618d7f7,"size == ""1""","isEmpty == ""True""","peek_obj_type == ""class java.lang.String""","push == ""False""","pop == ""False""","clear == ""True""","calledMethod == ""clear""","size_p == ""1""",Yes
1660,1607899197653:8fd66dbc-3961-4144-82e7-4a07ec30713d,1607899197653:2c6fbc51-df1f-4827-8b91-0baa79645002,"size == ""1""","isEmpty == ""True""","peek_obj_type == ""class java.lang.String""","push == ""True""","pop == ""False""","clear == ""False""","calledMethod == ""push""","size_p == ""0""",Yes
1661,1607899197653:8fd66dbc-3961-4144-82e7-4a07ec30713d,1607899197653:2c6fbc51-df1f-4827-8b91-0baa79645002,"size == ""1""","isEmpty == ""True""","peek_obj_type == ""class java.lang.String""","push == ""False""","pop == ""True""","clear == ""False""","calledMethod == ""pop""","size_p == ""1""",Yes
1663,1607899197653:32a36867-7acf-4f34-a111-06d272fdcfb6,1607899197653:c75eea51-ca82-459d-a020-7c749bc3cb92,"size == ""1""","isEmpty == ""True""","peek_obj_type == ""class java.lang.String""","push == ""True""","pop == ""False""","clear == ""False""","calledMethod == ""push""","size_p == ""0""",Yes
1664,1607899197653:32a36867-7acf-4f34-a111-06d272fdcfb6,1607899197653:c75eea51-ca82-459d-a020-7c749bc3cb92,"size == ""2""","isEmpty == ""True""","peek_obj_type == ""class java.lang.String""","push == ""True""","pop == ""False""","clear == ""False""","calledMethod == ""push""","size_p == ""1""",Yes
1666,1607899197653:32a36867-7acf-4f34-a111-06d272fdcfb6,1607899197653:84ec5928-843f-4693-bc8a-10a6ba40197e,"size == ""1""","isEmpty == ""True""","peek_obj_type == ""class java.lang.String""","push == ""True""","pop == ""False""","clear == ""False""","calledMethod == ""push""","size_p == ""0""",Yes
1667,1607899197653:32a36867-7acf-4f34-a111-06d272fdcfb6,1607899197653:84ec5928-843f-4693-bc8a-10a6ba40197e,"size == ""1""","isEmpty == ""True""","peek_obj_type == ""class java.lang.String""","push == ""False""","pop == ""True""","clear == ""False""","calledMethod == ""pop""","size_p == ""1""",Yes
1669,1607899197653:2e345a71-d87e-4ace-afc7-49e226514877,1607899197653:fc648faf-e09e-40f3-bba8-496910e54be2,"size == ""1""","isEmpty == ""True""","peek_obj_type == ""class java.lang.String""","push == ""True""","pop == ""False""","clear == ""False""","calledMethod == ""push""","size_p == ""0""",Yes
1670,1607899197653:2e345a71-d87e-4ace-afc7-49e226514877,1607899197653:fc648faf-e09e-40f3-bba8-496910e54be2,"size == ""1""","isEmpty == ""True""","peek_obj_type == ""class java.lang.String""","push == ""False""","pop == ""True""","clear == ""False""","calledMethod == ""pop""","size_p == ""1""",Yes
1673,1607899197653:2e345a71-d87e-4ace-afc7-49e226514877,1607899197653:e8807c06-9ad9-44d8-91c9-b0aff0cbbcfa,"size == ""1""","isEmpty == ""True""","peek_obj_type == ""class java.lang.String""","push == ""True""","pop == ""False""","clear == ""False""","calledMethod == ""push""","size_p == ""0""",Yes
1674,1607899197653:2e345a71-d87e-4ace-afc7-49e226514877,1607899197653:e8807c06-9ad9-44d8-91c9-b0aff0cbbcfa,"size == ""1""","isEmpty == ""True""","peek_obj_type == ""class java.lang.String""","push == ""False""","pop == ""False""","clear == ""True""","calledMethod == ""clear""","size_p == ""1""",Yes
1675,1607899197653:2e345a71-d87e-4ace-afc7-49e226514877,1607899197653:e8807c06-9ad9-44d8-91c9-b0aff0cbbcfa,"size == ""1""","isEmpty == ""True""","peek_obj_type == ""class java.lang.String""","push == ""False""","pop == ""False""","clear == ""True""","calledMethod == ""clear""","size_p == ""1""",Yes
1676,1607899197653:2e345a71-d87e-4ace-afc7-49e226514877,1607899197653:e8807c06-9ad9-44d8-91c9-b0aff0cbbcfa,"size == ""1""","isEmpty == ""True""","peek_obj_type == ""class java.lang.String""","push == ""False""","pop == ""False""","clear == ""True""","calledMethod == ""clear""","size_p == ""1""",Yes
1679,1607899197652:f05f6b2e-dc84-4a5a-b08c-8ccea78bf70a,1607899197652:ee354747-2bde-4fb5-b326-56342b3178d5,"size == ""1""","isEmpty == ""True""","peek_obj_type == ""class java.lang.String""","push == ""True""","pop == ""False""","clear == ""False""","calledMethod == ""push""","size_p == ""0""",Yes
1680,1607899197652:f05f6b2e-dc84-4a5a-b08c-8ccea78bf70a,1607899197652:ee354747-2bde-4fb5-b326-56342b3178d5,"size == ""1""","isEmpty == ""True""","peek_obj_type == ""class java.lang.String""","push == ""False""","pop == ""False""","clear == ""True""","calledMethod == ""clear""","size_p == ""1""",Yes
1681,1607899197652:f05f6b2e-dc84-4a5a-b08c-8ccea78bf70a,1607899197652:ee354747-2bde-4fb5-b326-56342b3178d5,"size == ""1""","isEmpty == ""True""","peek_obj_type == ""class java.lang.String""","push == ""False""","pop == ""False""","clear == ""True""","calledMethod == ""clear""","size_p == ""1""",Yes
1682,1607899197652:f05f6b2e-dc84-4a5a-b08c-8ccea78bf70a,1607899197652:ee354747-2bde-4fb5-b326-56342b3178d5,"size == ""1""","isEmpty == ""True""","peek_obj_type == ""class java.lang.String""","push == ""False""","pop == ""False""","clear == ""True""","calledMethod == ""clear""","size_p == ""1""",Yes
1684,1607899197652:f05f6b2e-dc84-4a5a-b08c-8ccea78bf70a,1607899197652:45afeac8-2d92-4ec1-a02f-8a5f059f689e,"size == ""1""","isEmpty == ""True""","peek_obj_type == ""class java.lang.String""","push == ""True""","pop == ""False""","clear == ""False""","calledMethod == ""push""","size_p == ""0""",Yes
1685,1607899197652:f05f6b2e-dc84-4a5a-b08c-8ccea78bf70a,1607899197652:45afeac8-2d92-4ec1-a02f-8a5f059f689e,"size == ""1""","isEmpty == ""True""","peek_obj_type == ""class java.lang.String""","push == ""False""","pop == ""True""","clear == ""False""","calledMethod == ""pop""","size_p == ""1""",Yes
1687,1607899197652:a6466d0c-c1e9-42b9-85c3-42d760d21788,1607899197652:bfe201ca-fad4-4891-a678-9b18030eec17,"size == ""1""","isEmpty == ""True""","peek_obj_type == ""class java.lang.String""","push == ""True""","pop == ""False""","clear == ""False""","calledMethod == ""push""","size_p == ""0""",Yes
1688,1607899197652:a6466d0c-c1e9-42b9-85c3-42d760d21788,1607899197652:bfe201ca-fad4-4891-a678-9b18030eec17,"size == ""1""","isEmpty == ""True""","peek_obj_type == ""class java.lang.String""","push == ""False""","pop == ""True""","clear == ""False""","calledMethod == ""pop""","size_p == ""1""",Yes
1691,1607899197652:8dbede0e-366f-4d67-b2fd-353211e9c8d4,1607899197652:9d98f63c-2a18-482e-9dab-dd1a01008bbd,"size == ""1""","isEmpty == ""True""","peek_obj_type == ""class java.lang.String""","push == ""True""","pop == ""False""","clear == ""False""","calledMethod == ""push""","size_p == ""0""",Yes
1693,1607899197652:8dbede0e-366f-4d67-b2fd-353211e9c8d4,1607899197652:88c70bec-e3f1-43fa-b0db-774fe1bef838,"size == ""1""","isEmpty == ""True""","peek_obj_type == ""class java.lang.String""","push == ""True""","pop == ""False""","clear == ""False""","calledMethod == ""push""","size_p == ""0""",Yes
1694,1607899197652:8dbede0e-366f-4d67-b2fd-353211e9c8d4,1607899197652:88c70bec-e3f1-43fa-b0db-774fe1bef838,"size == ""1""","isEmpty == ""True""","peek_obj_type == ""class java.lang.String""","push == ""False""","pop == ""True""","clear == ""False""","calledMethod == ""pop""","size_p == ""1""",Yes
1696,1607899197652:8c300586-1d24-484a-96fa-4bac94ac56e2,1607899197652:cabbb7c5-a129-4e14-bef3-20d150edcc60,"size == ""1""","isEmpty == ""True""","peek_obj_type == ""class java.lang.String""","push == ""True""","pop == ""False""","clear == ""False""","calledMethod == ""push""","size_p == ""0""",Yes
1697,1607899197652:8c300586-1d24-484a-96fa-4bac94ac56e2,1607899197652:cabbb7c5-a129-4e14-bef3-20d150edcc60,"size == ""1""","isEmpty == ""True""","peek_obj_type == ""class java.lang.String""","push == ""False""","pop == ""True""","clear == ""False""","calledMethod == ""pop""","size_p == ""1""",Yes
1700,1607899197652:81b838bf-6543-4672-8fe6-fb1923371051,1607899197652:f329dbc2-ec02-4608-8c14-3e1a01c0e6e8,"size == ""1""","isEmpty == ""True""","peek_obj_type == ""class java.lang.String""","push == ""True""","pop == ""False""","clear == ""False""","calledMethod == ""push""","size_p == ""0""",Yes
1701,1607899197652:81b838bf-6543-4672-8fe6-fb1923371051,1607899197652:f329dbc2-ec02-4608-8c14-3e1a01c0e6e8,"size == ""1""","isEmpty == ""True""","peek_obj_type == ""class java.lang.String""","push == ""False""","pop == ""False""","clear == ""True""","calledMethod == ""clear""","size_p == ""1""",Yes
1703,1607899197652:81b838bf-6543-4672-8fe6-fb1923371051,1607899197652:dbb89e4f-2525-4ca0-80fa-69ce8a4d0ab0,"size == ""1""","isEmpty == ""True""","peek_obj_type == ""class java.lang.String""","push == ""True""","pop == ""False""","clear == ""False""","calledMethod == ""push""","size_p == ""0""",Yes
1705,1607899197652:81b838bf-6543-4672-8fe6-fb1923371051,1607899197652:9dbf3b2c-7af9-4c4b-a3cb-7523caa8571e,"size == ""1""","isEmpty == ""True""","peek_obj_type == ""class java.lang.String""","push == ""True""","pop == ""False""","clear == ""False""","calledMethod == ""push""","size_p == ""0""",Yes
1706,1607899197652:81b838bf-6543-4672-8fe6-fb1923371051,1607899197652:9dbf3b2c-7af9-4c4b-a3cb-7523caa8571e,"size == ""1""","isEmpty == ""True""","peek_obj_type == ""class java.lang.String""","push == ""False""","pop == ""True""","clear == ""False""","calledMethod == ""pop""","size_p == ""1""",Yes
1709,1607899197652:3e7b077e-5ce5-4a18-8549-6015a83c1285,1607899197652:6039c1a2-612d-4972-987b-45334a44e2dd,"size == ""1""","isEmpty == ""True""","peek_obj_type == ""class java.lang.String""","push == ""True""","pop == ""False""","clear == ""False""","calledMethod == ""push""","size_p == ""0""",Yes
1710,1607899197652:3e7b077e-5ce5-4a18-8549-6015a83c1285,1607899197652:6039c1a2-612d-4972-987b-45334a44e2dd,"size == ""1""","isEmpty == ""True""","peek_obj_type == ""class java.lang.String""","push == ""False""","pop == ""True""","clear == ""False""","calledMethod == ""pop""","size_p == ""1""",Yes
1712,1607899197651:c2f7d542-e1b2-4dad-8001-e94da887afad,1607899197651:fc255d5a-df58-4f29-b567-651d684401a5,"size == ""1""","isEmpty == ""True""","peek_obj_type == ""class java.lang.String""","push == ""True""","pop == ""False""","clear == ""False""","calledMethod == ""push""","size_p == ""0""",Yes
1713,1607899197651:c2f7d542-e1b2-4dad-8001-e94da887afad,1607899197651:fc255d5a-df58-4f29-b567-651d684401a5,"size == ""1""","isEmpty == ""True""","peek_obj_type == ""class java.lang.String""","push == ""False""","pop == ""True""","clear == ""False""","calledMethod == ""pop""","size_p == ""1""",Yes
1715,1607899197651:7a3bbdee-36d4-4048-a188-1f51b0729bb6,1607899197651:a9643a1b-7750-4828-9b03-e025f9fe5b2e,"size == ""1""","isEmpty == ""True""","peek_obj_type == ""class java.lang.String""","push == ""True""","pop == ""False""","clear == ""False""","calledMethod == ""push""","size_p == ""0""",Yes
1716,1607899197651:7a3bbdee-36d4-4048-a188-1f51b0729bb6,1607899197651:a9643a1b-7750-4828-9b03-e025f9fe5b2e,"size == ""1""","isEmpty == ""True""","peek_obj_type == ""class java.lang.String""","push == ""False""","pop == ""True""","clear == ""False""","calledMethod == ""pop""","size_p == ""1""",Yes
1718,1607899197651:68ac620c-e927-4911-af18-c74cf70e1100,1607899197651:e054e806-4105-41f0-a612-47df1e9bfdd8,"size == ""1""","isEmpty == ""True""","peek_obj_type == ""class java.lang.String""","push == ""True""","pop == ""False""","clear == ""False""","calledMethod == ""push""","size_p == ""0""",Yes
1719,1607899197651:68ac620c-e927-4911-af18-c74cf70e1100,1607899197651:e054e806-4105-41f0-a612-47df1e9bfdd8,"size == ""1""","isEmpty == ""True""","peek_obj_type == ""class java.lang.String""","push == ""False""","pop == ""True""","clear == ""False""","calledMethod == ""pop""","size_p == ""1""",Yes
1721,1607899197651:68ac620c-e927-4911-af18-c74cf70e1100,1607899197651:a5851c53-dd39-40e5-998b-93b3160b7508,"size == ""1""","isEmpty == ""True""","peek_obj_type == ""class java.lang.String""","push == ""True""","pop == ""False""","clear == ""False""","calledMethod == ""push""","size_p == ""0""",Yes
1723,1607899197651:68ac620c-e927-4911-af18-c74cf70e1100,1607899197651:2637a96a-4646-4882-a538-da80f0b55eea,"size == ""1""","isEmpty == ""True""","peek_obj_type == ""class java.lang.String""","push == ""True""","pop == ""False""","clear == ""False""","calledMethod == ""push""","size_p == ""0""",Yes
1724,1607899197651:68ac620c-e927-4911-af18-c74cf70e1100,1607899197651:2637a96a-4646-4882-a538-da80f0b55eea,"size == ""2""","isEmpty == ""True""","peek_obj_type == ""class java.lang.String""","push == ""True""","pop == ""False""","clear == ""False""","calledMethod == ""push""","size_p == ""1""",Yes
1725,1607899197651:68ac620c-e927-4911-af18-c74cf70e1100,1607899197651:2637a96a-4646-4882-a538-da80f0b55eea,"size == ""3""","isEmpty == ""True""","peek_obj_type == ""class java.lang.String""","push == ""True""","pop == ""False""","clear == ""False""","calledMethod == ""push""","size_p == ""2""",Yes
1726,1607899197651:68ac620c-e927-4911-af18-c74cf70e1100,1607899197651:2637a96a-4646-4882-a538-da80f0b55eea,"size == ""3""","isEmpty == ""True""","peek_obj_type == ""class java.lang.String""","push == ""False""","pop == ""False""","clear == ""True""","calledMethod == ""clear""","size_p == ""3""",Yes
1729,1607899197651:477ffaeb-733c-4b4e-97b5-2add6763a04f,1607899197651:aa9905af-1b9b-4520-9ff1-0c70f1aa2b1a,"size == ""1""","isEmpty == ""True""","peek_obj_type == ""class java.lang.String""","push == ""True""","pop == ""False""","clear == ""False""","calledMethod == ""push""","size_p == ""0""",Yes
1730,1607899197651:477ffaeb-733c-4b4e-97b5-2add6763a04f,1607899197651:aa9905af-1b9b-4520-9ff1-0c70f1aa2b1a,"size == ""1""","isEmpty == ""True""","peek_obj_type == ""class java.lang.String""","push == ""False""","pop == ""True""","clear == ""False""","calledMethod == ""pop""","size_p == ""1""",Yes
1732,1607899197651:3efe6273-d59f-4772-9f11-f23807dfb60e,1607899197651:74b407ee-27fe-4f27-ad98-e6ff59f79cc0,"size == ""1""","isEmpty == ""True""","peek_obj_type == ""class java.lang.String""","push == ""True""","pop == ""False""","clear == ""False""","calledMethod == ""push""","size_p == ""0""",Yes
1733,1607899197651:3efe6273-d59f-4772-9f11-f23807dfb60e,1607899197651:74b407ee-27fe-4f27-ad98-e6ff59f79cc0,"size == ""1""","isEmpty == ""True""","peek_obj_type == ""class java.lang.String""","push == ""False""","pop == ""True""","clear == ""False""","calledMethod == ""pop""","size_p == ""1""",Yes
1735,1607899197651:00cd76f8-a2a9-4e8a-b7d0-a5f496364ef6,1607899197651:19cb58da-9dad-4141-897d-b49c904785e3,"size == ""1""","isEmpty == ""True""","peek_obj_type == ""class java.lang.String""","push == ""True""","pop == ""False""","clear == ""False""","calledMethod == ""push""","size_p == ""0""",Yes
1736,1607899197651:00cd76f8-a2a9-4e8a-b7d0-a5f496364ef6,1607899197651:19cb58da-9dad-4141-897d-b49c904785e3,"size == ""1""","isEmpty == ""True""","peek_obj_type == ""class java.lang.String""","push == ""False""","pop == ""True""","clear == ""False""","calledMethod == ""pop""","size_p == ""1""",Yes
1738,1607899197650:d5cbf22f-1811-400b-abdc-920dce7a90c1,1607899197650:0fdd7d9e-5cc6-46b4-9faf-e6480b0a6899,"size == ""1""","isEmpty == ""True""","peek_obj_type == ""class java.lang.String""","push == ""True""","pop == ""False""","clear == ""False""","calledMethod == ""push""","size_p == ""0""",Yes
1739,1607899197650:d5cbf22f-1811-400b-abdc-920dce7a90c1,1607899197650:0fdd7d9e-5cc6-46b4-9faf-e6480b0a6899,"size == ""1""","isEmpty == ""True""","peek_obj_type == ""class java.lang.String""","push == ""False""","pop == ""True""","clear == ""False""","calledMethod == ""pop""","size_p == ""1""",Yes
1741,1607899197650:9b2cd20d-bbf9-4dc0-9963-e568f55768b6,1607899197650:fe736446-a190-4a1a-bc46-49282f872f06,"size == ""1""","isEmpty == ""True""","peek_obj_type == ""class java.lang.String""","push == ""True""","pop == ""False""","clear == ""False""","calledMethod == ""push""","size_p == ""0""",Yes
1742,1607899197650:9b2cd20d-bbf9-4dc0-9963-e568f55768b6,1607899197650:fe736446-a190-4a1a-bc46-49282f872f06,"size == ""1""","isEmpty == ""True""","peek_obj_type == ""class java.lang.String""","push == ""False""","pop == ""True""","clear == ""False""","calledMethod == ""pop""","size_p == ""1""",Yes
1744,1607899197650:9b2cd20d-bbf9-4dc0-9963-e568f55768b6,1607899197650:9b22a348-68ee-4780-98c9-0026fb89b30e,"size == ""1""","isEmpty == ""True""","peek_obj_type == ""class java.lang.String""","push == ""True""","pop == ""False""","clear == ""False""","calledMethod == ""push""","size_p == ""0""",Yes
1747,1607899197650:92ecadbe-de13-42e3-85cd-c379e423947e,1607899197650:2756da60-fbcc-4356-8584-4691b0484f6e,"size == ""1""","isEmpty == ""True""","peek_obj_type == ""class java.lang.String""","push == ""True""","pop == ""False""","clear == ""False""","calledMethod == ""push""","size_p == ""0""",Yes
1748,1607899197650:92ecadbe-de13-42e3-85cd-c379e423947e,1607899197650:2756da60-fbcc-4356-8584-4691b0484f6e,"size == ""1""","isEmpty == ""True""","peek_obj_type == ""class java.lang.String""","push == ""False""","pop == ""True""","clear == ""False""","calledMethod == ""pop""","size_p == ""1""",Yes
1750,1607899197650:8b3e3bf4-e7a3-438c-9ebf-5069932bc6a6,1607899197650:60b8f528-6dce-4215-8401-bda35fa6deed,"size == ""1""","isEmpty == ""True""","peek_obj_type == ""class java.lang.String""","push == ""True""","pop == ""False""","clear == ""False""","calledMethod == ""push""","size_p == ""0""",Yes
1752,1607899197650:8b3e3bf4-e7a3-438c-9ebf-5069932bc6a6,1607899197650:2d979ef2-ff97-429d-8304-32b197e8bc0e,"size == ""1""","isEmpty == ""True""","peek_obj_type == ""class java.lang.String""","push == ""True""","pop == ""False""","clear == ""False""","calledMethod == ""push""","size_p == ""0""",Yes
1753,1607899197650:8b3e3bf4-e7a3-438c-9ebf-5069932bc6a6,1607899197650:2d979ef2-ff97-429d-8304-32b197e8bc0e,"size == ""1""","isEmpty == ""True""","peek_obj_type == ""class java.lang.String""","push == ""False""","pop == ""True""","clear == ""False""","calledMethod == ""pop""","size_p == ""1""",Yes
1756,1607899197650:3edaf257-0d26-4a4f-a7ab-f4b602fc4a7f,1607899197650:325abb9a-b390-4b99-9843-440255e351f8,"size == ""1""","isEmpty == ""True""","peek_obj_type == ""class java.lang.String""","push == ""True""","pop == ""False""","clear == ""False""","calledMethod == ""push""","size_p == ""0""",Yes
1757,1607899197650:3edaf257-0d26-4a4f-a7ab-f4b602fc4a7f,1607899197650:325abb9a-b390-4b99-9843-440255e351f8,"size == ""1""","isEmpty == ""True""","peek_obj_type == ""class java.lang.String""","push == ""False""","pop == ""True""","clear == ""False""","calledMethod == ""pop""","size_p == ""1""",Yes
1759,1607899197649:e04699c2-6751-49d1-a6c7-67d34fa6b177,1607899197649:688d36db-6664-4bd8-937d-129089ec86f0,"size == ""1""","isEmpty == ""True""","peek_obj_type == ""class java.lang.String""","push == ""True""","pop == ""False""","clear == ""False""","calledMethod == ""push""","size_p == ""0""",Yes
1760,1607899197649:e04699c2-6751-49d1-a6c7-67d34fa6b177,1607899197649:688d36db-6664-4bd8-937d-129089ec86f0,"size == ""1""","isEmpty == ""True""","peek_obj_type == ""class java.lang.String""","push == ""False""","pop == ""True""","clear == ""False""","calledMethod == ""pop""","size_p == ""1""",Yes
1762,1607899197649:e04699c2-6751-49d1-a6c7-67d34fa6b177,1607899197649:17b46b77-1187-4d74-9e60-1a1e9f349abe,"size == ""1""","isEmpty == ""True""","peek_obj_type == ""class java.lang.String""","push == ""True""","pop == ""False""","clear == ""False""","calledMethod == ""push""","size_p == ""0""",Yes
1763,1607899197649:e04699c2-6751-49d1-a6c7-67d34fa6b177,1607899197649:17b46b77-1187-4d74-9e60-1a1e9f349abe,"size == ""2""","isEmpty == ""True""","peek_obj_type == ""class java.lang.String""","push == ""True""","pop == ""False""","clear == ""False""","calledMethod == ""push""","size_p == ""1""",Yes
1765,1607899197649:7a56e7a5-a99e-4b8d-817d-026752715c90,1607899197649:60a8ca03-3eea-42bb-b822-0f553af59065,"size == ""1""","isEmpty == ""True""","peek_obj_type == ""class java.lang.String""","push == ""True""","pop == ""False""","clear == ""False""","calledMethod == ""push""","size_p == ""0""",Yes
1766,1607899197649:7a56e7a5-a99e-4b8d-817d-026752715c90,1607899197649:60a8ca03-3eea-42bb-b822-0f553af59065,"size == ""1""","isEmpty == ""True""","peek_obj_type == ""class java.lang.String""","push == ""False""","pop == ""True""","clear == ""False""","calledMethod == ""pop""","size_p == ""1""",Yes
1768,1607899197649:79996fd5-8a50-4822-a5b2-7a0fd1c40ad6,1607899197649:f063d615-9a32-4d74-8b39-af8f0694a503,"size == ""1""","isEmpty == ""True""","peek_obj_type == ""class java.lang.String""","push == ""True""","pop == ""False""","clear == ""False""","calledMethod == ""push""","size_p == ""0""",Yes
1769,1607899197649:79996fd5-8a50-4822-a5b2-7a0fd1c40ad6,1607899197649:f063d615-9a32-4d74-8b39-af8f0694a503,"size == ""1""","isEmpty == ""True""","peek_obj_type == ""class java.lang.String""","push == ""False""","pop == ""True""","clear == ""False""","calledMethod == ""pop""","size_p == ""1""",Yes
1772,1607899197649:79996fd5-8a50-4822-a5b2-7a0fd1c40ad6,1607899197649:8e78a105-e2e7-4aa8-b61b-0391e8c623a7,"size == ""1""","isEmpty == ""True""","peek_obj_type == ""class java.lang.String""","push == ""True""","pop == ""False""","clear == ""False""","calledMethod == ""push""","size_p == ""0""",Yes
1773,1607899197649:79996fd5-8a50-4822-a5b2-7a0fd1c40ad6,1607899197649:8e78a105-e2e7-4aa8-b61b-0391e8c623a7,"size == ""1""","isEmpty == ""True""","peek_obj_type == ""class java.lang.String""","push == ""False""","pop == ""False""","clear == ""True""","calledMethod == ""clear""","size_p == ""1""",Yes
1774,1607899197649:79996fd5-8a50-4822-a5b2-7a0fd1c40ad6,1607899197649:8e78a105-e2e7-4aa8-b61b-0391e8c623a7,"size == ""1""","isEmpty == ""True""","peek_obj_type == ""class java.lang.String""","push == ""False""","pop == ""False""","clear == ""True""","calledMethod == ""clear""","size_p == ""1""",Yes
1775,1607899197649:79996fd5-8a50-4822-a5b2-7a0fd1c40ad6,1607899197649:8e78a105-e2e7-4aa8-b61b-0391e8c623a7,"size == ""1""","isEmpty == ""True""","peek_obj_type == ""class java.lang.String""","push == ""False""","pop == ""False""","clear == ""True""","calledMethod == ""clear""","size_p == ""1""",Yes
1777,1607899197649:10be2ae3-9ce9-4c99-9608-c7989281f7b3,1607899197649:e42346d7-c601-4a18-9553-51950db7b6b4,"size == ""1""","isEmpty == ""True""","peek_obj_type == ""class java.lang.String""","push == ""True""","pop == ""False""","clear == ""False""","calledMethod == ""push""","size_p == ""0""",Yes
1778,1607899197649:10be2ae3-9ce9-4c99-9608-c7989281f7b3,1607899197649:e42346d7-c601-4a18-9553-51950db7b6b4,"size == ""1""","isEmpty == ""True""","peek_obj_type == ""class java.lang.String""","push == ""False""","pop == ""True""","clear == ""False""","calledMethod == ""pop""","size_p == ""1""",Yes
1780,1607899197648:f1d3e38a-c16f-4c19-9020-a4117a9b213e,1607899197648:d9bdec1e-0153-4964-a367-c85160f6efc2,"size == ""1""","isEmpty == ""True""","peek_obj_type == ""class java.lang.String""","push == ""True""","pop == ""False""","clear == ""False""","calledMethod == ""push""","size_p == ""0""",Yes
1781,1607899197648:f1d3e38a-c16f-4c19-9020-a4117a9b213e,1607899197648:d9bdec1e-0153-4964-a367-c85160f6efc2,"size == ""1""","isEmpty == ""True""","peek_obj_type == ""class java.lang.String""","push == ""False""","pop == ""True""","clear == ""False""","calledMethod == ""pop""","size_p == ""1""",Yes
1784,1607899197648:f1d3e38a-c16f-4c19-9020-a4117a9b213e,1607899197648:27f0b174-d46a-4d3c-bbdd-c79f7dde3b2e,"size == ""1""","isEmpty == ""True""","peek_obj_type == ""class java.lang.String""","push == ""True""","pop == ""False""","clear == ""False""","calledMethod == ""push""","size_p == ""0""",Yes
1785,1607899197648:f1d3e38a-c16f-4c19-9020-a4117a9b213e,1607899197648:27f0b174-d46a-4d3c-bbdd-c79f7dde3b2e,"size == ""1""","isEmpty == ""True""","peek_obj_type == ""class java.lang.String""","push == ""False""","pop == ""False""","clear == ""True""","calledMethod == ""clear""","size_p == ""1""",Yes
1786,1607899197648:f1d3e38a-c16f-4c19-9020-a4117a9b213e,1607899197648:27f0b174-d46a-4d3c-bbdd-c79f7dde3b2e,"size == ""1""","isEmpty == ""True""","peek_obj_type == ""class java.lang.String""","push == ""False""","pop == ""False""","clear == ""True""","calledMethod == ""clear""","size_p == ""1""",Yes
1787,1607899197648:f1d3e38a-c16f-4c19-9020-a4117a9b213e,1607899197648:27f0b174-d46a-4d3c-bbdd-c79f7dde3b2e,"size == ""1""","isEmpty == ""True""","peek_obj_type == ""class java.lang.String""","push == ""False""","pop == ""False""","clear == ""True""","calledMethod == ""clear""","size_p == ""1""",Yes
1789,1607899197648:354795d5-ec56-49af-8c94-b3ae21db915b,1607899197648:7cf99b1e-1b73-4138-8ffa-f2bf96113f13,"size == ""1""","isEmpty == ""True""","peek_obj_type == ""class java.lang.String""","push == ""True""","pop == ""False""","clear == ""False""","calledMethod == ""push""","size_p == ""0""",Yes
1790,1607899197648:354795d5-ec56-49af-8c94-b3ae21db915b,1607899197648:7cf99b1e-1b73-4138-8ffa-f2bf96113f13,"size == ""1""","isEmpty == ""True""","peek_obj_type == ""class java.lang.String""","push == ""False""","pop == ""True""","clear == ""False""","calledMethod == ""pop""","size_p == ""1""",Yes
1793,1607899197648:354795d5-ec56-49af-8c94-b3ae21db915b,1607899197648:13527327-9bd5-4777-bb64-f1ece549c617,"size == ""1""","isEmpty == ""True""","peek_obj_type == ""class java.lang.String""","push == ""True""","pop == ""False""","clear == ""False""","calledMethod == ""push""","size_p == ""0""",Yes
1794,1607899197648:354795d5-ec56-49af-8c94-b3ae21db915b,1607899197648:13527327-9bd5-4777-bb64-f1ece549c617,"size == ""1""","isEmpty == ""True""","peek_obj_type == ""class java.lang.String""","push == ""False""","pop == ""False""","clear == ""True""","calledMethod == ""clear""","size_p == ""1""",Yes
1796,1607899197648:29689df7-a158-4997-ad58-dfa34f96777d,1607899197648:5ad78f93-2926-4643-8651-4f2c121f1ec2,"size == ""1""","isEmpty == ""True""","peek_obj_type == ""class java.lang.String""","push == ""True""","pop == ""False""","clear == ""False""","calledMethod == ""push""","size_p == ""0""",Yes
1797,1607899197648:29689df7-a158-4997-ad58-dfa34f96777d,1607899197648:5ad78f93-2926-4643-8651-4f2c121f1ec2,"size == ""1""","isEmpty == ""True""","peek_obj_type == ""class java.lang.String""","push == ""False""","pop == ""True""","clear == ""False""","calledMethod == ""pop""","size_p == ""1""",Yes
1800,1607899197647:ecd6763a-8d53-4021-b74c-b340994753f8,1607899197647:7c20d963-3b1f-4f92-bed7-4c6938149689,"size == ""1""","isEmpty == ""True""","peek_obj_type == ""class java.lang.String""","push == ""True""","pop == ""False""","clear == ""False""","calledMethod == ""push""","size_p == ""0""",Yes
1801,1607899197647:ecd6763a-8d53-4021-b74c-b340994753f8,1607899197647:7c20d963-3b1f-4f92-bed7-4c6938149689,"size == ""1""","isEmpty == ""True""","peek_obj_type == ""class java.lang.String""","push == ""False""","pop == ""False""","clear == ""True""","calledMethod == ""clear""","size_p == ""1""",Yes
1802,1607899197647:ecd6763a-8d53-4021-b74c-b340994753f8,1607899197647:7c20d963-3b1f-4f92-bed7-4c6938149689,"size == ""1""","isEmpty == ""True""","peek_obj_type == ""class java.lang.String""","push == ""False""","pop == ""False""","clear == ""True""","calledMethod == ""clear""","size_p == ""1""",Yes
1803,1607899197647:ecd6763a-8d53-4021-b74c-b340994753f8,1607899197647:7c20d963-3b1f-4f92-bed7-4c6938149689,"size == ""1""","isEmpty == ""True""","peek_obj_type == ""class java.lang.String""","push == ""False""","pop == ""False""","clear == ""True""","calledMethod == ""clear""","size_p == ""1""",Yes
1805,1607899197647:ecd6763a-8d53-4021-b74c-b340994753f8,1607899197647:145996e7-c026-4ac8-9b41-0bd345710d80,"size == ""1""","isEmpty == ""True""","peek_obj_type == ""class java.lang.String""","push == ""True""","pop == ""False""","clear == ""False""","calledMethod == ""push""","size_p == ""0""",Yes
1806,1607899197647:ecd6763a-8d53-4021-b74c-b340994753f8,1607899197647:145996e7-c026-4ac8-9b41-0bd345710d80,"size == ""1""","isEmpty == ""True""","peek_obj_type == ""class java.lang.String""","push == ""False""","pop == ""True""","clear == ""False""","calledMethod == ""pop""","size_p == ""1""",Yes
1808,1607899197647:c70e8da5-ba09-4608-afe5-c40b28eb1c49,1607899197648:eab85084-348c-4c1c-97f7-83d92928eb80,"size == ""1""","isEmpty == ""True""","peek_obj_type == ""class java.lang.String""","push == ""True""","pop == ""False""","clear == ""False""","calledMethod == ""push""","size_p == ""0""",Yes
1809,1607899197647:c70e8da5-ba09-4608-afe5-c40b28eb1c49,1607899197648:eab85084-348c-4c1c-97f7-83d92928eb80,"size == ""1""","isEmpty == ""True""","peek_obj_type == ""class java.lang.String""","push == ""False""","pop == ""True""","clear == ""False""","calledMethod == ""pop""","size_p == ""1""",Yes
1812,1607899197647:c70e8da5-ba09-4608-afe5-c40b28eb1c49,1607899197647:dbcf7ab6-5c1f-4783-b678-0addddbab623,"size == ""1""","isEmpty == ""True""","peek_obj_type == ""class java.lang.String""","push == ""True""","pop == ""False""","clear == ""False""","calledMethod == ""push""","size_p == ""0""",Yes
1813,1607899197647:c70e8da5-ba09-4608-afe5-c40b28eb1c49,1607899197647:dbcf7ab6-5c1f-4783-b678-0addddbab623,"size == ""1""","isEmpty == ""True""","peek_obj_type == ""class java.lang.String""","push == ""False""","pop == ""False""","clear == ""True""","calledMethod == ""clear""","size_p == ""1""",Yes
1814,1607899197647:c70e8da5-ba09-4608-afe5-c40b28eb1c49,1607899197647:dbcf7ab6-5c1f-4783-b678-0addddbab623,"size == ""1""","isEmpty == ""True""","peek_obj_type == ""class java.lang.String""","push == ""False""","pop == ""False""","clear == ""True""","calledMethod == ""clear""","size_p == ""1""",Yes
1815,1607899197647:c70e8da5-ba09-4608-afe5-c40b28eb1c49,1607899197647:dbcf7ab6-5c1f-4783-b678-0addddbab623,"size == ""1""","isEmpty == ""True""","peek_obj_type == ""class java.lang.String""","push == ""False""","pop == ""False""","clear == ""True""","calledMethod == ""clear""","size_p == ""1""",Yes
1817,1607899197647:8c47d6c0-4871-41e2-8dc3-c5c9cff7eb3f,1607899197647:ec33c7d8-23b2-448f-937d-e7b1c3711c87,"size == ""1""","isEmpty == ""True""","peek_obj_type == ""class java.lang.String""","push == ""True""","pop == ""False""","clear == ""False""","calledMethod == ""push""","size_p == ""0""",Yes
1818,1607899197647:8c47d6c0-4871-41e2-8dc3-c5c9cff7eb3f,1607899197647:ec33c7d8-23b2-448f-937d-e7b1c3711c87,"size == ""1""","isEmpty == ""True""","peek_obj_type == ""class java.lang.String""","push == ""False""","pop == ""True""","clear == ""False""","calledMethod == ""pop""","size_p == ""1""",Yes
1820,1607899197647:70ba53d5-a785-4dd5-a198-d92727a9b52b,1607899197647:fca122bb-c122-4df0-91e8-ff960941597f,"size == ""1""","isEmpty == ""True""","peek_obj_type == ""class java.lang.String""","push == ""True""","pop == ""False""","clear == ""False""","calledMethod == ""push""","size_p == ""0""",Yes
1823,1607899197647:70ba53d5-a785-4dd5-a198-d92727a9b52b,1607899197647:78218b5a-a886-427d-9147-d4baac63c109,"size == ""1""","isEmpty == ""True""","peek_obj_type == ""class java.lang.String""","push == ""True""","pop == ""False""","clear == ""False""","calledMethod == ""push""","size_p == ""0""",Yes
1824,1607899197647:70ba53d5-a785-4dd5-a198-d92727a9b52b,1607899197647:78218b5a-a886-427d-9147-d4baac63c109,"size == ""1""","isEmpty == ""True""","peek_obj_type == ""class java.lang.String""","push == ""False""","pop == ""True""","clear == ""False""","calledMethod == ""pop""","size_p == ""1""",Yes
1826,1607899197646:db229808-f0ad-497d-a63c-ce530cf0dee4,1607899197646:14034340-33bf-46aa-9dcb-d2fc4e0457a7,"size == ""1""","isEmpty == ""True""","peek_obj_type == ""class java.lang.String""","push == ""True""","pop == ""False""","clear == ""False""","calledMethod == ""push""","size_p == ""0""",Yes
1827,1607899197646:db229808-f0ad-497d-a63c-ce530cf0dee4,1607899197646:14034340-33bf-46aa-9dcb-d2fc4e0457a7,"size == ""1""","isEmpty == ""True""","peek_obj_type == ""class java.lang.String""","push == ""False""","pop == ""True""","clear == ""False""","calledMethod == ""pop""","size_p == ""1""",Yes
1829,1607899197646:543da3e1-559c-4d3e-81cc-8600927791b8,1607899197646:bdb2b010-991a-466c-b5df-d8a2f39fbcf3,"size == ""1""","isEmpty == ""True""","peek_obj_type == ""class java.lang.String""","push == ""True""","pop == ""False""","clear == ""False""","calledMethod == ""push""","size_p == ""0""",Yes
1830,1607899197646:543da3e1-559c-4d3e-81cc-8600927791b8,1607899197646:bdb2b010-991a-466c-b5df-d8a2f39fbcf3,"size == ""1""","isEmpty == ""True""","peek_obj_type == ""class java.lang.String""","push == ""False""","pop == ""True""","clear == ""False""","calledMethod == ""pop""","size_p == ""1""",Yes
1833,1607899197646:543da3e1-559c-4d3e-81cc-8600927791b8,1607899197646:954ef469-75cc-4380-a5a1-4f352aba38ba,"size == ""1""","isEmpty == ""True""","peek_obj_type == ""class java.lang.String""","push == ""True""","pop == ""False""","clear == ""False""","calledMethod == ""push""","size_p == ""0""",Yes
1834,1607899197646:543da3e1-559c-4d3e-81cc-8600927791b8,1607899197646:954ef469-75cc-4380-a5a1-4f352aba38ba,"size == ""1""","isEmpty == ""True""","peek_obj_type == ""class java.lang.String""","push == ""False""","pop == ""False""","clear == ""True""","calledMethod == ""clear""","size_p == ""1""",Yes
1835,1607899197646:543da3e1-559c-4d3e-81cc-8600927791b8,1607899197646:954ef469-75cc-4380-a5a1-4f352aba38ba,"size == ""1""","isEmpty == ""True""","peek_obj_type == ""class java.lang.String""","push == ""False""","pop == ""False""","clear == ""True""","calledMethod == ""clear""","size_p == ""1""",Yes
1836,1607899197646:543da3e1-559c-4d3e-81cc-8600927791b8,1607899197646:954ef469-75cc-4380-a5a1-4f352aba38ba,"size == ""1""","isEmpty == ""True""","peek_obj_type == ""class java.lang.String""","push == ""False""","pop == ""False""","clear == ""True""","calledMethod == ""clear""","size_p == ""1""",Yes
1838,1607899197646:4d39f29b-66cb-443d-b4f5-fc5eeeacbac2,1607899197646:eb3ff489-bb79-4e75-aed1-0c4fb67c91b8,"size == ""1""","isEmpty == ""True""","peek_obj_type == ""class java.lang.String""","push == ""True""","pop == ""False""","clear == ""False""","calledMethod == ""push""","size_p == ""0""",Yes
1839,1607899197646:4d39f29b-66cb-443d-b4f5-fc5eeeacbac2,1607899197646:eb3ff489-bb79-4e75-aed1-0c4fb67c91b8,"size == ""2""","isEmpty == ""True""","peek_obj_type == ""class java.lang.String""","push == ""True""","pop == ""False""","clear == ""False""","calledMethod == ""push""","size_p == ""1""",Yes
1841,1607899197646:4d39f29b-66cb-443d-b4f5-fc5eeeacbac2,1607899197646:e8d51152-5379-477f-ad58-ec7bcdfd4093,"size == ""1""","isEmpty == ""True""","peek_obj_type == ""class java.lang.String""","push == ""True""","pop == ""False""","clear == ""False""","calledMethod == ""push""","size_p == ""0""",Yes
1842,1607899197646:4d39f29b-66cb-443d-b4f5-fc5eeeacbac2,1607899197646:e8d51152-5379-477f-ad58-ec7bcdfd4093,"size == ""1""","isEmpty == ""True""","peek_obj_type == ""class java.lang.String""","push == ""False""","pop == ""True""","clear == ""False""","calledMethod == ""pop""","size_p == ""1""",Yes
1844,1607899197646:0e50a097-6638-4704-98b8-b2d2e6b67caa,1607899197646:8d09e64e-342c-4f25-8490-9bb249d28bba,"size == ""1""","isEmpty == ""True""","peek_obj_type == ""class java.lang.String""","push == ""True""","pop == ""False""","clear == ""False""","calledMethod == ""push""","size_p == ""0""",Yes
1845,1607899197646:0e50a097-6638-4704-98b8-b2d2e6b67caa,1607899197646:8d09e64e-342c-4f25-8490-9bb249d28bba,"size == ""1""","isEmpty == ""True""","peek_obj_type == ""class java.lang.String""","push == ""False""","pop == ""True""","clear == ""False""","calledMethod == ""pop""","size_p == ""1""",Yes
1847,1607899197645:8d816a9c-d7a3-49ca-8e80-e7013c1dfb85,1607899197645:f350b29b-ddfe-4ed7-a8e1-20b177ba1dc1,"size == ""1""","isEmpty == ""True""","peek_obj_type == ""class java.lang.String""","push == ""True""","pop == ""False""","clear == ""False""","calledMethod == ""push""","size_p == ""0""",Yes
1848,1607899197645:8d816a9c-d7a3-49ca-8e80-e7013c1dfb85,1607899197645:f350b29b-ddfe-4ed7-a8e1-20b177ba1dc1,"size == ""1""","isEmpty == ""True""","peek_obj_type == ""class java.lang.String""","push == ""False""","pop == ""True""","clear == ""False""","calledMethod == ""pop""","size_p == ""1""",Yes
1851,1607899197645:857863fe-8b11-4519-8117-4f8f54a3c430,1607899197645:a2fab5e8-4114-4eb7-bcc2-42ebf8991d8c,"size == ""1""","isEmpty == ""True""","peek_obj_type == ""class java.lang.String""","push == ""True""","pop == ""False""","clear == ""False""","calledMethod == ""push""","size_p == ""0""",Yes
1852,1607899197645:857863fe-8b11-4519-8117-4f8f54a3c430,1607899197645:a2fab5e8-4114-4eb7-bcc2-42ebf8991d8c,"size == ""1""","isEmpty == ""True""","peek_obj_type == ""class java.lang.String""","push == ""False""","pop == ""False""","clear == ""True""","calledMethod == ""clear""","size_p == ""1""",Yes
1853,1607899197645:857863fe-8b11-4519-8117-4f8f54a3c430,1607899197645:a2fab5e8-4114-4eb7-bcc2-42ebf8991d8c,"size == ""1""","isEmpty == ""True""","peek_obj_type == ""class java.lang.String""","push == ""False""","pop == ""False""","clear == ""True""","calledMethod == ""clear""","size_p == ""1""",Yes
1854,1607899197645:857863fe-8b11-4519-8117-4f8f54a3c430,1607899197645:a2fab5e8-4114-4eb7-bcc2-42ebf8991d8c,"size == ""1""","isEmpty == ""True""","peek_obj_type == ""class java.lang.String""","push == ""False""","pop == ""False""","clear == ""True""","calledMethod == ""clear""","size_p == ""1""",Yes
1856,1607899197645:857863fe-8b11-4519-8117-4f8f54a3c430,1607899197645:a2fa783a-f872-4954-96d3-d76866d2cff1,"size == ""1""","isEmpty == ""True""","peek_obj_type == ""class java.lang.String""","push == ""True""","pop == ""False""","clear == ""False""","calledMethod == ""push""","size_p == ""0""",Yes
1857,1607899197645:857863fe-8b11-4519-8117-4f8f54a3c430,1607899197645:a2fa783a-f872-4954-96d3-d76866d2cff1,"size == ""1""","isEmpty == ""True""","peek_obj_type == ""class java.lang.String""","push == ""False""","pop == ""True""","clear == ""False""","calledMethod == ""pop""","size_p == ""1""",Yes
1859,1607899197645:12982535-93af-4f8e-8cc7-06f12ec3356b,1607899197645:d3f18114-abaf-4f68-9bb9-29b845680608,"size == ""1""","isEmpty == ""True""","peek_obj_type == ""class java.lang.String""","push == ""True""","pop == ""False""","clear == ""False""","calledMethod == ""push""","size_p == ""0""",Yes
1860,1607899197645:12982535-93af-4f8e-8cc7-06f12ec3356b,1607899197645:d3f18114-abaf-4f68-9bb9-29b845680608,"size == ""1""","isEmpty == ""True""","peek_obj_type == ""class java.lang.String""","push == ""False""","pop == ""True""","clear == ""False""","calledMethod == ""pop""","size_p == ""1""",Yes
1862,1607899197645:12982535-93af-4f8e-8cc7-06f12ec3356b,1607899197645:27c93e43-2f27-43ff-91e3-cfa4014f9447,"size == ""1""","isEmpty == ""True""","peek_obj_type == ""class java.lang.String""","push == ""True""","pop == ""False""","clear == ""False""","calledMethod == ""push""","size_p == ""0""",Yes
1863,1607899197645:12982535-93af-4f8e-8cc7-06f12ec3356b,1607899197645:27c93e43-2f27-43ff-91e3-cfa4014f9447,"size == ""2""","isEmpty == ""True""","peek_obj_type == ""class java.lang.String""","push == ""True""","pop == ""False""","clear == ""False""","calledMethod == ""push""","size_p == ""1""",Yes
1865,1607899197645:03bcb40e-66cc-4e89-8058-8db5f582f220,1607899197645:a8386ed6-e931-4340-bf1f-0622f123b5f3,"size == ""1""","isEmpty == ""True""","peek_obj_type == ""class java.lang.String""","push == ""True""","pop == ""False""","clear == ""False""","calledMethod == ""push""","size_p == ""0""",Yes
1867,1607899197645:03bcb40e-66cc-4e89-8058-8db5f582f220,1607899197645:5d533afb-39ec-4c98-b4f2-b5286ab5b3e3,"size == ""1""","isEmpty == ""True""","peek_obj_type == ""class java.lang.String""","push == ""True""","pop == ""False""","clear == ""False""","calledMethod == ""push""","size_p == ""0""",Yes
1868,1607899197645:03bcb40e-66cc-4e89-8058-8db5f582f220,1607899197645:5d533afb-39ec-4c98-b4f2-b5286ab5b3e3,"size == ""1""","isEmpty == ""True""","peek_obj_type == ""class java.lang.String""","push == ""False""","pop == ""True""","clear == ""False""","calledMethod == ""pop""","size_p == ""1""",Yes
1870,1607899197644:e6c22976-f8b0-4923-b14c-a99ea3bef120,1607899197644:68655bfb-e09f-4d47-b78e-a732417342f6,"size == ""1""","isEmpty == ""True""","peek_obj_type == ""class java.lang.String""","push == ""True""","pop == ""False""","clear == ""False""","calledMethod == ""push""","size_p == ""0""",Yes
1871,1607899197644:e6c22976-f8b0-4923-b14c-a99ea3bef120,1607899197644:68655bfb-e09f-4d47-b78e-a732417342f6,"size == ""1""","isEmpty == ""True""","peek_obj_type == ""class java.lang.String""","push == ""False""","pop == ""True""","clear == ""False""","calledMethod == ""pop""","size_p == ""1""",Yes
1874,1607899197644:e6c22976-f8b0-4923-b14c-a99ea3bef120,1607899197644:51439585-eb2a-42c9-8fb9-770db64d8cb5,"size == ""1""","isEmpty == ""True""","peek_obj_type == ""class java.lang.String""","push == ""True""","pop == ""False""","clear == ""False""","calledMethod == ""push""","size_p == ""0""",Yes
1875,1607899197644:e6c22976-f8b0-4923-b14c-a99ea3bef120,1607899197644:51439585-eb2a-42c9-8fb9-770db64d8cb5,"size == ""1""","isEmpty == ""True""","peek_obj_type == ""class java.lang.String""","push == ""False""","pop == ""False""","clear == ""True""","calledMethod == ""clear""","size_p == ""1""",Yes
1876,1607899197644:e6c22976-f8b0-4923-b14c-a99ea3bef120,1607899197644:51439585-eb2a-42c9-8fb9-770db64d8cb5,"size == ""1""","isEmpty == ""True""","peek_obj_type == ""class java.lang.String""","push == ""False""","pop == ""False""","clear == ""True""","calledMethod == ""clear""","size_p == ""1""",Yes
1877,1607899197644:e6c22976-f8b0-4923-b14c-a99ea3bef120,1607899197644:51439585-eb2a-42c9-8fb9-770db64d8cb5,"size == ""1""","isEmpty == ""True""","peek_obj_type == ""class java.lang.String""","push == ""False""","pop == ""False""","clear == ""True""","calledMethod == ""clear""","size_p == ""1""",Yes
1879,1607899197644:c99fc19a-c767-48d6-a365-7350408ded0d,1607899197644:c71cdade-ea08-4944-9ce6-2ec12c6171f6,"size == ""1""","isEmpty == ""True""","peek_obj_type == ""class java.lang.String""","push == ""True""","pop == ""False""","clear == ""False""","calledMethod == ""push""","size_p == ""0""",Yes
1880,1607899197644:c99fc19a-c767-48d6-a365-7350408ded0d,1607899197644:c71cdade-ea08-4944-9ce6-2ec12c6171f6,"size == ""1""","isEmpty == ""True""","peek_obj_type == ""class java.lang.String""","push == ""False""","pop == ""True""","clear == ""False""","calledMethod == ""pop""","size_p == ""1""",Yes
1882,1607899197644:c99fc19a-c767-48d6-a365-7350408ded0d,1607899197644:262616f4-4ac2-485a-b6d3-d492c9a91a38,"size == ""1""","isEmpty == ""True""","peek_obj_type == ""class java.lang.String""","push == ""True""","pop == ""False""","clear == ""False""","calledMethod == ""push""","size_p == ""0""",Yes
1883,1607899197644:c99fc19a-c767-48d6-a365-7350408ded0d,1607899197644:262616f4-4ac2-485a-b6d3-d492c9a91a38,"size == ""2""","isEmpty == ""True""","peek_obj_type == ""class java.lang.String""","push == ""True""","pop == ""False""","clear == ""False""","calledMethod == ""push""","size_p == ""1""",Yes
1885,1607899197644:86f9d0aa-deed-4db5-bb17-e5e277864aae,1607899197644:748a93db-502a-4fa0-991a-3672202cd197,"size == ""1""","isEmpty == ""True""","peek_obj_type == ""class java.lang.String""","push == ""True""","pop == ""False""","clear == ""False""","calledMethod == ""push""","size_p == ""0""",Yes
1886,1607899197644:86f9d0aa-deed-4db5-bb17-e5e277864aae,1607899197644:748a93db-502a-4fa0-991a-3672202cd197,"size == ""1""","isEmpty == ""True""","peek_obj_type == ""class java.lang.String""","push == ""False""","pop == ""True""","clear == ""False""","calledMethod == ""pop""","size_p == ""1""",Yes
1888,1607899197644:27f7f51a-5447-4775-a565-a7d365adeddf,1607899197644:a8450106-2236-405c-80cc-fab0a8aea192,"size == ""1""","isEmpty == ""True""","peek_obj_type == ""class java.lang.String""","push == ""True""","pop == ""False""","clear == ""False""","calledMethod == ""push""","size_p == ""0""",Yes
1889,1607899197644:27f7f51a-5447-4775-a565-a7d365adeddf,1607899197644:a8450106-2236-405c-80cc-fab0a8aea192,"size == ""1""","isEmpty == ""True""","peek_obj_type == ""class java.lang.String""","push == ""False""","pop == ""True""","clear == ""False""","calledMethod == ""pop""","size_p == ""1""",Yes
1892,1607899197643:8c04757d-ab3c-48a5-b247-806cb2bd3973,1607899197643:d75f165e-7e37-4378-a122-6db618152f05,"size == ""1""","isEmpty == ""True""","peek_obj_type == ""class java.lang.String""","push == ""True""","pop == ""False""","clear == ""False""","calledMethod == ""push""","size_p == ""0""",Yes
1893,1607899197643:8c04757d-ab3c-48a5-b247-806cb2bd3973,1607899197643:d75f165e-7e37-4378-a122-6db618152f05,"size == ""1""","isEmpty == ""True""","peek_obj_type == ""class java.lang.String""","push == ""False""","pop == ""False""","clear == ""True""","calledMethod == ""clear""","size_p == ""1""",Yes
1894,1607899197643:8c04757d-ab3c-48a5-b247-806cb2bd3973,1607899197643:d75f165e-7e37-4378-a122-6db618152f05,"size == ""1""","isEmpty == ""True""","peek_obj_type == ""class java.lang.String""","push == ""False""","pop == ""False""","clear == ""True""","calledMethod == ""clear""","size_p == ""1""",Yes
1895,1607899197643:8c04757d-ab3c-48a5-b247-806cb2bd3973,1607899197643:d75f165e-7e37-4378-a122-6db618152f05,"size == ""1""","isEmpty == ""True""","peek_obj_type == ""class java.lang.String""","push == ""False""","pop == ""False""","clear == ""True""","calledMethod == ""clear""","size_p == ""1""",Yes
1897,1607899197643:8c04757d-ab3c-48a5-b247-806cb2bd3973,1607899197643:ac8cd3ea-745e-4763-b306-5d64ff868201,"size == ""1""","isEmpty == ""True""","peek_obj_type == ""class java.lang.String""","push == ""True""","pop == ""False""","clear == ""False""","calledMethod == ""push""","size_p == ""0""",Yes
1898,1607899197643:8c04757d-ab3c-48a5-b247-806cb2bd3973,1607899197643:ac8cd3ea-745e-4763-b306-5d64ff868201,"size == ""1""","isEmpty == ""True""","peek_obj_type == ""class java.lang.String""","push == ""False""","pop == ""True""","clear == ""False""","calledMethod == ""pop""","size_p == ""1""",Yes
1900,1607899197643:51f454ba-fee8-4284-a6b2-f96b4208ddba,1607899197643:84b54a2c-60e6-4ca7-8702-06937d7a4646,"size == ""1""","isEmpty == ""True""","peek_obj_type == ""class java.lang.String""","push == ""True""","pop == ""False""","clear == ""False""","calledMethod == ""push""","size_p == ""0""",Yes
1901,1607899197643:51f454ba-fee8-4284-a6b2-f96b4208ddba,1607899197643:84b54a2c-60e6-4ca7-8702-06937d7a4646,"size == ""1""","isEmpty == ""True""","peek_obj_type == ""class java.lang.String""","push == ""False""","pop == ""True""","clear == ""False""","calledMethod == ""pop""","size_p == ""1""",Yes
1904,1607899197643:51f454ba-fee8-4284-a6b2-f96b4208ddba,1607899197643:0b5da39b-44c6-468d-acc6-af487b2263d4,"size == ""1""","isEmpty == ""True""","peek_obj_type == ""class java.lang.String""","push == ""True""","pop == ""False""","clear == ""False""","calledMethod == ""push""","size_p == ""0""",Yes
1905,1607899197643:51f454ba-fee8-4284-a6b2-f96b4208ddba,1607899197643:0b5da39b-44c6-468d-acc6-af487b2263d4,"size == ""1""","isEmpty == ""True""","peek_obj_type == ""class java.lang.String""","push == ""False""","pop == ""False""","clear == ""True""","calledMethod == ""clear""","size_p == ""1""",Yes
1906,1607899197643:51f454ba-fee8-4284-a6b2-f96b4208ddba,1607899197643:0b5da39b-44c6-468d-acc6-af487b2263d4,"size == ""1""","isEmpty == ""True""","peek_obj_type == ""class java.lang.String""","push == ""False""","pop == ""False""","clear == ""True""","calledMethod == ""clear""","size_p == ""1""",Yes
1907,1607899197643:51f454ba-fee8-4284-a6b2-f96b4208ddba,1607899197643:0b5da39b-44c6-468d-acc6-af487b2263d4,"size == ""1""","isEmpty == ""True""","peek_obj_type == ""class java.lang.String""","push == ""False""","pop == ""False""","clear == ""True""","calledMethod == ""clear""","size_p == ""1""",Yes
1910,1607899197643:1e93b8ba-f7be-4b3c-9ae2-dbc2f2facaf0,1607899197643:9bc533d3-7238-4cea-a9fb-6f9f378ee2f7,"size == ""1""","isEmpty == ""True""","peek_obj_type == ""class java.lang.String""","push == ""True""","pop == ""False""","clear == ""False""","calledMethod == ""push""","size_p == ""0""",Yes
1911,1607899197643:1e93b8ba-f7be-4b3c-9ae2-dbc2f2facaf0,1607899197643:9bc533d3-7238-4cea-a9fb-6f9f378ee2f7,"size == ""1""","isEmpty == ""True""","peek_obj_type == ""class java.lang.String""","push == ""False""","pop == ""True""","clear == ""False""","calledMethod == ""pop""","size_p == ""1""",Yes
1913,1607899197643:1e93b8ba-f7be-4b3c-9ae2-dbc2f2facaf0,1607899197643:797748bf-733b-45cc-bd4c-2c5ad42224b6,"size == ""1""","isEmpty == ""True""","peek_obj_type == ""class java.lang.String""","push == ""True""","pop == ""False""","clear == ""False""","calledMethod == ""push""","size_p == ""0""",Yes
1915,1607899197642:e38c4514-f39e-4aab-9095-dff175eba418,1607899197642:b434fd3f-49b4-4c7e-a15a-eb14c2eb1bf8,"size == ""1""","isEmpty == ""True""","peek_obj_type == ""class java.lang.String""","push == ""True""","pop == ""False""","clear == ""False""","calledMethod == ""push""","size_p == ""0""",Yes
1918,1607899197642:e38c4514-f39e-4aab-9095-dff175eba418,1607899197642:05febc48-a497-48c2-878a-4382f771768d,"size == ""1""","isEmpty == ""True""","peek_obj_type == ""class java.lang.String""","push == ""True""","pop == ""False""","clear == ""False""","calledMethod == ""push""","size_p == ""0""",Yes
1919,1607899197642:e38c4514-f39e-4aab-9095-dff175eba418,1607899197642:05febc48-a497-48c2-878a-4382f771768d,"size == ""1""","isEmpty == ""True""","peek_obj_type == ""class java.lang.String""","push == ""False""","pop == ""True""","clear == ""False""","calledMethod == ""pop""","size_p == ""1""",Yes
1921,1607899197642:4a1d226e-0ff9-41e2-980a-dde5616d1e54,1607899197642:cfc9ac02-05c9-4e99-92bb-d119ae6c8f22,"size == ""1""","isEmpty == ""True""","peek_obj_type == ""class java.lang.String""","push == ""True""","pop == ""False""","clear == ""False""","calledMethod == ""push""","size_p == ""0""",Yes
1922,1607899197642:4a1d226e-0ff9-41e2-980a-dde5616d1e54,1607899197642:cfc9ac02-05c9-4e99-92bb-d119ae6c8f22,"size == ""2""","isEmpty == ""True""","peek_obj_type == ""class java.lang.String""","push == ""True""","pop == ""False""","clear == ""False""","calledMethod == ""push""","size_p == ""1""",Yes
1924,1607899197642:4a1d226e-0ff9-41e2-980a-dde5616d1e54,1607899197642:600ff59f-be9b-4e3f-8e19-a9ada87a4589,"size == ""1""","isEmpty == ""True""","peek_obj_type == ""class java.lang.String""","push == ""True""","pop == ""False""","clear == ""False""","calledMethod == ""push""","size_p == ""0""",Yes
1925,1607899197642:4a1d226e-0ff9-41e2-980a-dde5616d1e54,1607899197642:600ff59f-be9b-4e3f-8e19-a9ada87a4589,"size == ""1""","isEmpty == ""True""","peek_obj_type == ""class java.lang.String""","push == ""False""","pop == ""True""","clear == ""False""","calledMethod == ""pop""","size_p == ""1""",Yes
1928,1607899197642:406c9114-33e0-4700-a88e-7de18db7c11c,1607899197642:6eb21471-a413-4f55-8d8a-a87aabf45e29,"size == ""1""","isEmpty == ""True""","peek_obj_type == ""class java.lang.String""","push == ""True""","pop == ""False""","clear == ""False""","calledMethod == ""push""","size_p == ""0""",Yes
1929,1607899197642:406c9114-33e0-4700-a88e-7de18db7c11c,1607899197642:6eb21471-a413-4f55-8d8a-a87aabf45e29,"size == ""1""","isEmpty == ""True""","peek_obj_type == ""class java.lang.String""","push == ""False""","pop == ""True""","clear == ""False""","calledMethod == ""pop""","size_p == ""1""",Yes
1931,1607899197642:406c9114-33e0-4700-a88e-7de18db7c11c,1607899197642:23160365-3aa1-4253-b848-764eea8d3f03,"size == ""1""","isEmpty == ""True""","peek_obj_type == ""class java.lang.String""","push == ""True""","pop == ""False""","clear == ""False""","calledMethod == ""push""","size_p == ""0""",Yes
1933,1607899197642:31a8c884-50cb-4848-964a-ab5fa72ad9d8,1607899197643:e4c8b83a-44b4-4d68-b385-d1ee871edc94,"size == ""1""","isEmpty == ""True""","peek_obj_type == ""class java.lang.String""","push == ""True""","pop == ""False""","clear == ""False""","calledMethod == ""push""","size_p == ""0""",Yes
1934,1607899197642:31a8c884-50cb-4848-964a-ab5fa72ad9d8,1607899197643:e4c8b83a-44b4-4d68-b385-d1ee871edc94,"size == ""1""","isEmpty == ""True""","peek_obj_type == ""class java.lang.String""","push == ""False""","pop == ""True""","clear == ""False""","calledMethod == ""pop""","size_p == ""1""",Yes
1937,1607899197642:31a8c884-50cb-4848-964a-ab5fa72ad9d8,1607899197642:506eca64-99d5-4e73-bafa-3cab4389cd99,"size == ""1""","isEmpty == ""True""","peek_obj_type == ""class java.lang.String""","push == ""True""","pop == ""False""","clear == ""False""","calledMethod == ""push""","size_p == ""0""",Yes
1938,1607899197642:31a8c884-50cb-4848-964a-ab5fa72ad9d8,1607899197642:506eca64-99d5-4e73-bafa-3cab4389cd99,"size == ""1""","isEmpty == ""True""","peek_obj_type == ""class java.lang.String""","push == ""False""","pop == ""False""","clear == ""True""","calledMethod == ""clear""","size_p == ""1""",Yes
1939,1607899197642:31a8c884-50cb-4848-964a-ab5fa72ad9d8,1607899197642:506eca64-99d5-4e73-bafa-3cab4389cd99,"size == ""1""","isEmpty == ""True""","peek_obj_type == ""class java.lang.String""","push == ""False""","pop == ""False""","clear == ""True""","calledMethod == ""clear""","size_p == ""1""",Yes
1940,1607899197642:31a8c884-50cb-4848-964a-ab5fa72ad9d8,1607899197642:506eca64-99d5-4e73-bafa-3cab4389cd99,"size == ""1""","isEmpty == ""True""","peek_obj_type == ""class java.lang.String""","push == ""False""","pop == ""False""","clear == ""True""","calledMethod == ""clear""","size_p == ""1""",Yes
1942,1607899197641:e03c1a05-2921-4ec5-a8ff-d4e6dddd865f,1607899197641:d19b4117-e114-4e09-b2f0-1015184b8cc5,"size == ""1""","isEmpty == ""True""","peek_obj_type == ""class java.lang.String""","push == ""True""","pop == ""False""","clear == ""False""","calledMethod == ""push""","size_p == ""0""",Yes
1943,1607899197641:e03c1a05-2921-4ec5-a8ff-d4e6dddd865f,1607899197641:d19b4117-e114-4e09-b2f0-1015184b8cc5,"size == ""1""","isEmpty == ""True""","peek_obj_type == ""class java.lang.String""","push == ""False""","pop == ""True""","clear == ""False""","calledMethod == ""pop""","size_p == ""1""",Yes
1946,1607899197641:e03c1a05-2921-4ec5-a8ff-d4e6dddd865f,1607899197641:31fda5a5-e6ff-4a95-9ce5-cf4ffc8473b1,"size == ""1""","isEmpty == ""True""","peek_obj_type == ""class java.lang.String""","push == ""True""","pop == ""False""","clear == ""False""","calledMethod == ""push""","size_p == ""0""",Yes
1947,1607899197641:e03c1a05-2921-4ec5-a8ff-d4e6dddd865f,1607899197641:31fda5a5-e6ff-4a95-9ce5-cf4ffc8473b1,"size == ""1""","isEmpty == ""True""","peek_obj_type == ""class java.lang.String""","push == ""False""","pop == ""False""","clear == ""True""","calledMethod == ""clear""","size_p == ""1""",Yes
1948,1607899197641:e03c1a05-2921-4ec5-a8ff-d4e6dddd865f,1607899197641:31fda5a5-e6ff-4a95-9ce5-cf4ffc8473b1,"size == ""1""","isEmpty == ""True""","peek_obj_type == ""class java.lang.String""","push == ""False""","pop == ""False""","clear == ""True""","calledMethod == ""clear""","size_p == ""1""",Yes
1949,1607899197641:e03c1a05-2921-4ec5-a8ff-d4e6dddd865f,1607899197641:31fda5a5-e6ff-4a95-9ce5-cf4ffc8473b1,"size == ""1""","isEmpty == ""True""","peek_obj_type == ""class java.lang.String""","push == ""False""","pop == ""False""","clear == ""True""","calledMethod == ""clear""","size_p == ""1""",Yes
1951,1607899197641:977c8c5f-9b2c-4f21-917f-cb801fa1e9e6,1607899197641:5d7bcaa5-18ff-4035-b25b-c7f6da7c7125,"size == ""1""","isEmpty == ""True""","peek_obj_type == ""class java.lang.String""","push == ""True""","pop == ""False""","clear == ""False""","calledMethod == ""push""","size_p == ""0""",Yes
1952,1607899197641:977c8c5f-9b2c-4f21-917f-cb801fa1e9e6,1607899197641:5d7bcaa5-18ff-4035-b25b-c7f6da7c7125,"size == ""1""","isEmpty == ""True""","peek_obj_type == ""class java.lang.String""","push == ""False""","pop == ""True""","clear == ""False""","calledMethod == ""pop""","size_p == ""1""",Yes
1954,1607899197641:6063caa4-9907-423d-92df-12e879073d41,1607899197641:0418f7af-6cb6-4188-8c8c-a4945e4a7ad9,"size == ""1""","isEmpty == ""True""","peek_obj_type == ""class java.lang.String""","push == ""True""","pop == ""False""","clear == ""False""","calledMethod == ""push""","size_p == ""0""",Yes
1955,1607899197641:6063caa4-9907-423d-92df-12e879073d41,1607899197641:0418f7af-6cb6-4188-8c8c-a4945e4a7ad9,"size == ""1""","isEmpty == ""True""","peek_obj_type == ""class java.lang.String""","push == ""False""","pop == ""True""","clear == ""False""","calledMethod == ""pop""","size_p == ""1""",Yes
1958,1607899197641:17077f9c-4cb6-4948-ad10-8521e59c9346,1607899197641:2fd7117f-d3d8-4924-a931-85935e973a72,"size == ""1""","isEmpty == ""True""","peek_obj_type == ""class java.lang.String""","push == ""True""","pop == ""False""","clear == ""False""","calledMethod == ""push""","size_p == ""0""",Yes
1959,1607899197641:17077f9c-4cb6-4948-ad10-8521e59c9346,1607899197641:2fd7117f-d3d8-4924-a931-85935e973a72,"size == ""1""","isEmpty == ""True""","peek_obj_type == ""class java.lang.String""","push == ""False""","pop == ""True""","clear == ""False""","calledMethod == ""pop""","size_p == ""1""",Yes
1961,1607899197640:c490f758-291e-4b86-b5c1-63fc921e3c09,1607899197640:bbba37f7-ffb1-436e-92e8-b6d62955408c,"size == ""1""","isEmpty == ""True""","peek_obj_type == ""class java.lang.String""","push == ""True""","pop == ""False""","clear == ""False""","calledMethod == ""push""","size_p == ""0""",Yes
1962,1607899197640:c490f758-291e-4b86-b5c1-63fc921e3c09,1607899197640:bbba37f7-ffb1-436e-92e8-b6d62955408c,"size == ""1""","isEmpty == ""True""","peek_obj_type == ""class java.lang.String""","push == ""False""","pop == ""True""","clear == ""False""","calledMethod == ""pop""","size_p == ""1""",Yes
1964,1607899197640:71263e6e-6aa9-4f21-a252-5cf394b67e77,1607899197640:59dc9019-7190-4924-8405-a6020fb567e0,"size == ""1""","isEmpty == ""True""","peek_obj_type == ""class java.lang.String""","push == ""True""","pop == ""False""","clear == ""False""","calledMethod == ""push""","size_p == ""0""",Yes
1965,1607899197640:71263e6e-6aa9-4f21-a252-5cf394b67e77,1607899197640:59dc9019-7190-4924-8405-a6020fb567e0,"size == ""1""","isEmpty == ""True""","peek_obj_type == ""class java.lang.String""","push == ""False""","pop == ""True""","clear == ""False""","calledMethod == ""pop""","size_p == ""1""",Yes
1967,1607899197640:71263e6e-6aa9-4f21-a252-5cf394b67e77,1607899197640:291a6580-c2f1-45b4-8644-0f85f9d0ffb5,"size == ""1""","isEmpty == ""True""","peek_obj_type == ""class java.lang.String""","push == ""True""","pop == ""False""","clear == ""False""","calledMethod == ""push""","size_p == ""0""",Yes
1970,1607899197640:5753f5ec-a56e-436c-bc4f-ce54f94f8fe2,1607899197641:1621b8c4-da7e-413b-b348-9c52c1c2ea2f,"size == ""1""","isEmpty == ""True""","peek_obj_type == ""class java.lang.String""","push == ""True""","pop == ""False""","clear == ""False""","calledMethod == ""push""","size_p == ""0""",Yes
1971,1607899197640:5753f5ec-a56e-436c-bc4f-ce54f94f8fe2,1607899197641:1621b8c4-da7e-413b-b348-9c52c1c2ea2f,"size == ""1""","isEmpty == ""True""","peek_obj_type == ""class java.lang.String""","push == ""False""","pop == ""True""","clear == ""False""","calledMethod == ""pop""","size_p == ""1""",Yes
1973,1607899197640:5753f5ec-a56e-436c-bc4f-ce54f94f8fe2,1607899197640:9b9352aa-41d6-4975-9fcf-33a66937c657,"size == ""1""","isEmpty == ""True""","peek_obj_type == ""class java.lang.String""","push == ""True""","pop == ""False""","clear == ""False""","calledMethod == ""push""","size_p == ""0""",Yes
1976,1607899197640:4dfa8c1a-f4fe-49e1-b522-2169fc46e6ba,1607899197640:427d7034-db8c-4016-afff-c1c0b5aa92c4,"size == ""1""","isEmpty == ""True""","peek_obj_type == ""class java.lang.String""","push == ""True""","pop == ""False""","clear == ""False""","calledMethod == ""push""","size_p == ""0""",Yes
1977,1607899197640:4dfa8c1a-f4fe-49e1-b522-2169fc46e6ba,1607899197640:427d7034-db8c-4016-afff-c1c0b5aa92c4,"size == ""1""","isEmpty == ""True""","peek_obj_type == ""class java.lang.String""","push == ""False""","pop == ""True""","clear == ""False""","calledMethod == ""pop""","size_p == ""1""",Yes
1979,1607899197640:49623f81-3108-413c-89ed-30de79e0fdd2,1607899197640:aca63484-aeba-4ab6-85fa-e5ebf3a602cc,"size == ""1""","isEmpty == ""True""","peek_obj_type == ""class java.lang.String""","push == ""True""","pop == ""False""","clear == ""False""","calledMethod == ""push""","size_p == ""0""",Yes
1980,1607899197640:49623f81-3108-413c-89ed-30de79e0fdd2,1607899197640:aca63484-aeba-4ab6-85fa-e5ebf3a602cc,"size == ""1""","isEmpty == ""True""","peek_obj_type == ""class java.lang.String""","push == ""False""","pop == ""True""","clear == ""False""","calledMethod == ""pop""","size_p == ""1""",Yes
1982,1607899197639:7b7a95f7-9031-43ce-bd7a-834047c69f45,1607899197639:c7873493-984b-457b-b76b-80be5907e258,"size == ""1""","isEmpty == ""True""","peek_obj_type == ""class java.lang.String""","push == ""True""","pop == ""False""","clear == ""False""","calledMethod == ""push""","size_p == ""0""",Yes
1983,1607899197639:7b7a95f7-9031-43ce-bd7a-834047c69f45,1607899197639:c7873493-984b-457b-b76b-80be5907e258,"size == ""1""","isEmpty == ""True""","peek_obj_type == ""class java.lang.String""","push == ""False""","pop == ""True""","clear == ""False""","calledMethod == ""pop""","size_p == ""1""",Yes
1986,1607899197639:7b7a95f7-9031-43ce-bd7a-834047c69f45,1607899197639:a0758c76-8494-434f-8374-ee71330b1b92,"size == ""1""","isEmpty == ""True""","peek_obj_type == ""class java.lang.String""","push == ""True""","pop == ""False""","clear == ""False""","calledMethod == ""push""","size_p == ""0""",Yes
1987,1607899197639:7b7a95f7-9031-43ce-bd7a-834047c69f45,1607899197639:a0758c76-8494-434f-8374-ee71330b1b92,"size == ""1""","isEmpty == ""True""","peek_obj_type == ""class java.lang.String""","push == ""False""","pop == ""False""","clear == ""True""","calledMethod == ""clear""","size_p == ""1""",Yes
1988,1607899197639:7b7a95f7-9031-43ce-bd7a-834047c69f45,1607899197639:a0758c76-8494-434f-8374-ee71330b1b92,"size == ""1""","isEmpty == ""True""","peek_obj_type == ""class java.lang.String""","push == ""False""","pop == ""False""","clear == ""True""","calledMethod == ""clear""","size_p == ""1""",Yes
1989,1607899197639:7b7a95f7-9031-43ce-bd7a-834047c69f45,1607899197639:a0758c76-8494-434f-8374-ee71330b1b92,"size == ""1""","isEmpty == ""True""","peek_obj_type == ""class java.lang.String""","push == ""False""","pop == ""False""","clear == ""True""","calledMethod == ""clear""","size_p == ""1""",Yes
1992,1607899197639:7b7a95f7-9031-43ce-bd7a-834047c69f45,1607899197639:733481f8-fa2c-423b-a078-72f58a49347f,"size == ""1""","isEmpty == ""True""","peek_obj_type == ""class java.lang.String""","push == ""True""","pop == ""False""","clear == ""False""","calledMethod == ""push""","size_p == ""0""",Yes
1993,1607899197639:7b7a95f7-9031-43ce-bd7a-834047c69f45,1607899197639:733481f8-fa2c-423b-a078-72f58a49347f,"size == ""1""","isEmpty == ""True""","peek_obj_type == ""class java.lang.String""","push == ""False""","pop == ""False""","clear == ""True""","calledMethod == ""clear""","size_p == ""1""",Yes
1994,1607899197639:7b7a95f7-9031-43ce-bd7a-834047c69f45,1607899197639:733481f8-fa2c-423b-a078-72f58a49347f,"size == ""1""","isEmpty == ""True""","peek_obj_type == ""class java.lang.String""","push == ""False""","pop == ""False""","clear == ""True""","calledMethod == ""clear""","size_p == ""1""",Yes
1995,1607899197639:7b7a95f7-9031-43ce-bd7a-834047c69f45,1607899197639:733481f8-fa2c-423b-a078-72f58a49347f,"size == ""1""","isEmpty == ""True""","peek_obj_type == ""class java.lang.String""","push == ""False""","pop == ""False""","clear == ""True""","calledMethod == ""clear""","size_p == ""1""",Yes
1998,1607899197639:732c07ed-8f9f-4c87-a4b8-a3cffe2a2291,1607899197639:526365dd-c0ed-46ad-af47-e1703b07cf88,"size == ""1""","isEmpty == ""True""","peek_obj_type == ""class java.lang.String""","push == ""True""","pop == ""False""","clear == ""False""","calledMethod == ""push""","size_p == ""0""",Yes
1999,1607899197639:732c07ed-8f9f-4c87-a4b8-a3cffe2a2291,1607899197639:526365dd-c0ed-46ad-af47-e1703b07cf88,"size == ""1""","isEmpty == ""True""","peek_obj_type == ""class java.lang.String""","push == ""False""","pop == ""True""","clear == ""False""","calledMethod == ""pop""","size_p == ""1""",Yes
2001,1607899197639:732c07ed-8f9f-4c87-a4b8-a3cffe2a2291,1607899197639:47d6efcb-effc-43e7-8fbd-2fd5b2d70a2e,"size == ""1""","isEmpty == ""True""","peek_obj_type == ""class java.lang.String""","push == ""True""","pop == ""False""","clear == ""False""","calledMethod == ""push""","size_p == ""0""",Yes
2003,1607899197638:d3459407-0cd3-4683-86e1-b004aacd9963,1607899197638:7b4df107-5027-449a-950f-41a1c031b67a,"size == ""1""","isEmpty == ""True""","peek_obj_type == ""class java.lang.String""","push == ""True""","pop == ""False""","clear == ""False""","calledMethod == ""push""","size_p == ""0""",Yes
2004,1607899197638:d3459407-0cd3-4683-86e1-b004aacd9963,1607899197638:7b4df107-5027-449a-950f-41a1c031b67a,"size == ""1""","isEmpty == ""True""","peek_obj_type == ""class java.lang.String""","push == ""False""","pop == ""True""","clear == ""False""","calledMethod == ""pop""","size_p == ""1""",Yes
2007,1607899197638:9d261db1-0810-4d76-abcc-fce6baaae881,1607899197638:daa7b1d2-76c8-4d71-98c6-d0c9743b50be,"size == ""1""","isEmpty == ""True""","peek_obj_type == ""class java.lang.String""","push == ""True""","pop == ""False""","clear == ""False""","calledMethod == ""push""","size_p == ""0""",Yes
2008,1607899197638:9d261db1-0810-4d76-abcc-fce6baaae881,1607899197638:daa7b1d2-76c8-4d71-98c6-d0c9743b50be,"size == ""1""","isEmpty == ""True""","peek_obj_type == ""class java.lang.String""","push == ""False""","pop == ""True""","clear == ""False""","calledMethod == ""pop""","size_p == ""1""",Yes
2010,1607899197638:6115b2bc-95ea-41c8-921b-be880379ccbb,1607899197638:5e2313c0-0ea5-4ca8-8057-91bdd761e0bb,"size == ""1""","isEmpty == ""True""","peek_obj_type == ""class java.lang.String""","push == ""True""","pop == ""False""","clear == ""False""","calledMethod == ""push""","size_p == ""0""",Yes
2011,1607899197638:6115b2bc-95ea-41c8-921b-be880379ccbb,1607899197638:5e2313c0-0ea5-4ca8-8057-91bdd761e0bb,"size == ""1""","isEmpty == ""True""","peek_obj_type == ""class java.lang.String""","push == ""False""","pop == ""True""","clear == ""False""","calledMethod == ""pop""","size_p == ""1""",Yes
2014,1607899197638:5f4b1a96-016f-4885-b646-dc4d0e4f3e14,1607899197638:884bea8c-d5cd-4d52-99aa-1199caa6273b,"size == ""1""","isEmpty == ""True""","peek_obj_type == ""class java.lang.String""","push == ""True""","pop == ""False""","clear == ""False""","calledMethod == ""push""","size_p == ""0""",Yes
2015,1607899197638:5f4b1a96-016f-4885-b646-dc4d0e4f3e14,1607899197638:884bea8c-d5cd-4d52-99aa-1199caa6273b,"size == ""1""","isEmpty == ""True""","peek_obj_type == ""class java.lang.String""","push == ""False""","pop == ""True""","clear == ""False""","calledMethod == ""pop""","size_p == ""1""",Yes
2017,1607899197638:5f4b1a96-016f-4885-b646-dc4d0e4f3e14,1607899197638:1dd011b8-8a02-4df5-8b1d-67366d6c7191,"size == ""1""","isEmpty == ""True""","peek_obj_type == ""class java.lang.String""","push == ""True""","pop == ""False""","clear == ""False""","calledMethod == ""push""","size_p == ""0""",Yes
2018,1607899197638:5f4b1a96-016f-4885-b646-dc4d0e4f3e14,1607899197638:1dd011b8-8a02-4df5-8b1d-67366d6c7191,"size == ""2""","isEmpty == ""True""","peek_obj_type == ""class java.lang.String""","push == ""True""","pop == ""False""","clear == ""False""","calledMethod == ""push""","size_p == ""1""",Yes
2019,1607899197638:5f4b1a96-016f-4885-b646-dc4d0e4f3e14,1607899197638:1dd011b8-8a02-4df5-8b1d-67366d6c7191,"size == ""3""","isEmpty == ""True""","peek_obj_type == ""class java.lang.String""","push == ""True""","pop == ""False""","clear == ""False""","calledMethod == ""push""","size_p == ""2""",Yes
2021,1607899197637:a6b6085d-494b-4620-8348-3b26b56b5908,1607899197637:b4402bc6-4f8e-4c6d-b9a7-a877acef3e62,"size == ""1""","isEmpty == ""True""","peek_obj_type == ""class java.lang.String""","push == ""True""","pop == ""False""","clear == ""False""","calledMethod == ""push""","size_p == ""0""",Yes
2022,1607899197637:a6b6085d-494b-4620-8348-3b26b56b5908,1607899197637:b4402bc6-4f8e-4c6d-b9a7-a877acef3e62,"size == ""1""","isEmpty == ""True""","peek_obj_type == ""class java.lang.String""","push == ""False""","pop == ""True""","clear == ""False""","calledMethod == ""pop""","size_p == ""1""",Yes
2024,1607899197637:9a04f50d-07b5-4c69-bc28-b8bfc399efb6,1607899197637:cfac480a-cbb2-4480-a629-bfaeaa8e9ef3,"size == ""1""","isEmpty == ""True""","peek_obj_type == ""class java.lang.String""","push == ""True""","pop == ""False""","clear == ""False""","calledMethod == ""push""","size_p == ""0""",Yes
2025,1607899197637:9a04f50d-07b5-4c69-bc28-b8bfc399efb6,1607899197637:cfac480a-cbb2-4480-a629-bfaeaa8e9ef3,"size == ""2""","isEmpty == ""True""","peek_obj_type == ""class java.lang.String""","push == ""True""","pop == ""False""","clear == ""False""","calledMethod == ""push""","size_p == ""1""",Yes
2027,1607899197637:9a04f50d-07b5-4c69-bc28-b8bfc399efb6,1607899197637:2f7f40e3-c966-414d-8233-2c7143bada96,"size == ""1""","isEmpty == ""True""","peek_obj_type == ""class java.lang.String""","push == ""True""","pop == ""False""","clear == ""False""","calledMethod == ""push""","size_p == ""0""",Yes
2028,1607899197637:9a04f50d-07b5-4c69-bc28-b8bfc399efb6,1607899197637:2f7f40e3-c966-414d-8233-2c7143bada96,"size == ""1""","isEmpty == ""True""","peek_obj_type == ""class java.lang.String""","push == ""False""","pop == ""True""","clear == ""False""","calledMethod == ""pop""","size_p == ""1""",Yes
2030,1607899197637:5b8d2abe-602d-4ccc-921b-e05976c3c8bc,1607899197637:70e4fea1-2132-4f05-b216-a7e99183160f,"size == ""1""","isEmpty == ""True""","peek_obj_type == ""class java.lang.String""","push == ""True""","pop == ""False""","clear == ""False""","calledMethod == ""push""","size_p == ""0""",Yes
2031,1607899197637:5b8d2abe-602d-4ccc-921b-e05976c3c8bc,1607899197637:70e4fea1-2132-4f05-b216-a7e99183160f,"size == ""1""","isEmpty == ""True""","peek_obj_type == ""class java.lang.String""","push == ""False""","pop == ""True""","clear == ""False""","calledMethod == ""pop""","size_p == ""1""",Yes
2033,1607899197637:431d1bb1-fbec-41b8-9308-3e59a696e42c,1607899197637:c83524d5-e2a8-4f88-aa30-f09ff4634275,"size == ""1""","isEmpty == ""True""","peek_obj_type == ""class java.lang.String""","push == ""True""","pop == ""False""","clear == ""False""","calledMethod == ""push""","size_p == ""0""",Yes
2034,1607899197637:431d1bb1-fbec-41b8-9308-3e59a696e42c,1607899197637:c83524d5-e2a8-4f88-aa30-f09ff4634275,"size == ""1""","isEmpty == ""True""","peek_obj_type == ""class java.lang.String""","push == ""False""","pop == ""True""","clear == ""False""","calledMethod == ""pop""","size_p == ""1""",Yes
2036,1607899197637:16a32c77-2ac0-4224-8e66-66b8e9d1cfa3,1607899197638:ee458632-7744-48ab-906e-e7cc9f63c4fb,"size == ""1""","isEmpty == ""True""","peek_obj_type == ""class java.lang.String""","push == ""True""","pop == ""False""","clear == ""False""","calledMethod == ""push""","size_p == ""0""",Yes
2038,1607899197637:16a32c77-2ac0-4224-8e66-66b8e9d1cfa3,1607899197638:32017124-de8a-4874-ac78-659f33ca701c,"size == ""1""","isEmpty == ""True""","peek_obj_type == ""class java.lang.String""","push == ""True""","pop == ""False""","clear == ""False""","calledMethod == ""push""","size_p == ""0""",Yes
2039,1607899197637:16a32c77-2ac0-4224-8e66-66b8e9d1cfa3,1607899197638:32017124-de8a-4874-ac78-659f33ca701c,"size == ""1""","isEmpty == ""True""","peek_obj_type == ""class java.lang.String""","push == ""False""","pop == ""True""","clear == ""False""","calledMethod == ""pop""","size_p == ""1""",Yes
2042,1607899197636:561166df-67bd-4e64-8142-0b1ebb6eb9e3,1607899197636:bc48d1e0-495d-4620-9193-b253fc71f17e,"size == ""1""","isEmpty == ""True""","peek_obj_type == ""class java.lang.String""","push == ""True""","pop == ""False""","clear == ""False""","calledMethod == ""push""","size_p == ""0""",Yes
2043,1607899197636:561166df-67bd-4e64-8142-0b1ebb6eb9e3,1607899197636:bc48d1e0-495d-4620-9193-b253fc71f17e,"size == ""1""","isEmpty == ""True""","peek_obj_type == ""class java.lang.String""","push == ""False""","pop == ""True""","clear == ""False""","calledMethod == ""pop""","size_p == ""1""",Yes
2046,1607899197636:561166df-67bd-4e64-8142-0b1ebb6eb9e3,1607899197636:89419d24-51c5-4d03-9eb3-42193268668b,"size == ""1""","isEmpty == ""True""","peek_obj_type == ""class java.lang.String""","push == ""True""","pop == ""False""","clear == ""False""","calledMethod == ""push""","size_p == ""0""",Yes
2047,1607899197636:561166df-67bd-4e64-8142-0b1ebb6eb9e3,1607899197636:89419d24-51c5-4d03-9eb3-42193268668b,"size == ""1""","isEmpty == ""True""","peek_obj_type == ""class java.lang.String""","push == ""False""","pop == ""False""","clear == ""True""","calledMethod == ""clear""","size_p == ""1""",Yes
2048,1607899197636:561166df-67bd-4e64-8142-0b1ebb6eb9e3,1607899197636:89419d24-51c5-4d03-9eb3-42193268668b,"size == ""1""","isEmpty == ""True""","peek_obj_type == ""class java.lang.String""","push == ""False""","pop == ""False""","clear == ""True""","calledMethod == ""clear""","size_p == ""1""",Yes
2049,1607899197636:561166df-67bd-4e64-8142-0b1ebb6eb9e3,1607899197636:89419d24-51c5-4d03-9eb3-42193268668b,"size == ""1""","isEmpty == ""True""","peek_obj_type == ""class java.lang.String""","push == ""False""","pop == ""False""","clear == ""True""","calledMethod == ""clear""","size_p == ""1""",Yes
2052,1607899197636:518b5945-f0bd-4189-b60e-6e97dd853632,1607899197636:4353c33d-2f6b-4b2a-896d-8351aecd789c,"size == ""1""","isEmpty == ""True""","peek_obj_type == ""class java.lang.String""","push == ""True""","pop == ""False""","clear == ""False""","calledMethod == ""push""","size_p == ""0""",Yes
2053,1607899197636:518b5945-f0bd-4189-b60e-6e97dd853632,1607899197636:4353c33d-2f6b-4b2a-896d-8351aecd789c,"size == ""1""","isEmpty == ""True""","peek_obj_type == ""class java.lang.String""","push == ""False""","pop == ""True""","clear == ""False""","calledMethod == ""pop""","size_p == ""1""",Yes
2055,1607899197636:253e0fe5-c4e9-49d2-8296-ef87599c9314,1607899197637:3f4dbc4f-f6e5-4198-9221-34a45f371750,"size == ""1""","isEmpty == ""True""","peek_obj_type == ""class java.lang.String""","push == ""True""","pop == ""False""","clear == ""False""","calledMethod == ""push""","size_p == ""0""",Yes
2056,1607899197636:253e0fe5-c4e9-49d2-8296-ef87599c9314,1607899197637:3f4dbc4f-f6e5-4198-9221-34a45f371750,"size == ""1""","isEmpty == ""True""","peek_obj_type == ""class java.lang.String""","push == ""False""","pop == ""True""","clear == ""False""","calledMethod == ""pop""","size_p == ""1""",Yes
2058,1607899197636:253e0fe5-c4e9-49d2-8296-ef87599c9314,1607899197636:31575552-3d07-4544-a38b-f6b2e692e685,"size == ""1""","isEmpty == ""True""","peek_obj_type == ""class java.lang.String""","push == ""True""","pop == ""False""","clear == ""False""","calledMethod == ""push""","size_p == ""0""",Yes
2060,1607899197636:1c3ed3b1-1adb-446a-be32-9e0f4a266d61,1607899197636:a8340007-f45d-4a2b-a1d7-a7a8b669f4dd,"size == ""1""","isEmpty == ""True""","peek_obj_type == ""class java.lang.String""","push == ""True""","pop == ""False""","clear == ""False""","calledMethod == ""push""","size_p == ""0""",Yes
2061,1607899197636:1c3ed3b1-1adb-446a-be32-9e0f4a266d61,1607899197636:a8340007-f45d-4a2b-a1d7-a7a8b669f4dd,"size == ""1""","isEmpty == ""True""","peek_obj_type == ""class java.lang.String""","push == ""False""","pop == ""True""","clear == ""False""","calledMethod == ""pop""","size_p == ""1""",Yes
2063,1607899197635:f1dc088c-b6e6-4c02-9826-88e01e0c5dce,1607899197636:f1d54643-a0e4-43e3-9d8b-96a8698114d7,"size == ""1""","isEmpty == ""True""","peek_obj_type == ""class java.lang.String""","push == ""True""","pop == ""False""","clear == ""False""","calledMethod == ""push""","size_p == ""0""",Yes
2064,1607899197635:f1dc088c-b6e6-4c02-9826-88e01e0c5dce,1607899197636:f1d54643-a0e4-43e3-9d8b-96a8698114d7,"size == ""1""","isEmpty == ""True""","peek_obj_type == ""class java.lang.String""","push == ""False""","pop == ""True""","clear == ""False""","calledMethod == ""pop""","size_p == ""1""",Yes
2066,1607899197635:f1dc088c-b6e6-4c02-9826-88e01e0c5dce,1607899197635:2b4f7fe5-1b06-4f0c-99b1-d8673e37ee8f,"size == ""1""","isEmpty == ""True""","peek_obj_type == ""class java.lang.String""","push == ""True""","pop == ""False""","clear == ""False""","calledMethod == ""push""","size_p == ""0""",Yes
2068,1607899197635:cb2fea08-d859-48a8-86d4-d4a1d42be7f9,1607899197635:a713e92b-d01f-4f8e-89f8-ad4f5be139e7,"size == ""1""","isEmpty == ""True""","peek_obj_type == ""class java.lang.String""","push == ""True""","pop == ""False""","clear == ""False""","calledMethod == ""push""","size_p == ""0""",Yes
2069,1607899197635:cb2fea08-d859-48a8-86d4-d4a1d42be7f9,1607899197635:a713e92b-d01f-4f8e-89f8-ad4f5be139e7,"size == ""1""","isEmpty == ""True""","peek_obj_type == ""class java.lang.String""","push == ""False""","pop == ""True""","clear == ""False""","calledMethod == ""pop""","size_p == ""1""",Yes
2071,1607899197635:332eefcc-5795-411c-ae2c-975e14d5a44b,1607899197635:fd3d19fa-cbe6-49b3-8205-e42e6bd04558,"size == ""1""","isEmpty == ""True""","peek_obj_type == ""class java.lang.String""","push == ""True""","pop == ""False""","clear == ""False""","calledMethod == ""push""","size_p == ""0""",Yes
2072,1607899197635:332eefcc-5795-411c-ae2c-975e14d5a44b,1607899197635:fd3d19fa-cbe6-49b3-8205-e42e6bd04558,"size == ""1""","isEmpty == ""True""","peek_obj_type == ""class java.lang.String""","push == ""False""","pop == ""True""","clear == ""False""","calledMethod == ""pop""","size_p == ""1""",Yes
2074,1607899197635:332eefcc-5795-411c-ae2c-975e14d5a44b,1607899197635:dca79653-6849-4553-a28f-f662812ddf80,"size == ""1""","isEmpty == ""True""","peek_obj_type == ""class java.lang.String""","push == ""True""","pop == ""False""","clear == ""False""","calledMethod == ""push""","size_p == ""0""",Yes
2075,1607899197635:332eefcc-5795-411c-ae2c-975e14d5a44b,1607899197635:dca79653-6849-4553-a28f-f662812ddf80,"size == ""2""","isEmpty == ""True""","peek_obj_type == ""class java.lang.String""","push == ""True""","pop == ""False""","clear == ""False""","calledMethod == ""push""","size_p == ""1""",Yes
2077,1607899197635:2716b134-b93c-4efc-a797-a75b50b3f2c1,1607899197635:02e0b980-925f-42e9-9ac7-289afe6db3eb,"size == ""1""","isEmpty == ""True""","peek_obj_type == ""class java.lang.String""","push == ""True""","pop == ""False""","clear == ""False""","calledMethod == ""push""","size_p == ""0""",Yes
2078,1607899197635:2716b134-b93c-4efc-a797-a75b50b3f2c1,1607899197635:02e0b980-925f-42e9-9ac7-289afe6db3eb,"size == ""1""","isEmpty == ""True""","peek_obj_type == ""class java.lang.String""","push == ""False""","pop == ""True""","clear == ""False""","calledMethod == ""pop""","size_p == ""1""",Yes
2080,1607899197635:25f71431-7788-4562-a2d2-5ee832282e09,1607899197635:45222679-7999-4327-9c46-477e6398d9b2,"size == ""1""","isEmpty == ""True""","peek_obj_type == ""class java.lang.String""","push == ""True""","pop == ""False""","clear == ""False""","calledMethod == ""push""","size_p == ""0""",Yes
2081,1607899197635:25f71431-7788-4562-a2d2-5ee832282e09,1607899197635:45222679-7999-4327-9c46-477e6398d9b2,"size == ""1""","isEmpty == ""True""","peek_obj_type == ""class java.lang.String""","push == ""False""","pop == ""True""","clear == ""False""","calledMethod == ""pop""","size_p == ""1""",Yes
2083,1607899197634:f4a50d82-36ca-4304-9576-2dfdc72f2d83,1607899197634:213d3b57-a7d6-4207-b88e-ae4e8f889167,"size == ""1""","isEmpty == ""True""","peek_obj_type == ""class java.lang.String""","push == ""True""","pop == ""False""","clear == ""False""","calledMethod == ""push""","size_p == ""0""",Yes
2084,1607899197634:f4a50d82-36ca-4304-9576-2dfdc72f2d83,1607899197634:213d3b57-a7d6-4207-b88e-ae4e8f889167,"size == ""1""","isEmpty == ""True""","peek_obj_type == ""class java.lang.String""","push == ""False""","pop == ""True""","clear == ""False""","calledMethod == ""pop""","size_p == ""1""",Yes
2086,1607899197634:e78b24ac-6c6d-4695-9931-45bb6559f36f,1607899197634:4bcc2148-527b-4d83-8e93-e1ac09f28e02,"size == ""1""","isEmpty == ""True""","peek_obj_type == ""class java.lang.String""","push == ""True""","pop == ""False""","clear == ""False""","calledMethod == ""push""","size_p == ""0""",Yes
2087,1607899197634:e78b24ac-6c6d-4695-9931-45bb6559f36f,1607899197634:4bcc2148-527b-4d83-8e93-e1ac09f28e02,"size == ""1""","isEmpty == ""True""","peek_obj_type == ""class java.lang.String""","push == ""False""","pop == ""True""","clear == ""False""","calledMethod == ""pop""","size_p == ""1""",Yes
2089,1607899197634:e78b24ac-6c6d-4695-9931-45bb6559f36f,1607899197634:050cfb20-54bd-4bb9-bfda-7b976b919bde,"size == ""1""","isEmpty == ""True""","peek_obj_type == ""class java.lang.String""","push == ""True""","pop == ""False""","clear == ""False""","calledMethod == ""push""","size_p == ""0""",Yes
2090,1607899197634:e78b24ac-6c6d-4695-9931-45bb6559f36f,1607899197634:050cfb20-54bd-4bb9-bfda-7b976b919bde,"size == ""2""","isEmpty == ""True""","peek_obj_type == ""class java.lang.String""","push == ""True""","pop == ""False""","clear == ""False""","calledMethod == ""push""","size_p == ""1""",Yes
2092,1607899197634:d7b3431f-285f-45e2-bba0-84c1bc819968,1607899197634:fc9daf2e-1417-4ba8-a311-47cbd26d71a4,"size == ""1""","isEmpty == ""True""","peek_obj_type == ""class java.lang.String""","push == ""True""","pop == ""False""","clear == ""False""","calledMethod == ""push""","size_p == ""0""",Yes
2093,1607899197634:d7b3431f-285f-45e2-bba0-84c1bc819968,1607899197634:fc9daf2e-1417-4ba8-a311-47cbd26d71a4,"size == ""1""","isEmpty == ""True""","peek_obj_type == ""class java.lang.String""","push == ""False""","pop == ""True""","clear == ""False""","calledMethod == ""pop""","size_p == ""1""",Yes
2095,1607899197634:461f4524-f35c-40c9-98d9-4bcf748d9a5a,1607899197634:2de83006-d324-49ab-a8d2-04961edadac1,"size == ""1""","isEmpty == ""True""","peek_obj_type == ""class java.lang.String""","push == ""True""","pop == ""False""","clear == ""False""","calledMethod == ""push""","size_p == ""0""",Yes
2096,1607899197634:461f4524-f35c-40c9-98d9-4bcf748d9a5a,1607899197634:2de83006-d324-49ab-a8d2-04961edadac1,"size == ""1""","isEmpty == ""True""","peek_obj_type == ""class java.lang.String""","push == ""False""","pop == ""True""","clear == ""False""","calledMethod == ""pop""","size_p == ""1""",Yes
2098,1607899197634:0a37d855-1ac2-44e6-8f62-259823e59978,1607899197634:6293cec2-6cc6-4df4-be0f-40b3dd534a86,"size == ""1""","isEmpty == ""True""","peek_obj_type == ""class java.lang.String""","push == ""True""","pop == ""False""","clear == ""False""","calledMethod == ""push""","size_p == ""0""",Yes
2099,1607899197634:0a37d855-1ac2-44e6-8f62-259823e59978,1607899197634:6293cec2-6cc6-4df4-be0f-40b3dd534a86,"size == ""1""","isEmpty == ""True""","peek_obj_type == ""class java.lang.String""","push == ""False""","pop == ""True""","clear == ""False""","calledMethod == ""pop""","size_p == ""1""",Yes
2102,1607899197633:f3bee1ca-6d4c-4d21-af5a-5d53d26fda59,1607899197633:72a61f04-3880-4c43-84aa-1f8223a79fff,"size == ""1""","isEmpty == ""True""","peek_obj_type == ""class java.lang.String""","push == ""True""","pop == ""False""","clear == ""False""","calledMethod == ""push""","size_p == ""0""",Yes
2103,1607899197633:f3bee1ca-6d4c-4d21-af5a-5d53d26fda59,1607899197633:72a61f04-3880-4c43-84aa-1f8223a79fff,"size == ""1""","isEmpty == ""True""","peek_obj_type == ""class java.lang.String""","push == ""False""","pop == ""False""","clear == ""True""","calledMethod == ""clear""","size_p == ""1""",Yes
2105,1607899197633:f3bee1ca-6d4c-4d21-af5a-5d53d26fda59,1607899197633:48ef34e9-791b-4a55-87ca-cddea78572de,"size == ""1""","isEmpty == ""True""","peek_obj_type == ""class java.lang.String""","push == ""True""","pop == ""False""","clear == ""False""","calledMethod == ""push""","size_p == ""0""",Yes
2106,1607899197633:f3bee1ca-6d4c-4d21-af5a-5d53d26fda59,1607899197633:48ef34e9-791b-4a55-87ca-cddea78572de,"size == ""1""","isEmpty == ""True""","peek_obj_type == ""class java.lang.String""","push == ""False""","pop == ""True""","clear == ""False""","calledMethod == ""pop""","size_p == ""1""",Yes
2108,1607899197633:c26a5229-c2ca-4734-a227-b12b820a22d0,1607899197633:cea5c516-d853-4e1e-8b64-25426c954f2f,"size == ""1""","isEmpty == ""True""","peek_obj_type == ""class java.lang.String""","push == ""True""","pop == ""False""","clear == ""False""","calledMethod == ""push""","size_p == ""0""",Yes
2109,1607899197633:c26a5229-c2ca-4734-a227-b12b820a22d0,1607899197633:cea5c516-d853-4e1e-8b64-25426c954f2f,"size == ""1""","isEmpty == ""True""","peek_obj_type == ""class java.lang.String""","push == ""False""","pop == ""True""","clear == ""False""","calledMethod == ""pop""","size_p == ""1""",Yes
2111,1607899197633:c20ce201-9146-4a7c-9883-3b7f0d04d584,1607899197633:e0ff68d2-c7cc-40ec-8096-e79827d037cc,"size == ""1""","isEmpty == ""True""","peek_obj_type == ""class java.lang.String""","push == ""True""","pop == ""False""","clear == ""False""","calledMethod == ""push""","size_p == ""0""",Yes
2112,1607899197633:c20ce201-9146-4a7c-9883-3b7f0d04d584,1607899197633:e0ff68d2-c7cc-40ec-8096-e79827d037cc,"size == ""1""","isEmpty == ""True""","peek_obj_type == ""class java.lang.String""","push == ""False""","pop == ""True""","clear == ""False""","calledMethod == ""pop""","size_p == ""1""",Yes
2114,1607899197633:80e8d5ba-ae33-407e-8e52-ef8cdc9709aa,1607899197633:80e96122-cafa-4045-b427-8923147a634c,"size == ""1""","isEmpty == ""True""","peek_obj_type == ""class java.lang.String""","push == ""True""","pop == ""False""","clear == ""False""","calledMethod == ""push""","size_p == ""0""",Yes
2115,1607899197633:80e8d5ba-ae33-407e-8e52-ef8cdc9709aa,1607899197633:80e96122-cafa-4045-b427-8923147a634c,"size == ""1""","isEmpty == ""True""","peek_obj_type == ""class java.lang.String""","push == ""False""","pop == ""True""","clear == ""False""","calledMethod == ""pop""","size_p == ""1""",Yes
2118,1607899197633:1e1d6949-b017-4da7-866a-a9feec38e6f9,1607899197633:9f7fe2cc-bc9b-4628-a567-6bbe68d92e12,"size == ""1""","isEmpty == ""True""","peek_obj_type == ""class java.lang.String""","push == ""True""","pop == ""False""","clear == ""False""","calledMethod == ""push""","size_p == ""0""",Yes
2119,1607899197633:1e1d6949-b017-4da7-866a-a9feec38e6f9,1607899197633:9f7fe2cc-bc9b-4628-a567-6bbe68d92e12,"size == ""1""","isEmpty == ""True""","peek_obj_type == ""class java.lang.String""","push == ""False""","pop == ""True""","clear == ""False""","calledMethod == ""pop""","size_p == ""1""",Yes
2121,1607899197632:d3f5c97a-9628-4c30-ac2e-53e4f0d83d39,1607899197632:64223b2f-8dd5-4afa-bdb0-e54c6de3275b,"size == ""1""","isEmpty == ""True""","peek_obj_type == ""class java.lang.String""","push == ""True""","pop == ""False""","clear == ""False""","calledMethod == ""push""","size_p == ""0""",Yes
2122,1607899197632:d3f5c97a-9628-4c30-ac2e-53e4f0d83d39,1607899197632:64223b2f-8dd5-4afa-bdb0-e54c6de3275b,"size == ""1""","isEmpty == ""True""","peek_obj_type == ""class java.lang.String""","push == ""False""","pop == ""True""","clear == ""False""","calledMethod == ""pop""","size_p == ""1""",Yes
2124,1607899197632:85019109-f33f-4b6b-9d22-7949f0536620,1607899197632:dff6e7cd-4f03-4472-aeab-ca2fe415a532,"size == ""1""","isEmpty == ""True""","peek_obj_type == ""class java.lang.String""","push == ""True""","pop == ""False""","clear == ""False""","calledMethod == ""push""","size_p == ""0""",Yes
2127,1607899197632:85019109-f33f-4b6b-9d22-7949f0536620,1607899197632:3e57ffd6-02ad-44bf-bbfe-d862e02415ab,"size == ""1""","isEmpty == ""True""","peek_obj_type == ""class java.lang.String""","push == ""True""","pop == ""False""","clear == ""False""","calledMethod == ""push""","size_p == ""0""",Yes
2128,1607899197632:85019109-f33f-4b6b-9d22-7949f0536620,1607899197632:3e57ffd6-02ad-44bf-bbfe-d862e02415ab,"size == ""1""","isEmpty == ""True""","peek_obj_type == ""class java.lang.String""","push == ""False""","pop == ""True""","clear == ""False""","calledMethod == ""pop""","size_p == ""1""",Yes
2130,1607899197632:483e10d6-38fa-4d8c-b201-f4685f8b602f,1607899197632:a4b46a99-0057-4cda-ab44-6544b3e89503,"size == ""1""","isEmpty == ""True""","peek_obj_type == ""class java.lang.String""","push == ""True""","pop == ""False""","clear == ""False""","calledMethod == ""push""","size_p == ""0""",Yes
2131,1607899197632:483e10d6-38fa-4d8c-b201-f4685f8b602f,1607899197632:a4b46a99-0057-4cda-ab44-6544b3e89503,"size == ""1""","isEmpty == ""True""","peek_obj_type == ""class java.lang.String""","push == ""False""","pop == ""True""","clear == ""False""","calledMethod == ""pop""","size_p == ""1""",Yes
2133,1607899197632:483e10d6-38fa-4d8c-b201-f4685f8b602f,1607899197632:57e8c05e-aae4-4b0d-9095-bc2642174dd8,"size == ""1""","isEmpty == ""True""","peek_obj_type == ""class java.lang.String""","push == ""True""","pop == ""False""","clear == ""False""","calledMethod == ""push""","size_p == ""0""",Yes
2134,1607899197632:483e10d6-38fa-4d8c-b201-f4685f8b602f,1607899197632:57e8c05e-aae4-4b0d-9095-bc2642174dd8,"size == ""2""","isEmpty == ""True""","peek_obj_type == ""class java.lang.String""","push == ""True""","pop == ""False""","clear == ""False""","calledMethod == ""push""","size_p == ""1""",Yes
2136,1607899197632:1310c724-4510-4463-86f9-ede39df1d6eb,1607899197632:eb907986-657b-4981-a084-c779a0b8785c,"size == ""1""","isEmpty == ""True""","peek_obj_type == ""class java.lang.String""","push == ""True""","pop == ""False""","clear == ""False""","calledMethod == ""push""","size_p == ""0""",Yes
2137,1607899197632:1310c724-4510-4463-86f9-ede39df1d6eb,1607899197632:eb907986-657b-4981-a084-c779a0b8785c,"size == ""1""","isEmpty == ""True""","peek_obj_type == ""class java.lang.String""","push == ""False""","pop == ""True""","clear == ""False""","calledMethod == ""pop""","size_p == ""1""",Yes
2139,1607899197632:1310c724-4510-4463-86f9-ede39df1d6eb,1607899197632:31d3727b-c60e-45ec-81bb-9e77eb88a785,"size == ""1""","isEmpty == ""True""","peek_obj_type == ""class java.lang.String""","push == ""True""","pop == ""False""","clear == ""False""","calledMethod == ""push""","size_p == ""0""",Yes
2141,1607899197631:f08031d0-37cf-42d0-9649-4b0442cf28a4,1607899197631:e2c04fbf-d3c4-4f51-94c3-f791a3117004,"size == ""1""","isEmpty == ""True""","peek_obj_type == ""class java.lang.String""","push == ""True""","pop == ""False""","clear == ""False""","calledMethod == ""push""","size_p == ""0""",Yes
2142,1607899197631:f08031d0-37cf-42d0-9649-4b0442cf28a4,1607899197631:e2c04fbf-d3c4-4f51-94c3-f791a3117004,"size == ""1""","isEmpty == ""True""","peek_obj_type == ""class java.lang.String""","push == ""False""","pop == ""True""","clear == ""False""","calledMethod == ""pop""","size_p == ""1""",Yes
2144,1607899197631:f08031d0-37cf-42d0-9649-4b0442cf28a4,1607899197631:79486e54-305c-4d96-a06e-8d10eb4c23cf,"size == ""1""","isEmpty == ""True""","peek_obj_type == ""class java.lang.String""","push == ""True""","pop == ""False""","clear == ""False""","calledMethod == ""push""","size_p == ""0""",Yes
2146,1607899197631:9232cf36-f073-452b-8218-48953b52cff4,1607899197631:c2abea90-e2f1-4f5a-887c-21e0e7d8119a,"size == ""1""","isEmpty == ""True""","peek_obj_type == ""class java.lang.String""","push == ""True""","pop == ""False""","clear == ""False""","calledMethod == ""push""","size_p == ""0""",Yes
2147,1607899197631:9232cf36-f073-452b-8218-48953b52cff4,1607899197631:c2abea90-e2f1-4f5a-887c-21e0e7d8119a,"size == ""1""","isEmpty == ""True""","peek_obj_type == ""class java.lang.String""","push == ""False""","pop == ""True""","clear == ""False""","calledMethod == ""pop""","size_p == ""1""",Yes
2150,1607899197631:7a083bb1-e1e5-4cc6-ab44-e61f8640917a,1607899197631:b744c46f-e11b-4f64-83dc-16a1ff0782cc,"size == ""1""","isEmpty == ""True""","peek_obj_type == ""class java.lang.String""","push == ""True""","pop == ""False""","clear == ""False""","calledMethod == ""push""","size_p == ""0""",Yes
2151,1607899197631:7a083bb1-e1e5-4cc6-ab44-e61f8640917a,1607899197631:b744c46f-e11b-4f64-83dc-16a1ff0782cc,"size == ""1""","isEmpty == ""True""","peek_obj_type == ""class java.lang.String""","push == ""False""","pop == ""False""","clear == ""True""","calledMethod == ""clear""","size_p == ""1""",Yes
2152,1607899197631:7a083bb1-e1e5-4cc6-ab44-e61f8640917a,1607899197631:b744c46f-e11b-4f64-83dc-16a1ff0782cc,"size == ""1""","isEmpty == ""True""","peek_obj_type == ""class java.lang.String""","push == ""False""","pop == ""False""","clear == ""True""","calledMethod == ""clear""","size_p == ""1""",Yes
2153,1607899197631:7a083bb1-e1e5-4cc6-ab44-e61f8640917a,1607899197631:b744c46f-e11b-4f64-83dc-16a1ff0782cc,"size == ""1""","isEmpty == ""True""","peek_obj_type == ""class java.lang.String""","push == ""False""","pop == ""False""","clear == ""True""","calledMethod == ""clear""","size_p == ""1""",Yes
2155,1607899197631:7a083bb1-e1e5-4cc6-ab44-e61f8640917a,1607899197631:3f9d3158-d592-4286-b519-4057d84ce441,"size == ""1""","isEmpty == ""True""","peek_obj_type == ""class java.lang.String""","push == ""True""","pop == ""False""","clear == ""False""","calledMethod == ""push""","size_p == ""0""",Yes
2156,1607899197631:7a083bb1-e1e5-4cc6-ab44-e61f8640917a,1607899197631:3f9d3158-d592-4286-b519-4057d84ce441,"size == ""1""","isEmpty == ""True""","peek_obj_type == ""class java.lang.String""","push == ""False""","pop == ""True""","clear == ""False""","calledMethod == ""pop""","size_p == ""1""",Yes
2158,1607899197630:d6a48fcf-169f-4b65-9ed0-153706665221,1607899197631:f2aa199f-48a2-4d85-8090-7e44c3e12694,"size == ""1""","isEmpty == ""True""","peek_obj_type == ""class java.lang.String""","push == ""True""","pop == ""False""","clear == ""False""","calledMethod == ""push""","size_p == ""0""",Yes
2159,1607899197630:d6a48fcf-169f-4b65-9ed0-153706665221,1607899197631:f2aa199f-48a2-4d85-8090-7e44c3e12694,"size == ""1""","isEmpty == ""True""","peek_obj_type == ""class java.lang.String""","push == ""False""","pop == ""True""","clear == ""False""","calledMethod == ""pop""","size_p == ""1""",Yes
2161,1607899197630:d6a48fcf-169f-4b65-9ed0-153706665221,1607899197631:8788c84b-787b-4e2c-8bdc-471639c810c5,"size == ""1""","isEmpty == ""True""","peek_obj_type == ""class java.lang.String""","push == ""True""","pop == ""False""","clear == ""False""","calledMethod == ""push""","size_p == ""0""",Yes
2162,1607899197630:d6a48fcf-169f-4b65-9ed0-153706665221,1607899197631:8788c84b-787b-4e2c-8bdc-471639c810c5,"size == ""2""","isEmpty == ""True""","peek_obj_type == ""class java.lang.String""","push == ""True""","pop == ""False""","clear == ""False""","calledMethod == ""push""","size_p == ""1""",Yes
2164,1607899197630:a503c862-4dcc-4323-a467-1e5b264ff337,1607899197630:c95a88bf-6bd4-46c8-b4e3-03f941763ffe,"size == ""1""","isEmpty == ""True""","peek_obj_type == ""class java.lang.String""","push == ""True""","pop == ""False""","clear == ""False""","calledMethod == ""push""","size_p == ""0""",Yes
2165,1607899197630:a503c862-4dcc-4323-a467-1e5b264ff337,1607899197630:c95a88bf-6bd4-46c8-b4e3-03f941763ffe,"size == ""1""","isEmpty == ""True""","peek_obj_type == ""class java.lang.String""","push == ""False""","pop == ""True""","clear == ""False""","calledMethod == ""pop""","size_p == ""1""",Yes
2167,1607899197630:a503c862-4dcc-4323-a467-1e5b264ff337,1607899197630:22a71c96-5d9c-4a52-a258-0db117abecde,"size == ""1""","isEmpty == ""True""","peek_obj_type == ""class java.lang.String""","push == ""True""","pop == ""False""","clear == ""False""","calledMethod == ""push""","size_p == ""0""",Yes
2169,1607899197630:999648b5-2b76-47df-b965-90e8daca3fd1,1607899197630:3fdce7fb-f518-4c55-8f24-a7554158eb80,"size == ""1""","isEmpty == ""True""","peek_obj_type == ""class java.lang.String""","push == ""True""","pop == ""False""","clear == ""False""","calledMethod == ""push""","size_p == ""0""",Yes
2170,1607899197630:999648b5-2b76-47df-b965-90e8daca3fd1,1607899197630:3fdce7fb-f518-4c55-8f24-a7554158eb80,"size == ""1""","isEmpty == ""True""","peek_obj_type == ""class java.lang.String""","push == ""False""","pop == ""True""","clear == ""False""","calledMethod == ""pop""","size_p == ""1""",Yes
2172,1607899197630:586ae207-7904-465a-8809-5a631abe42c6,1607899197630:cfab82c8-8b6f-49ea-8f41-c7c4b5e2e153,"size == ""1""","isEmpty == ""True""","peek_obj_type == ""class java.lang.String""","push == ""True""","pop == ""False""","clear == ""False""","calledMethod == ""push""","size_p == ""0""",Yes
2173,1607899197630:586ae207-7904-465a-8809-5a631abe42c6,1607899197630:cfab82c8-8b6f-49ea-8f41-c7c4b5e2e153,"size == ""1""","isEmpty == ""True""","peek_obj_type == ""class java.lang.String""","push == ""False""","pop == ""True""","clear == ""False""","calledMethod == ""pop""","size_p == ""1""",Yes
2175,1607899197630:05338f11-ef81-4ca3-90ef-ad9ac4c1e25a,1607899197630:7608729c-eb82-452d-a8af-07fc391fa506,"size == ""1""","isEmpty == ""True""","peek_obj_type == ""class java.lang.String""","push == ""True""","pop == ""False""","clear == ""False""","calledMethod == ""push""","size_p == ""0""",Yes
2176,1607899197630:05338f11-ef81-4ca3-90ef-ad9ac4c1e25a,1607899197630:7608729c-eb82-452d-a8af-07fc391fa506,"size == ""2""","isEmpty == ""True""","peek_obj_type == ""class java.lang.String""","push == ""True""","pop == ""False""","clear == ""False""","calledMethod == ""push""","size_p == ""1""",Yes
2178,1607899197630:05338f11-ef81-4ca3-90ef-ad9ac4c1e25a,1607899197630:555c4e41-c3bb-4d9e-969d-e487f16cb8d0,"size == ""1""","isEmpty == ""True""","peek_obj_type == ""class java.lang.String""","push == ""True""","pop == ""False""","clear == ""False""","calledMethod == ""push""","size_p == ""0""",Yes
2179,1607899197630:05338f11-ef81-4ca3-90ef-ad9ac4c1e25a,1607899197630:555c4e41-c3bb-4d9e-969d-e487f16cb8d0,"size == ""1""","isEmpty == ""True""","peek_obj_type == ""class java.lang.String""","push == ""False""","pop == ""True""","clear == ""False""","calledMethod == ""pop""","size_p == ""1""",Yes
2181,1607899197629:ead9dc06-65d1-4dea-b57b-1d6746fc76aa,1607899197629:1eccaf9e-3a4e-43db-9550-369f621aa6e9,"size == ""1""","isEmpty == ""True""","peek_obj_type == ""class java.lang.String""","push == ""True""","pop == ""False""","clear == ""False""","calledMethod == ""push""","size_p == ""0""",Yes
2182,1607899197629:ead9dc06-65d1-4dea-b57b-1d6746fc76aa,1607899197629:1eccaf9e-3a4e-43db-9550-369f621aa6e9,"size == ""1""","isEmpty == ""True""","peek_obj_type == ""class java.lang.String""","push == ""False""","pop == ""True""","clear == ""False""","calledMethod == ""pop""","size_p == ""1""",Yes
2184,1607899197629:dadc6398-0f9b-4a77-b4ac-65c3d831d0fe,1607899197629:71f11d8b-097a-4150-91bf-50d705a00541,"size == ""1""","isEmpty == ""True""","peek_obj_type == ""class java.lang.String""","push == ""True""","pop == ""False""","clear == ""False""","calledMethod == ""push""","size_p == ""0""",Yes
2185,1607899197629:dadc6398-0f9b-4a77-b4ac-65c3d831d0fe,1607899197629:71f11d8b-097a-4150-91bf-50d705a00541,"size == ""1""","isEmpty == ""True""","peek_obj_type == ""class java.lang.String""","push == ""False""","pop == ""True""","clear == ""False""","calledMethod == ""pop""","size_p == ""1""",Yes
2187,1607899197629:9a82dd85-b1f1-4407-93ac-4fc0800597bf,1607899197629:bf99e973-8537-493d-a912-3958b9544082,"size == ""1""","isEmpty == ""True""","peek_obj_type == ""class java.lang.String""","push == ""True""","pop == ""False""","clear == ""False""","calledMethod == ""push""","size_p == ""0""",Yes
2188,1607899197629:9a82dd85-b1f1-4407-93ac-4fc0800597bf,1607899197629:bf99e973-8537-493d-a912-3958b9544082,"size == ""1""","isEmpty == ""True""","peek_obj_type == ""class java.lang.String""","push == ""False""","pop == ""True""","clear == ""False""","calledMethod == ""pop""","size_p == ""1""",Yes
2190,1607899197629:99a90a0f-0884-4040-a158-5a4e30830969,1607899197629:50046002-8df9-4d5a-9e1e-2f828047b16e,"size == ""1""","isEmpty == ""True""","peek_obj_type == ""class java.lang.String""","push == ""True""","pop == ""False""","clear == ""False""","calledMethod == ""push""","size_p == ""0""",Yes
2191,1607899197629:99a90a0f-0884-4040-a158-5a4e30830969,1607899197629:50046002-8df9-4d5a-9e1e-2f828047b16e,"size == ""1""","isEmpty == ""True""","peek_obj_type == ""class java.lang.String""","push == ""False""","pop == ""True""","clear == ""False""","calledMethod == ""pop""","size_p == ""1""",Yes
2193,1607899197629:2d5d4c98-92d7-48b2-b2b7-d5429d15a8de,1607899197629:dff6446e-4843-4ee3-a677-2fa5219d9524,"size == ""1""","isEmpty == ""True""","peek_obj_type == ""class java.lang.String""","push == ""True""","pop == ""False""","clear == ""False""","calledMethod == ""push""","size_p == ""0""",Yes
2194,1607899197629:2d5d4c98-92d7-48b2-b2b7-d5429d15a8de,1607899197629:dff6446e-4843-4ee3-a677-2fa5219d9524,"size == ""1""","isEmpty == ""True""","peek_obj_type == ""class java.lang.String""","push == ""False""","pop == ""True""","clear == ""False""","calledMethod == ""pop""","size_p == ""1""",Yes
2197,1607899197628:d6ed0eed-43e5-47b2-9490-7434ef23fa6d,1607899197628:968fc58b-7e7b-4589-8a03-09aa48760754,"size == ""1""","isEmpty == ""True""","peek_obj_type == ""class java.lang.String""","push == ""True""","pop == ""False""","clear == ""False""","calledMethod == ""push""","size_p == ""0""",Yes
2198,1607899197628:d6ed0eed-43e5-47b2-9490-7434ef23fa6d,1607899197628:968fc58b-7e7b-4589-8a03-09aa48760754,"size == ""1""","isEmpty == ""True""","peek_obj_type == ""class java.lang.String""","push == ""False""","pop == ""True""","clear == ""False""","calledMethod == ""pop""","size_p == ""1""",Yes
2201,1607899197628:4f242de5-a2ae-4214-9a2d-d9807268c31e,1607899197628:6645a222-710b-4495-91b2-85362d7f3aaa,"size == ""1""","isEmpty == ""True""","peek_obj_type == ""class java.lang.String""","push == ""True""","pop == ""False""","clear == ""False""","calledMethod == ""push""","size_p == ""0""",Yes
2202,1607899197628:4f242de5-a2ae-4214-9a2d-d9807268c31e,1607899197628:6645a222-710b-4495-91b2-85362d7f3aaa,"size == ""1""","isEmpty == ""True""","peek_obj_type == ""class java.lang.String""","push == ""False""","pop == ""True""","clear == ""False""","calledMethod == ""pop""","size_p == ""1""",Yes
2204,1607899197628:07b2702a-a1fc-4d79-b3ca-e93fcef5f006,1607899197629:782318d1-4c46-4d66-be34-e9eda1d1a383,"size == ""1""","isEmpty == ""True""","peek_obj_type == ""class java.lang.String""","push == ""True""","pop == ""False""","clear == ""False""","calledMethod == ""push""","size_p == ""0""",Yes
2205,1607899197628:07b2702a-a1fc-4d79-b3ca-e93fcef5f006,1607899197629:782318d1-4c46-4d66-be34-e9eda1d1a383,"size == ""1""","isEmpty == ""True""","peek_obj_type == ""class java.lang.String""","push == ""False""","pop == ""True""","clear == ""False""","calledMethod == ""pop""","size_p == ""1""",Yes
2208,1607899197628:07b2702a-a1fc-4d79-b3ca-e93fcef5f006,1607899197628:4309f8b8-1e89-413b-b5c3-33d0b4ccb25a,"size == ""1""","isEmpty == ""True""","peek_obj_type == ""class java.lang.String""","push == ""True""","pop == ""False""","clear == ""False""","calledMethod == ""push""","size_p == ""0""",Yes
2209,1607899197628:07b2702a-a1fc-4d79-b3ca-e93fcef5f006,1607899197628:4309f8b8-1e89-413b-b5c3-33d0b4ccb25a,"size == ""1""","isEmpty == ""True""","peek_obj_type == ""class java.lang.String""","push == ""False""","pop == ""False""","clear == ""True""","calledMethod == ""clear""","size_p == ""1""",Yes
2211,1607899197628:056c912f-ae25-4c11-88e8-f977770378a1,1607899197628:4a125832-f01b-45cf-817c-6aa5a17647d1,"size == ""1""","isEmpty == ""True""","peek_obj_type == ""class java.lang.String""","push == ""True""","pop == ""False""","clear == ""False""","calledMethod == ""push""","size_p == ""0""",Yes
2212,1607899197628:056c912f-ae25-4c11-88e8-f977770378a1,1607899197628:4a125832-f01b-45cf-817c-6aa5a17647d1,"size == ""2""","isEmpty == ""True""","peek_obj_type == ""class java.lang.String""","push == ""True""","pop == ""False""","clear == ""False""","calledMethod == ""push""","size_p == ""1""",Yes
2214,1607899197628:056c912f-ae25-4c11-88e8-f977770378a1,1607899197628:2971f5a0-06b2-4076-b710-6763c8b99510,"size == ""1""","isEmpty == ""True""","peek_obj_type == ""class java.lang.String""","push == ""True""","pop == ""False""","clear == ""False""","calledMethod == ""push""","size_p == ""0""",Yes
2215,1607899197628:056c912f-ae25-4c11-88e8-f977770378a1,1607899197628:2971f5a0-06b2-4076-b710-6763c8b99510,"size == ""1""","isEmpty == ""True""","peek_obj_type == ""class java.lang.String""","push == ""False""","pop == ""True""","clear == ""False""","calledMethod == ""pop""","size_p == ""1""",Yes
2217,1607899197628:0534bbd7-f0a2-46c2-b187-719e0a6270fc,1607899197628:3d320437-1caf-40df-a379-0e6d074465b7,"size == ""1""","isEmpty == ""True""","peek_obj_type == ""class java.lang.String""","push == ""True""","pop == ""False""","clear == ""False""","calledMethod == ""push""","size_p == ""0""",Yes
2218,1607899197628:0534bbd7-f0a2-46c2-b187-719e0a6270fc,1607899197628:3d320437-1caf-40df-a379-0e6d074465b7,"size == ""1""","isEmpty == ""True""","peek_obj_type == ""class java.lang.String""","push == ""False""","pop == ""True""","clear == ""False""","calledMethod == ""pop""","size_p == ""1""",Yes
2220,1607899197627:b9568036-1487-4fdf-a895-f8de5bcaff76,1607899197627:abf452c8-098e-4ef6-99c1-c992e995fe8e,"size == ""1""","isEmpty == ""True""","peek_obj_type == ""class java.lang.String""","push == ""True""","pop == ""False""","clear == ""False""","calledMethod == ""push""","size_p == ""0""",Yes
2221,1607899197627:b9568036-1487-4fdf-a895-f8de5bcaff76,1607899197627:abf452c8-098e-4ef6-99c1-c992e995fe8e,"size == ""1""","isEmpty == ""True""","peek_obj_type == ""class java.lang.String""","push == ""False""","pop == ""True""","clear == ""False""","calledMethod == ""pop""","size_p == ""1""",Yes
2223,1607899197627:b2918df8-9840-439d-a71e-e7d068c75665,1607899197627:d491a822-cf6f-4f13-a4ba-b9391745093d,"size == ""1""","isEmpty == ""True""","peek_obj_type == ""class java.lang.String""","push == ""True""","pop == ""False""","clear == ""False""","calledMethod == ""push""","size_p == ""0""",Yes
2224,1607899197627:b2918df8-9840-439d-a71e-e7d068c75665,1607899197627:d491a822-cf6f-4f13-a4ba-b9391745093d,"size == ""1""","isEmpty == ""True""","peek_obj_type == ""class java.lang.String""","push == ""False""","pop == ""True""","clear == ""False""","calledMethod == ""pop""","size_p == ""1""",Yes
2226,1607899197627:a11d6ee4-20b8-412d-a75e-34818605c055,1607899197627:cdcb7804-9154-43d9-85f8-7902715b96cf,"size == ""1""","isEmpty == ""True""","peek_obj_type == ""class java.lang.String""","push == ""True""","pop == ""False""","clear == ""False""","calledMethod == ""push""","size_p == ""0""",Yes
2228,1607899197627:a11d6ee4-20b8-412d-a75e-34818605c055,1607899197627:8982ca50-7b40-4669-a741-2e57ddc77cbb,"size == ""1""","isEmpty == ""True""","peek_obj_type == ""class java.lang.String""","push == ""True""","pop == ""False""","clear == ""False""","calledMethod == ""push""","size_p == ""0""",Yes
2229,1607899197627:a11d6ee4-20b8-412d-a75e-34818605c055,1607899197627:8982ca50-7b40-4669-a741-2e57ddc77cbb,"size == ""1""","isEmpty == ""True""","peek_obj_type == ""class java.lang.String""","push == ""False""","pop == ""True""","clear == ""False""","calledMethod == ""pop""","size_p == ""1""",Yes
2232,1607899197627:4e7d649f-31ea-434d-bf35-6f60f7478e50,1607899197627:42d00c3c-c63d-419b-b9d2-4b61cf56cdab,"size == ""1""","isEmpty == ""True""","peek_obj_type == ""class java.lang.String""","push == ""True""","pop == ""False""","clear == ""False""","calledMethod == ""push""","size_p == ""0""",Yes
2233,1607899197627:4e7d649f-31ea-434d-bf35-6f60f7478e50,1607899197627:42d00c3c-c63d-419b-b9d2-4b61cf56cdab,"size == ""1""","isEmpty == ""True""","peek_obj_type == ""class java.lang.String""","push == ""False""","pop == ""True""","clear == ""False""","calledMethod == ""pop""","size_p == ""1""",Yes
2235,1607899197626:f7057836-6001-4d54-aa80-b0713a190ee2,1607899197626:d69af3be-56b5-4ce8-b002-fde6eb570f68,"size == ""1""","isEmpty == ""True""","peek_obj_type == ""class java.lang.String""","push == ""True""","pop == ""False""","clear == ""False""","calledMethod == ""push""","size_p == ""0""",Yes
2236,1607899197626:f7057836-6001-4d54-aa80-b0713a190ee2,1607899197626:d69af3be-56b5-4ce8-b002-fde6eb570f68,"size == ""1""","isEmpty == ""True""","peek_obj_type == ""class java.lang.String""","push == ""False""","pop == ""True""","clear == ""False""","calledMethod == ""pop""","size_p == ""1""",Yes
2238,1607899197626:f7057836-6001-4d54-aa80-b0713a190ee2,1607899197626:87168e16-3435-4b00-b557-0a599924c01e,"size == ""1""","isEmpty == ""True""","peek_obj_type == ""class java.lang.String""","push == ""True""","pop == ""False""","clear == ""False""","calledMethod == ""push""","size_p == ""0""",Yes
2241,1607899197626:f58fde19-e95e-47f2-bde0-5be3c44c69f5,1607899197626:f86ad1ad-5b93-4222-9e9b-6635323b241a,"size == ""1""","isEmpty == ""True""","peek_obj_type == ""class java.lang.String""","push == ""True""","pop == ""False""","clear == ""False""","calledMethod == ""push""","size_p == ""0""",Yes
2242,1607899197626:f58fde19-e95e-47f2-bde0-5be3c44c69f5,1607899197626:f86ad1ad-5b93-4222-9e9b-6635323b241a,"size == ""1""","isEmpty == ""True""","peek_obj_type == ""class java.lang.String""","push == ""False""","pop == ""True""","clear == ""False""","calledMethod == ""pop""","size_p == ""1""",Yes
2244,1607899197626:ed9aa2c6-2213-4197-bbab-ab712767f09e,1607899197626:9b6d6f9e-0e3d-4433-80a4-a2a53b90a047,"size == ""1""","isEmpty == ""True""","peek_obj_type == ""class java.lang.String""","push == ""True""","pop == ""False""","clear == ""False""","calledMethod == ""push""","size_p == ""0""",Yes
2245,1607899197626:ed9aa2c6-2213-4197-bbab-ab712767f09e,1607899197626:9b6d6f9e-0e3d-4433-80a4-a2a53b90a047,"size == ""1""","isEmpty == ""True""","peek_obj_type == ""class java.lang.String""","push == ""False""","pop == ""True""","clear == ""False""","calledMethod == ""pop""","size_p == ""1""",Yes
2247,1607899197626:aa4e47c8-c116-4155-9677-22cf77c08ba5,1607899197626:d9ca75a5-5275-4e1e-8c0d-c393293315da,"size == ""1""","isEmpty == ""True""","peek_obj_type == ""class java.lang.String""","push == ""True""","pop == ""False""","clear == ""False""","calledMethod == ""push""","size_p == ""0""",Yes
2248,1607899197626:aa4e47c8-c116-4155-9677-22cf77c08ba5,1607899197626:d9ca75a5-5275-4e1e-8c0d-c393293315da,"size == ""1""","isEmpty == ""True""","peek_obj_type == ""class java.lang.String""","push == ""False""","pop == ""True""","clear == ""False""","calledMethod == ""pop""","size_p == ""1""",Yes
2251,1607899197626:aa4e47c8-c116-4155-9677-22cf77c08ba5,1607899197626:bff00eba-b3f7-48e6-b6fc-23d4616fb2e8,"size == ""1""","isEmpty == ""True""","peek_obj_type == ""class java.lang.String""","push == ""True""","pop == ""False""","clear == ""False""","calledMethod == ""push""","size_p == ""0""",Yes
2252,1607899197626:aa4e47c8-c116-4155-9677-22cf77c08ba5,1607899197626:bff00eba-b3f7-48e6-b6fc-23d4616fb2e8,"size == ""1""","isEmpty == ""True""","peek_obj_type == ""class java.lang.String""","push == ""False""","pop == ""False""","clear == ""True""","calledMethod == ""clear""","size_p == ""1""",Yes
2254,1607899197626:259644f3-d3f8-401e-a560-79f54388b399,1607899197626:40c6a2fd-8481-4c0a-8fd2-845aa187f7f4,"size == ""1""","isEmpty == ""True""","peek_obj_type == ""class java.lang.String""","push == ""True""","pop == ""False""","clear == ""False""","calledMethod == ""push""","size_p == ""0""",Yes
2255,1607899197626:259644f3-d3f8-401e-a560-79f54388b399,1607899197626:40c6a2fd-8481-4c0a-8fd2-845aa187f7f4,"size == ""1""","isEmpty == ""True""","peek_obj_type == ""class java.lang.String""","push == ""False""","pop == ""True""","clear == ""False""","calledMethod == ""pop""","size_p == ""1""",Yes
2257,1607899197625:fb774a94-66b6-4bf1-b460-0f264b464c05,1607899197625:d60b8bc8-b871-4956-b298-b78f6de2d115,"size == ""1""","isEmpty == ""True""","peek_obj_type == ""class java.lang.String""","push == ""True""","pop == ""False""","clear == ""False""","calledMethod == ""push""","size_p == ""0""",Yes
2258,1607899197625:fb774a94-66b6-4bf1-b460-0f264b464c05,1607899197625:d60b8bc8-b871-4956-b298-b78f6de2d115,"size == ""1""","isEmpty == ""True""","peek_obj_type == ""class java.lang.String""","push == ""False""","pop == ""True""","clear == ""False""","calledMethod == ""pop""","size_p == ""1""",Yes
2260,1607899197625:c87efef1-0425-4d07-9cdb-0ee176442a43,1607899197625:8e8f3385-d8e7-4d1d-ae45-6333cec8e63b,"size == ""1""","isEmpty == ""True""","peek_obj_type == ""class java.lang.String""","push == ""True""","pop == ""False""","clear == ""False""","calledMethod == ""push""","size_p == ""0""",Yes
2261,1607899197625:c87efef1-0425-4d07-9cdb-0ee176442a43,1607899197625:8e8f3385-d8e7-4d1d-ae45-6333cec8e63b,"size == ""1""","isEmpty == ""True""","peek_obj_type == ""class java.lang.String""","push == ""False""","pop == ""True""","clear == ""False""","calledMethod == ""pop""","size_p == ""1""",Yes
2263,1607899197625:a0808579-cd75-41ad-8675-00cf899d8306,1607899197625:8da990dc-38d8-40a2-8300-69e02952d3e3,"size == ""1""","isEmpty == ""True""","peek_obj_type == ""class java.lang.String""","push == ""True""","pop == ""False""","clear == ""False""","calledMethod == ""push""","size_p == ""0""",Yes
2264,1607899197625:a0808579-cd75-41ad-8675-00cf899d8306,1607899197625:8da990dc-38d8-40a2-8300-69e02952d3e3,"size == ""1""","isEmpty == ""True""","peek_obj_type == ""class java.lang.String""","push == ""False""","pop == ""True""","clear == ""False""","calledMethod == ""pop""","size_p == ""1""",Yes
2266,1607899197625:5c0b3304-0ee3-4ac5-a412-b983f52644e8,1607899197625:99e6132d-4c96-4d85-a64d-9b43cfa09b41,"size == ""1""","isEmpty == ""True""","peek_obj_type == ""class java.lang.String""","push == ""True""","pop == ""False""","clear == ""False""","calledMethod == ""push""","size_p == ""0""",Yes
2268,1607899197625:5c0b3304-0ee3-4ac5-a412-b983f52644e8,1607899197625:838d4f1c-3d73-4cdf-a823-1003b2005a98,"size == ""1""","isEmpty == ""True""","peek_obj_type == ""class java.lang.String""","push == ""True""","pop == ""False""","clear == ""False""","calledMethod == ""push""","size_p == ""0""",Yes
2269,1607899197625:5c0b3304-0ee3-4ac5-a412-b983f52644e8,1607899197625:838d4f1c-3d73-4cdf-a823-1003b2005a98,"size == ""1""","isEmpty == ""True""","peek_obj_type == ""class java.lang.String""","push == ""False""","pop == ""True""","clear == ""False""","calledMethod == ""pop""","size_p == ""1""",Yes
2272,1607899197624:f46ad14e-3ba9-4b6a-8458-5238be2f863f,1607899197624:bbeca7c3-6f7b-4b3e-ba28-a15dbb788fd8,"size == ""1""","isEmpty == ""True""","peek_obj_type == ""class java.lang.String""","push == ""True""","pop == ""False""","clear == ""False""","calledMethod == ""push""","size_p == ""0""",Yes
2273,1607899197624:f46ad14e-3ba9-4b6a-8458-5238be2f863f,1607899197624:bbeca7c3-6f7b-4b3e-ba28-a15dbb788fd8,"size == ""1""","isEmpty == ""True""","peek_obj_type == ""class java.lang.String""","push == ""False""","pop == ""True""","clear == ""False""","calledMethod == ""pop""","size_p == ""1""",Yes
2275,1607899197624:f46ad14e-3ba9-4b6a-8458-5238be2f863f,1607899197624:600030a4-a62b-4b16-99ba-0fe68ba41afa,"size == ""1""","isEmpty == ""True""","peek_obj_type == ""class java.lang.String""","push == ""True""","pop == ""False""","clear == ""False""","calledMethod == ""push""","size_p == ""0""",Yes
2276,1607899197624:f46ad14e-3ba9-4b6a-8458-5238be2f863f,1607899197624:600030a4-a62b-4b16-99ba-0fe68ba41afa,"size == ""2""","isEmpty == ""True""","peek_obj_type == ""class java.lang.String""","push == ""True""","pop == ""False""","clear == ""False""","calledMethod == ""push""","size_p == ""1""",Yes
2279,1607899197624:f46ad14e-3ba9-4b6a-8458-5238be2f863f,1607899197624:35b95a39-9924-492d-8962-1e2a80c92d57,"size == ""1""","isEmpty == ""True""","peek_obj_type == ""class java.lang.String""","push == ""True""","pop == ""False""","clear == ""False""","calledMethod == ""push""","size_p == ""0""",Yes
2280,1607899197624:f46ad14e-3ba9-4b6a-8458-5238be2f863f,1607899197624:35b95a39-9924-492d-8962-1e2a80c92d57,"size == ""1""","isEmpty == ""True""","peek_obj_type == ""class java.lang.String""","push == ""False""","pop == ""False""","clear == ""True""","calledMethod == ""clear""","size_p == ""1""",Yes
2281,1607899197624:f46ad14e-3ba9-4b6a-8458-5238be2f863f,1607899197624:35b95a39-9924-492d-8962-1e2a80c92d57,"size == ""1""","isEmpty == ""True""","peek_obj_type == ""class java.lang.String""","push == ""False""","pop == ""False""","clear == ""True""","calledMethod == ""clear""","size_p == ""1""",Yes
2282,1607899197624:f46ad14e-3ba9-4b6a-8458-5238be2f863f,1607899197624:35b95a39-9924-492d-8962-1e2a80c92d57,"size == ""1""","isEmpty == ""True""","peek_obj_type == ""class java.lang.String""","push == ""False""","pop == ""False""","clear == ""True""","calledMethod == ""clear""","size_p == ""1""",Yes
2284,1607899197624:ec1bf380-7a17-47d0-ac35-0a39bcc447b6,1607899197624:61021a40-c61a-4402-af1a-490ce5c04f65,"size == ""1""","isEmpty == ""True""","peek_obj_type == ""class java.lang.String""","push == ""True""","pop == ""False""","clear == ""False""","calledMethod == ""push""","size_p == ""0""",Yes
2285,1607899197624:ec1bf380-7a17-47d0-ac35-0a39bcc447b6,1607899197624:61021a40-c61a-4402-af1a-490ce5c04f65,"size == ""1""","isEmpty == ""True""","peek_obj_type == ""class java.lang.String""","push == ""False""","pop == ""True""","clear == ""False""","calledMethod == ""pop""","size_p == ""1""",Yes
2287,1607899197624:7bc1a901-a653-443e-afe4-acb32c31646f,1607899197625:68c44065-2ae9-4bde-8bc6-22b5395c3030,"size == ""1""","isEmpty == ""True""","peek_obj_type == ""class java.lang.String""","push == ""True""","pop == ""False""","clear == ""False""","calledMethod == ""push""","size_p == ""0""",Yes
2288,1607899197624:7bc1a901-a653-443e-afe4-acb32c31646f,1607899197625:68c44065-2ae9-4bde-8bc6-22b5395c3030,"size == ""1""","isEmpty == ""True""","peek_obj_type == ""class java.lang.String""","push == ""False""","pop == ""True""","clear == ""False""","calledMethod == ""pop""","size_p == ""1""",Yes
2290,1607899197624:7bc1a901-a653-443e-afe4-acb32c31646f,1607899197624:5d7a9ce1-2415-435a-9fe3-ed8d28ab788f,"size == ""1""","isEmpty == ""True""","peek_obj_type == ""class java.lang.String""","push == ""True""","pop == ""False""","clear == ""False""","calledMethod == ""push""","size_p == ""0""",Yes
2292,1607899197624:6d604905-9306-43fd-ac47-02738a6e81ac,1607899197624:3477f555-fbb2-475d-b5d3-c27cb09b3d72,"size == ""1""","isEmpty == ""True""","peek_obj_type == ""class java.lang.String""","push == ""True""","pop == ""False""","clear == ""False""","calledMethod == ""push""","size_p == ""0""",Yes
2293,1607899197624:6d604905-9306-43fd-ac47-02738a6e81ac,1607899197624:3477f555-fbb2-475d-b5d3-c27cb09b3d72,"size == ""1""","isEmpty == ""True""","peek_obj_type == ""class java.lang.String""","push == ""False""","pop == ""True""","clear == ""False""","calledMethod == ""pop""","size_p == ""1""",Yes
2295,1607899197624:6d604905-9306-43fd-ac47-02738a6e81ac,1607899197624:067a4855-d2e7-4776-bb39-168d1cc4b363,"size == ""1""","isEmpty == ""True""","peek_obj_type == ""class java.lang.String""","push == ""True""","pop == ""False""","clear == ""False""","calledMethod == ""push""","size_p == ""0""",Yes
2296,1607899197624:6d604905-9306-43fd-ac47-02738a6e81ac,1607899197624:067a4855-d2e7-4776-bb39-168d1cc4b363,"size == ""2""","isEmpty == ""True""","peek_obj_type == ""class java.lang.String""","push == ""True""","pop == ""False""","clear == ""False""","calledMethod == ""push""","size_p == ""1""",Yes
2297,1607899197624:6d604905-9306-43fd-ac47-02738a6e81ac,1607899197624:067a4855-d2e7-4776-bb39-168d1cc4b363,"size == ""3""","isEmpty == ""True""","peek_obj_type == ""class java.lang.String""","push == ""True""","pop == ""False""","clear == ""False""","calledMethod == ""push""","size_p == ""2""",Yes
2299,1607899197623:ebae9303-06c7-4a29-90c6-34f14a5e084b,1607899197623:d456a823-74af-4336-ba4e-a037fd171b2e,"size == ""1""","isEmpty == ""True""","peek_obj_type == ""class java.lang.String""","push == ""True""","pop == ""False""","clear == ""False""","calledMethod == ""push""","size_p == ""0""",Yes
2300,1607899197623:ebae9303-06c7-4a29-90c6-34f14a5e084b,1607899197623:d456a823-74af-4336-ba4e-a037fd171b2e,"size == ""2""","isEmpty == ""True""","peek_obj_type == ""class java.lang.String""","push == ""True""","pop == ""False""","clear == ""False""","calledMethod == ""push""","size_p == ""1""",Yes
2302,1607899197623:ebae9303-06c7-4a29-90c6-34f14a5e084b,1607899197623:3a05f2e9-1f53-42a3-845f-49dad1fdac0b,"size == ""1""","isEmpty == ""True""","peek_obj_type == ""class java.lang.String""","push == ""True""","pop == ""False""","clear == ""False""","calledMethod == ""push""","size_p == ""0""",Yes
2303,1607899197623:ebae9303-06c7-4a29-90c6-34f14a5e084b,1607899197623:3a05f2e9-1f53-42a3-845f-49dad1fdac0b,"size == ""1""","isEmpty == ""True""","peek_obj_type == ""class java.lang.String""","push == ""False""","pop == ""True""","clear == ""False""","calledMethod == ""pop""","size_p == ""1""",Yes
2305,1607899197623:610233a9-28f6-4d50-9f7f-59be2e6405cd,1607899197623:5abb94ef-4746-4783-8691-118e38cc88b9,"size == ""1""","isEmpty == ""True""","peek_obj_type == ""class java.lang.String""","push == ""True""","pop == ""False""","clear == ""False""","calledMethod == ""push""","size_p == ""0""",Yes
2306,1607899197623:610233a9-28f6-4d50-9f7f-59be2e6405cd,1607899197623:5abb94ef-4746-4783-8691-118e38cc88b9,"size == ""1""","isEmpty == ""True""","peek_obj_type == ""class java.lang.String""","push == ""False""","pop == ""True""","clear == ""False""","calledMethod == ""pop""","size_p == ""1""",Yes
2308,1607899197623:4a222da6-ce22-4fc7-a346-341d88404ef2,1607899197623:576b542e-1e95-41fa-9ec2-8478aa73e248,"size == ""1""","isEmpty == ""True""","peek_obj_type == ""class java.lang.String""","push == ""True""","pop == ""False""","clear == ""False""","calledMethod == ""push""","size_p == ""0""",Yes
2309,1607899197623:4a222da6-ce22-4fc7-a346-341d88404ef2,1607899197623:576b542e-1e95-41fa-9ec2-8478aa73e248,"size == ""1""","isEmpty == ""True""","peek_obj_type == ""class java.lang.String""","push == ""False""","pop == ""True""","clear == ""False""","calledMethod == ""pop""","size_p == ""1""",Yes
2311,1607899197623:32a40c75-fe00-4368-8f70-abff202a489a,1607899197623:700cf7fd-c880-4ccb-bada-a18d2a2efffc,"size == ""1""","isEmpty == ""True""","peek_obj_type == ""class java.lang.String""","push == ""True""","pop == ""False""","clear == ""False""","calledMethod == ""push""","size_p == ""0""",Yes
2312,1607899197623:32a40c75-fe00-4368-8f70-abff202a489a,1607899197623:700cf7fd-c880-4ccb-bada-a18d2a2efffc,"size == ""1""","isEmpty == ""True""","peek_obj_type == ""class java.lang.String""","push == ""False""","pop == ""True""","clear == ""False""","calledMethod == ""pop""","size_p == ""1""",Yes
2315,1607899197623:32a40c75-fe00-4368-8f70-abff202a489a,1607899197623:1b1b875b-0792-45e4-acc3-098f2ae3a558,"size == ""1""","isEmpty == ""True""","peek_obj_type == ""class java.lang.String""","push == ""True""","pop == ""False""","clear == ""False""","calledMethod == ""push""","size_p == ""0""",Yes
2316,1607899197623:32a40c75-fe00-4368-8f70-abff202a489a,1607899197623:1b1b875b-0792-45e4-acc3-098f2ae3a558,"size == ""1""","isEmpty == ""True""","peek_obj_type == ""class java.lang.String""","push == ""False""","pop == ""False""","clear == ""True""","calledMethod == ""clear""","size_p == ""1""",Yes
2317,1607899197623:32a40c75-fe00-4368-8f70-abff202a489a,1607899197623:1b1b875b-0792-45e4-acc3-098f2ae3a558,"size == ""1""","isEmpty == ""True""","peek_obj_type == ""class java.lang.String""","push == ""False""","pop == ""False""","clear == ""True""","calledMethod == ""clear""","size_p == ""1""",Yes
2318,1607899197623:32a40c75-fe00-4368-8f70-abff202a489a,1607899197623:1b1b875b-0792-45e4-acc3-098f2ae3a558,"size == ""1""","isEmpty == ""True""","peek_obj_type == ""class java.lang.String""","push == ""False""","pop == ""False""","clear == ""True""","calledMethod == ""clear""","size_p == ""1""",Yes
2321,1607899197622:d92efe4d-a118-46d1-87dd-f8ab916ac9f6,1607899197622:3e614d2b-fb96-40b6-bd13-f4e47457523e,"size == ""1""","isEmpty == ""True""","peek_obj_type == ""class java.lang.String""","push == ""True""","pop == ""False""","clear == ""False""","calledMethod == ""push""","size_p == ""0""",Yes
2322,1607899197622:d92efe4d-a118-46d1-87dd-f8ab916ac9f6,1607899197622:3e614d2b-fb96-40b6-bd13-f4e47457523e,"size == ""1""","isEmpty == ""True""","peek_obj_type == ""class java.lang.String""","push == ""False""","pop == ""False""","clear == ""True""","calledMethod == ""clear""","size_p == ""1""",Yes
2323,1607899197622:d92efe4d-a118-46d1-87dd-f8ab916ac9f6,1607899197622:3e614d2b-fb96-40b6-bd13-f4e47457523e,"size == ""1""","isEmpty == ""True""","peek_obj_type == ""class java.lang.String""","push == ""False""","pop == ""False""","clear == ""True""","calledMethod == ""clear""","size_p == ""1""",Yes
2324,1607899197622:d92efe4d-a118-46d1-87dd-f8ab916ac9f6,1607899197622:3e614d2b-fb96-40b6-bd13-f4e47457523e,"size == ""1""","isEmpty == ""True""","peek_obj_type == ""class java.lang.String""","push == ""False""","pop == ""False""","clear == ""True""","calledMethod == ""clear""","size_p == ""1""",Yes
2326,1607899197622:d92efe4d-a118-46d1-87dd-f8ab916ac9f6,1607899197622:25274e24-40fb-4d74-8095-49f7fe8ad899,"size == ""1""","isEmpty == ""True""","peek_obj_type == ""class java.lang.String""","push == ""True""","pop == ""False""","clear == ""False""","calledMethod == ""push""","size_p == ""0""",Yes
2327,1607899197622:d92efe4d-a118-46d1-87dd-f8ab916ac9f6,1607899197622:25274e24-40fb-4d74-8095-49f7fe8ad899,"size == ""1""","isEmpty == ""True""","peek_obj_type == ""class java.lang.String""","push == ""False""","pop == ""True""","clear == ""False""","calledMethod == ""pop""","size_p == ""1""",Yes
2329,1607899197622:d323f1df-976b-4da4-84c7-dab946d96b36,1607899197622:339e8c1e-4ec5-462b-b5e5-dbf906cd2e4f,"size == ""1""","isEmpty == ""True""","peek_obj_type == ""class java.lang.String""","push == ""True""","pop == ""False""","clear == ""False""","calledMethod == ""push""","size_p == ""0""",Yes
2330,1607899197622:d323f1df-976b-4da4-84c7-dab946d96b36,1607899197622:339e8c1e-4ec5-462b-b5e5-dbf906cd2e4f,"size == ""1""","isEmpty == ""True""","peek_obj_type == ""class java.lang.String""","push == ""False""","pop == ""True""","clear == ""False""","calledMethod == ""pop""","size_p == ""1""",Yes
2332,1607899197622:a0e4a186-504f-4e7a-bc23-ef2a2a685f7a,1607899197622:f566cd68-f8c7-490e-bb76-fc1600227d5c,"size == ""1""","isEmpty == ""True""","peek_obj_type == ""class java.lang.String""","push == ""True""","pop == ""False""","clear == ""False""","calledMethod == ""push""","size_p == ""0""",Yes
2333,1607899197622:a0e4a186-504f-4e7a-bc23-ef2a2a685f7a,1607899197622:f566cd68-f8c7-490e-bb76-fc1600227d5c,"size == ""1""","isEmpty == ""True""","peek_obj_type == ""class java.lang.String""","push == ""False""","pop == ""True""","clear == ""False""","calledMethod == ""pop""","size_p == ""1""",Yes
2336,1607899197621:ce32fd4b-f45e-4412-a75e-1380b420c633,1607899197621:6d4a7ad8-6dba-4040-b7f6-0abac1418972,"size == ""1""","isEmpty == ""True""","peek_obj_type == ""class java.lang.String""","push == ""True""","pop == ""False""","clear == ""False""","calledMethod == ""push""","size_p == ""0""",Yes
2337,1607899197621:ce32fd4b-f45e-4412-a75e-1380b420c633,1607899197621:6d4a7ad8-6dba-4040-b7f6-0abac1418972,"size == ""1""","isEmpty == ""True""","peek_obj_type == ""class java.lang.String""","push == ""False""","pop == ""False""","clear == ""True""","calledMethod == ""clear""","size_p == ""1""",Yes
2338,1607899197621:ce32fd4b-f45e-4412-a75e-1380b420c633,1607899197621:6d4a7ad8-6dba-4040-b7f6-0abac1418972,"size == ""1""","isEmpty == ""True""","peek_obj_type == ""class java.lang.String""","push == ""False""","pop == ""False""","clear == ""True""","calledMethod == ""clear""","size_p == ""1""",Yes
2339,1607899197621:ce32fd4b-f45e-4412-a75e-1380b420c633,1607899197621:6d4a7ad8-6dba-4040-b7f6-0abac1418972,"size == ""1""","isEmpty == ""True""","peek_obj_type == ""class java.lang.String""","push == ""False""","pop == ""False""","clear == ""True""","calledMethod == ""clear""","size_p == ""1""",Yes
2341,1607899197621:ce32fd4b-f45e-4412-a75e-1380b420c633,1607899197621:39be00b8-27b4-48cd-8006-60c80980d23b,"size == ""1""","isEmpty == ""True""","peek_obj_type == ""class java.lang.String""","push == ""True""","pop == ""False""","clear == ""False""","calledMethod == ""push""","size_p == ""0""",Yes
2342,1607899197621:ce32fd4b-f45e-4412-a75e-1380b420c633,1607899197621:39be00b8-27b4-48cd-8006-60c80980d23b,"size == ""1""","isEmpty == ""True""","peek_obj_type == ""class java.lang.String""","push == ""False""","pop == ""True""","clear == ""False""","calledMethod == ""pop""","size_p == ""1""",Yes
2344,1607899197621:7c4c2660-0d97-45f3-87a1-d84725f2da12,1607899197621:c3fb90bb-a08f-41aa-bc16-0f544edd4679,"size == ""1""","isEmpty == ""True""","peek_obj_type == ""class java.lang.String""","push == ""True""","pop == ""False""","clear == ""False""","calledMethod == ""push""","size_p == ""0""",Yes
2345,1607899197621:7c4c2660-0d97-45f3-87a1-d84725f2da12,1607899197621:c3fb90bb-a08f-41aa-bc16-0f544edd4679,"size == ""1""","isEmpty == ""True""","peek_obj_type == ""class java.lang.String""","push == ""False""","pop == ""True""","clear == ""False""","calledMethod == ""pop""","size_p == ""1""",Yes
2347,1607899197621:7c4c2660-0d97-45f3-87a1-d84725f2da12,1607899197621:9c99a151-ddfe-4d04-a628-80abf32d92e8,"size == ""1""","isEmpty == ""True""","peek_obj_type == ""class java.lang.String""","push == ""True""","pop == ""False""","clear == ""False""","calledMethod == ""push""","size_p == ""0""",Yes
2348,1607899197621:7c4c2660-0d97-45f3-87a1-d84725f2da12,1607899197621:9c99a151-ddfe-4d04-a628-80abf32d92e8,"size == ""2""","isEmpty == ""True""","peek_obj_type == ""class java.lang.String""","push == ""True""","pop == ""False""","clear == ""False""","calledMethod == ""push""","size_p == ""1""",Yes
2350,1607899197621:56f47562-7cdd-49c3-be09-b72e682a4b6d,1607899197622:286832fc-da91-4220-9ad7-f63f04808eb2,"size == ""1""","isEmpty == ""True""","peek_obj_type == ""class java.lang.String""","push == ""True""","pop == ""False""","clear == ""False""","calledMethod == ""push""","size_p == ""0""",Yes
2351,1607899197621:56f47562-7cdd-49c3-be09-b72e682a4b6d,1607899197622:286832fc-da91-4220-9ad7-f63f04808eb2,"size == ""1""","isEmpty == ""True""","peek_obj_type == ""class java.lang.String""","push == ""False""","pop == ""True""","clear == ""False""","calledMethod == ""pop""","size_p == ""1""",Yes
2353,1607899197621:56f47562-7cdd-49c3-be09-b72e682a4b6d,1607899197621:4a772bd5-85cd-4bed-8f24-96827923158e,"size == ""1""","isEmpty == ""True""","peek_obj_type == ""class java.lang.String""","push == ""True""","pop == ""False""","clear == ""False""","calledMethod == ""push""","size_p == ""0""",Yes
2355,1607899197621:3ccc55c3-0f75-4000-b4a3-4b05dc4ce6b5,1607899197621:8ab09fd7-aefa-439e-914b-15f32009bf99,"size == ""1""","isEmpty == ""True""","peek_obj_type == ""class java.lang.String""","push == ""True""","pop == ""False""","clear == ""False""","calledMethod == ""push""","size_p == ""0""",Yes
2356,1607899197621:3ccc55c3-0f75-4000-b4a3-4b05dc4ce6b5,1607899197621:8ab09fd7-aefa-439e-914b-15f32009bf99,"size == ""1""","isEmpty == ""True""","peek_obj_type == ""class java.lang.String""","push == ""False""","pop == ""True""","clear == ""False""","calledMethod == ""pop""","size_p == ""1""",Yes
2358,1607899197620:d8c67051-7ad7-4225-aa58-cf7fcd857335,1607899197620:eea6b105-930f-4a6f-b600-48b3c256d7b7,"size == ""1""","isEmpty == ""True""","peek_obj_type == ""class java.lang.String""","push == ""True""","pop == ""False""","clear == ""False""","calledMethod == ""push""","size_p == ""0""",Yes
2359,1607899197620:d8c67051-7ad7-4225-aa58-cf7fcd857335,1607899197620:eea6b105-930f-4a6f-b600-48b3c256d7b7,"size == ""1""","isEmpty == ""True""","peek_obj_type == ""class java.lang.String""","push == ""False""","pop == ""True""","clear == ""False""","calledMethod == ""pop""","size_p == ""1""",Yes
2361,1607899197620:d8c67051-7ad7-4225-aa58-cf7fcd857335,1607899197620:39ed4b5b-cb4f-4f4a-9d10-456599e09404,"size == ""1""","isEmpty == ""True""","peek_obj_type == ""class java.lang.String""","push == ""True""","pop == ""False""","clear == ""False""","calledMethod == ""push""","size_p == ""0""",Yes
2362,1607899197620:d8c67051-7ad7-4225-aa58-cf7fcd857335,1607899197620:39ed4b5b-cb4f-4f4a-9d10-456599e09404,"size == ""2""","isEmpty == ""True""","peek_obj_type == ""class java.lang.String""","push == ""True""","pop == ""False""","clear == ""False""","calledMethod == ""push""","size_p == ""1""",Yes
2364,1607899197620:bda4d51f-b090-4fd1-b487-8be8d26baaa7,1607899197620:4e295263-7715-447f-b7b5-08aedcc5cc68,"size == ""1""","isEmpty == ""True""","peek_obj_type == ""class java.lang.String""","push == ""True""","pop == ""False""","clear == ""False""","calledMethod == ""push""","size_p == ""0""",Yes
2365,1607899197620:bda4d51f-b090-4fd1-b487-8be8d26baaa7,1607899197620:4e295263-7715-447f-b7b5-08aedcc5cc68,"size == ""1""","isEmpty == ""True""","peek_obj_type == ""class java.lang.String""","push == ""False""","pop == ""True""","clear == ""False""","calledMethod == ""pop""","size_p == ""1""",Yes
2367,1607899197620:b17e23ac-1a95-4ec2-bb89-3d908e9e97a2,1607899197620:dca78fb5-2654-4a0e-8cd9-ce9eec22d9b6,"size == ""1""","isEmpty == ""True""","peek_obj_type == ""class java.lang.String""","push == ""True""","pop == ""False""","clear == ""False""","calledMethod == ""push""","size_p == ""0""",Yes
2368,1607899197620:b17e23ac-1a95-4ec2-bb89-3d908e9e97a2,1607899197620:dca78fb5-2654-4a0e-8cd9-ce9eec22d9b6,"size == ""1""","isEmpty == ""True""","peek_obj_type == ""class java.lang.String""","push == ""False""","pop == ""True""","clear == ""False""","calledMethod == ""pop""","size_p == ""1""",Yes
2371,1607899197620:b17e23ac-1a95-4ec2-bb89-3d908e9e97a2,1607899197620:975fb5d9-c7d9-4947-97e1-40e444c9a9d5,"size == ""1""","isEmpty == ""True""","peek_obj_type == ""class java.lang.String""","push == ""True""","pop == ""False""","clear == ""False""","calledMethod == ""push""","size_p == ""0""",Yes
2373,1607899197620:9ea4bdda-edeb-4ca1-8c4b-83b559e7d3b4,1607899197620:c6fada71-63de-47e5-9350-c009e3002dc7,"size == ""1""","isEmpty == ""True""","peek_obj_type == ""class java.lang.String""","push == ""True""","pop == ""False""","clear == ""False""","calledMethod == ""push""","size_p == ""0""",Yes
2374,1607899197620:9ea4bdda-edeb-4ca1-8c4b-83b559e7d3b4,1607899197620:c6fada71-63de-47e5-9350-c009e3002dc7,"size == ""1""","isEmpty == ""True""","peek_obj_type == ""class java.lang.String""","push == ""False""","pop == ""True""","clear == ""False""","calledMethod == ""pop""","size_p == ""1""",Yes
2376,1607899197619:b303096d-4854-4806-baba-ca433a6b5b5a,1607899197619:65aed6e8-4d1f-4bf1-b4dd-7c07f364912d,"size == ""1""","isEmpty == ""True""","peek_obj_type == ""class java.lang.String""","push == ""True""","pop == ""False""","clear == ""False""","calledMethod == ""push""","size_p == ""0""",Yes
2377,1607899197619:b303096d-4854-4806-baba-ca433a6b5b5a,1607899197619:65aed6e8-4d1f-4bf1-b4dd-7c07f364912d,"size == ""1""","isEmpty == ""True""","peek_obj_type == ""class java.lang.String""","push == ""False""","pop == ""True""","clear == ""False""","calledMethod == ""pop""","size_p == ""1""",Yes
2379,1607899197619:aedb8e55-1464-43ee-9d09-dfaca0adde89,1607899197619:c075f636-1482-492f-9bb0-f5a05b90c1dc,"size == ""1""","isEmpty == ""True""","peek_obj_type == ""class java.lang.String""","push == ""True""","pop == ""False""","clear == ""False""","calledMethod == ""push""","size_p == ""0""",Yes
2380,1607899197619:aedb8e55-1464-43ee-9d09-dfaca0adde89,1607899197619:c075f636-1482-492f-9bb0-f5a05b90c1dc,"size == ""1""","isEmpty == ""True""","peek_obj_type == ""class java.lang.String""","push == ""False""","pop == ""True""","clear == ""False""","calledMethod == ""pop""","size_p == ""1""",Yes
2382,1607899197619:aedb8e55-1464-43ee-9d09-dfaca0adde89,1607899197619:7015f654-94f9-4f08-bd30-e6172ea3a0ee,"size == ""1""","isEmpty == ""True""","peek_obj_type == ""class java.lang.String""","push == ""True""","pop == ""False""","clear == ""False""","calledMethod == ""push""","size_p == ""0""",Yes
2384,1607899197619:8f4fd718-46e6-4eaa-81d3-419c557b7d81,1607899197619:f4469da4-c961-46cb-aff0-31e2e63f0a6e,"size == ""1""","isEmpty == ""True""","peek_obj_type == ""class java.lang.String""","push == ""True""","pop == ""False""","clear == ""False""","calledMethod == ""push""","size_p == ""0""",Yes
2385,1607899197619:8f4fd718-46e6-4eaa-81d3-419c557b7d81,1607899197619:f4469da4-c961-46cb-aff0-31e2e63f0a6e,"size == ""1""","isEmpty == ""True""","peek_obj_type == ""class java.lang.String""","push == ""False""","pop == ""True""","clear == ""False""","calledMethod == ""pop""","size_p == ""1""",Yes
2387,1607899197619:8f4fd718-46e6-4eaa-81d3-419c557b7d81,1607899197619:37fa99bc-9bff-4149-83e7-954d3783f4d6,"size == ""1""","isEmpty == ""True""","peek_obj_type == ""class java.lang.String""","push == ""True""","pop == ""False""","clear == ""False""","calledMethod == ""push""","size_p == ""0""",Yes
2389,1607899197619:61bae8cf-6da0-4300-9ecd-3981ac897c67,1607899197619:c8a0e0d1-bf99-4be2-b089-1a2326d1b190,"size == ""1""","isEmpty == ""True""","peek_obj_type == ""class java.lang.String""","push == ""True""","pop == ""False""","clear == ""False""","calledMethod == ""push""","size_p == ""0""",Yes
2390,1607899197619:61bae8cf-6da0-4300-9ecd-3981ac897c67,1607899197619:c8a0e0d1-bf99-4be2-b089-1a2326d1b190,"size == ""1""","isEmpty == ""True""","peek_obj_type == ""class java.lang.String""","push == ""False""","pop == ""True""","clear == ""False""","calledMethod == ""pop""","size_p == ""1""",Yes
2393,1607899197618:e5c7cb03-bfeb-4175-b93b-99d92d66e9a6,1607899197618:0b36e08c-cfed-49b8-8417-b86879973e4e,"size == ""1""","isEmpty == ""True""","peek_obj_type == ""class java.lang.String""","push == ""True""","pop == ""False""","clear == ""False""","calledMethod == ""push""","size_p == ""0""",Yes
2394,1607899197618:e5c7cb03-bfeb-4175-b93b-99d92d66e9a6,1607899197618:0b36e08c-cfed-49b8-8417-b86879973e4e,"size == ""1""","isEmpty == ""True""","peek_obj_type == ""class java.lang.String""","push == ""False""","pop == ""True""","clear == ""False""","calledMethod == ""pop""","size_p == ""1""",Yes
2396,1607899197618:35ef2026-41ec-4303-8b1c-415717248b7a,1607899197618:14fb234c-7b0c-4901-8faf-5fb88f8d3766,"size == ""1""","isEmpty == ""True""","peek_obj_type == ""class java.lang.String""","push == ""True""","pop == ""False""","clear == ""False""","calledMethod == ""push""","size_p == ""0""",Yes
2397,1607899197618:35ef2026-41ec-4303-8b1c-415717248b7a,1607899197618:14fb234c-7b0c-4901-8faf-5fb88f8d3766,"size == ""1""","isEmpty == ""True""","peek_obj_type == ""class java.lang.String""","push == ""False""","pop == ""True""","clear == ""False""","calledMethod == ""pop""","size_p == ""1""",Yes
2399,1607899197618:280d1de6-99fa-4c29-abfd-2da3584d1406,1607899197618:c74f8a27-237a-4557-a64f-dc3b413805c4,"size == ""1""","isEmpty == ""True""","peek_obj_type == ""class java.lang.String""","push == ""True""","pop == ""False""","clear == ""False""","calledMethod == ""push""","size_p == ""0""",Yes
2400,1607899197618:280d1de6-99fa-4c29-abfd-2da3584d1406,1607899197618:c74f8a27-237a-4557-a64f-dc3b413805c4,"size == ""1""","isEmpty == ""True""","peek_obj_type == ""class java.lang.String""","push == ""False""","pop == ""True""","clear == ""False""","calledMethod == ""pop""","size_p == ""1""",Yes
2402,1607899197618:280d1de6-99fa-4c29-abfd-2da3584d1406,1607899197618:529ba6b6-2dd4-47f3-aeb0-04ed5dd6e7ec,"size == ""1""","isEmpty == ""True""","peek_obj_type == ""class java.lang.String""","push == ""True""","pop == ""False""","clear == ""False""","calledMethod == ""push""","size_p == ""0""",Yes
2404,1607899197617:d6c9d242-ad54-4ec2-8feb-29a81fadcf95,1607899197617:c56f11da-dcf5-4721-8845-d56b683867e6,"size == ""1""","isEmpty == ""True""","peek_obj_type == ""class java.lang.String""","push == ""True""","pop == ""False""","clear == ""False""","calledMethod == ""push""","size_p == ""0""",Yes
2405,1607899197617:d6c9d242-ad54-4ec2-8feb-29a81fadcf95,1607899197617:c56f11da-dcf5-4721-8845-d56b683867e6,"size == ""1""","isEmpty == ""True""","peek_obj_type == ""class java.lang.String""","push == ""False""","pop == ""True""","clear == ""False""","calledMethod == ""pop""","size_p == ""1""",Yes
2407,1607899197617:d6c9d242-ad54-4ec2-8feb-29a81fadcf95,1607899197617:6cc3819d-a2d0-40ff-9d5f-7ddf8375251e,"size == ""1""","isEmpty == ""True""","peek_obj_type == ""class java.lang.String""","push == ""True""","pop == ""False""","clear == ""False""","calledMethod == ""push""","size_p == ""0""",Yes
2409,1607899197617:ccc9672f-3d8e-4c69-887b-8e94e8f07a90,1607899197618:4324d5ab-27a5-4ea6-b525-6f92c81aa440,"size == ""1""","isEmpty == ""True""","peek_obj_type == ""class java.lang.String""","push == ""True""","pop == ""False""","clear == ""False""","calledMethod == ""push""","size_p == ""0""",Yes
2410,1607899197617:ccc9672f-3d8e-4c69-887b-8e94e8f07a90,1607899197618:4324d5ab-27a5-4ea6-b525-6f92c81aa440,"size == ""1""","isEmpty == ""True""","peek_obj_type == ""class java.lang.String""","push == ""False""","pop == ""True""","clear == ""False""","calledMethod == ""pop""","size_p == ""1""",Yes
2413,1607899197617:ccc9672f-3d8e-4c69-887b-8e94e8f07a90,1607899197617:f608b499-4e31-4aa9-b4f5-5ca638b9dd89,"size == ""1""","isEmpty == ""True""","peek_obj_type == ""class java.lang.String""","push == ""True""","pop == ""False""","clear == ""False""","calledMethod == ""push""","size_p == ""0""",Yes
2414,1607899197617:ccc9672f-3d8e-4c69-887b-8e94e8f07a90,1607899197617:f608b499-4e31-4aa9-b4f5-5ca638b9dd89,"size == ""1""","isEmpty == ""True""","peek_obj_type == ""class java.lang.String""","push == ""False""","pop == ""False""","clear == ""True""","calledMethod == ""clear""","size_p == ""1""",Yes
2415,1607899197617:ccc9672f-3d8e-4c69-887b-8e94e8f07a90,1607899197617:f608b499-4e31-4aa9-b4f5-5ca638b9dd89,"size == ""1""","isEmpty == ""True""","peek_obj_type == ""class java.lang.String""","push == ""False""","pop == ""False""","clear == ""True""","calledMethod == ""clear""","size_p == ""1""",Yes
2416,1607899197617:ccc9672f-3d8e-4c69-887b-8e94e8f07a90,1607899197617:f608b499-4e31-4aa9-b4f5-5ca638b9dd89,"size == ""1""","isEmpty == ""True""","peek_obj_type == ""class java.lang.String""","push == ""False""","pop == ""False""","clear == ""True""","calledMethod == ""clear""","size_p == ""1""",Yes
2418,1607899197617:a6206093-da80-4301-9a2a-e338342f9dff,1607899197617:4d7374fc-34df-4de1-b6d6-e4c29803ae0a,"size == ""1""","isEmpty == ""True""","peek_obj_type == ""class java.lang.String""","push == ""True""","pop == ""False""","clear == ""False""","calledMethod == ""push""","size_p == ""0""",Yes
2419,1607899197617:a6206093-da80-4301-9a2a-e338342f9dff,1607899197617:4d7374fc-34df-4de1-b6d6-e4c29803ae0a,"size == ""1""","isEmpty == ""True""","peek_obj_type == ""class java.lang.String""","push == ""False""","pop == ""True""","clear == ""False""","calledMethod == ""pop""","size_p == ""1""",Yes
2421,1607899197617:a6206093-da80-4301-9a2a-e338342f9dff,1607899197617:2438f9c8-571b-4ff7-b648-1bd527f45f33,"size == ""1""","isEmpty == ""True""","peek_obj_type == ""class java.lang.String""","push == ""True""","pop == ""False""","clear == ""False""","calledMethod == ""push""","size_p == ""0""",Yes
2422,1607899197617:a6206093-da80-4301-9a2a-e338342f9dff,1607899197617:2438f9c8-571b-4ff7-b648-1bd527f45f33,"size == ""2""","isEmpty == ""True""","peek_obj_type == ""class java.lang.String""","push == ""True""","pop == ""False""","clear == ""False""","calledMethod == ""push""","size_p == ""1""",Yes
2424,1607899197617:6616bc23-993b-4bd1-b707-21915e3d8105,1607899197617:e705e192-b024-43c3-8aca-b2dac214f8e9,"size == ""1""","isEmpty == ""True""","peek_obj_type == ""class java.lang.String""","push == ""True""","pop == ""False""","clear == ""False""","calledMethod == ""push""","size_p == ""0""",Yes
2425,1607899197617:6616bc23-993b-4bd1-b707-21915e3d8105,1607899197617:e705e192-b024-43c3-8aca-b2dac214f8e9,"size == ""1""","isEmpty == ""True""","peek_obj_type == ""class java.lang.String""","push == ""False""","pop == ""True""","clear == ""False""","calledMethod == ""pop""","size_p == ""1""",Yes
2427,1607899197617:2d091b8e-2e14-4a12-ae22-5902c67fb6ae,1607899197617:c6273bc9-0918-42e7-80af-0a6d73ad1569,"size == ""1""","isEmpty == ""True""","peek_obj_type == ""class java.lang.String""","push == ""True""","pop == ""False""","clear == ""False""","calledMethod == ""push""","size_p == ""0""",Yes
2428,1607899197617:2d091b8e-2e14-4a12-ae22-5902c67fb6ae,1607899197617:c6273bc9-0918-42e7-80af-0a6d73ad1569,"size == ""1""","isEmpty == ""True""","peek_obj_type == ""class java.lang.String""","push == ""False""","pop == ""True""","clear == ""False""","calledMethod == ""pop""","size_p == ""1""",Yes
2430,1607899197616:c4af697b-d771-4d28-b648-f27d674a37c6,1607899197616:233e38dd-7130-4cf7-8c4a-f807d7244829,"size == ""1""","isEmpty == ""True""","peek_obj_type == ""class java.lang.String""","push == ""True""","pop == ""False""","clear == ""False""","calledMethod == ""push""","size_p == ""0""",Yes
2431,1607899197616:c4af697b-d771-4d28-b648-f27d674a37c6,1607899197616:233e38dd-7130-4cf7-8c4a-f807d7244829,"size == ""1""","isEmpty == ""True""","peek_obj_type == ""class java.lang.String""","push == ""False""","pop == ""True""","clear == ""False""","calledMethod == ""pop""","size_p == ""1""",Yes
2433,1607899197616:c4af697b-d771-4d28-b648-f27d674a37c6,1607899197616:0cfbd9d6-755d-4d1d-b5cc-8e555b0fc577,"size == ""1""","isEmpty == ""True""","peek_obj_type == ""class java.lang.String""","push == ""True""","pop == ""False""","clear == ""False""","calledMethod == ""push""","size_p == ""0""",Yes
2435,1607899197616:a60c6f7d-655b-4dfa-ace5-06a0dd8b7ffd,1607899197616:58c627ed-6699-4a8b-a017-a87c38c64a68,"size == ""1""","isEmpty == ""True""","peek_obj_type == ""class java.lang.String""","push == ""True""","pop == ""False""","clear == ""False""","calledMethod == ""push""","size_p == ""0""",Yes
2436,1607899197616:a60c6f7d-655b-4dfa-ace5-06a0dd8b7ffd,1607899197616:58c627ed-6699-4a8b-a017-a87c38c64a68,"size == ""1""","isEmpty == ""True""","peek_obj_type == ""class java.lang.String""","push == ""False""","pop == ""True""","clear == ""False""","calledMethod == ""pop""","size_p == ""1""",Yes
2438,1607899197616:a48b1835-f870-4b20-8d07-4c3eb1e514b5,1607899197616:777befb8-f4b7-4e38-968b-a02f2f5b8a0a,"size == ""1""","isEmpty == ""True""","peek_obj_type == ""class java.lang.String""","push == ""True""","pop == ""False""","clear == ""False""","calledMethod == ""push""","size_p == ""0""",Yes
2439,1607899197616:a48b1835-f870-4b20-8d07-4c3eb1e514b5,1607899197616:777befb8-f4b7-4e38-968b-a02f2f5b8a0a,"size == ""2""","isEmpty == ""True""","peek_obj_type == ""class java.lang.String""","push == ""True""","pop == ""False""","clear == ""False""","calledMethod == ""push""","size_p == ""1""",Yes
2440,1607899197616:a48b1835-f870-4b20-8d07-4c3eb1e514b5,1607899197616:777befb8-f4b7-4e38-968b-a02f2f5b8a0a,"size == ""2""","isEmpty == ""True""","peek_obj_type == ""class java.lang.String""","push == ""False""","pop == ""False""","clear == ""True""","calledMethod == ""clear""","size_p == ""2""",Yes
2441,1607899197616:a48b1835-f870-4b20-8d07-4c3eb1e514b5,1607899197616:777befb8-f4b7-4e38-968b-a02f2f5b8a0a,"size == ""2""","isEmpty == ""True""","peek_obj_type == ""class java.lang.String""","push == ""False""","pop == ""False""","clear == ""True""","calledMethod == ""clear""","size_p == ""2""",Yes
2443,1607899197616:a48b1835-f870-4b20-8d07-4c3eb1e514b5,1607899197616:6fe81b7d-199c-4548-ab5b-053b609bd0bc,"size == ""1""","isEmpty == ""True""","peek_obj_type == ""class java.lang.String""","push == ""True""","pop == ""False""","clear == ""False""","calledMethod == ""push""","size_p == ""0""",Yes
2444,1607899197616:a48b1835-f870-4b20-8d07-4c3eb1e514b5,1607899197616:6fe81b7d-199c-4548-ab5b-053b609bd0bc,"size == ""1""","isEmpty == ""True""","peek_obj_type == ""class java.lang.String""","push == ""False""","pop == ""True""","clear == ""False""","calledMethod == ""pop""","size_p == ""1""",Yes
2446,1607899197616:0cbbb986-9f3d-4312-9e66-84801121bdc2,1607899197616:29dddee5-aaa8-4dbd-b7e1-d8c44f0a7160,"size == ""1""","isEmpty == ""True""","peek_obj_type == ""class java.lang.String""","push == ""True""","pop == ""False""","clear == ""False""","calledMethod == ""push""","size_p == ""0""",Yes
2447,1607899197616:0cbbb986-9f3d-4312-9e66-84801121bdc2,1607899197616:29dddee5-aaa8-4dbd-b7e1-d8c44f0a7160,"size == ""1""","isEmpty == ""True""","peek_obj_type == ""class java.lang.String""","push == ""False""","pop == ""True""","clear == ""False""","calledMethod == ""pop""","size_p == ""1""",Yes
2449,1607899197615:fe2687ee-916d-46a7-9169-f86b67faf463,1607899197615:b0c382b3-c1e0-4a95-8451-b505a4f1ae43,"size == ""1""","isEmpty == ""True""","peek_obj_type == ""class java.lang.String""","push == ""True""","pop == ""False""","clear == ""False""","calledMethod == ""push""","size_p == ""0""",Yes
2450,1607899197615:fe2687ee-916d-46a7-9169-f86b67faf463,1607899197615:b0c382b3-c1e0-4a95-8451-b505a4f1ae43,"size == ""1""","isEmpty == ""True""","peek_obj_type == ""class java.lang.String""","push == ""False""","pop == ""True""","clear == ""False""","calledMethod == ""pop""","size_p == ""1""",Yes
2452,1607899197615:fe2687ee-916d-46a7-9169-f86b67faf463,1607899197615:436d5d97-a99c-47b3-acb9-10d1244cbc1a,"size == ""1""","isEmpty == ""True""","peek_obj_type == ""class java.lang.String""","push == ""True""","pop == ""False""","clear == ""False""","calledMethod == ""push""","size_p == ""0""",Yes
2453,1607899197615:fe2687ee-916d-46a7-9169-f86b67faf463,1607899197615:436d5d97-a99c-47b3-acb9-10d1244cbc1a,"size == ""2""","isEmpty == ""True""","peek_obj_type == ""class java.lang.String""","push == ""True""","pop == ""False""","clear == ""False""","calledMethod == ""push""","size_p == ""1""",Yes
2454,1607899197615:fe2687ee-916d-46a7-9169-f86b67faf463,1607899197615:436d5d97-a99c-47b3-acb9-10d1244cbc1a,"size == ""3""","isEmpty == ""True""","peek_obj_type == ""class java.lang.String""","push == ""True""","pop == ""False""","clear == ""False""","calledMethod == ""push""","size_p == ""2""",Yes
2456,1607899197615:bc6811ff-36c4-457b-bad3-f3f5b73f7a06,1607899197615:ff2c3f46-f58c-4790-ad9a-8b4cb707549e,"size == ""1""","isEmpty == ""True""","peek_obj_type == ""class java.lang.String""","push == ""True""","pop == ""False""","clear == ""False""","calledMethod == ""push""","size_p == ""0""",Yes
2457,1607899197615:bc6811ff-36c4-457b-bad3-f3f5b73f7a06,1607899197615:ff2c3f46-f58c-4790-ad9a-8b4cb707549e,"size == ""2""","isEmpty == ""True""","peek_obj_type == ""class java.lang.String""","push == ""True""","pop == ""False""","clear == ""False""","calledMethod == ""push""","size_p == ""1""",Yes
2459,1607899197615:bc6811ff-36c4-457b-bad3-f3f5b73f7a06,1607899197615:d5789584-2902-421f-9afc-cabd85651e5f,"size == ""1""","isEmpty == ""True""","peek_obj_type == ""class java.lang.String""","push == ""True""","pop == ""False""","clear == ""False""","calledMethod == ""push""","size_p == ""0""",Yes
2460,1607899197615:bc6811ff-36c4-457b-bad3-f3f5b73f7a06,1607899197615:d5789584-2902-421f-9afc-cabd85651e5f,"size == ""1""","isEmpty == ""True""","peek_obj_type == ""class java.lang.String""","push == ""False""","pop == ""True""","clear == ""False""","calledMethod == ""pop""","size_p == ""1""",Yes
2462,1607899197615:2bc8b5a3-321e-4ff3-ac34-374e550e2d42,1607899197615:433405a1-c35c-4b8e-926b-8f11e83a7f67,"size == ""1""","isEmpty == ""True""","peek_obj_type == ""class java.lang.String""","push == ""True""","pop == ""False""","clear == ""False""","calledMethod == ""push""","size_p == ""0""",Yes
2463,1607899197615:2bc8b5a3-321e-4ff3-ac34-374e550e2d42,1607899197615:433405a1-c35c-4b8e-926b-8f11e83a7f67,"size == ""1""","isEmpty == ""True""","peek_obj_type == ""class java.lang.String""","push == ""False""","pop == ""True""","clear == ""False""","calledMethod == ""pop""","size_p == ""1""",Yes
2465,1607899197614:d30aba31-eec3-4b0d-aa8d-c057d32899d6,1607899197614:0d794ca3-78dc-4b5c-966a-3b6ec4d2b412,"size == ""1""","isEmpty == ""True""","peek_obj_type == ""class java.lang.String""","push == ""True""","pop == ""False""","clear == ""False""","calledMethod == ""push""","size_p == ""0""",Yes
2466,1607899197614:d30aba31-eec3-4b0d-aa8d-c057d32899d6,1607899197614:0d794ca3-78dc-4b5c-966a-3b6ec4d2b412,"size == ""1""","isEmpty == ""True""","peek_obj_type == ""class java.lang.String""","push == ""False""","pop == ""True""","clear == ""False""","calledMethod == ""pop""","size_p == ""1""",Yes
2468,1607899197614:a0177448-c46b-451f-b00b-bc21d08442a2,1607899197614:713e93be-d005-48bf-aa3c-6a91d5a0f91f,"size == ""1""","isEmpty == ""True""","peek_obj_type == ""class java.lang.String""","push == ""True""","pop == ""False""","clear == ""False""","calledMethod == ""push""","size_p == ""0""",Yes
2469,1607899197614:a0177448-c46b-451f-b00b-bc21d08442a2,1607899197614:713e93be-d005-48bf-aa3c-6a91d5a0f91f,"size == ""1""","isEmpty == ""True""","peek_obj_type == ""class java.lang.String""","push == ""False""","pop == ""True""","clear == ""False""","calledMethod == ""pop""","size_p == ""1""",Yes
2472,1607899197614:a0177448-c46b-451f-b00b-bc21d08442a2,1607899197614:3c1d4f0a-43a8-4efb-86b3-740b641161af,"size == ""1""","isEmpty == ""True""","peek_obj_type == ""class java.lang.String""","push == ""True""","pop == ""False""","clear == ""False""","calledMethod == ""push""","size_p == ""0""",Yes
2474,1607899197614:6ba92179-1edc-426e-b860-402396f6a1b6,1607899197614:67202f65-48e0-470d-941a-f6625c953af5,"size == ""1""","isEmpty == ""True""","peek_obj_type == ""class java.lang.String""","push == ""True""","pop == ""False""","clear == ""False""","calledMethod == ""push""","size_p == ""0""",Yes
2475,1607899197614:6ba92179-1edc-426e-b860-402396f6a1b6,1607899197614:67202f65-48e0-470d-941a-f6625c953af5,"size == ""1""","isEmpty == ""True""","peek_obj_type == ""class java.lang.String""","push == ""False""","pop == ""True""","clear == ""False""","calledMethod == ""pop""","size_p == ""1""",Yes
2477,1607899197614:4c472f02-3cc4-4f49-911a-d786a6a8d717,1607899197614:c4122d32-e6b0-4f00-85fb-c4d049d7800c,"size == ""1""","isEmpty == ""True""","peek_obj_type == ""class java.lang.String""","push == ""True""","pop == ""False""","clear == ""False""","calledMethod == ""push""","size_p == ""0""",Yes
2478,1607899197614:4c472f02-3cc4-4f49-911a-d786a6a8d717,1607899197614:c4122d32-e6b0-4f00-85fb-c4d049d7800c,"size == ""1""","isEmpty == ""True""","peek_obj_type == ""class java.lang.String""","push == ""False""","pop == ""True""","clear == ""False""","calledMethod == ""pop""","size_p == ""1""",Yes
2480,1607899197614:00734c74-722b-4c4e-a45d-b5785062a5fa,1607899197614:fae30ca8-e1d3-49d9-9b20-1dd5bcffef19,"size == ""1""","isEmpty == ""True""","peek_obj_type == ""class java.lang.String""","push == ""True""","pop == ""False""","clear == ""False""","calledMethod == ""push""","size_p == ""0""",Yes
2481,1607899197614:00734c74-722b-4c4e-a45d-b5785062a5fa,1607899197614:fae30ca8-e1d3-49d9-9b20-1dd5bcffef19,"size == ""1""","isEmpty == ""True""","peek_obj_type == ""class java.lang.String""","push == ""False""","pop == ""True""","clear == ""False""","calledMethod == ""pop""","size_p == ""1""",Yes
2483,1607899197613:fae06d35-6658-44a5-bc6b-bf7374d4ff26,1607899197613:fe3f299f-368c-4526-908c-5657d7db5a3e,"size == ""1""","isEmpty == ""True""","peek_obj_type == ""class java.lang.String""","push == ""True""","pop == ""False""","clear == ""False""","calledMethod == ""push""","size_p == ""0""",Yes
2484,1607899197613:fae06d35-6658-44a5-bc6b-bf7374d4ff26,1607899197613:fe3f299f-368c-4526-908c-5657d7db5a3e,"size == ""1""","isEmpty == ""True""","peek_obj_type == ""class java.lang.String""","push == ""False""","pop == ""True""","clear == ""False""","calledMethod == ""pop""","size_p == ""1""",Yes
2487,1607899197613:b5dba85c-c8a0-44a1-8b57-ece2946b8d8a,1607899197613:fdf12359-a22a-4828-853a-e283a7e9ad79,"size == ""1""","isEmpty == ""True""","peek_obj_type == ""class java.lang.String""","push == ""True""","pop == ""False""","clear == ""False""","calledMethod == ""push""","size_p == ""0""",Yes
2488,1607899197613:b5dba85c-c8a0-44a1-8b57-ece2946b8d8a,1607899197613:fdf12359-a22a-4828-853a-e283a7e9ad79,"size == ""1""","isEmpty == ""True""","peek_obj_type == ""class java.lang.String""","push == ""False""","pop == ""False""","clear == ""True""","calledMethod == ""clear""","size_p == ""1""",Yes
2489,1607899197613:b5dba85c-c8a0-44a1-8b57-ece2946b8d8a,1607899197613:fdf12359-a22a-4828-853a-e283a7e9ad79,"size == ""1""","isEmpty == ""True""","peek_obj_type == ""class java.lang.String""","push == ""False""","pop == ""False""","clear == ""True""","calledMethod == ""clear""","size_p == ""1""",Yes
2490,1607899197613:b5dba85c-c8a0-44a1-8b57-ece2946b8d8a,1607899197613:fdf12359-a22a-4828-853a-e283a7e9ad79,"size == ""1""","isEmpty == ""True""","peek_obj_type == ""class java.lang.String""","push == ""False""","pop == ""False""","clear == ""True""","calledMethod == ""clear""","size_p == ""1""",Yes
2492,1607899197613:b5dba85c-c8a0-44a1-8b57-ece2946b8d8a,1607899197613:cf3f9ba0-c5ee-4da0-a650-4264330f1884,"size == ""1""","isEmpty == ""True""","peek_obj_type == ""class java.lang.String""","push == ""True""","pop == ""False""","clear == ""False""","calledMethod == ""push""","size_p == ""0""",Yes
2493,1607899197613:b5dba85c-c8a0-44a1-8b57-ece2946b8d8a,1607899197613:cf3f9ba0-c5ee-4da0-a650-4264330f1884,"size == ""1""","isEmpty == ""True""","peek_obj_type == ""class java.lang.String""","push == ""False""","pop == ""True""","clear == ""False""","calledMethod == ""pop""","size_p == ""1""",Yes
2496,1607899197613:b5dba85c-c8a0-44a1-8b57-ece2946b8d8a,1607899197613:73745ea5-d833-4dc2-9102-98b70a7cf1f8,"size == ""1""","isEmpty == ""True""","peek_obj_type == ""class java.lang.String""","push == ""True""","pop == ""False""","clear == ""False""","calledMethod == ""push""","size_p == ""0""",Yes
2497,1607899197613:b5dba85c-c8a0-44a1-8b57-ece2946b8d8a,1607899197613:73745ea5-d833-4dc2-9102-98b70a7cf1f8,"size == ""1""","isEmpty == ""True""","peek_obj_type == ""class java.lang.String""","push == ""False""","pop == ""False""","clear == ""True""","calledMethod == ""clear""","size_p == ""1""",Yes
2499,1607899197613:a4409eae-05c8-48f9-8c6e-114f0226a38a,1607899197613:978e9c29-930b-4b0a-945b-14b86f72b3b0,"size == ""1""","isEmpty == ""True""","peek_obj_type == ""class java.lang.String""","push == ""True""","pop == ""False""","clear == ""False""","calledMethod == ""push""","size_p == ""0""",Yes
2500,1607899197613:a4409eae-05c8-48f9-8c6e-114f0226a38a,1607899197613:978e9c29-930b-4b0a-945b-14b86f72b3b0,"size == ""1""","isEmpty == ""True""","peek_obj_type == ""class java.lang.String""","push == ""False""","pop == ""True""","clear == ""False""","calledMethod == ""pop""","size_p == ""1""",Yes
2502,1607899197613:a4409eae-05c8-48f9-8c6e-114f0226a38a,1607899197613:6b5e6d9b-b753-4883-a8f3-c34cc104f785,"size == ""1""","isEmpty == ""True""","peek_obj_type == ""class java.lang.String""","push == ""True""","pop == ""False""","clear == ""False""","calledMethod == ""push""","size_p == ""0""",Yes
2505,1607899197612:f8abdf1a-c5c5-4b21-bcf9-50db019d8ff6,1607899197612:9fc3a510-6277-4d4a-8fd6-023ec37b0540,"size == ""1""","isEmpty == ""True""","peek_obj_type == ""class java.lang.String""","push == ""True""","pop == ""False""","clear == ""False""","calledMethod == ""push""","size_p == ""0""",Yes
2506,1607899197612:f8abdf1a-c5c5-4b21-bcf9-50db019d8ff6,1607899197612:9fc3a510-6277-4d4a-8fd6-023ec37b0540,"size == ""1""","isEmpty == ""True""","peek_obj_type == ""class java.lang.String""","push == ""False""","pop == ""True""","clear == ""False""","calledMethod == ""pop""","size_p == ""1""",Yes
2508,1607899197612:d00140ec-8071-415b-abd4-795f90986ee1,1607899197612:c20d59a3-bfc5-4eb9-a461-9f248e009f11,"size == ""1""","isEmpty == ""True""","peek_obj_type == ""class java.lang.String""","push == ""True""","pop == ""False""","clear == ""False""","calledMethod == ""push""","size_p == ""0""",Yes
2510,1607899197612:d00140ec-8071-415b-abd4-795f90986ee1,1607899197612:17357109-bca0-4c21-bb99-12f8bdbdba37,"size == ""1""","isEmpty == ""True""","peek_obj_type == ""class java.lang.String""","push == ""True""","pop == ""False""","clear == ""False""","calledMethod == ""push""","size_p == ""0""",Yes
2511,1607899197612:d00140ec-8071-415b-abd4-795f90986ee1,1607899197612:17357109-bca0-4c21-bb99-12f8bdbdba37,"size == ""1""","isEmpty == ""True""","peek_obj_type == ""class java.lang.String""","push == ""False""","pop == ""True""","clear == ""False""","calledMethod == ""pop""","size_p == ""1""",Yes
2513,1607899197612:55bc5db8-bad0-4350-8dd1-604b0a6b078a,1607899197612:38843414-429f-41c8-a21e-0774e64c6316,"size == ""1""","isEmpty == ""True""","peek_obj_type == ""class java.lang.String""","push == ""True""","pop == ""False""","clear == ""False""","calledMethod == ""push""","size_p == ""0""",Yes
2514,1607899197612:55bc5db8-bad0-4350-8dd1-604b0a6b078a,1607899197612:38843414-429f-41c8-a21e-0774e64c6316,"size == ""1""","isEmpty == ""True""","peek_obj_type == ""class java.lang.String""","push == ""False""","pop == ""True""","clear == ""False""","calledMethod == ""pop""","size_p == ""1""",Yes
2517,1607899197611:f0d7b7db-09b9-4970-95dc-e4c3c7423e50,1607899197612:f9e5c6ed-961e-4d5a-8ff9-7b4aac3049be,"size == ""1""","isEmpty == ""True""","peek_obj_type == ""class java.lang.String""","push == ""True""","pop == ""False""","clear == ""False""","calledMethod == ""push""","size_p == ""0""",Yes
2518,1607899197611:f0d7b7db-09b9-4970-95dc-e4c3c7423e50,1607899197612:f9e5c6ed-961e-4d5a-8ff9-7b4aac3049be,"size == ""1""","isEmpty == ""True""","peek_obj_type == ""class java.lang.String""","push == ""False""","pop == ""False""","clear == ""True""","calledMethod == ""clear""","size_p == ""1""",Yes
2519,1607899197611:f0d7b7db-09b9-4970-95dc-e4c3c7423e50,1607899197612:f9e5c6ed-961e-4d5a-8ff9-7b4aac3049be,"size == ""1""","isEmpty == ""True""","peek_obj_type == ""class java.lang.String""","push == ""False""","pop == ""False""","clear == ""True""","calledMethod == ""clear""","size_p == ""1""",Yes
2520,1607899197611:f0d7b7db-09b9-4970-95dc-e4c3c7423e50,1607899197612:f9e5c6ed-961e-4d5a-8ff9-7b4aac3049be,"size == ""1""","isEmpty == ""True""","peek_obj_type == ""class java.lang.String""","push == ""False""","pop == ""False""","clear == ""True""","calledMethod == ""clear""","size_p == ""1""",Yes
2522,1607899197611:f0d7b7db-09b9-4970-95dc-e4c3c7423e50,1607899197612:3aeec656-dc77-4880-94ea-1e25783c3e81,"size == ""1""","isEmpty == ""True""","peek_obj_type == ""class java.lang.String""","push == ""True""","pop == ""False""","clear == ""False""","calledMethod == ""push""","size_p == ""0""",Yes
2523,1607899197611:f0d7b7db-09b9-4970-95dc-e4c3c7423e50,1607899197612:3aeec656-dc77-4880-94ea-1e25783c3e81,"size == ""1""","isEmpty == ""True""","peek_obj_type == ""class java.lang.String""","push == ""False""","pop == ""True""","clear == ""False""","calledMethod == ""pop""","size_p == ""1""",Yes
2525,1607899197611:eb10fcc6-ab87-48cb-97ee-61bd93efcd22,1607899197611:87d8c137-9ba8-4e04-9c9f-0b311811c96f,"size == ""1""","isEmpty == ""True""","peek_obj_type == ""class java.lang.String""","push == ""True""","pop == ""False""","clear == ""False""","calledMethod == ""push""","size_p == ""0""",Yes
2526,1607899197611:eb10fcc6-ab87-48cb-97ee-61bd93efcd22,1607899197611:87d8c137-9ba8-4e04-9c9f-0b311811c96f,"size == ""1""","isEmpty == ""True""","peek_obj_type == ""class java.lang.String""","push == ""False""","pop == ""True""","clear == ""False""","calledMethod == ""pop""","size_p == ""1""",Yes
2528,1607899197611:d9a72619-2003-4faa-9fa5-d131d10e7350,1607899197611:989fa097-468f-4c5f-9529-84a4d7766935,"size == ""1""","isEmpty == ""True""","peek_obj_type == ""class java.lang.String""","push == ""True""","pop == ""False""","clear == ""False""","calledMethod == ""push""","size_p == ""0""",Yes
2529,1607899197611:d9a72619-2003-4faa-9fa5-d131d10e7350,1607899197611:989fa097-468f-4c5f-9529-84a4d7766935,"size == ""1""","isEmpty == ""True""","peek_obj_type == ""class java.lang.String""","push == ""False""","pop == ""True""","clear == ""False""","calledMethod == ""pop""","size_p == ""1""",Yes
2531,1607899197611:bc8f853f-fa62-450d-83c9-9713d2f8285d,1607899197611:7ffe0123-e916-4e2f-95c8-74470d50efe7,"size == ""1""","isEmpty == ""True""","peek_obj_type == ""class java.lang.String""","push == ""True""","pop == ""False""","clear == ""False""","calledMethod == ""push""","size_p == ""0""",Yes
2532,1607899197611:bc8f853f-fa62-450d-83c9-9713d2f8285d,1607899197611:7ffe0123-e916-4e2f-95c8-74470d50efe7,"size == ""1""","isEmpty == ""True""","peek_obj_type == ""class java.lang.String""","push == ""False""","pop == ""True""","clear == ""False""","calledMethod == ""pop""","size_p == ""1""",Yes
2534,1607899197611:28c58942-3cd4-47fc-953f-ad04967b898f,1607899197611:531a8fcd-de90-4785-8e4d-ef2c4ba72047,"size == ""1""","isEmpty == ""True""","peek_obj_type == ""class java.lang.String""","push == ""True""","pop == ""False""","clear == ""False""","calledMethod == ""push""","size_p == ""0""",Yes
2535,1607899197611:28c58942-3cd4-47fc-953f-ad04967b898f,1607899197611:531a8fcd-de90-4785-8e4d-ef2c4ba72047,"size == ""1""","isEmpty == ""True""","peek_obj_type == ""class java.lang.String""","push == ""False""","pop == ""True""","clear == ""False""","calledMethod == ""pop""","size_p == ""1""",Yes
2538,1607899197610:edf823e3-7631-472a-ae40-37f4e5644ea9,1607899197610:54ee8e8e-c71b-4c1c-a5e7-f8359836eab0,"size == ""1""","isEmpty == ""True""","peek_obj_type == ""class java.lang.String""","push == ""True""","pop == ""False""","clear == ""False""","calledMethod == ""push""","size_p == ""0""",Yes
2539,1607899197610:edf823e3-7631-472a-ae40-37f4e5644ea9,1607899197610:54ee8e8e-c71b-4c1c-a5e7-f8359836eab0,"size == ""1""","isEmpty == ""True""","peek_obj_type == ""class java.lang.String""","push == ""False""","pop == ""True""","clear == ""False""","calledMethod == ""pop""","size_p == ""1""",Yes
2541,1607899197610:df36bc5b-7289-44e0-ade1-8ebb43e18862,1607899197611:88ca0485-e5b7-4b93-9c05-9b4e4b835412,"size == ""1""","isEmpty == ""True""","peek_obj_type == ""class java.lang.String""","push == ""True""","pop == ""False""","clear == ""False""","calledMethod == ""push""","size_p == ""0""",Yes
2542,1607899197610:df36bc5b-7289-44e0-ade1-8ebb43e18862,1607899197611:88ca0485-e5b7-4b93-9c05-9b4e4b835412,"size == ""1""","isEmpty == ""True""","peek_obj_type == ""class java.lang.String""","push == ""False""","pop == ""True""","clear == ""False""","calledMethod == ""pop""","size_p == ""1""",Yes
2544,1607899197610:df36bc5b-7289-44e0-ade1-8ebb43e18862,1607899197610:61b1a7ec-54c1-42d5-b282-e9a13b9cb60a,"size == ""1""","isEmpty == ""True""","peek_obj_type == ""class java.lang.String""","push == ""True""","pop == ""False""","clear == ""False""","calledMethod == ""push""","size_p == ""0""",Yes
2545,1607899197610:df36bc5b-7289-44e0-ade1-8ebb43e18862,1607899197610:61b1a7ec-54c1-42d5-b282-e9a13b9cb60a,"size == ""2""","isEmpty == ""True""","peek_obj_type == ""class java.lang.String""","push == ""True""","pop == ""False""","clear == ""False""","calledMethod == ""push""","size_p == ""1""",Yes
2546,1607899197610:df36bc5b-7289-44e0-ade1-8ebb43e18862,1607899197610:61b1a7ec-54c1-42d5-b282-e9a13b9cb60a,"size == ""3""","isEmpty == ""True""","peek_obj_type == ""class java.lang.String""","push == ""True""","pop == ""False""","clear == ""False""","calledMethod == ""push""","size_p == ""2""",Yes
2548,1607899197610:5c6ddca7-7414-49df-9a2d-ddd470ffe2ec,1607899197610:2a93caf7-0fdd-4380-926c-a4fdf3a3ac9c,"size == ""1""","isEmpty == ""True""","peek_obj_type == ""class java.lang.String""","push == ""True""","pop == ""False""","clear == ""False""","calledMethod == ""push""","size_p == ""0""",Yes
2549,1607899197610:5c6ddca7-7414-49df-9a2d-ddd470ffe2ec,1607899197610:2a93caf7-0fdd-4380-926c-a4fdf3a3ac9c,"size == ""1""","isEmpty == ""True""","peek_obj_type == ""class java.lang.String""","push == ""False""","pop == ""True""","clear == ""False""","calledMethod == ""pop""","size_p == ""1""",Yes
2551,1607899197610:297dac8f-73f9-4d23-9b6a-f998d9176685,1607899197610:e90f199d-5227-4685-b054-455d696898bc,"size == ""1""","isEmpty == ""True""","peek_obj_type == ""class java.lang.String""","push == ""True""","pop == ""False""","clear == ""False""","calledMethod == ""push""","size_p == ""0""",Yes
2552,1607899197610:297dac8f-73f9-4d23-9b6a-f998d9176685,1607899197610:e90f199d-5227-4685-b054-455d696898bc,"size == ""1""","isEmpty == ""True""","peek_obj_type == ""class java.lang.String""","push == ""False""","pop == ""True""","clear == ""False""","calledMethod == ""pop""","size_p == ""1""",Yes
2555,1607899197610:297dac8f-73f9-4d23-9b6a-f998d9176685,1607899197610:e75e670f-6eb3-49a5-9876-fe79bdebd2a5,"size == ""1""","isEmpty == ""True""","peek_obj_type == ""class java.lang.String""","push == ""True""","pop == ""False""","clear == ""False""","calledMethod == ""push""","size_p == ""0""",Yes
2556,1607899197610:297dac8f-73f9-4d23-9b6a-f998d9176685,1607899197610:e75e670f-6eb3-49a5-9876-fe79bdebd2a5,"size == ""1""","isEmpty == ""True""","peek_obj_type == ""class java.lang.String""","push == ""False""","pop == ""False""","clear == ""True""","calledMethod == ""clear""","size_p == ""1""",Yes
2557,1607899197610:297dac8f-73f9-4d23-9b6a-f998d9176685,1607899197610:e75e670f-6eb3-49a5-9876-fe79bdebd2a5,"size == ""1""","isEmpty == ""True""","peek_obj_type == ""class java.lang.String""","push == ""False""","pop == ""False""","clear == ""True""","calledMethod == ""clear""","size_p == ""1""",Yes
2558,1607899197610:297dac8f-73f9-4d23-9b6a-f998d9176685,1607899197610:e75e670f-6eb3-49a5-9876-fe79bdebd2a5,"size == ""1""","isEmpty == ""True""","peek_obj_type == ""class java.lang.String""","push == ""False""","pop == ""False""","clear == ""True""","calledMethod == ""clear""","size_p == ""1""",Yes
2561,1607899197609:c587910d-6cc4-411d-a36f-a5a2cc100e33,1607899197609:bee9d62c-9cef-402f-b31f-8ed5817ea200,"size == ""1""","isEmpty == ""True""","peek_obj_type == ""class java.lang.String""","push == ""True""","pop == ""False""","clear == ""False""","calledMethod == ""push""","size_p == ""0""",Yes
2562,1607899197609:c587910d-6cc4-411d-a36f-a5a2cc100e33,1607899197609:bee9d62c-9cef-402f-b31f-8ed5817ea200,"size == ""1""","isEmpty == ""True""","peek_obj_type == ""class java.lang.String""","push == ""False""","pop == ""True""","clear == ""False""","calledMethod == ""pop""","size_p == ""1""",Yes
2564,1607899197609:ac1d0316-8558-47b0-b5ff-e227a998beb5,1607899197609:a00ebcca-c40d-4cce-a084-4fc25d453b4c,"size == ""1""","isEmpty == ""True""","peek_obj_type == ""class java.lang.String""","push == ""True""","pop == ""False""","clear == ""False""","calledMethod == ""push""","size_p == ""0""",Yes
2565,1607899197609:ac1d0316-8558-47b0-b5ff-e227a998beb5,1607899197609:a00ebcca-c40d-4cce-a084-4fc25d453b4c,"size == ""1""","isEmpty == ""True""","peek_obj_type == ""class java.lang.String""","push == ""False""","pop == ""True""","clear == ""False""","calledMethod == ""pop""","size_p == ""1""",Yes
2568,1607899197609:ac1d0316-8558-47b0-b5ff-e227a998beb5,1607899197609:142b4dc6-e4c1-4c94-ae61-93010e291087,"size == ""1""","isEmpty == ""True""","peek_obj_type == ""class java.lang.String""","push == ""True""","pop == ""False""","clear == ""False""","calledMethod == ""push""","size_p == ""0""",Yes
2569,1607899197609:ac1d0316-8558-47b0-b5ff-e227a998beb5,1607899197609:142b4dc6-e4c1-4c94-ae61-93010e291087,"size == ""1""","isEmpty == ""True""","peek_obj_type == ""class java.lang.String""","push == ""False""","pop == ""False""","clear == ""True""","calledMethod == ""clear""","size_p == ""1""",Yes
2570,1607899197609:ac1d0316-8558-47b0-b5ff-e227a998beb5,1607899197609:142b4dc6-e4c1-4c94-ae61-93010e291087,"size == ""1""","isEmpty == ""True""","peek_obj_type == ""class java.lang.String""","push == ""False""","pop == ""False""","clear == ""True""","calledMethod == ""clear""","size_p == ""1""",Yes
2571,1607899197609:ac1d0316-8558-47b0-b5ff-e227a998beb5,1607899197609:142b4dc6-e4c1-4c94-ae61-93010e291087,"size == ""1""","isEmpty == ""True""","peek_obj_type == ""class java.lang.String""","push == ""False""","pop == ""False""","clear == ""True""","calledMethod == ""clear""","size_p == ""1""",Yes
2573,1607899197609:3db904bb-0d95-4bff-936e-f1e99632a875,1607899197609:ea29cb6f-9038-4bed-96fb-1d9b867ba37b,"size == ""1""","isEmpty == ""True""","peek_obj_type == ""class java.lang.String""","push == ""True""","pop == ""False""","clear == ""False""","calledMethod == ""push""","size_p == ""0""",Yes
2574,1607899197609:3db904bb-0d95-4bff-936e-f1e99632a875,1607899197609:ea29cb6f-9038-4bed-96fb-1d9b867ba37b,"size == ""1""","isEmpty == ""True""","peek_obj_type == ""class java.lang.String""","push == ""False""","pop == ""True""","clear == ""False""","calledMethod == ""pop""","size_p == ""1""",Yes
2576,1607899197609:197811d3-5fd8-472b-a4cd-bde8d2640c04,1607899197609:695b4049-31e9-4241-abb1-1ca85903fbbb,"size == ""1""","isEmpty == ""True""","peek_obj_type == ""class java.lang.String""","push == ""True""","pop == ""False""","clear == ""False""","calledMethod == ""push""","size_p == ""0""",Yes
2577,1607899197609:197811d3-5fd8-472b-a4cd-bde8d2640c04,1607899197609:695b4049-31e9-4241-abb1-1ca85903fbbb,"size == ""1""","isEmpty == ""True""","peek_obj_type == ""class java.lang.String""","push == ""False""","pop == ""True""","clear == ""False""","calledMethod == ""pop""","size_p == ""1""",Yes
2579,1607899197609:05be2696-79e2-499c-a3b1-4340424c69eb,1607899197609:7e028cf2-35f0-4c17-9685-24ce5fe747c0,"size == ""1""","isEmpty == ""True""","peek_obj_type == ""class java.lang.String""","push == ""True""","pop == ""False""","clear == ""False""","calledMethod == ""push""","size_p == ""0""",Yes
2580,1607899197609:05be2696-79e2-499c-a3b1-4340424c69eb,1607899197609:7e028cf2-35f0-4c17-9685-24ce5fe747c0,"size == ""1""","isEmpty == ""True""","peek_obj_type == ""class java.lang.String""","push == ""False""","pop == ""True""","clear == ""False""","calledMethod == ""pop""","size_p == ""1""",Yes
2582,1607899197608:4d31519e-baa8-4737-a5bb-03bfb52f179f,1607899197608:a45eae1f-4101-4cfe-9115-f9614ba8e3fa,"size == ""1""","isEmpty == ""True""","peek_obj_type == ""class java.lang.String""","push == ""True""","pop == ""False""","clear == ""False""","calledMethod == ""push""","size_p == ""0""",Yes
2583,1607899197608:4d31519e-baa8-4737-a5bb-03bfb52f179f,1607899197608:a45eae1f-4101-4cfe-9115-f9614ba8e3fa,"size == ""1""","isEmpty == ""True""","peek_obj_type == ""class java.lang.String""","push == ""False""","pop == ""True""","clear == ""False""","calledMethod == ""pop""","size_p == ""1""",Yes
2585,1607899197608:3b98073f-9f7f-4072-9a41-52d83c9e280d,1607899197608:c084419d-9ee5-40ca-b7ad-d59c1f83d77e,"size == ""1""","isEmpty == ""True""","peek_obj_type == ""class java.lang.String""","push == ""True""","pop == ""False""","clear == ""False""","calledMethod == ""push""","size_p == ""0""",Yes
2586,1607899197608:3b98073f-9f7f-4072-9a41-52d83c9e280d,1607899197608:c084419d-9ee5-40ca-b7ad-d59c1f83d77e,"size == ""1""","isEmpty == ""True""","peek_obj_type == ""class java.lang.String""","push == ""False""","pop == ""True""","clear == ""False""","calledMethod == ""pop""","size_p == ""1""",Yes
2588,1607899197608:3b98073f-9f7f-4072-9a41-52d83c9e280d,1607899197608:729850e4-a489-4a72-80e1-ae6ed7246581,"size == ""1""","isEmpty == ""True""","peek_obj_type == ""class java.lang.String""","push == ""True""","pop == ""False""","clear == ""False""","calledMethod == ""push""","size_p == ""0""",Yes
2589,1607899197608:3b98073f-9f7f-4072-9a41-52d83c9e280d,1607899197608:729850e4-a489-4a72-80e1-ae6ed7246581,"size == ""2""","isEmpty == ""True""","peek_obj_type == ""class java.lang.String""","push == ""True""","pop == ""False""","clear == ""False""","calledMethod == ""push""","size_p == ""1""",Yes
2590,1607899197608:3b98073f-9f7f-4072-9a41-52d83c9e280d,1607899197608:729850e4-a489-4a72-80e1-ae6ed7246581,"size == ""2""","isEmpty == ""True""","peek_obj_type == ""class java.lang.String""","push == ""False""","pop == ""False""","clear == ""True""","calledMethod == ""clear""","size_p == ""2""",Yes
2591,1607899197608:3b98073f-9f7f-4072-9a41-52d83c9e280d,1607899197608:729850e4-a489-4a72-80e1-ae6ed7246581,"size == ""2""","isEmpty == ""True""","peek_obj_type == ""class java.lang.String""","push == ""False""","pop == ""False""","clear == ""True""","calledMethod == ""clear""","size_p == ""2""",Yes
2593,1607899197608:3769e126-e734-4f44-b735-4241b2dbc081,1607899197608:fa1cf069-2057-47d0-859a-304bab4b170a,"size == ""1""","isEmpty == ""True""","peek_obj_type == ""class java.lang.String""","push == ""True""","pop == ""False""","clear == ""False""","calledMethod == ""push""","size_p == ""0""",Yes
2594,1607899197608:3769e126-e734-4f44-b735-4241b2dbc081,1607899197608:fa1cf069-2057-47d0-859a-304bab4b170a,"size == ""1""","isEmpty == ""True""","peek_obj_type == ""class java.lang.String""","push == ""False""","pop == ""True""","clear == ""False""","calledMethod == ""pop""","size_p == ""1""",Yes
2597,1607899197608:3769e126-e734-4f44-b735-4241b2dbc081,1607899197608:073ba02c-6232-48a9-940d-fd1ba86e4502,"size == ""1""","isEmpty == ""True""","peek_obj_type == ""class java.lang.String""","push == ""True""","pop == ""False""","clear == ""False""","calledMethod == ""push""","size_p == ""0""",Yes
2598,1607899197608:3769e126-e734-4f44-b735-4241b2dbc081,1607899197608:073ba02c-6232-48a9-940d-fd1ba86e4502,"size == ""1""","isEmpty == ""True""","peek_obj_type == ""class java.lang.String""","push == ""False""","pop == ""False""","clear == ""True""","calledMethod == ""clear""","size_p == ""1""",Yes
2600,1607899197607:ff7b49bb-b66e-428c-813b-09a1391c8a31,1607899197607:e36617c0-0eed-4009-9722-f47667e9c910,"size == ""1""","isEmpty == ""True""","peek_obj_type == ""class java.lang.String""","push == ""True""","pop == ""False""","clear == ""False""","calledMethod == ""push""","size_p == ""0""",Yes
2602,1607899197607:ff7b49bb-b66e-428c-813b-09a1391c8a31,1607899197607:6f369b82-2ffc-4962-bde7-0de2c8afa759,"size == ""1""","isEmpty == ""True""","peek_obj_type == ""class java.lang.String""","push == ""True""","pop == ""False""","clear == ""False""","calledMethod == ""push""","size_p == ""0""",Yes
2603,1607899197607:ff7b49bb-b66e-428c-813b-09a1391c8a31,1607899197607:6f369b82-2ffc-4962-bde7-0de2c8afa759,"size == ""1""","isEmpty == ""True""","peek_obj_type == ""class java.lang.String""","push == ""False""","pop == ""True""","clear == ""False""","calledMethod == ""pop""","size_p == ""1""",Yes
2607,1607899197607:ff7b49bb-b66e-428c-813b-09a1391c8a31,1607899197607:04ba7146-8cfa-45dd-9d0e-09344665fd13,"size == ""1""","isEmpty == ""True""","peek_obj_type == ""class java.lang.String""","push == ""True""","pop == ""False""","clear == ""False""","calledMethod == ""push""","size_p == ""0""",Yes
2608,1607899197607:ff7b49bb-b66e-428c-813b-09a1391c8a31,1607899197607:04ba7146-8cfa-45dd-9d0e-09344665fd13,"size == ""1""","isEmpty == ""True""","peek_obj_type == ""class java.lang.String""","push == ""False""","pop == ""False""","clear == ""True""","calledMethod == ""clear""","size_p == ""1""",Yes
2610,1607899197607:cf7c6455-4dbf-4062-8364-8cc01dbd14c4,1607899197607:29a18f88-0f52-4726-9f66-637f5da6ebbb,"size == ""1""","isEmpty == ""True""","peek_obj_type == ""class java.lang.String""","push == ""True""","pop == ""False""","clear == ""False""","calledMethod == ""push""","size_p == ""0""",Yes
2611,1607899197607:cf7c6455-4dbf-4062-8364-8cc01dbd14c4,1607899197607:29a18f88-0f52-4726-9f66-637f5da6ebbb,"size == ""1""","isEmpty == ""True""","peek_obj_type == ""class java.lang.String""","push == ""False""","pop == ""True""","clear == ""False""","calledMethod == ""pop""","size_p == ""1""",Yes
2613,1607899197607:08b093d5-ef45-4029-bb1b-c8f05d13c66a,1607899197608:c13d7c8a-918f-431a-8262-e1f391d3fd5b,"size == ""1""","isEmpty == ""True""","peek_obj_type == ""class java.lang.String""","push == ""True""","pop == ""False""","clear == ""False""","calledMethod == ""push""","size_p == ""0""",Yes
2614,1607899197607:08b093d5-ef45-4029-bb1b-c8f05d13c66a,1607899197608:c13d7c8a-918f-431a-8262-e1f391d3fd5b,"size == ""1""","isEmpty == ""True""","peek_obj_type == ""class java.lang.String""","push == ""False""","pop == ""True""","clear == ""False""","calledMethod == ""pop""","size_p == ""1""",Yes
2617,1607899197607:08b093d5-ef45-4029-bb1b-c8f05d13c66a,1607899197607:3bfd25d1-29b2-4b5c-aaed-aec1636d8f8c,"size == ""1""","isEmpty == ""True""","peek_obj_type == ""class java.lang.String""","push == ""True""","pop == ""False""","clear == ""False""","calledMethod == ""push""","size_p == ""0""",Yes
2618,1607899197607:08b093d5-ef45-4029-bb1b-c8f05d13c66a,1607899197607:3bfd25d1-29b2-4b5c-aaed-aec1636d8f8c,"size == ""1""","isEmpty == ""True""","peek_obj_type == ""class java.lang.String""","push == ""False""","pop == ""False""","clear == ""True""","calledMethod == ""clear""","size_p == ""1""",Yes
2619,1607899197607:08b093d5-ef45-4029-bb1b-c8f05d13c66a,1607899197607:3bfd25d1-29b2-4b5c-aaed-aec1636d8f8c,"size == ""1""","isEmpty == ""True""","peek_obj_type == ""class java.lang.String""","push == ""False""","pop == ""False""","clear == ""True""","calledMethod == ""clear""","size_p == ""1""",Yes
2620,1607899197607:08b093d5-ef45-4029-bb1b-c8f05d13c66a,1607899197607:3bfd25d1-29b2-4b5c-aaed-aec1636d8f8c,"size == ""1""","isEmpty == ""True""","peek_obj_type == ""class java.lang.String""","push == ""False""","pop == ""False""","clear == ""True""","calledMethod == ""clear""","size_p == ""1""",Yes
2622,1607899197606:c1c2a3ac-2c32-4bb8-b919-0d1a14aa4016,1607899197606:f3d35ce4-e62d-4385-a97a-417264d3938a,"size == ""1""","isEmpty == ""True""","peek_obj_type == ""class java.lang.String""","push == ""True""","pop == ""False""","clear == ""False""","calledMethod == ""push""","size_p == ""0""",Yes
2623,1607899197606:c1c2a3ac-2c32-4bb8-b919-0d1a14aa4016,1607899197606:f3d35ce4-e62d-4385-a97a-417264d3938a,"size == ""1""","isEmpty == ""True""","peek_obj_type == ""class java.lang.String""","push == ""False""","pop == ""True""","clear == ""False""","calledMethod == ""pop""","size_p == ""1""",Yes
2626,1607899197606:c1c2a3ac-2c32-4bb8-b919-0d1a14aa4016,1607899197606:2e7f34a6-74c9-407a-9fcc-e4fe1bff7cd5,"size == ""1""","isEmpty == ""True""","peek_obj_type == ""class java.lang.String""","push == ""True""","pop == ""False""","clear == ""False""","calledMethod == ""push""","size_p == ""0""",Yes
2628,1607899197606:a1fd135f-236b-4089-8eca-bc79243bad56,1607899197607:ef44ec0c-79a8-4aaf-95c8-7d20f1c09833,"size == ""1""","isEmpty == ""True""","peek_obj_type == ""class java.lang.String""","push == ""True""","pop == ""False""","clear == ""False""","calledMethod == ""push""","size_p == ""0""",Yes
2629,1607899197606:a1fd135f-236b-4089-8eca-bc79243bad56,1607899197607:ef44ec0c-79a8-4aaf-95c8-7d20f1c09833,"size == ""1""","isEmpty == ""True""","peek_obj_type == ""class java.lang.String""","push == ""False""","pop == ""True""","clear == ""False""","calledMethod == ""pop""","size_p == ""1""",Yes
2631,1607899197606:23be0e9f-074d-499a-b60c-03d21216e372,1607899197606:d3f03d37-5c0d-4b5e-93c4-40f2df5b21aa,"size == ""1""","isEmpty == ""True""","peek_obj_type == ""class java.lang.String""","push == ""True""","pop == ""False""","clear == ""False""","calledMethod == ""push""","size_p == ""0""",Yes
2632,1607899197606:23be0e9f-074d-499a-b60c-03d21216e372,1607899197606:d3f03d37-5c0d-4b5e-93c4-40f2df5b21aa,"size == ""1""","isEmpty == ""True""","peek_obj_type == ""class java.lang.String""","push == ""False""","pop == ""True""","clear == ""False""","calledMethod == ""pop""","size_p == ""1""",Yes
2635,1607899197606:23be0e9f-074d-499a-b60c-03d21216e372,1607899197606:adb25998-550f-4724-b3e1-2cac889e1890,"size == ""1""","isEmpty == ""True""","peek_obj_type == ""class java.lang.String""","push == ""True""","pop == ""False""","clear == ""False""","calledMethod == ""push""","size_p == ""0""",Yes
2636,1607899197606:23be0e9f-074d-499a-b60c-03d21216e372,1607899197606:adb25998-550f-4724-b3e1-2cac889e1890,"size == ""1""","isEmpty == ""True""","peek_obj_type == ""class java.lang.String""","push == ""False""","pop == ""False""","clear == ""True""","calledMethod == ""clear""","size_p == ""1""",Yes
2637,1607899197606:23be0e9f-074d-499a-b60c-03d21216e372,1607899197606:adb25998-550f-4724-b3e1-2cac889e1890,"size == ""1""","isEmpty == ""True""","peek_obj_type == ""class java.lang.String""","push == ""False""","pop == ""False""","clear == ""True""","calledMethod == ""clear""","size_p == ""1""",Yes
2638,1607899197606:23be0e9f-074d-499a-b60c-03d21216e372,1607899197606:adb25998-550f-4724-b3e1-2cac889e1890,"size == ""1""","isEmpty == ""True""","peek_obj_type == ""class java.lang.String""","push == ""False""","pop == ""False""","clear == ""True""","calledMethod == ""clear""","size_p == ""1""",Yes
2640,1607899197605:e74e4e27-9e87-4fe0-903a-7d5883709d84,1607899197606:a21178ba-7f8c-48e2-ae60-1fd03e06615b,"size == ""1""","isEmpty == ""True""","peek_obj_type == ""class java.lang.String""","push == ""True""","pop == ""False""","clear == ""False""","calledMethod == ""push""","size_p == ""0""",Yes
2641,1607899197605:e74e4e27-9e87-4fe0-903a-7d5883709d84,1607899197606:a21178ba-7f8c-48e2-ae60-1fd03e06615b,"size == ""1""","isEmpty == ""True""","peek_obj_type == ""class java.lang.String""","push == ""False""","pop == ""True""","clear == ""False""","calledMethod == ""pop""","size_p == ""1""",Yes
2644,1607899197605:e74e4e27-9e87-4fe0-903a-7d5883709d84,1607899197605:bc6d0dee-aaa4-4993-a5a9-27bf650b174e,"size == ""1""","isEmpty == ""True""","peek_obj_type == ""class java.lang.String""","push == ""True""","pop == ""False""","clear == ""False""","calledMethod == ""push""","size_p == ""0""",Yes
2645,1607899197605:e74e4e27-9e87-4fe0-903a-7d5883709d84,1607899197605:bc6d0dee-aaa4-4993-a5a9-27bf650b174e,"size == ""1""","isEmpty == ""True""","peek_obj_type == ""class java.lang.String""","push == ""False""","pop == ""False""","clear == ""True""","calledMethod == ""clear""","size_p == ""1""",Yes
2646,1607899197605:e74e4e27-9e87-4fe0-903a-7d5883709d84,1607899197605:bc6d0dee-aaa4-4993-a5a9-27bf650b174e,"size == ""1""","isEmpty == ""True""","peek_obj_type == ""class java.lang.String""","push == ""False""","pop == ""False""","clear == ""True""","calledMethod == ""clear""","size_p == ""1""",Yes
2647,1607899197605:e74e4e27-9e87-4fe0-903a-7d5883709d84,1607899197605:bc6d0dee-aaa4-4993-a5a9-27bf650b174e,"size == ""1""","isEmpty == ""True""","peek_obj_type == ""class java.lang.String""","push == ""False""","pop == ""False""","clear == ""True""","calledMethod == ""clear""","size_p == ""1""",Yes
2650,1607899197605:aa2f1ade-dc00-4f0c-8ed1-cd9e3c38a47b,1607899197605:2a7682eb-a99b-4126-acc4-32134f170412,"size == ""1""","isEmpty == ""True""","peek_obj_type == ""class java.lang.String""","push == ""True""","pop == ""False""","clear == ""False""","calledMethod == ""push""","size_p == ""0""",Yes
2651,1607899197605:aa2f1ade-dc00-4f0c-8ed1-cd9e3c38a47b,1607899197605:2a7682eb-a99b-4126-acc4-32134f170412,"size == ""1""","isEmpty == ""True""","peek_obj_type == ""class java.lang.String""","push == ""False""","pop == ""True""","clear == ""False""","calledMethod == ""pop""","size_p == ""1""",Yes
2653,1607899197605:9be98d0a-b1fc-464a-bf9b-c753fd517ecc,1607899197605:608ebaf6-642f-4d0a-979e-9e5f492f4f2e,"size == ""1""","isEmpty == ""True""","peek_obj_type == ""class java.lang.String""","push == ""True""","pop == ""False""","clear == ""False""","calledMethod == ""push""","size_p == ""0""",Yes
2654,1607899197605:9be98d0a-b1fc-464a-bf9b-c753fd517ecc,1607899197605:608ebaf6-642f-4d0a-979e-9e5f492f4f2e,"size == ""1""","isEmpty == ""True""","peek_obj_type == ""class java.lang.String""","push == ""False""","pop == ""True""","clear == ""False""","calledMethod == ""pop""","size_p == ""1""",Yes
2657,1607899197605:9be98d0a-b1fc-464a-bf9b-c753fd517ecc,1607899197605:4c3c09cc-3c78-44b8-ba59-5d32f20b9758,"size == ""1""","isEmpty == ""True""","peek_obj_type == ""class java.lang.String""","push == ""True""","pop == ""False""","clear == ""False""","calledMethod == ""push""","size_p == ""0""",Yes
2658,1607899197605:9be98d0a-b1fc-464a-bf9b-c753fd517ecc,1607899197605:4c3c09cc-3c78-44b8-ba59-5d32f20b9758,"size == ""1""","isEmpty == ""True""","peek_obj_type == ""class java.lang.String""","push == ""False""","pop == ""False""","clear == ""True""","calledMethod == ""clear""","size_p == ""1""",Yes
2660,1607899197605:6bc4cf2b-7c9e-4b0b-90ce-7d185c9e4e8a,1607899197605:6b6d7458-7ae1-463e-87dc-6010795180f3,"size == ""1""","isEmpty == ""True""","peek_obj_type == ""class java.lang.String""","push == ""True""","pop == ""False""","clear == ""False""","calledMethod == ""push""","size_p == ""0""",Yes
2661,1607899197605:6bc4cf2b-7c9e-4b0b-90ce-7d185c9e4e8a,1607899197605:6b6d7458-7ae1-463e-87dc-6010795180f3,"size == ""1""","isEmpty == ""True""","peek_obj_type == ""class java.lang.String""","push == ""False""","pop == ""True""","clear == ""False""","calledMethod == ""pop""","size_p == ""1""",Yes
2663,1607899197604:d67230e0-29e1-454d-970e-9281ff6bf36d,1607899197604:d2691395-03f1-4342-beb2-af393f836f88,"size == ""1""","isEmpty == ""True""","peek_obj_type == ""class java.lang.String""","push == ""True""","pop == ""False""","clear == ""False""","calledMethod == ""push""","size_p == ""0""",Yes
2664,1607899197604:d67230e0-29e1-454d-970e-9281ff6bf36d,1607899197604:d2691395-03f1-4342-beb2-af393f836f88,"size == ""2""","isEmpty == ""True""","peek_obj_type == ""class java.lang.String""","push == ""True""","pop == ""False""","clear == ""False""","calledMethod == ""push""","size_p == ""1""",Yes
2666,1607899197604:d67230e0-29e1-454d-970e-9281ff6bf36d,1607899197604:87ccdcc9-ba20-4cbe-a580-e90376986c32,"size == ""1""","isEmpty == ""True""","peek_obj_type == ""class java.lang.String""","push == ""True""","pop == ""False""","clear == ""False""","calledMethod == ""push""","size_p == ""0""",Yes
2667,1607899197604:d67230e0-29e1-454d-970e-9281ff6bf36d,1607899197604:87ccdcc9-ba20-4cbe-a580-e90376986c32,"size == ""1""","isEmpty == ""True""","peek_obj_type == ""class java.lang.String""","push == ""False""","pop == ""True""","clear == ""False""","calledMethod == ""pop""","size_p == ""1""",Yes
2670,1607899197604:c4903266-be26-4dc6-b0aa-22b3829b43cf,1607899197604:c80d6022-7701-4bc5-b7f1-4d4fd45a8a2a,"size == ""1""","isEmpty == ""True""","peek_obj_type == ""class java.lang.String""","push == ""True""","pop == ""False""","clear == ""False""","calledMethod == ""push""","size_p == ""0""",Yes
2671,1607899197604:c4903266-be26-4dc6-b0aa-22b3829b43cf,1607899197604:c80d6022-7701-4bc5-b7f1-4d4fd45a8a2a,"size == ""1""","isEmpty == ""True""","peek_obj_type == ""class java.lang.String""","push == ""False""","pop == ""False""","clear == ""True""","calledMethod == ""clear""","size_p == ""1""",Yes
2672,1607899197604:c4903266-be26-4dc6-b0aa-22b3829b43cf,1607899197604:c80d6022-7701-4bc5-b7f1-4d4fd45a8a2a,"size == ""1""","isEmpty == ""True""","peek_obj_type == ""class java.lang.String""","push == ""False""","pop == ""False""","clear == ""True""","calledMethod == ""clear""","size_p == ""1""",Yes
2673,1607899197604:c4903266-be26-4dc6-b0aa-22b3829b43cf,1607899197604:c80d6022-7701-4bc5-b7f1-4d4fd45a8a2a,"size == ""1""","isEmpty == ""True""","peek_obj_type == ""class java.lang.String""","push == ""False""","pop == ""False""","clear == ""True""","calledMethod == ""clear""","size_p == ""1""",Yes
2675,1607899197604:c4903266-be26-4dc6-b0aa-22b3829b43cf,1607899197604:31ea0fcf-e415-4240-bd2e-6088b2d2f95e,"size == ""1""","isEmpty == ""True""","peek_obj_type == ""class java.lang.String""","push == ""True""","pop == ""False""","clear == ""False""","calledMethod == ""push""","size_p == ""0""",Yes
2676,1607899197604:c4903266-be26-4dc6-b0aa-22b3829b43cf,1607899197604:31ea0fcf-e415-4240-bd2e-6088b2d2f95e,"size == ""1""","isEmpty == ""True""","peek_obj_type == ""class java.lang.String""","push == ""False""","pop == ""True""","clear == ""False""","calledMethod == ""pop""","size_p == ""1""",Yes
2678,1607899197604:4864990b-ed04-4f09-b690-2eec3d470197,1607899197604:37730745-8abe-4a03-989a-a727814e4d04,"size == ""1""","isEmpty == ""True""","peek_obj_type == ""class java.lang.String""","push == ""True""","pop == ""False""","clear == ""False""","calledMethod == ""push""","size_p == ""0""",Yes
2680,1607899197604:4864990b-ed04-4f09-b690-2eec3d470197,1607899197604:0efc8a81-d180-4986-9621-df0d847a0439,"size == ""1""","isEmpty == ""True""","peek_obj_type == ""class java.lang.String""","push == ""True""","pop == ""False""","clear == ""False""","calledMethod == ""push""","size_p == ""0""",Yes
2681,1607899197604:4864990b-ed04-4f09-b690-2eec3d470197,1607899197604:0efc8a81-d180-4986-9621-df0d847a0439,"size == ""1""","isEmpty == ""True""","peek_obj_type == ""class java.lang.String""","push == ""False""","pop == ""True""","clear == ""False""","calledMethod == ""pop""","size_p == ""1""",Yes
2683,1607899197604:3daef6f0-ac13-428a-94c9-8c7fc623a221,1607899197604:f90215fe-830e-4194-ac30-bcc91a17b7da,"size == ""1""","isEmpty == ""True""","peek_obj_type == ""class java.lang.String""","push == ""True""","pop == ""False""","clear == ""False""","calledMethod == ""push""","size_p == ""0""",Yes
2684,1607899197604:3daef6f0-ac13-428a-94c9-8c7fc623a221,1607899197604:f90215fe-830e-4194-ac30-bcc91a17b7da,"size == ""1""","isEmpty == ""True""","peek_obj_type == ""class java.lang.String""","push == ""False""","pop == ""True""","clear == ""False""","calledMethod == ""pop""","size_p == ""1""",Yes
2686,1607899197604:3daef6f0-ac13-428a-94c9-8c7fc623a221,1607899197604:ca58e4ac-fa12-44f6-9713-e8eb126de685,"size == ""1""","isEmpty == ""True""","peek_obj_type == ""class java.lang.String""","push == ""True""","pop == ""False""","clear == ""False""","calledMethod == ""push""","size_p == ""0""",Yes
2688,1607899197604:2b4daa4c-804a-48b0-a853-9aefe489cf63,1607899197604:7851d91f-0e35-4ee1-9c50-c425c00d2fe6,"size == ""1""","isEmpty == ""True""","peek_obj_type == ""class java.lang.String""","push == ""True""","pop == ""False""","clear == ""False""","calledMethod == ""push""","size_p == ""0""",Yes
2689,1607899197604:2b4daa4c-804a-48b0-a853-9aefe489cf63,1607899197604:7851d91f-0e35-4ee1-9c50-c425c00d2fe6,"size == ""1""","isEmpty == ""True""","peek_obj_type == ""class java.lang.String""","push == ""False""","pop == ""True""","clear == ""False""","calledMethod == ""pop""","size_p == ""1""",Yes
2691,1607899197603:c39ae18c-0079-4001-b728-a28ea4c5ea3c,1607899197603:f92821ec-fdc1-431e-996f-9a49bb2a70cb,"size == ""1""","isEmpty == ""True""","peek_obj_type == ""class java.lang.String""","push == ""True""","pop == ""False""","clear == ""False""","calledMethod == ""push""","size_p == ""0""",Yes
2693,1607899197603:c39ae18c-0079-4001-b728-a28ea4c5ea3c,1607899197603:337393dc-7a0d-4940-a889-ca6bca3a7892,"size == ""1""","isEmpty == ""True""","peek_obj_type == ""class java.lang.String""","push == ""True""","pop == ""False""","clear == ""False""","calledMethod == ""push""","size_p == ""0""",Yes
2694,1607899197603:c39ae18c-0079-4001-b728-a28ea4c5ea3c,1607899197603:337393dc-7a0d-4940-a889-ca6bca3a7892,"size == ""1""","isEmpty == ""True""","peek_obj_type == ""class java.lang.String""","push == ""False""","pop == ""True""","clear == ""False""","calledMethod == ""pop""","size_p == ""1""",Yes
2696,1607899197603:ae7c2d9c-2e36-4f06-bf8f-a2f3675302a6,1607899197603:6416cb80-42e9-4aef-b3ad-637267ab4607,"size == ""1""","isEmpty == ""True""","peek_obj_type == ""class java.lang.String""","push == ""True""","pop == ""False""","clear == ""False""","calledMethod == ""push""","size_p == ""0""",Yes
2697,1607899197603:ae7c2d9c-2e36-4f06-bf8f-a2f3675302a6,1607899197603:6416cb80-42e9-4aef-b3ad-637267ab4607,"size == ""1""","isEmpty == ""True""","peek_obj_type == ""class java.lang.String""","push == ""False""","pop == ""True""","clear == ""False""","calledMethod == ""pop""","size_p == ""1""",Yes
2700,1607899197603:93621fef-c0ea-47d7-a371-e779447a1c4d,1607899197603:87ab84ab-49fe-4d60-a27c-dc99fac55dad,"size == ""1""","isEmpty == ""True""","peek_obj_type == ""class java.lang.String""","push == ""True""","pop == ""False""","clear == ""False""","calledMethod == ""push""","size_p == ""0""",Yes
2701,1607899197603:93621fef-c0ea-47d7-a371-e779447a1c4d,1607899197603:87ab84ab-49fe-4d60-a27c-dc99fac55dad,"size == ""1""","isEmpty == ""True""","peek_obj_type == ""class java.lang.String""","push == ""False""","pop == ""False""","clear == ""True""","calledMethod == ""clear""","size_p == ""1""",Yes
2702,1607899197603:93621fef-c0ea-47d7-a371-e779447a1c4d,1607899197603:87ab84ab-49fe-4d60-a27c-dc99fac55dad,"size == ""1""","isEmpty == ""True""","peek_obj_type == ""class java.lang.String""","push == ""False""","pop == ""False""","clear == ""True""","calledMethod == ""clear""","size_p == ""1""",Yes
2703,1607899197603:93621fef-c0ea-47d7-a371-e779447a1c4d,1607899197603:87ab84ab-49fe-4d60-a27c-dc99fac55dad,"size == ""1""","isEmpty == ""True""","peek_obj_type == ""class java.lang.String""","push == ""False""","pop == ""False""","clear == ""True""","calledMethod == ""clear""","size_p == ""1""",Yes
2705,1607899197603:93621fef-c0ea-47d7-a371-e779447a1c4d,1607899197603:32d12ba2-c762-4546-9a4d-651cda5f8b0d,"size == ""1""","isEmpty == ""True""","peek_obj_type == ""class java.lang.String""","push == ""True""","pop == ""False""","clear == ""False""","calledMethod == ""push""","size_p == ""0""",Yes
2706,1607899197603:93621fef-c0ea-47d7-a371-e779447a1c4d,1607899197603:32d12ba2-c762-4546-9a4d-651cda5f8b0d,"size == ""1""","isEmpty == ""True""","peek_obj_type == ""class java.lang.String""","push == ""False""","pop == ""True""","clear == ""False""","calledMethod == ""pop""","size_p == ""1""",Yes
2708,1607899197603:75f22916-5af6-45ab-8fab-346d6b128342,1607899197603:006bd43c-c671-4410-9bf1-fbd46256abef,"size == ""1""","isEmpty == ""True""","peek_obj_type == ""class java.lang.String""","push == ""True""","pop == ""False""","clear == ""False""","calledMethod == ""push""","size_p == ""0""",Yes
2709,1607899197603:75f22916-5af6-45ab-8fab-346d6b128342,1607899197603:006bd43c-c671-4410-9bf1-fbd46256abef,"size == ""1""","isEmpty == ""True""","peek_obj_type == ""class java.lang.String""","push == ""False""","pop == ""True""","clear == ""False""","calledMethod == ""pop""","size_p == ""1""",Yes
2712,1607899197603:3a39b5e7-b9e4-4458-92b6-bf202f87c1bb,1607899197603:e84b7d37-98f9-4210-81f0-b311d7ac01a1,"size == ""1""","isEmpty == ""True""","peek_obj_type == ""class java.lang.String""","push == ""True""","pop == ""False""","clear == ""False""","calledMethod == ""push""","size_p == ""0""",Yes
2713,1607899197603:3a39b5e7-b9e4-4458-92b6-bf202f87c1bb,1607899197603:e84b7d37-98f9-4210-81f0-b311d7ac01a1,"size == ""1""","isEmpty == ""True""","peek_obj_type == ""class java.lang.String""","push == ""False""","pop == ""False""","clear == ""True""","calledMethod == ""clear""","size_p == ""1""",Yes
2714,1607899197603:3a39b5e7-b9e4-4458-92b6-bf202f87c1bb,1607899197603:e84b7d37-98f9-4210-81f0-b311d7ac01a1,"size == ""1""","isEmpty == ""True""","peek_obj_type == ""class java.lang.String""","push == ""False""","pop == ""False""","clear == ""True""","calledMethod == ""clear""","size_p == ""1""",Yes
2715,1607899197603:3a39b5e7-b9e4-4458-92b6-bf202f87c1bb,1607899197603:e84b7d37-98f9-4210-81f0-b311d7ac01a1,"size == ""1""","isEmpty == ""True""","peek_obj_type == ""class java.lang.String""","push == ""False""","pop == ""False""","clear == ""True""","calledMethod == ""clear""","size_p == ""1""",Yes
2717,1607899197603:3a39b5e7-b9e4-4458-92b6-bf202f87c1bb,1607899197603:28194828-969b-48f7-8a97-a2223ff43bcb,"size == ""1""","isEmpty == ""True""","peek_obj_type == ""class java.lang.String""","push == ""True""","pop == ""False""","clear == ""False""","calledMethod == ""push""","size_p == ""0""",Yes
2718,1607899197603:3a39b5e7-b9e4-4458-92b6-bf202f87c1bb,1607899197603:28194828-969b-48f7-8a97-a2223ff43bcb,"size == ""1""","isEmpty == ""True""","peek_obj_type == ""class java.lang.String""","push == ""False""","pop == ""True""","clear == ""False""","calledMethod == ""pop""","size_p == ""1""",Yes
2721,1607899197603:1870894e-81f9-4aae-a85f-43c43662c942,1607899197604:ff213e38-3d6c-4155-990c-63b778b9b1f7,"size == ""1""","isEmpty == ""True""","peek_obj_type == ""class java.lang.String""","push == ""True""","pop == ""False""","clear == ""False""","calledMethod == ""push""","size_p == ""0""",Yes
2722,1607899197603:1870894e-81f9-4aae-a85f-43c43662c942,1607899197604:ff213e38-3d6c-4155-990c-63b778b9b1f7,"size == ""1""","isEmpty == ""True""","peek_obj_type == ""class java.lang.String""","push == ""False""","pop == ""True""","clear == ""False""","calledMethod == ""pop""","size_p == ""1""",Yes
2724,1607899197603:1870894e-81f9-4aae-a85f-43c43662c942,1607899197603:6f52f95a-51e3-40d1-b154-8a744f2f32bf,"size == ""1""","isEmpty == ""True""","peek_obj_type == ""class java.lang.String""","push == ""True""","pop == ""False""","clear == ""False""","calledMethod == ""push""","size_p == ""0""",Yes
2725,1607899197603:1870894e-81f9-4aae-a85f-43c43662c942,1607899197603:6f52f95a-51e3-40d1-b154-8a744f2f32bf,"size == ""2""","isEmpty == ""True""","peek_obj_type == ""class java.lang.String""","push == ""True""","pop == ""False""","clear == ""False""","calledMethod == ""push""","size_p == ""1""",Yes
2726,1607899197603:1870894e-81f9-4aae-a85f-43c43662c942,1607899197603:6f52f95a-51e3-40d1-b154-8a744f2f32bf,"size == ""3""","isEmpty == ""True""","peek_obj_type == ""class java.lang.String""","push == ""True""","pop == ""False""","clear == ""False""","calledMethod == ""push""","size_p == ""2""",Yes
2727,1607899197603:1870894e-81f9-4aae-a85f-43c43662c942,1607899197603:6f52f95a-51e3-40d1-b154-8a744f2f32bf,"size == ""3""","isEmpty == ""True""","peek_obj_type == ""class java.lang.String""","push == ""False""","pop == ""False""","clear == ""True""","calledMethod == ""clear""","size_p == ""3""",Yes
2729,1607899197603:0cc40977-85f3-49ba-bd76-808861a2bff6,1607899197603:a29c6c76-37ce-452c-9755-8cc2c43b1960,"size == ""1""","isEmpty == ""True""","peek_obj_type == ""class java.lang.String""","push == ""True""","pop == ""False""","clear == ""False""","calledMethod == ""push""","size_p == ""0""",Yes
2730,1607899197603:0cc40977-85f3-49ba-bd76-808861a2bff6,1607899197603:a29c6c76-37ce-452c-9755-8cc2c43b1960,"size == ""1""","isEmpty == ""True""","peek_obj_type == ""class java.lang.String""","push == ""False""","pop == ""True""","clear == ""False""","calledMethod == ""pop""","size_p == ""1""",Yes
2732,1607899197602:92eaae52-743a-4f7a-a080-8856fc85d1bb,1607899197602:c34d5a97-a874-4f81-a5d5-9ab785e35f23,"size == ""1""","isEmpty == ""True""","peek_obj_type == ""class java.lang.String""","push == ""True""","pop == ""False""","clear == ""False""","calledMethod == ""push""","size_p == ""0""",Yes
2733,1607899197602:92eaae52-743a-4f7a-a080-8856fc85d1bb,1607899197602:c34d5a97-a874-4f81-a5d5-9ab785e35f23,"size == ""1""","isEmpty == ""True""","peek_obj_type == ""class java.lang.String""","push == ""False""","pop == ""True""","clear == ""False""","calledMethod == ""pop""","size_p == ""1""",Yes
2735,1607899197602:86bc9700-c48a-4dbe-8d71-9d3024f09208,1607899197602:bbaf08c8-6ae3-48de-a1be-830ab5085eb1,"size == ""1""","isEmpty == ""True""","peek_obj_type == ""class java.lang.String""","push == ""True""","pop == ""False""","clear == ""False""","calledMethod == ""push""","size_p == ""0""",Yes
2736,1607899197602:86bc9700-c48a-4dbe-8d71-9d3024f09208,1607899197602:bbaf08c8-6ae3-48de-a1be-830ab5085eb1,"size == ""1""","isEmpty == ""True""","peek_obj_type == ""class java.lang.String""","push == ""False""","pop == ""True""","clear == ""False""","calledMethod == ""pop""","size_p == ""1""",Yes
2738,1607899197602:319a6e8d-bef5-424b-9af1-79a71eace32c,1607899197602:2d52a385-99b9-4e71-ae40-400e681a79ec,"size == ""1""","isEmpty == ""True""","peek_obj_type == ""class java.lang.String""","push == ""True""","pop == ""False""","clear == ""False""","calledMethod == ""push""","size_p == ""0""",Yes
2739,1607899197602:319a6e8d-bef5-424b-9af1-79a71eace32c,1607899197602:2d52a385-99b9-4e71-ae40-400e681a79ec,"size == ""1""","isEmpty == ""True""","peek_obj_type == ""class java.lang.String""","push == ""False""","pop == ""True""","clear == ""False""","calledMethod == ""pop""","size_p == ""1""",Yes
2741,1607899197602:319a6e8d-bef5-424b-9af1-79a71eace32c,1607899197602:0ac8beea-6557-4775-9977-e8c4c076126d,"size == ""1""","isEmpty == ""True""","peek_obj_type == ""class java.lang.String""","push == ""True""","pop == ""False""","clear == ""False""","calledMethod == ""push""","size_p == ""0""",Yes
2743,1607899197602:1a83c370-6875-4449-ae50-fbc6265d645e,1607899197602:7d6ac5df-3f19-4762-aaf0-c4b2ea1d23f0,"size == ""1""","isEmpty == ""True""","peek_obj_type == ""class java.lang.String""","push == ""True""","pop == ""False""","clear == ""False""","calledMethod == ""push""","size_p == ""0""",Yes
2744,1607899197602:1a83c370-6875-4449-ae50-fbc6265d645e,1607899197602:7d6ac5df-3f19-4762-aaf0-c4b2ea1d23f0,"size == ""1""","isEmpty == ""True""","peek_obj_type == ""class java.lang.String""","push == ""False""","pop == ""True""","clear == ""False""","calledMethod == ""pop""","size_p == ""1""",Yes
2746,1607899197594:bc5eabd9-535b-4ec6-b943-0d503f1cef5b,1607899197601:fe3d6661-04d4-40eb-bdfa-601afff68ca4,"size == ""1""","isEmpty == ""True""","peek_obj_type == ""class java.lang.String""","push == ""True""","pop == ""False""","clear == ""False""","calledMethod == ""push""","size_p == ""0""",Yes
2747,1607899197594:bc5eabd9-535b-4ec6-b943-0d503f1cef5b,1607899197601:fe3d6661-04d4-40eb-bdfa-601afff68ca4,"size == ""1""","isEmpty == ""True""","peek_obj_type == ""class java.lang.String""","push == ""False""","pop == ""True""","clear == ""False""","calledMethod == ""pop""","size_p == ""1""",Yes
2749,1607899197594:bc5eabd9-535b-4ec6-b943-0d503f1cef5b,1607899197594:bafd0b08-4050-45d7-8dd7-f776338b6c84,"size == ""1""","isEmpty == ""True""","peek_obj_type == ""class java.lang.String""","push == ""True""","pop == ""False""","clear == ""False""","calledMethod == ""push""","size_p == ""0""",Yes
2751,1607899197594:6e1ba8ce-8fe6-41e7-9657-fcab6e5349e0,1607899197594:da6028d7-f907-47fa-b538-9b58d378233f,"size == ""1""","isEmpty == ""True""","peek_obj_type == ""class java.lang.String""","push == ""True""","pop == ""False""","clear == ""False""","calledMethod == ""push""","size_p == ""0""",Yes
2754,1607899197594:6e1ba8ce-8fe6-41e7-9657-fcab6e5349e0,1607899197594:13f75754-8907-4f97-89d1-bac600eabee4,"size == ""1""","isEmpty == ""True""","peek_obj_type == ""class java.lang.String""","push == ""True""","pop == ""False""","clear == ""False""","calledMethod == ""push""","size_p == ""0""",Yes
2755,1607899197594:6e1ba8ce-8fe6-41e7-9657-fcab6e5349e0,1607899197594:13f75754-8907-4f97-89d1-bac600eabee4,"size == ""1""","isEmpty == ""True""","peek_obj_type == ""class java.lang.String""","push == ""False""","pop == ""True""","clear == ""False""","calledMethod == ""pop""","size_p == ""1""",Yes
2758,1607899197594:0d3ebfac-5b4c-463c-8d22-bd07e008ba82,1607899197594:680f54e3-d6f9-4f9e-8c51-e86299d73362,"size == ""1""","isEmpty == ""True""","peek_obj_type == ""class java.lang.String""","push == ""True""","pop == ""False""","clear == ""False""","calledMethod == ""push""","size_p == ""0""",Yes
2760,1607899197594:0d3ebfac-5b4c-463c-8d22-bd07e008ba82,1607899197594:46a65b75-ace0-46eb-ad9a-c7cf5ceb4a16,"size == ""1""","isEmpty == ""True""","peek_obj_type == ""class java.lang.String""","push == ""True""","pop == ""False""","clear == ""False""","calledMethod == ""push""","size_p == ""0""",Yes
2761,1607899197594:0d3ebfac-5b4c-463c-8d22-bd07e008ba82,1607899197594:46a65b75-ace0-46eb-ad9a-c7cf5ceb4a16,"size == ""1""","isEmpty == ""True""","peek_obj_type == ""class java.lang.String""","push == ""False""","pop == ""True""","clear == ""False""","calledMethod == ""pop""","size_p == ""1""",Yes
2763,1607899197593:f6b4ea63-e165-4e24-94e8-a382a1e89e7c,1607899197593:09e2a63a-aa44-4e9f-90c0-c5bd8e882b33,"size == ""1""","isEmpty == ""True""","peek_obj_type == ""class java.lang.String""","push == ""True""","pop == ""False""","clear == ""False""","calledMethod == ""push""","size_p == ""0""",Yes
2764,1607899197593:f6b4ea63-e165-4e24-94e8-a382a1e89e7c,1607899197593:09e2a63a-aa44-4e9f-90c0-c5bd8e882b33,"size == ""1""","isEmpty == ""True""","peek_obj_type == ""class java.lang.String""","push == ""False""","pop == ""True""","clear == ""False""","calledMethod == ""pop""","size_p == ""1""",Yes
2766,1607899197593:d7b9af2c-8ab9-4a4c-ae30-330df82c5b79,1607899197593:a6a4404b-1972-432c-8c0d-b0237a66f041,"size == ""1""","isEmpty == ""True""","peek_obj_type == ""class java.lang.String""","push == ""True""","pop == ""False""","clear == ""False""","calledMethod == ""push""","size_p == ""0""",Yes
2767,1607899197593:d7b9af2c-8ab9-4a4c-ae30-330df82c5b79,1607899197593:a6a4404b-1972-432c-8c0d-b0237a66f041,"size == ""1""","isEmpty == ""True""","peek_obj_type == ""class java.lang.String""","push == ""False""","pop == ""True""","clear == ""False""","calledMethod == ""pop""","size_p == ""1""",Yes
2769,1607899197593:d7b9af2c-8ab9-4a4c-ae30-330df82c5b79,1607899197593:0c188c4a-bc92-4163-aea0-fa6ef881fc4e,"size == ""1""","isEmpty == ""True""","peek_obj_type == ""class java.lang.String""","push == ""True""","pop == ""False""","clear == ""False""","calledMethod == ""push""","size_p == ""0""",Yes
2770,1607899197593:d7b9af2c-8ab9-4a4c-ae30-330df82c5b79,1607899197593:0c188c4a-bc92-4163-aea0-fa6ef881fc4e,"size == ""2""","isEmpty == ""True""","peek_obj_type == ""class java.lang.String""","push == ""True""","pop == ""False""","clear == ""False""","calledMethod == ""push""","size_p == ""1""",Yes
2772,1607899197593:d310ce02-a1f7-4182-b066-a92eda91c27c,1607899197593:6ec3e24e-61d4-4b09-8c5d-687898180b5c,"size == ""1""","isEmpty == ""True""","peek_obj_type == ""class java.lang.String""","push == ""True""","pop == ""False""","clear == ""False""","calledMethod == ""push""","size_p == ""0""",Yes
2773,1607899197593:d310ce02-a1f7-4182-b066-a92eda91c27c,1607899197593:6ec3e24e-61d4-4b09-8c5d-687898180b5c,"size == ""1""","isEmpty == ""True""","peek_obj_type == ""class java.lang.String""","push == ""False""","pop == ""True""","clear == ""False""","calledMethod == ""pop""","size_p == ""1""",Yes
2775,1607899197593:cfafd22a-a6a7-47a4-a3b8-8610ca0097b5,1607899197593:b92fbf3c-1120-4bbe-a641-a79107a0091f,"size == ""1""","isEmpty == ""True""","peek_obj_type == ""class java.lang.String""","push == ""True""","pop == ""False""","clear == ""False""","calledMethod == ""push""","size_p == ""0""",Yes
2776,1607899197593:cfafd22a-a6a7-47a4-a3b8-8610ca0097b5,1607899197593:b92fbf3c-1120-4bbe-a641-a79107a0091f,"size == ""2""","isEmpty == ""True""","peek_obj_type == ""class java.lang.String""","push == ""True""","pop == ""False""","clear == ""False""","calledMethod == ""push""","size_p == ""1""",Yes
2777,1607899197593:cfafd22a-a6a7-47a4-a3b8-8610ca0097b5,1607899197593:b92fbf3c-1120-4bbe-a641-a79107a0091f,"size == ""3""","isEmpty == ""True""","peek_obj_type == ""class java.lang.String""","push == ""True""","pop == ""False""","clear == ""False""","calledMethod == ""push""","size_p == ""2""",Yes
2779,1607899197593:cfafd22a-a6a7-47a4-a3b8-8610ca0097b5,1607899197593:1005b3bf-88e4-40b4-b2e6-5c9f55d71e81,"size == ""1""","isEmpty == ""True""","peek_obj_type == ""class java.lang.String""","push == ""True""","pop == ""False""","clear == ""False""","calledMethod == ""push""","size_p == ""0""",Yes
2780,1607899197593:cfafd22a-a6a7-47a4-a3b8-8610ca0097b5,1607899197593:1005b3bf-88e4-40b4-b2e6-5c9f55d71e81,"size == ""1""","isEmpty == ""True""","peek_obj_type == ""class java.lang.String""","push == ""False""","pop == ""True""","clear == ""False""","calledMethod == ""pop""","size_p == ""1""",Yes
2782,1607899197593:7116024d-b866-4a66-b8ed-1020295c86d4,1607899197593:c5770ad4-0dc4-4cf3-a0a2-4a5d2f794e41,"size == ""1""","isEmpty == ""True""","peek_obj_type == ""class java.lang.String""","push == ""True""","pop == ""False""","clear == ""False""","calledMethod == ""push""","size_p == ""0""",Yes
2783,1607899197593:7116024d-b866-4a66-b8ed-1020295c86d4,1607899197593:c5770ad4-0dc4-4cf3-a0a2-4a5d2f794e41,"size == ""1""","isEmpty == ""True""","peek_obj_type == ""class java.lang.String""","push == ""False""","pop == ""True""","clear == ""False""","calledMethod == ""pop""","size_p == ""1""",Yes
2785,1607899197593:4f8ac780-c90f-43f2-b28a-45c5573867eb,1607899197593:8836f2c0-5bd7-45a5-a911-106b4e9df1c0,"size == ""1""","isEmpty == ""True""","peek_obj_type == ""class java.lang.String""","push == ""True""","pop == ""False""","clear == ""False""","calledMethod == ""push""","size_p == ""0""",Yes
2786,1607899197593:4f8ac780-c90f-43f2-b28a-45c5573867eb,1607899197593:8836f2c0-5bd7-45a5-a911-106b4e9df1c0,"size == ""1""","isEmpty == ""True""","peek_obj_type == ""class java.lang.String""","push == ""False""","pop == ""True""","clear == ""False""","calledMethod == ""pop""","size_p == ""1""",Yes
2789,1607899197592:a858964a-d456-473d-b8c6-51f8fef4c89f,1607899197592:29708cb2-8498-417c-b02b-28f74a3cc1af,"size == ""1""","isEmpty == ""True""","peek_obj_type == ""class java.lang.String""","push == ""True""","pop == ""False""","clear == ""False""","calledMethod == ""push""","size_p == ""0""",Yes
2790,1607899197592:a858964a-d456-473d-b8c6-51f8fef4c89f,1607899197592:29708cb2-8498-417c-b02b-28f74a3cc1af,"size == ""1""","isEmpty == ""True""","peek_obj_type == ""class java.lang.String""","push == ""False""","pop == ""True""","clear == ""False""","calledMethod == ""pop""","size_p == ""1""",Yes
2792,1607899197592:79cff211-8543-4dbf-8d81-70425a9f0252,1607899197592:6c54ed7f-f27b-4f19-93f9-b4fe0dc0d534,"size == ""1""","isEmpty == ""True""","peek_obj_type == ""class java.lang.String""","push == ""True""","pop == ""False""","clear == ""False""","calledMethod == ""push""","size_p == ""0""",Yes
2794,1607899197592:79cff211-8543-4dbf-8d81-70425a9f0252,1607899197592:2534fcd9-f333-433a-ba0d-9aed18bbe37c,"size == ""1""","isEmpty == ""True""","peek_obj_type == ""class java.lang.String""","push == ""True""","pop == ""False""","clear == ""False""","calledMethod == ""push""","size_p == ""0""",Yes
2795,1607899197592:79cff211-8543-4dbf-8d81-70425a9f0252,1607899197592:2534fcd9-f333-433a-ba0d-9aed18bbe37c,"size == ""1""","isEmpty == ""True""","peek_obj_type == ""class java.lang.String""","push == ""False""","pop == ""True""","clear == ""False""","calledMethod == ""pop""","size_p == ""1""",Yes
2797,1607899197592:62d9f149-efaa-4390-b636-8ca747117f5b,1607899197592:cc36330c-6bc1-40a4-a5f5-7df6754444ec,"size == ""1""","isEmpty == ""True""","peek_obj_type == ""class java.lang.String""","push == ""True""","pop == ""False""","clear == ""False""","calledMethod == ""push""","size_p == ""0""",Yes
2798,1607899197592:62d9f149-efaa-4390-b636-8ca747117f5b,1607899197592:cc36330c-6bc1-40a4-a5f5-7df6754444ec,"size == ""1""","isEmpty == ""True""","peek_obj_type == ""class java.lang.String""","push == ""False""","pop == ""True""","clear == ""False""","calledMethod == ""pop""","size_p == ""1""",Yes
2801,1607899197592:62d9f149-efaa-4390-b636-8ca747117f5b,1607899197592:1a082eb4-da6c-4206-b791-49c82c55ba05,"size == ""1""","isEmpty == ""True""","peek_obj_type == ""class java.lang.String""","push == ""True""","pop == ""False""","clear == ""False""","calledMethod == ""push""","size_p == ""0""",Yes
2802,1607899197592:62d9f149-efaa-4390-b636-8ca747117f5b,1607899197592:1a082eb4-da6c-4206-b791-49c82c55ba05,"size == ""1""","isEmpty == ""True""","peek_obj_type == ""class java.lang.String""","push == ""False""","pop == ""False""","clear == ""True""","calledMethod == ""clear""","size_p == ""1""",Yes
2803,1607899197592:62d9f149-efaa-4390-b636-8ca747117f5b,1607899197592:1a082eb4-da6c-4206-b791-49c82c55ba05,"size == ""1""","isEmpty == ""True""","peek_obj_type == ""class java.lang.String""","push == ""False""","pop == ""False""","clear == ""True""","calledMethod == ""clear""","size_p == ""1""",Yes
2804,1607899197592:62d9f149-efaa-4390-b636-8ca747117f5b,1607899197592:1a082eb4-da6c-4206-b791-49c82c55ba05,"size == ""1""","isEmpty == ""True""","peek_obj_type == ""class java.lang.String""","push == ""False""","pop == ""False""","clear == ""True""","calledMethod == ""clear""","size_p == ""1""",Yes
2806,1607899197592:447b220c-1bc6-4c9a-83b6-e3f4264cdd37,1607899197592:c6629688-3e7a-4faa-9105-f37356e72df1,"size == ""1""","isEmpty == ""True""","peek_obj_type == ""class java.lang.String""","push == ""True""","pop == ""False""","clear == ""False""","calledMethod == ""push""","size_p == ""0""",Yes
2807,1607899197592:447b220c-1bc6-4c9a-83b6-e3f4264cdd37,1607899197592:c6629688-3e7a-4faa-9105-f37356e72df1,"size == ""1""","isEmpty == ""True""","peek_obj_type == ""class java.lang.String""","push == ""False""","pop == ""True""","clear == ""False""","calledMethod == ""pop""","size_p == ""1""",Yes
2809,1607899197592:0333a225-5152-4467-adf0-6a7b55bf6edf,1607899197592:9737441f-34ac-4db4-a62a-b2a62652a529,"size == ""1""","isEmpty == ""True""","peek_obj_type == ""class java.lang.String""","push == ""True""","pop == ""False""","clear == ""False""","calledMethod == ""push""","size_p == ""0""",Yes
2810,1607899197592:0333a225-5152-4467-adf0-6a7b55bf6edf,1607899197592:9737441f-34ac-4db4-a62a-b2a62652a529,"size == ""1""","isEmpty == ""True""","peek_obj_type == ""class java.lang.String""","push == ""False""","pop == ""True""","clear == ""False""","calledMethod == ""pop""","size_p == ""1""",Yes
2812,1607899197591:d6cea21a-54b8-45a5-bea5-25098c0da3b2,1607899197591:8791b7cd-c189-42b1-8118-6e6f242fc845,"size == ""1""","isEmpty == ""True""","peek_obj_type == ""class java.lang.String""","push == ""True""","pop == ""False""","clear == ""False""","calledMethod == ""push""","size_p == ""0""",Yes
2813,1607899197591:d6cea21a-54b8-45a5-bea5-25098c0da3b2,1607899197591:8791b7cd-c189-42b1-8118-6e6f242fc845,"size == ""1""","isEmpty == ""True""","peek_obj_type == ""class java.lang.String""","push == ""False""","pop == ""True""","clear == ""False""","calledMethod == ""pop""","size_p == ""1""",Yes
2815,1607899197591:cf358e77-edd1-4592-a2fa-3d3d6a697c31,1607899197591:fe34de3b-38aa-41ea-aa8f-c3309fb3d733,"size == ""1""","isEmpty == ""True""","peek_obj_type == ""class java.lang.String""","push == ""True""","pop == ""False""","clear == ""False""","calledMethod == ""push""","size_p == ""0""",Yes
2816,1607899197591:cf358e77-edd1-4592-a2fa-3d3d6a697c31,1607899197591:fe34de3b-38aa-41ea-aa8f-c3309fb3d733,"size == ""1""","isEmpty == ""True""","peek_obj_type == ""class java.lang.String""","push == ""False""","pop == ""True""","clear == ""False""","calledMethod == ""pop""","size_p == ""1""",Yes
2818,1607899197591:cc4f5928-6e7e-4060-9840-8b9b4da963ed,1607899197592:274e5f9f-a1a9-4fae-9247-891524b1f797,"size == ""1""","isEmpty == ""True""","peek_obj_type == ""class java.lang.String""","push == ""True""","pop == ""False""","clear == ""False""","calledMethod == ""push""","size_p == ""0""",Yes
2819,1607899197591:cc4f5928-6e7e-4060-9840-8b9b4da963ed,1607899197592:274e5f9f-a1a9-4fae-9247-891524b1f797,"size == ""1""","isEmpty == ""True""","peek_obj_type == ""class java.lang.String""","push == ""False""","pop == ""True""","clear == ""False""","calledMethod == ""pop""","size_p == ""1""",Yes
2821,1607899197591:67d26b2f-2f22-4d8d-9cf3-93a8071bf388,1607899197591:cbbb7f91-7893-43d8-8f8f-adda22e1d4fa,"size == ""1""","isEmpty == ""True""","peek_obj_type == ""class java.lang.String""","push == ""True""","pop == ""False""","clear == ""False""","calledMethod == ""push""","size_p == ""0""",Yes
2822,1607899197591:67d26b2f-2f22-4d8d-9cf3-93a8071bf388,1607899197591:cbbb7f91-7893-43d8-8f8f-adda22e1d4fa,"size == ""1""","isEmpty == ""True""","peek_obj_type == ""class java.lang.String""","push == ""False""","pop == ""True""","clear == ""False""","calledMethod == ""pop""","size_p == ""1""",Yes
2824,1607899197591:4a438f2a-bd1f-435a-a96a-a85a39685dc5,1607899197591:46cf284e-d3e9-462e-8aab-02434d8507aa,"size == ""1""","isEmpty == ""True""","peek_obj_type == ""class java.lang.String""","push == ""True""","pop == ""False""","clear == ""False""","calledMethod == ""push""","size_p == ""0""",Yes
2825,1607899197591:4a438f2a-bd1f-435a-a96a-a85a39685dc5,1607899197591:46cf284e-d3e9-462e-8aab-02434d8507aa,"size == ""1""","isEmpty == ""True""","peek_obj_type == ""class java.lang.String""","push == ""False""","pop == ""True""","clear == ""False""","calledMethod == ""pop""","size_p == ""1""",Yes
2828,1607899197590:f530b6fd-1971-40eb-bacb-fe69611494c8,1607899197590:b737df4e-c327-4fd1-a260-62dd1c417440,"size == ""1""","isEmpty == ""True""","peek_obj_type == ""class java.lang.String""","push == ""True""","pop == ""False""","clear == ""False""","calledMethod == ""push""","size_p == ""0""",Yes
2829,1607899197590:f530b6fd-1971-40eb-bacb-fe69611494c8,1607899197590:b737df4e-c327-4fd1-a260-62dd1c417440,"size == ""1""","isEmpty == ""True""","peek_obj_type == ""class java.lang.String""","push == ""False""","pop == ""False""","clear == ""True""","calledMethod == ""clear""","size_p == ""1""",Yes
2830,1607899197590:f530b6fd-1971-40eb-bacb-fe69611494c8,1607899197590:b737df4e-c327-4fd1-a260-62dd1c417440,"size == ""1""","isEmpty == ""True""","peek_obj_type == ""class java.lang.String""","push == ""False""","pop == ""False""","clear == ""True""","calledMethod == ""clear""","size_p == ""1""",Yes
2831,1607899197590:f530b6fd-1971-40eb-bacb-fe69611494c8,1607899197590:b737df4e-c327-4fd1-a260-62dd1c417440,"size == ""1""","isEmpty == ""True""","peek_obj_type == ""class java.lang.String""","push == ""False""","pop == ""False""","clear == ""True""","calledMethod == ""clear""","size_p == ""1""",Yes
2833,1607899197590:f530b6fd-1971-40eb-bacb-fe69611494c8,1607899197590:63b1c916-e752-4a7a-9911-42c5235be1d0,"size == ""1""","isEmpty == ""True""","peek_obj_type == ""class java.lang.String""","push == ""True""","pop == ""False""","clear == ""False""","calledMethod == ""push""","size_p == ""0""",Yes
2834,1607899197590:f530b6fd-1971-40eb-bacb-fe69611494c8,1607899197590:63b1c916-e752-4a7a-9911-42c5235be1d0,"size == ""1""","isEmpty == ""True""","peek_obj_type == ""class java.lang.String""","push == ""False""","pop == ""True""","clear == ""False""","calledMethod == ""pop""","size_p == ""1""",Yes
2836,1607899197590:c1f26e99-eff3-427a-acc8-a4662e772943,1607899197590:430d78fe-2adb-4a7e-a255-ef021b6eb229,"size == ""1""","isEmpty == ""True""","peek_obj_type == ""class java.lang.String""","push == ""True""","pop == ""False""","clear == ""False""","calledMethod == ""push""","size_p == ""0""",Yes
2837,1607899197590:c1f26e99-eff3-427a-acc8-a4662e772943,1607899197590:430d78fe-2adb-4a7e-a255-ef021b6eb229,"size == ""1""","isEmpty == ""True""","peek_obj_type == ""class java.lang.String""","push == ""False""","pop == ""True""","clear == ""False""","calledMethod == ""pop""","size_p == ""1""",Yes
2839,1607899197590:c0c44d1f-aef1-4acd-84fb-834b3fb79ec2,1607899197590:cbe863a7-047a-49cc-9129-1806bf57f121,"size == ""1""","isEmpty == ""True""","peek_obj_type == ""class java.lang.String""","push == ""True""","pop == ""False""","clear == ""False""","calledMethod == ""push""","size_p == ""0""",Yes
2840,1607899197590:c0c44d1f-aef1-4acd-84fb-834b3fb79ec2,1607899197590:cbe863a7-047a-49cc-9129-1806bf57f121,"size == ""1""","isEmpty == ""True""","peek_obj_type == ""class java.lang.String""","push == ""False""","pop == ""True""","clear == ""False""","calledMethod == ""pop""","size_p == ""1""",Yes
2842,1607899197590:c0c44d1f-aef1-4acd-84fb-834b3fb79ec2,1607899197590:27d1fe80-7d03-4149-a4e6-c9aa7b3be3a6,"size == ""1""","isEmpty == ""True""","peek_obj_type == ""class java.lang.String""","push == ""True""","pop == ""False""","clear == ""False""","calledMethod == ""push""","size_p == ""0""",Yes
2844,1607899197590:6f768d0e-8b79-4370-bf6b-46e5f2793544,1607899197590:73b02a6f-9459-455e-8777-c54c4ec35aaf,"size == ""1""","isEmpty == ""True""","peek_obj_type == ""class java.lang.String""","push == ""True""","pop == ""False""","clear == ""False""","calledMethod == ""push""","size_p == ""0""",Yes
2845,1607899197590:6f768d0e-8b79-4370-bf6b-46e5f2793544,1607899197590:73b02a6f-9459-455e-8777-c54c4ec35aaf,"size == ""1""","isEmpty == ""True""","peek_obj_type == ""class java.lang.String""","push == ""False""","pop == ""True""","clear == ""False""","calledMethod == ""pop""","size_p == ""1""",Yes
2847,1607899197590:478a417e-118e-42d5-ae0c-2f00a4ba7ac4,1607899197590:9998a699-1788-4228-bdd5-f7c78a08a545,"size == ""1""","isEmpty == ""True""","peek_obj_type == ""class java.lang.String""","push == ""True""","pop == ""False""","clear == ""False""","calledMethod == ""push""","size_p == ""0""",Yes
2848,1607899197590:478a417e-118e-42d5-ae0c-2f00a4ba7ac4,1607899197590:9998a699-1788-4228-bdd5-f7c78a08a545,"size == ""2""","isEmpty == ""True""","peek_obj_type == ""class java.lang.String""","push == ""True""","pop == ""False""","clear == ""False""","calledMethod == ""push""","size_p == ""1""",Yes
2849,1607899197590:478a417e-118e-42d5-ae0c-2f00a4ba7ac4,1607899197590:9998a699-1788-4228-bdd5-f7c78a08a545,"size == ""3""","isEmpty == ""True""","peek_obj_type == ""class java.lang.String""","push == ""True""","pop == ""False""","clear == ""False""","calledMethod == ""push""","size_p == ""2""",Yes
2852,1607899197590:478a417e-118e-42d5-ae0c-2f00a4ba7ac4,1607899197590:2468d06e-b5c5-4633-8a58-a8300a852523,"size == ""1""","isEmpty == ""True""","peek_obj_type == ""class java.lang.String""","push == ""True""","pop == ""False""","clear == ""False""","calledMethod == ""push""","size_p == ""0""",Yes
2853,1607899197590:478a417e-118e-42d5-ae0c-2f00a4ba7ac4,1607899197590:2468d06e-b5c5-4633-8a58-a8300a852523,"size == ""1""","isEmpty == ""True""","peek_obj_type == ""class java.lang.String""","push == ""False""","pop == ""True""","clear == ""False""","calledMethod == ""pop""","size_p == ""1""",Yes
2855,1607899197589:e60daec1-1e12-48a2-a7f6-3821b3ee9168,1607899197589:72008792-7772-4ddd-878d-fc60e93a4be3,"size == ""1""","isEmpty == ""True""","peek_obj_type == ""class java.lang.String""","push == ""True""","pop == ""False""","clear == ""False""","calledMethod == ""push""","size_p == ""0""",Yes
2856,1607899197589:e60daec1-1e12-48a2-a7f6-3821b3ee9168,1607899197589:72008792-7772-4ddd-878d-fc60e93a4be3,"size == ""1""","isEmpty == ""True""","peek_obj_type == ""class java.lang.String""","push == ""False""","pop == ""True""","clear == ""False""","calledMethod == ""pop""","size_p == ""1""",Yes
2858,1607899197589:e60daec1-1e12-48a2-a7f6-3821b3ee9168,1607899197589:2e3fab55-4231-4c6e-8bcc-8b09d1a54ee6,"size == ""1""","isEmpty == ""True""","peek_obj_type == ""class java.lang.String""","push == ""True""","pop == ""False""","clear == ""False""","calledMethod == ""push""","size_p == ""0""",Yes
2860,1607899197589:d1371362-257a-4e7d-908b-78bc69bcedf5,1607899197589:81a8df9d-779a-4c51-90b3-44309080b619,"size == ""1""","isEmpty == ""True""","peek_obj_type == ""class java.lang.String""","push == ""True""","pop == ""False""","clear == ""False""","calledMethod == ""push""","size_p == ""0""",Yes
2861,1607899197589:d1371362-257a-4e7d-908b-78bc69bcedf5,1607899197589:81a8df9d-779a-4c51-90b3-44309080b619,"size == ""2""","isEmpty == ""True""","peek_obj_type == ""class java.lang.String""","push == ""True""","pop == ""False""","clear == ""False""","calledMethod == ""push""","size_p == ""1""",Yes
2862,1607899197589:d1371362-257a-4e7d-908b-78bc69bcedf5,1607899197589:81a8df9d-779a-4c51-90b3-44309080b619,"size == ""3""","isEmpty == ""True""","peek_obj_type == ""class java.lang.String""","push == ""True""","pop == ""False""","clear == ""False""","calledMethod == ""push""","size_p == ""2""",Yes
2864,1607899197589:d1371362-257a-4e7d-908b-78bc69bcedf5,1607899197589:734991f8-76ef-4b5e-9564-812e3b44c6b8,"size == ""1""","isEmpty == ""True""","peek_obj_type == ""class java.lang.String""","push == ""True""","pop == ""False""","clear == ""False""","calledMethod == ""push""","size_p == ""0""",Yes
2865,1607899197589:d1371362-257a-4e7d-908b-78bc69bcedf5,1607899197589:734991f8-76ef-4b5e-9564-812e3b44c6b8,"size == ""1""","isEmpty == ""True""","peek_obj_type == ""class java.lang.String""","push == ""False""","pop == ""True""","clear == ""False""","calledMethod == ""pop""","size_p == ""1""",Yes
2867,1607899197589:cba37d6a-de1f-417c-9225-4edc4c08caf6,1607899197589:c7fcf8e4-5956-4945-a31a-97c5496b5abf,"size == ""1""","isEmpty == ""True""","peek_obj_type == ""class java.lang.String""","push == ""True""","pop == ""False""","clear == ""False""","calledMethod == ""push""","size_p == ""0""",Yes
2868,1607899197589:cba37d6a-de1f-417c-9225-4edc4c08caf6,1607899197589:c7fcf8e4-5956-4945-a31a-97c5496b5abf,"size == ""1""","isEmpty == ""True""","peek_obj_type == ""class java.lang.String""","push == ""False""","pop == ""True""","clear == ""False""","calledMethod == ""pop""","size_p == ""1""",Yes
2870,1607899197589:b41feef4-d35a-41b2-abd4-fa6b8a84e779,1607899197589:b5d7b7f7-dc65-41ac-8a7e-c6d41555c643,"size == ""1""","isEmpty == ""True""","peek_obj_type == ""class java.lang.String""","push == ""True""","pop == ""False""","clear == ""False""","calledMethod == ""push""","size_p == ""0""",Yes
2871,1607899197589:b41feef4-d35a-41b2-abd4-fa6b8a84e779,1607899197589:b5d7b7f7-dc65-41ac-8a7e-c6d41555c643,"size == ""1""","isEmpty == ""True""","peek_obj_type == ""class java.lang.String""","push == ""False""","pop == ""True""","clear == ""False""","calledMethod == ""pop""","size_p == ""1""",Yes
2873,1607899197589:776048d5-e0a5-4ab5-be4b-9440c9f8b92b,1607899197589:e05bfb76-8893-4fbd-a177-bd9cd076a3a3,"size == ""1""","isEmpty == ""True""","peek_obj_type == ""class java.lang.String""","push == ""True""","pop == ""False""","clear == ""False""","calledMethod == ""push""","size_p == ""0""",Yes
2875,1607899197589:776048d5-e0a5-4ab5-be4b-9440c9f8b92b,1607899197589:63fcf070-36c5-4e30-97ed-146908537817,"size == ""1""","isEmpty == ""True""","peek_obj_type == ""class java.lang.String""","push == ""True""","pop == ""False""","clear == ""False""","calledMethod == ""push""","size_p == ""0""",Yes
2876,1607899197589:776048d5-e0a5-4ab5-be4b-9440c9f8b92b,1607899197589:63fcf070-36c5-4e30-97ed-146908537817,"size == ""1""","isEmpty == ""True""","peek_obj_type == ""class java.lang.String""","push == ""False""","pop == ""True""","clear == ""False""","calledMethod == ""pop""","size_p == ""1""",Yes
2878,1607899197589:5a78bd6a-477a-4283-881d-2317f04ee86e,1607899197589:00252bd2-bc65-4292-bf86-7d8eca2aa09c,"size == ""1""","isEmpty == ""True""","peek_obj_type == ""class java.lang.String""","push == ""True""","pop == ""False""","clear == ""False""","calledMethod == ""push""","size_p == ""0""",Yes
2879,1607899197589:5a78bd6a-477a-4283-881d-2317f04ee86e,1607899197589:00252bd2-bc65-4292-bf86-7d8eca2aa09c,"size == ""1""","isEmpty == ""True""","peek_obj_type == ""class java.lang.String""","push == ""False""","pop == ""True""","clear == ""False""","calledMethod == ""pop""","size_p == ""1""",Yes
2881,1607899197588:b8a9d4c5-9356-480a-a7b5-d2423ca20029,1607899197588:cf2ae9c9-e92d-46d9-9468-52af6b3d366e,"size == ""1""","isEmpty == ""True""","peek_obj_type == ""class java.lang.String""","push == ""True""","pop == ""False""","clear == ""False""","calledMethod == ""push""","size_p == ""0""",Yes
2882,1607899197588:b8a9d4c5-9356-480a-a7b5-d2423ca20029,1607899197588:cf2ae9c9-e92d-46d9-9468-52af6b3d366e,"size == ""1""","isEmpty == ""True""","peek_obj_type == ""class java.lang.String""","push == ""False""","pop == ""True""","clear == ""False""","calledMethod == ""pop""","size_p == ""1""",Yes
2884,1607899197588:a10ea3a2-64de-42cb-98ce-adbf10f84851,1607899197588:86e78a68-edf3-44ba-a6ec-484e7067115a,"size == ""1""","isEmpty == ""True""","peek_obj_type == ""class java.lang.String""","push == ""True""","pop == ""False""","clear == ""False""","calledMethod == ""push""","size_p == ""0""",Yes
2885,1607899197588:a10ea3a2-64de-42cb-98ce-adbf10f84851,1607899197588:86e78a68-edf3-44ba-a6ec-484e7067115a,"size == ""1""","isEmpty == ""True""","peek_obj_type == ""class java.lang.String""","push == ""False""","pop == ""True""","clear == ""False""","calledMethod == ""pop""","size_p == ""1""",Yes
2887,1607899197588:73cfde1c-2036-4f89-8710-babaf14acc70,1607899197588:d4874ca3-7a6e-4b63-8eee-6be1742c53c5,"size == ""1""","isEmpty == ""True""","peek_obj_type == ""class java.lang.String""","push == ""True""","pop == ""False""","clear == ""False""","calledMethod == ""push""","size_p == ""0""",Yes
2889,1607899197588:73cfde1c-2036-4f89-8710-babaf14acc70,1607899197588:740ac2d5-4986-4b5e-ba80-16c39c50ed44,"size == ""1""","isEmpty == ""True""","peek_obj_type == ""class java.lang.String""","push == ""True""","pop == ""False""","clear == ""False""","calledMethod == ""push""","size_p == ""0""",Yes
2890,1607899197588:73cfde1c-2036-4f89-8710-babaf14acc70,1607899197588:740ac2d5-4986-4b5e-ba80-16c39c50ed44,"size == ""1""","isEmpty == ""True""","peek_obj_type == ""class java.lang.String""","push == ""False""","pop == ""True""","clear == ""False""","calledMethod == ""pop""","size_p == ""1""",Yes
2892,1607899197588:73cfde1c-2036-4f89-8710-babaf14acc70,1607899197588:693884e6-a404-4381-bc3c-37db217c0975,"size == ""1""","isEmpty == ""True""","peek_obj_type == ""class java.lang.String""","push == ""True""","pop == ""False""","clear == ""False""","calledMethod == ""push""","size_p == ""0""",Yes
2893,1607899197588:73cfde1c-2036-4f89-8710-babaf14acc70,1607899197588:693884e6-a404-4381-bc3c-37db217c0975,"size == ""2""","isEmpty == ""True""","peek_obj_type == ""class java.lang.String""","push == ""True""","pop == ""False""","clear == ""False""","calledMethod == ""push""","size_p == ""1""",Yes
2894,1607899197588:73cfde1c-2036-4f89-8710-babaf14acc70,1607899197588:693884e6-a404-4381-bc3c-37db217c0975,"size == ""3""","isEmpty == ""True""","peek_obj_type == ""class java.lang.String""","push == ""True""","pop == ""False""","clear == ""False""","calledMethod == ""push""","size_p == ""2""",Yes
2895,1607899197588:73cfde1c-2036-4f89-8710-babaf14acc70,1607899197588:693884e6-a404-4381-bc3c-37db217c0975,"size == ""3""","isEmpty == ""True""","peek_obj_type == ""class java.lang.String""","push == ""False""","pop == ""False""","clear == ""True""","calledMethod == ""clear""","size_p == ""3""",Yes
2897,1607899197588:68bcead2-f4b1-480b-9233-6aba62fdf2d8,1607899197588:e766b9d6-b371-43e9-bff9-1447d1338fb4,"size == ""1""","isEmpty == ""True""","peek_obj_type == ""class java.lang.String""","push == ""True""","pop == ""False""","clear == ""False""","calledMethod == ""push""","size_p == ""0""",Yes
2898,1607899197588:68bcead2-f4b1-480b-9233-6aba62fdf2d8,1607899197588:e766b9d6-b371-43e9-bff9-1447d1338fb4,"size == ""1""","isEmpty == ""True""","peek_obj_type == ""class java.lang.String""","push == ""False""","pop == ""True""","clear == ""False""","calledMethod == ""pop""","size_p == ""1""",Yes
2900,1607899197588:39cd82cf-a187-4561-ad9b-abdab8482a5b,1607899197588:c7389e01-fadb-4772-be6f-f8173a4173a0,"size == ""1""","isEmpty == ""True""","peek_obj_type == ""class java.lang.String""","push == ""True""","pop == ""False""","clear == ""False""","calledMethod == ""push""","size_p == ""0""",Yes
2901,1607899197588:39cd82cf-a187-4561-ad9b-abdab8482a5b,1607899197588:c7389e01-fadb-4772-be6f-f8173a4173a0,"size == ""1""","isEmpty == ""True""","peek_obj_type == ""class java.lang.String""","push == ""False""","pop == ""True""","clear == ""False""","calledMethod == ""pop""","size_p == ""1""",Yes
2904,1607899197588:0c3fc04a-8e4c-45ff-9afb-8b4d2e1f4536,1607899197588:4253ea7e-c6f8-456a-bbcf-ee919f337789,"size == ""1""","isEmpty == ""True""","peek_obj_type == ""class java.lang.String""","push == ""True""","pop == ""False""","clear == ""False""","calledMethod == ""push""","size_p == ""0""",Yes
2905,1607899197588:0c3fc04a-8e4c-45ff-9afb-8b4d2e1f4536,1607899197588:4253ea7e-c6f8-456a-bbcf-ee919f337789,"size == ""1""","isEmpty == ""True""","peek_obj_type == ""class java.lang.String""","push == ""False""","pop == ""True""","clear == ""False""","calledMethod == ""pop""","size_p == ""1""",Yes
2908,1607899197587:f9a4718c-f270-4698-bb46-3f87ad49fb32,1607899197587:fbbe6e51-c1aa-4c16-b72f-eb22b075d8af,"size == ""1""","isEmpty == ""True""","peek_obj_type == ""class java.lang.String""","push == ""True""","pop == ""False""","clear == ""False""","calledMethod == ""push""","size_p == ""0""",Yes
2909,1607899197587:f9a4718c-f270-4698-bb46-3f87ad49fb32,1607899197587:fbbe6e51-c1aa-4c16-b72f-eb22b075d8af,"size == ""1""","isEmpty == ""True""","peek_obj_type == ""class java.lang.String""","push == ""False""","pop == ""False""","clear == ""True""","calledMethod == ""clear""","size_p == ""1""",Yes
2910,1607899197587:f9a4718c-f270-4698-bb46-3f87ad49fb32,1607899197587:fbbe6e51-c1aa-4c16-b72f-eb22b075d8af,"size == ""1""","isEmpty == ""True""","peek_obj_type == ""class java.lang.String""","push == ""False""","pop == ""False""","clear == ""True""","calledMethod == ""clear""","size_p == ""1""",Yes
2911,1607899197587:f9a4718c-f270-4698-bb46-3f87ad49fb32,1607899197587:fbbe6e51-c1aa-4c16-b72f-eb22b075d8af,"size == ""1""","isEmpty == ""True""","peek_obj_type == ""class java.lang.String""","push == ""False""","pop == ""False""","clear == ""True""","calledMethod == ""clear""","size_p == ""1""",Yes
2913,1607899197587:f9a4718c-f270-4698-bb46-3f87ad49fb32,1607899197587:8bf39d3f-90c2-4e02-bb46-01386debb122,"size == ""1""","isEmpty == ""True""","peek_obj_type == ""class java.lang.String""","push == ""True""","pop == ""False""","clear == ""False""","calledMethod == ""push""","size_p == ""0""",Yes
2914,1607899197587:f9a4718c-f270-4698-bb46-3f87ad49fb32,1607899197587:8bf39d3f-90c2-4e02-bb46-01386debb122,"size == ""1""","isEmpty == ""True""","peek_obj_type == ""class java.lang.String""","push == ""False""","pop == ""True""","clear == ""False""","calledMethod == ""pop""","size_p == ""1""",Yes
2916,1607899197587:df6bbe85-243f-4dca-8cc7-319eca2dcbee,1607899197587:f829a35e-4e5b-4dc9-b6b2-5f074e9d472b,"size == ""1""","isEmpty == ""True""","peek_obj_type == ""class java.lang.String""","push == ""True""","pop == ""False""","clear == ""False""","calledMethod == ""push""","size_p == ""0""",Yes
2917,1607899197587:df6bbe85-243f-4dca-8cc7-319eca2dcbee,1607899197587:f829a35e-4e5b-4dc9-b6b2-5f074e9d472b,"size == ""1""","isEmpty == ""True""","peek_obj_type == ""class java.lang.String""","push == ""False""","pop == ""True""","clear == ""False""","calledMethod == ""pop""","size_p == ""1""",Yes
2920,1607899197587:df6bbe85-243f-4dca-8cc7-319eca2dcbee,1607899197587:e6cec4f7-9232-4a5b-a9dc-55a9448b8c2f,"size == ""1""","isEmpty == ""True""","peek_obj_type == ""class java.lang.String""","push == ""True""","pop == ""False""","clear == ""False""","calledMethod == ""push""","size_p == ""0""",Yes
2921,1607899197587:df6bbe85-243f-4dca-8cc7-319eca2dcbee,1607899197587:e6cec4f7-9232-4a5b-a9dc-55a9448b8c2f,"size == ""1""","isEmpty == ""True""","peek_obj_type == ""class java.lang.String""","push == ""False""","pop == ""False""","clear == ""True""","calledMethod == ""clear""","size_p == ""1""",Yes
2922,1607899197587:df6bbe85-243f-4dca-8cc7-319eca2dcbee,1607899197587:e6cec4f7-9232-4a5b-a9dc-55a9448b8c2f,"size == ""1""","isEmpty == ""True""","peek_obj_type == ""class java.lang.String""","push == ""False""","pop == ""False""","clear == ""True""","calledMethod == ""clear""","size_p == ""1""",Yes
2923,1607899197587:df6bbe85-243f-4dca-8cc7-319eca2dcbee,1607899197587:e6cec4f7-9232-4a5b-a9dc-55a9448b8c2f,"size == ""1""","isEmpty == ""True""","peek_obj_type == ""class java.lang.String""","push == ""False""","pop == ""False""","clear == ""True""","calledMethod == ""clear""","size_p == ""1""",Yes
2925,1607899197587:8cfbd6cf-3d37-474c-b639-2c669fee8138,1607899197587:f52f1bbf-6fdf-4bd2-a092-1bfe9bf44ac0,"size == ""1""","isEmpty == ""True""","peek_obj_type == ""class java.lang.String""","push == ""True""","pop == ""False""","clear == ""False""","calledMethod == ""push""","size_p == ""0""",Yes
2926,1607899197587:8cfbd6cf-3d37-474c-b639-2c669fee8138,1607899197587:f52f1bbf-6fdf-4bd2-a092-1bfe9bf44ac0,"size == ""1""","isEmpty == ""True""","peek_obj_type == ""class java.lang.String""","push == ""False""","pop == ""True""","clear == ""False""","calledMethod == ""pop""","size_p == ""1""",Yes
2928,1607899197587:880692bc-bb38-46d6-b4b0-ee432c35cfbf,1607899197587:9f328c7a-bbf8-4153-b1b8-1052734542df,"size == ""1""","isEmpty == ""True""","peek_obj_type == ""class java.lang.String""","push == ""True""","pop == ""False""","clear == ""False""","calledMethod == ""push""","size_p == ""0""",Yes
2929,1607899197587:880692bc-bb38-46d6-b4b0-ee432c35cfbf,1607899197587:9f328c7a-bbf8-4153-b1b8-1052734542df,"size == ""1""","isEmpty == ""True""","peek_obj_type == ""class java.lang.String""","push == ""False""","pop == ""True""","clear == ""False""","calledMethod == ""pop""","size_p == ""1""",Yes
2931,1607899197587:7e4bcd61-4848-4659-80a7-7ced5ee3497e,1607899197587:97030910-08a6-4cff-813a-648338e57556,"size == ""1""","isEmpty == ""True""","peek_obj_type == ""class java.lang.String""","push == ""True""","pop == ""False""","clear == ""False""","calledMethod == ""push""","size_p == ""0""",Yes
2932,1607899197587:7e4bcd61-4848-4659-80a7-7ced5ee3497e,1607899197587:97030910-08a6-4cff-813a-648338e57556,"size == ""1""","isEmpty == ""True""","peek_obj_type == ""class java.lang.String""","push == ""False""","pop == ""True""","clear == ""False""","calledMethod == ""pop""","size_p == ""1""",Yes
2934,1607899197587:3cd5aba7-4071-436c-98de-a0db8c649e8c,1607899197587:e232dd20-409a-4dd4-a57e-d4983d33c08b,"size == ""1""","isEmpty == ""True""","peek_obj_type == ""class java.lang.String""","push == ""True""","pop == ""False""","clear == ""False""","calledMethod == ""push""","size_p == ""0""",Yes
2935,1607899197587:3cd5aba7-4071-436c-98de-a0db8c649e8c,1607899197587:e232dd20-409a-4dd4-a57e-d4983d33c08b,"size == ""1""","isEmpty == ""True""","peek_obj_type == ""class java.lang.String""","push == ""False""","pop == ""True""","clear == ""False""","calledMethod == ""pop""","size_p == ""1""",Yes
2937,1607899197586:f5479a5a-018c-4644-a7ff-25169c216cf5,1607899197586:bc3562e0-e332-4b69-8921-4a6e25e0bbe2,"size == ""1""","isEmpty == ""True""","peek_obj_type == ""class java.lang.String""","push == ""True""","pop == ""False""","clear == ""False""","calledMethod == ""push""","size_p == ""0""",Yes
2938,1607899197586:f5479a5a-018c-4644-a7ff-25169c216cf5,1607899197586:bc3562e0-e332-4b69-8921-4a6e25e0bbe2,"size == ""1""","isEmpty == ""True""","peek_obj_type == ""class java.lang.String""","push == ""False""","pop == ""True""","clear == ""False""","calledMethod == ""pop""","size_p == ""1""",Yes
2940,1607899197586:d69217f3-af4b-4bff-8fa5-99601c2ebf5a,1607899197586:149e8fa8-8a57-467f-84f8-7219b6e4ffe2,"size == ""1""","isEmpty == ""True""","peek_obj_type == ""class java.lang.String""","push == ""True""","pop == ""False""","clear == ""False""","calledMethod == ""push""","size_p == ""0""",Yes
2941,1607899197586:d69217f3-af4b-4bff-8fa5-99601c2ebf5a,1607899197586:149e8fa8-8a57-467f-84f8-7219b6e4ffe2,"size == ""1""","isEmpty == ""True""","peek_obj_type == ""class java.lang.String""","push == ""False""","pop == ""True""","clear == ""False""","calledMethod == ""pop""","size_p == ""1""",Yes
2943,1607899197586:a1f19c50-5717-4e09-8ba6-dc5397c6b3c6,1607899197586:c86dd7e0-562c-4b8d-ae39-1464e73f5857,"size == ""1""","isEmpty == ""True""","peek_obj_type == ""class java.lang.String""","push == ""True""","pop == ""False""","clear == ""False""","calledMethod == ""push""","size_p == ""0""",Yes
2944,1607899197586:a1f19c50-5717-4e09-8ba6-dc5397c6b3c6,1607899197586:c86dd7e0-562c-4b8d-ae39-1464e73f5857,"size == ""1""","isEmpty == ""True""","peek_obj_type == ""class java.lang.String""","push == ""False""","pop == ""True""","clear == ""False""","calledMethod == ""pop""","size_p == ""1""",Yes
2946,1607899197586:a1f19c50-5717-4e09-8ba6-dc5397c6b3c6,1607899197586:be32b7aa-68fb-4b87-929c-e7a0ea147a0f,"size == ""1""","isEmpty == ""True""","peek_obj_type == ""class java.lang.String""","push == ""True""","pop == ""False""","clear == ""False""","calledMethod == ""push""","size_p == ""0""",Yes
2949,1607899197586:a12f9a14-98fc-4db2-9702-78dfa06c6287,1607899197586:ff5dd4a5-1b63-4f98-9241-3b57281caf5e,"size == ""1""","isEmpty == ""True""","peek_obj_type == ""class java.lang.String""","push == ""True""","pop == ""False""","clear == ""False""","calledMethod == ""push""","size_p == ""0""",Yes
2950,1607899197586:a12f9a14-98fc-4db2-9702-78dfa06c6287,1607899197586:ff5dd4a5-1b63-4f98-9241-3b57281caf5e,"size == ""1""","isEmpty == ""True""","peek_obj_type == ""class java.lang.String""","push == ""False""","pop == ""False""","clear == ""True""","calledMethod == ""clear""","size_p == ""1""",Yes
2951,1607899197586:a12f9a14-98fc-4db2-9702-78dfa06c6287,1607899197586:ff5dd4a5-1b63-4f98-9241-3b57281caf5e,"size == ""1""","isEmpty == ""True""","peek_obj_type == ""class java.lang.String""","push == ""False""","pop == ""False""","clear == ""True""","calledMethod == ""clear""","size_p == ""1""",Yes
2952,1607899197586:a12f9a14-98fc-4db2-9702-78dfa06c6287,1607899197586:ff5dd4a5-1b63-4f98-9241-3b57281caf5e,"size == ""1""","isEmpty == ""True""","peek_obj_type == ""class java.lang.String""","push == ""False""","pop == ""False""","clear == ""True""","calledMethod == ""clear""","size_p == ""1""",Yes
2954,1607899197586:a12f9a14-98fc-4db2-9702-78dfa06c6287,1607899197586:0d8ced9b-2ca9-427f-855c-932d4bb9d5cf,"size == ""1""","isEmpty == ""True""","peek_obj_type == ""class java.lang.String""","push == ""True""","pop == ""False""","clear == ""False""","calledMethod == ""push""","size_p == ""0""",Yes
2955,1607899197586:a12f9a14-98fc-4db2-9702-78dfa06c6287,1607899197586:0d8ced9b-2ca9-427f-855c-932d4bb9d5cf,"size == ""1""","isEmpty == ""True""","peek_obj_type == ""class java.lang.String""","push == ""False""","pop == ""True""","clear == ""False""","calledMethod == ""pop""","size_p == ""1""",Yes
2957,1607899197586:9af9831b-cc71-431b-9a98-5df2d9365ff2,1607899197586:bd39ad22-1f40-4b8e-b99b-f58cc9e0612f,"size == ""1""","isEmpty == ""True""","peek_obj_type == ""class java.lang.String""","push == ""True""","pop == ""False""","clear == ""False""","calledMethod == ""push""","size_p == ""0""",Yes
2958,1607899197586:9af9831b-cc71-431b-9a98-5df2d9365ff2,1607899197586:bd39ad22-1f40-4b8e-b99b-f58cc9e0612f,"size == ""1""","isEmpty == ""True""","peek_obj_type == ""class java.lang.String""","push == ""False""","pop == ""True""","clear == ""False""","calledMethod == ""pop""","size_p == ""1""",Yes
2960,1607899197586:6844f89f-d530-466c-80ee-8bd99743cece,1607899197586:8e5fc692-bf15-49d6-9448-0555e9f199a3,"size == ""1""","isEmpty == ""True""","peek_obj_type == ""class java.lang.String""","push == ""True""","pop == ""False""","clear == ""False""","calledMethod == ""push""","size_p == ""0""",Yes
2961,1607899197586:6844f89f-d530-466c-80ee-8bd99743cece,1607899197586:8e5fc692-bf15-49d6-9448-0555e9f199a3,"size == ""1""","isEmpty == ""True""","peek_obj_type == ""class java.lang.String""","push == ""False""","pop == ""True""","clear == ""False""","calledMethod == ""pop""","size_p == ""1""",Yes
2963,1607899197586:3956372a-d830-4a41-8fd0-dee279142251,1607899197586:97ea1547-90af-4ae1-8766-de525b9476ea,"size == ""1""","isEmpty == ""True""","peek_obj_type == ""class java.lang.String""","push == ""True""","pop == ""False""","clear == ""False""","calledMethod == ""push""","size_p == ""0""",Yes
2964,1607899197586:3956372a-d830-4a41-8fd0-dee279142251,1607899197586:97ea1547-90af-4ae1-8766-de525b9476ea,"size == ""1""","isEmpty == ""True""","peek_obj_type == ""class java.lang.String""","push == ""False""","pop == ""True""","clear == ""False""","calledMethod == ""pop""","size_p == ""1""",Yes
2966,1607899197585:f36ddffe-7d0a-4a7c-8948-a905ecb95b65,1607899197585:fc228d04-a721-4f7f-8279-bcab6a93c61a,"size == ""1""","isEmpty == ""True""","peek_obj_type == ""class java.lang.String""","push == ""True""","pop == ""False""","clear == ""False""","calledMethod == ""push""","size_p == ""0""",Yes
2967,1607899197585:f36ddffe-7d0a-4a7c-8948-a905ecb95b65,1607899197585:fc228d04-a721-4f7f-8279-bcab6a93c61a,"size == ""1""","isEmpty == ""True""","peek_obj_type == ""class java.lang.String""","push == ""False""","pop == ""True""","clear == ""False""","calledMethod == ""pop""","size_p == ""1""",Yes
2969,1607899197585:9cfc0152-69c8-4ee0-b1d4-c7cea8058ae3,1607899197585:12bacdac-d689-41df-9297-fcbdfa203fe3,"size == ""1""","isEmpty == ""True""","peek_obj_type == ""class java.lang.String""","push == ""True""","pop == ""False""","clear == ""False""","calledMethod == ""push""","size_p == ""0""",Yes
2970,1607899197585:9cfc0152-69c8-4ee0-b1d4-c7cea8058ae3,1607899197585:12bacdac-d689-41df-9297-fcbdfa203fe3,"size == ""1""","isEmpty == ""True""","peek_obj_type == ""class java.lang.String""","push == ""False""","pop == ""True""","clear == ""False""","calledMethod == ""pop""","size_p == ""1""",Yes
2972,1607899197585:33ab6582-3a2f-433e-8c19-4f8c95e3fb75,1607899197585:528e5fdc-284d-454b-823c-c412a2bed784,"size == ""1""","isEmpty == ""True""","peek_obj_type == ""class java.lang.String""","push == ""True""","pop == ""False""","clear == ""False""","calledMethod == ""push""","size_p == ""0""",Yes
2973,1607899197585:33ab6582-3a2f-433e-8c19-4f8c95e3fb75,1607899197585:528e5fdc-284d-454b-823c-c412a2bed784,"size == ""1""","isEmpty == ""True""","peek_obj_type == ""class java.lang.String""","push == ""False""","pop == ""True""","clear == ""False""","calledMethod == ""pop""","size_p == ""1""",Yes
2976,1607899197585:33ab6582-3a2f-433e-8c19-4f8c95e3fb75,1607899197585:051fb03e-b673-4d83-8115-9fdf4c82f99a,"size == ""1""","isEmpty == ""True""","peek_obj_type == ""class java.lang.String""","push == ""True""","pop == ""False""","clear == ""False""","calledMethod == ""push""","size_p == ""0""",Yes
2977,1607899197585:33ab6582-3a2f-433e-8c19-4f8c95e3fb75,1607899197585:051fb03e-b673-4d83-8115-9fdf4c82f99a,"size == ""1""","isEmpty == ""True""","peek_obj_type == ""class java.lang.String""","push == ""False""","pop == ""False""","clear == ""True""","calledMethod == ""clear""","size_p == ""1""",Yes
2978,1607899197585:33ab6582-3a2f-433e-8c19-4f8c95e3fb75,1607899197585:051fb03e-b673-4d83-8115-9fdf4c82f99a,"size == ""1""","isEmpty == ""True""","peek_obj_type == ""class java.lang.String""","push == ""False""","pop == ""False""","clear == ""True""","calledMethod == ""clear""","size_p == ""1""",Yes
2979,1607899197585:33ab6582-3a2f-433e-8c19-4f8c95e3fb75,1607899197585:051fb03e-b673-4d83-8115-9fdf4c82f99a,"size == ""1""","isEmpty == ""True""","peek_obj_type == ""class java.lang.String""","push == ""False""","pop == ""False""","clear == ""True""","calledMethod == ""clear""","size_p == ""1""",Yes
2981,1607899197585:1243a705-6207-4fa6-82d4-74ba1bf4df87,1607899197585:f67ff797-b4cd-4129-ad25-57d285deb8cf,"size == ""1""","isEmpty == ""True""","peek_obj_type == ""class java.lang.String""","push == ""True""","pop == ""False""","clear == ""False""","calledMethod == ""push""","size_p == ""0""",Yes
2982,1607899197585:1243a705-6207-4fa6-82d4-74ba1bf4df87,1607899197585:f67ff797-b4cd-4129-ad25-57d285deb8cf,"size == ""1""","isEmpty == ""True""","peek_obj_type == ""class java.lang.String""","push == ""False""","pop == ""True""","clear == ""False""","calledMethod == ""pop""","size_p == ""1""",Yes
2984,1607899197585:0ed0e380-4a22-456c-9d5b-0652bd48e2e1,1607899197585:8cd7f364-cebb-497c-9d92-c654cbdb2d12,"size == ""1""","isEmpty == ""True""","peek_obj_type == ""class java.lang.String""","push == ""True""","pop == ""False""","clear == ""False""","calledMethod == ""push""","size_p == ""0""",Yes
2985,1607899197585:0ed0e380-4a22-456c-9d5b-0652bd48e2e1,1607899197585:8cd7f364-cebb-497c-9d92-c654cbdb2d12,"size == ""1""","isEmpty == ""True""","peek_obj_type == ""class java.lang.String""","push == ""False""","pop == ""True""","clear == ""False""","calledMethod == ""pop""","size_p == ""1""",Yes
2987,1607899197585:043f0d8c-f29d-43e7-90e1-7fe46bb8c8a3,1607899197585:e092bf5f-2fea-40f0-96da-650446f43e9e,"size == ""1""","isEmpty == ""True""","peek_obj_type == ""class java.lang.String""","push == ""True""","pop == ""False""","clear == ""False""","calledMethod == ""push""","size_p == ""0""",Yes
2988,1607899197585:043f0d8c-f29d-43e7-90e1-7fe46bb8c8a3,1607899197585:e092bf5f-2fea-40f0-96da-650446f43e9e,"size == ""1""","isEmpty == ""True""","peek_obj_type == ""class java.lang.String""","push == ""False""","pop == ""True""","clear == ""False""","calledMethod == ""pop""","size_p == ""1""",Yes
2990,1607899197584:b6806f43-2a33-4b21-a1e3-e9c876cdf043,1607899197584:1eafcd72-abbb-486b-a870-de62655842ca,"size == ""1""","isEmpty == ""True""","peek_obj_type == ""class java.lang.String""","push == ""True""","pop == ""False""","clear == ""False""","calledMethod == ""push""","size_p == ""0""",Yes
2991,1607899197584:b6806f43-2a33-4b21-a1e3-e9c876cdf043,1607899197584:1eafcd72-abbb-486b-a870-de62655842ca,"size == ""1""","isEmpty == ""True""","peek_obj_type == ""class java.lang.String""","push == ""False""","pop == ""True""","clear == ""False""","calledMethod == ""pop""","size_p == ""1""",Yes
2993,1607899197584:b608df26-c067-4ceb-b226-2b934d129c9c,1607899197584:72ee7f88-2029-4fd5-bf0f-53a00caa6f11,"size == ""1""","isEmpty == ""True""","peek_obj_type == ""class java.lang.String""","push == ""True""","pop == ""False""","clear == ""False""","calledMethod == ""push""","size_p == ""0""",Yes
2994,1607899197584:b608df26-c067-4ceb-b226-2b934d129c9c,1607899197584:72ee7f88-2029-4fd5-bf0f-53a00caa6f11,"size == ""1""","isEmpty == ""True""","peek_obj_type == ""class java.lang.String""","push == ""False""","pop == ""True""","clear == ""False""","calledMethod == ""pop""","size_p == ""1""",Yes
2996,1607899197584:6f79cbea-cdb1-49d4-b479-d27c5c63e9d2,1607899197584:05991752-0256-4402-a6e1-de1a47a96924,"size == ""1""","isEmpty == ""True""","peek_obj_type == ""class java.lang.String""","push == ""True""","pop == ""False""","clear == ""False""","calledMethod == ""push""","size_p == ""0""",Yes
2997,1607899197584:6f79cbea-cdb1-49d4-b479-d27c5c63e9d2,1607899197584:05991752-0256-4402-a6e1-de1a47a96924,"size == ""1""","isEmpty == ""True""","peek_obj_type == ""class java.lang.String""","push == ""False""","pop == ""True""","clear == ""False""","calledMethod == ""pop""","size_p == ""1""",Yes
3000,1607899197584:6799c885-ddb8-460d-9193-2970d47a6cc3,1607899197584:ccc594a1-fa33-4425-a749-9e4504b94152,"size == ""1""","isEmpty == ""True""","peek_obj_type == ""class java.lang.String""","push == ""True""","pop == ""False""","clear == ""False""","calledMethod == ""push""","size_p == ""0""",Yes
3001,1607899197584:6799c885-ddb8-460d-9193-2970d47a6cc3,1607899197584:ccc594a1-fa33-4425-a749-9e4504b94152,"size == ""1""","isEmpty == ""True""","peek_obj_type == ""class java.lang.String""","push == ""False""","pop == ""True""","clear == ""False""","calledMethod == ""pop""","size_p == ""1""",Yes
3004,1607899197584:2e8143fd-8399-4ff7-8e5d-01cdc5bb2b9b,1607899197584:ef84ebe8-7e58-4de4-9fc6-afe94d5cbe18,"size == ""1""","isEmpty == ""True""","peek_obj_type == ""class java.lang.String""","push == ""True""","pop == ""False""","clear == ""False""","calledMethod == ""push""","size_p == ""0""",Yes
3005,1607899197584:2e8143fd-8399-4ff7-8e5d-01cdc5bb2b9b,1607899197584:ef84ebe8-7e58-4de4-9fc6-afe94d5cbe18,"size == ""1""","isEmpty == ""True""","peek_obj_type == ""class java.lang.String""","push == ""False""","pop == ""False""","clear == ""True""","calledMethod == ""clear""","size_p == ""1""",Yes
3006,1607899197584:2e8143fd-8399-4ff7-8e5d-01cdc5bb2b9b,1607899197584:ef84ebe8-7e58-4de4-9fc6-afe94d5cbe18,"size == ""1""","isEmpty == ""True""","peek_obj_type == ""class java.lang.String""","push == ""False""","pop == ""False""","clear == ""True""","calledMethod == ""clear""","size_p == ""1""",Yes
3007,1607899197584:2e8143fd-8399-4ff7-8e5d-01cdc5bb2b9b,1607899197584:ef84ebe8-7e58-4de4-9fc6-afe94d5cbe18,"size == ""1""","isEmpty == ""True""","peek_obj_type == ""class java.lang.String""","push == ""False""","pop == ""False""","clear == ""True""","calledMethod == ""clear""","size_p == ""1""",Yes
3010,1607899197584:2e8143fd-8399-4ff7-8e5d-01cdc5bb2b9b,1607899197584:725cab6f-cbe5-4477-82c8-75081bf59c71,"size == ""1""","isEmpty == ""True""","peek_obj_type == ""class java.lang.String""","push == ""True""","pop == ""False""","clear == ""False""","calledMethod == ""push""","size_p == ""0""",Yes
3011,1607899197584:2e8143fd-8399-4ff7-8e5d-01cdc5bb2b9b,1607899197584:725cab6f-cbe5-4477-82c8-75081bf59c71,"size == ""1""","isEmpty == ""True""","peek_obj_type == ""class java.lang.String""","push == ""False""","pop == ""False""","clear == ""True""","calledMethod == ""clear""","size_p == ""1""",Yes
3012,1607899197584:2e8143fd-8399-4ff7-8e5d-01cdc5bb2b9b,1607899197584:725cab6f-cbe5-4477-82c8-75081bf59c71,"size == ""1""","isEmpty == ""True""","peek_obj_type == ""class java.lang.String""","push == ""False""","pop == ""False""","clear == ""True""","calledMethod == ""clear""","size_p == ""1""",Yes
3013,1607899197584:2e8143fd-8399-4ff7-8e5d-01cdc5bb2b9b,1607899197584:725cab6f-cbe5-4477-82c8-75081bf59c71,"size == ""1""","isEmpty == ""True""","peek_obj_type == ""class java.lang.String""","push == ""False""","pop == ""False""","clear == ""True""","calledMethod == ""clear""","size_p == ""1""",Yes
3015,1607899197584:2e8143fd-8399-4ff7-8e5d-01cdc5bb2b9b,1607899197584:0113e7e8-2a1e-4973-a00b-2187f40b19f3,"size == ""1""","isEmpty == ""True""","peek_obj_type == ""class java.lang.String""","push == ""True""","pop == ""False""","clear == ""False""","calledMethod == ""push""","size_p == ""0""",Yes
3016,1607899197584:2e8143fd-8399-4ff7-8e5d-01cdc5bb2b9b,1607899197584:0113e7e8-2a1e-4973-a00b-2187f40b19f3,"size == ""1""","isEmpty == ""True""","peek_obj_type == ""class java.lang.String""","push == ""False""","pop == ""True""","clear == ""False""","calledMethod == ""pop""","size_p == ""1""",Yes
3018,1607899197583:ddccf81a-790e-4aac-b423-2ff2707e6689,1607899197583:6a0d048a-d767-49d3-a5fd-951c20edf58c,"size == ""1""","isEmpty == ""True""","peek_obj_type == ""class java.lang.String""","push == ""True""","pop == ""False""","clear == ""False""","calledMethod == ""push""","size_p == ""0""",Yes
3019,1607899197583:ddccf81a-790e-4aac-b423-2ff2707e6689,1607899197583:6a0d048a-d767-49d3-a5fd-951c20edf58c,"size == ""1""","isEmpty == ""True""","peek_obj_type == ""class java.lang.String""","push == ""False""","pop == ""True""","clear == ""False""","calledMethod == ""pop""","size_p == ""1""",Yes
3021,1607899197583:9c69aac9-b179-44e9-98ee-dbb75e4ae7fe,1607899197583:8b10871c-a137-4754-b684-84edd23bad08,"size == ""1""","isEmpty == ""True""","peek_obj_type == ""class java.lang.String""","push == ""True""","pop == ""False""","clear == ""False""","calledMethod == ""push""","size_p == ""0""",Yes
3022,1607899197583:9c69aac9-b179-44e9-98ee-dbb75e4ae7fe,1607899197583:8b10871c-a137-4754-b684-84edd23bad08,"size == ""1""","isEmpty == ""True""","peek_obj_type == ""class java.lang.String""","push == ""False""","pop == ""True""","clear == ""False""","calledMethod == ""pop""","size_p == ""1""",Yes
3024,1607899197583:50dcc990-9724-4466-9030-25e215897522,1607899197583:8319b0c7-3f94-4e5d-b973-ba544337f7b0,"size == ""1""","isEmpty == ""True""","peek_obj_type == ""class java.lang.String""","push == ""True""","pop == ""False""","clear == ""False""","calledMethod == ""push""","size_p == ""0""",Yes
3025,1607899197583:50dcc990-9724-4466-9030-25e215897522,1607899197583:8319b0c7-3f94-4e5d-b973-ba544337f7b0,"size == ""1""","isEmpty == ""True""","peek_obj_type == ""class java.lang.String""","push == ""False""","pop == ""True""","clear == ""False""","calledMethod == ""pop""","size_p == ""1""",Yes
3027,1607899197583:50dcc990-9724-4466-9030-25e215897522,1607899197583:4dba995c-e0b8-4ed4-9493-f476f84e3fe6,"size == ""1""","isEmpty == ""True""","peek_obj_type == ""class java.lang.String""","push == ""True""","pop == ""False""","clear == ""False""","calledMethod == ""push""","size_p == ""0""",Yes
3029,1607899197583:42c9fac0-2173-4577-83f2-ef92c9703310,1607899197583:b4de097c-7f2d-4e83-97c0-5d3af929db98,"size == ""1""","isEmpty == ""True""","peek_obj_type == ""class java.lang.String""","push == ""True""","pop == ""False""","clear == ""False""","calledMethod == ""push""","size_p == ""0""",Yes
3030,1607899197583:42c9fac0-2173-4577-83f2-ef92c9703310,1607899197583:b4de097c-7f2d-4e83-97c0-5d3af929db98,"size == ""1""","isEmpty == ""True""","peek_obj_type == ""class java.lang.String""","push == ""False""","pop == ""True""","clear == ""False""","calledMethod == ""pop""","size_p == ""1""",Yes
3032,1607899197583:42c9fac0-2173-4577-83f2-ef92c9703310,1607899197583:8ee51992-c379-47ee-baab-0c62949f641b,"size == ""1""","isEmpty == ""True""","peek_obj_type == ""class java.lang.String""","push == ""True""","pop == ""False""","clear == ""False""","calledMethod == ""push""","size_p == ""0""",Yes
3035,1607899197583:10509669-9019-4b71-bcee-b65763a2f6dd,1607899197583:3ecdcd19-796e-4970-848f-30813d845d4d,"size == ""1""","isEmpty == ""True""","peek_obj_type == ""class java.lang.String""","push == ""True""","pop == ""False""","clear == ""False""","calledMethod == ""push""","size_p == ""0""",Yes
3036,1607899197583:10509669-9019-4b71-bcee-b65763a2f6dd,1607899197583:3ecdcd19-796e-4970-848f-30813d845d4d,"size == ""1""","isEmpty == ""True""","peek_obj_type == ""class java.lang.String""","push == ""False""","pop == ""True""","clear == ""False""","calledMethod == ""pop""","size_p == ""1""",Yes
3038,1607899197583:0bb4e5e7-4925-4485-95e4-da4e9eaa25d7,1607899197583:ca3c52da-e681-43b2-bb37-85e37f665d67,"size == ""1""","isEmpty == ""True""","peek_obj_type == ""class java.lang.String""","push == ""True""","pop == ""False""","clear == ""False""","calledMethod == ""push""","size_p == ""0""",Yes
3040,1607899197583:0bb4e5e7-4925-4485-95e4-da4e9eaa25d7,1607899197583:c49fe89c-7ae6-4c24-9df0-b38cc1a87828,"size == ""1""","isEmpty == ""True""","peek_obj_type == ""class java.lang.String""","push == ""True""","pop == ""False""","clear == ""False""","calledMethod == ""push""","size_p == ""0""",Yes
3041,1607899197583:0bb4e5e7-4925-4485-95e4-da4e9eaa25d7,1607899197583:c49fe89c-7ae6-4c24-9df0-b38cc1a87828,"size == ""2""","isEmpty == ""True""","peek_obj_type == ""class java.lang.String""","push == ""True""","pop == ""False""","clear == ""False""","calledMethod == ""push""","size_p == ""1""",Yes
3042,1607899197583:0bb4e5e7-4925-4485-95e4-da4e9eaa25d7,1607899197583:c49fe89c-7ae6-4c24-9df0-b38cc1a87828,"size == ""3""","isEmpty == ""True""","peek_obj_type == ""class java.lang.String""","push == ""True""","pop == ""False""","clear == ""False""","calledMethod == ""push""","size_p == ""2""",Yes
3043,1607899197583:0bb4e5e7-4925-4485-95e4-da4e9eaa25d7,1607899197583:c49fe89c-7ae6-4c24-9df0-b38cc1a87828,"size == ""3""","isEmpty == ""True""","peek_obj_type == ""class java.lang.String""","push == ""False""","pop == ""False""","clear == ""True""","calledMethod == ""clear""","size_p == ""3""",Yes
3045,1607899197583:0bb4e5e7-4925-4485-95e4-da4e9eaa25d7,1607899197583:1ce0b835-36da-4388-a1f8-d1a3a24de84a,"size == ""1""","isEmpty == ""True""","peek_obj_type == ""class java.lang.String""","push == ""True""","pop == ""False""","clear == ""False""","calledMethod == ""push""","size_p == ""0""",Yes
3046,1607899197583:0bb4e5e7-4925-4485-95e4-da4e9eaa25d7,1607899197583:1ce0b835-36da-4388-a1f8-d1a3a24de84a,"size == ""1""","isEmpty == ""True""","peek_obj_type == ""class java.lang.String""","push == ""False""","pop == ""True""","clear == ""False""","calledMethod == ""pop""","size_p == ""1""",Yes
3048,1607899197582:eef96124-92a0-4424-ad6c-cf915a889f43,1607899197582:374b869e-a22a-4e59-a14d-da8790246702,"size == ""1""","isEmpty == ""True""","peek_obj_type == ""class java.lang.String""","push == ""True""","pop == ""False""","clear == ""False""","calledMethod == ""push""","size_p == ""0""",Yes
3049,1607899197582:eef96124-92a0-4424-ad6c-cf915a889f43,1607899197582:374b869e-a22a-4e59-a14d-da8790246702,"size == ""1""","isEmpty == ""True""","peek_obj_type == ""class java.lang.String""","push == ""False""","pop == ""True""","clear == ""False""","calledMethod == ""pop""","size_p == ""1""",Yes
3052,1607899197582:eef96124-92a0-4424-ad6c-cf915a889f43,1607899197582:33f805d5-9059-4970-917d-cd62f220b759,"size == ""1""","isEmpty == ""True""","peek_obj_type == ""class java.lang.String""","push == ""True""","pop == ""False""","clear == ""False""","calledMethod == ""push""","size_p == ""0""",Yes
3053,1607899197582:eef96124-92a0-4424-ad6c-cf915a889f43,1607899197582:33f805d5-9059-4970-917d-cd62f220b759,"size == ""1""","isEmpty == ""True""","peek_obj_type == ""class java.lang.String""","push == ""False""","pop == ""False""","clear == ""True""","calledMethod == ""clear""","size_p == ""1""",Yes
3054,1607899197582:eef96124-92a0-4424-ad6c-cf915a889f43,1607899197582:33f805d5-9059-4970-917d-cd62f220b759,"size == ""1""","isEmpty == ""True""","peek_obj_type == ""class java.lang.String""","push == ""False""","pop == ""False""","clear == ""True""","calledMethod == ""clear""","size_p == ""1""",Yes
3055,1607899197582:eef96124-92a0-4424-ad6c-cf915a889f43,1607899197582:33f805d5-9059-4970-917d-cd62f220b759,"size == ""1""","isEmpty == ""True""","peek_obj_type == ""class java.lang.String""","push == ""False""","pop == ""False""","clear == ""True""","calledMethod == ""clear""","size_p == ""1""",Yes
3057,1607899197582:72a24cda-0d93-4842-bde2-4c50f4f8820b,1607899197582:df2d25ee-3e05-4df2-a34d-bca6e78289d9,"size == ""1""","isEmpty == ""True""","peek_obj_type == ""class java.lang.String""","push == ""True""","pop == ""False""","clear == ""False""","calledMethod == ""push""","size_p == ""0""",Yes
3058,1607899197582:72a24cda-0d93-4842-bde2-4c50f4f8820b,1607899197582:df2d25ee-3e05-4df2-a34d-bca6e78289d9,"size == ""1""","isEmpty == ""True""","peek_obj_type == ""class java.lang.String""","push == ""False""","pop == ""True""","clear == ""False""","calledMethod == ""pop""","size_p == ""1""",Yes
3060,1607899197582:69690618-7877-4e0c-92fe-f02a7e92bcfd,1607899197582:db1eb22b-1e2d-43b9-a7cb-2f487b0b69e6,"size == ""1""","isEmpty == ""True""","peek_obj_type == ""class java.lang.String""","push == ""True""","pop == ""False""","clear == ""False""","calledMethod == ""push""","size_p == ""0""",Yes
3061,1607899197582:69690618-7877-4e0c-92fe-f02a7e92bcfd,1607899197582:db1eb22b-1e2d-43b9-a7cb-2f487b0b69e6,"size == ""1""","isEmpty == ""True""","peek_obj_type == ""class java.lang.String""","push == ""False""","pop == ""True""","clear == ""False""","calledMethod == ""pop""","size_p == ""1""",Yes
3063,1607899197582:69690618-7877-4e0c-92fe-f02a7e92bcfd,1607899197582:8ddbbdf0-3fae-4889-afc4-49285e9e9cb1,"size == ""1""","isEmpty == ""True""","peek_obj_type == ""class java.lang.String""","push == ""True""","pop == ""False""","clear == ""False""","calledMethod == ""push""","size_p == ""0""",Yes
3065,1607899197582:3d260fb5-979e-49c6-983e-01478ff2484e,1607899197582:ef35ea13-e16f-496b-8274-8ed70973ee68,"size == ""1""","isEmpty == ""True""","peek_obj_type == ""class java.lang.String""","push == ""True""","pop == ""False""","clear == ""False""","calledMethod == ""push""","size_p == ""0""",Yes
3066,1607899197582:3d260fb5-979e-49c6-983e-01478ff2484e,1607899197582:ef35ea13-e16f-496b-8274-8ed70973ee68,"size == ""2""","isEmpty == ""True""","peek_obj_type == ""class java.lang.String""","push == ""True""","pop == ""False""","clear == ""False""","calledMethod == ""push""","size_p == ""1""",Yes
3068,1607899197582:3d260fb5-979e-49c6-983e-01478ff2484e,1607899197582:36304916-03ab-4282-90de-9efbf531f8d1,"size == ""1""","isEmpty == ""True""","peek_obj_type == ""class java.lang.String""","push == ""True""","pop == ""False""","clear == ""False""","calledMethod == ""push""","size_p == ""0""",Yes
3069,1607899197582:3d260fb5-979e-49c6-983e-01478ff2484e,1607899197582:36304916-03ab-4282-90de-9efbf531f8d1,"size == ""1""","isEmpty == ""True""","peek_obj_type == ""class java.lang.String""","push == ""False""","pop == ""True""","clear == ""False""","calledMethod == ""pop""","size_p == ""1""",Yes
3071,1607899197582:2ff50a64-68a3-4a47-89f2-c44cef2f0485,1607899197582:73441935-2df9-4e8c-ad1e-284973769bbe,"size == ""1""","isEmpty == ""True""","peek_obj_type == ""class java.lang.String""","push == ""True""","pop == ""False""","clear == ""False""","calledMethod == ""push""","size_p == ""0""",Yes
3072,1607899197582:2ff50a64-68a3-4a47-89f2-c44cef2f0485,1607899197582:73441935-2df9-4e8c-ad1e-284973769bbe,"size == ""1""","isEmpty == ""True""","peek_obj_type == ""class java.lang.String""","push == ""False""","pop == ""True""","clear == ""False""","calledMethod == ""pop""","size_p == ""1""",Yes
3074,1607899197582:1922f8ca-5ad3-47ce-a534-f8d5b2b08df9,1607899197582:34160675-6122-4856-9506-df26159a9511,"size == ""1""","isEmpty == ""True""","peek_obj_type == ""class java.lang.String""","push == ""True""","pop == ""False""","clear == ""False""","calledMethod == ""push""","size_p == ""0""",Yes
3075,1607899197582:1922f8ca-5ad3-47ce-a534-f8d5b2b08df9,1607899197582:34160675-6122-4856-9506-df26159a9511,"size == ""1""","isEmpty == ""True""","peek_obj_type == ""class java.lang.String""","push == ""False""","pop == ""True""","clear == ""False""","calledMethod == ""pop""","size_p == ""1""",Yes
3077,1607899197581:ee21e0c6-110c-4916-ba61-8daa5df10086,1607899197581:0f4f1759-1840-4b9a-96ef-4bc6c7748fd5,"size == ""1""","isEmpty == ""True""","peek_obj_type == ""class java.lang.String""","push == ""True""","pop == ""False""","clear == ""False""","calledMethod == ""push""","size_p == ""0""",Yes
3078,1607899197581:ee21e0c6-110c-4916-ba61-8daa5df10086,1607899197581:0f4f1759-1840-4b9a-96ef-4bc6c7748fd5,"size == ""1""","isEmpty == ""True""","peek_obj_type == ""class java.lang.String""","push == ""False""","pop == ""True""","clear == ""False""","calledMethod == ""pop""","size_p == ""1""",Yes
3080,1607899197581:ea7a3d91-f78a-4729-8d51-56e02cc79432,1607899197581:bb59be5d-e250-4be6-863a-e291a88b396e,"size == ""1""","isEmpty == ""True""","peek_obj_type == ""class java.lang.String""","push == ""True""","pop == ""False""","clear == ""False""","calledMethod == ""push""","size_p == ""0""",Yes
3081,1607899197581:ea7a3d91-f78a-4729-8d51-56e02cc79432,1607899197581:bb59be5d-e250-4be6-863a-e291a88b396e,"size == ""2""","isEmpty == ""True""","peek_obj_type == ""class java.lang.String""","push == ""True""","pop == ""False""","clear == ""False""","calledMethod == ""push""","size_p == ""1""",Yes
3083,1607899197581:ea7a3d91-f78a-4729-8d51-56e02cc79432,1607899197581:67c54a89-9fbf-4e95-bf5f-fa4143747ee9,"size == ""1""","isEmpty == ""True""","peek_obj_type == ""class java.lang.String""","push == ""True""","pop == ""False""","clear == ""False""","calledMethod == ""push""","size_p == ""0""",Yes
3084,1607899197581:ea7a3d91-f78a-4729-8d51-56e02cc79432,1607899197581:67c54a89-9fbf-4e95-bf5f-fa4143747ee9,"size == ""1""","isEmpty == ""True""","peek_obj_type == ""class java.lang.String""","push == ""False""","pop == ""True""","clear == ""False""","calledMethod == ""pop""","size_p == ""1""",Yes
3086,1607899197581:dcbda201-55b9-4319-b979-523b0c903b8f,1607899197581:8ac41ac5-91ce-4b29-a7e9-1109347c6dc0,"size == ""1""","isEmpty == ""True""","peek_obj_type == ""class java.lang.String""","push == ""True""","pop == ""False""","clear == ""False""","calledMethod == ""push""","size_p == ""0""",Yes
3087,1607899197581:dcbda201-55b9-4319-b979-523b0c903b8f,1607899197581:8ac41ac5-91ce-4b29-a7e9-1109347c6dc0,"size == ""1""","isEmpty == ""True""","peek_obj_type == ""class java.lang.String""","push == ""False""","pop == ""True""","clear == ""False""","calledMethod == ""pop""","size_p == ""1""",Yes
3089,1607899197581:77ed66cf-0e19-43ab-a193-878fda27e465,1607899197581:de2a11a3-4197-49f4-8d79-9177ce475b02,"size == ""1""","isEmpty == ""True""","peek_obj_type == ""class java.lang.String""","push == ""True""","pop == ""False""","clear == ""False""","calledMethod == ""push""","size_p == ""0""",Yes
3090,1607899197581:77ed66cf-0e19-43ab-a193-878fda27e465,1607899197581:de2a11a3-4197-49f4-8d79-9177ce475b02,"size == ""1""","isEmpty == ""True""","peek_obj_type == ""class java.lang.String""","push == ""False""","pop == ""True""","clear == ""False""","calledMethod == ""pop""","size_p == ""1""",Yes
3092,1607899197581:485e084d-6ace-49ee-9ae8-cdee76d892cf,1607899197581:e0769f5f-4e78-4df5-830c-80194733a9e9,"size == ""1""","isEmpty == ""True""","peek_obj_type == ""class java.lang.String""","push == ""True""","pop == ""False""","clear == ""False""","calledMethod == ""push""","size_p == ""0""",Yes
3093,1607899197581:485e084d-6ace-49ee-9ae8-cdee76d892cf,1607899197581:e0769f5f-4e78-4df5-830c-80194733a9e9,"size == ""1""","isEmpty == ""True""","peek_obj_type == ""class java.lang.String""","push == ""False""","pop == ""True""","clear == ""False""","calledMethod == ""pop""","size_p == ""1""",Yes
3095,1607899197581:485e084d-6ace-49ee-9ae8-cdee76d892cf,1607899197581:04826232-6fad-4980-aa9c-caaf6ec2dfbf,"size == ""1""","isEmpty == ""True""","peek_obj_type == ""class java.lang.String""","push == ""True""","pop == ""False""","clear == ""False""","calledMethod == ""push""","size_p == ""0""",Yes
3097,1607899197581:3fb50603-908e-45b6-87ca-ba0f6676cdf9,1607899197581:a285b57e-8cbd-4fbe-a32b-899ae82e197b,"size == ""1""","isEmpty == ""True""","peek_obj_type == ""class java.lang.String""","push == ""True""","pop == ""False""","clear == ""False""","calledMethod == ""push""","size_p == ""0""",Yes
3098,1607899197581:3fb50603-908e-45b6-87ca-ba0f6676cdf9,1607899197581:a285b57e-8cbd-4fbe-a32b-899ae82e197b,"size == ""1""","isEmpty == ""True""","peek_obj_type == ""class java.lang.String""","push == ""False""","pop == ""True""","clear == ""False""","calledMethod == ""pop""","size_p == ""1""",Yes
3100,1607899197581:3fb50603-908e-45b6-87ca-ba0f6676cdf9,1607899197581:63e9dca7-daff-40ae-ad7f-dc98e9f8fd83,"size == ""1""","isEmpty == ""True""","peek_obj_type == ""class java.lang.String""","push == ""True""","pop == ""False""","clear == ""False""","calledMethod == ""push""","size_p == ""0""",Yes
3102,1607899197580:f0676d07-aa77-464c-80b1-697f87f7dc8a,1607899197580:9ab0753b-d673-4957-8f60-c342be9fa727,"size == ""1""","isEmpty == ""True""","peek_obj_type == ""class java.lang.String""","push == ""True""","pop == ""False""","clear == ""False""","calledMethod == ""push""","size_p == ""0""",Yes
3103,1607899197580:f0676d07-aa77-464c-80b1-697f87f7dc8a,1607899197580:9ab0753b-d673-4957-8f60-c342be9fa727,"size == ""1""","isEmpty == ""True""","peek_obj_type == ""class java.lang.String""","push == ""False""","pop == ""True""","clear == ""False""","calledMethod == ""pop""","size_p == ""1""",Yes
3106,1607899197580:f0676d07-aa77-464c-80b1-697f87f7dc8a,1607899197580:92d8b0fb-a986-48b0-b6bc-7111f0f4d72e,"size == ""1""","isEmpty == ""True""","peek_obj_type == ""class java.lang.String""","push == ""True""","pop == ""False""","clear == ""False""","calledMethod == ""push""","size_p == ""0""",Yes
3107,1607899197580:f0676d07-aa77-464c-80b1-697f87f7dc8a,1607899197580:92d8b0fb-a986-48b0-b6bc-7111f0f4d72e,"size == ""1""","isEmpty == ""True""","peek_obj_type == ""class java.lang.String""","push == ""False""","pop == ""False""","clear == ""True""","calledMethod == ""clear""","size_p == ""1""",Yes
3108,1607899197580:f0676d07-aa77-464c-80b1-697f87f7dc8a,1607899197580:92d8b0fb-a986-48b0-b6bc-7111f0f4d72e,"size == ""1""","isEmpty == ""True""","peek_obj_type == ""class java.lang.String""","push == ""False""","pop == ""False""","clear == ""True""","calledMethod == ""clear""","size_p == ""1""",Yes
3109,1607899197580:f0676d07-aa77-464c-80b1-697f87f7dc8a,1607899197580:92d8b0fb-a986-48b0-b6bc-7111f0f4d72e,"size == ""1""","isEmpty == ""True""","peek_obj_type == ""class java.lang.String""","push == ""False""","pop == ""False""","clear == ""True""","calledMethod == ""clear""","size_p == ""1""",Yes
3112,1607899197580:c3f93d76-3aad-4bdd-a28e-64083062c35f,1607899197580:cc441975-4c83-4974-9104-65694dfd7f12,"size == ""1""","isEmpty == ""True""","peek_obj_type == ""class java.lang.String""","push == ""True""","pop == ""False""","clear == ""False""","calledMethod == ""push""","size_p == ""0""",Yes
3113,1607899197580:c3f93d76-3aad-4bdd-a28e-64083062c35f,1607899197580:cc441975-4c83-4974-9104-65694dfd7f12,"size == ""1""","isEmpty == ""True""","peek_obj_type == ""class java.lang.String""","push == ""False""","pop == ""False""","clear == ""True""","calledMethod == ""clear""","size_p == ""1""",Yes
3114,1607899197580:c3f93d76-3aad-4bdd-a28e-64083062c35f,1607899197580:cc441975-4c83-4974-9104-65694dfd7f12,"size == ""1""","isEmpty == ""True""","peek_obj_type == ""class java.lang.String""","push == ""False""","pop == ""False""","clear == ""True""","calledMethod == ""clear""","size_p == ""1""",Yes
3115,1607899197580:c3f93d76-3aad-4bdd-a28e-64083062c35f,1607899197580:cc441975-4c83-4974-9104-65694dfd7f12,"size == ""1""","isEmpty == ""True""","peek_obj_type == ""class java.lang.String""","push == ""False""","pop == ""False""","clear == ""True""","calledMethod == ""clear""","size_p == ""1""",Yes
3117,1607899197580:c3f93d76-3aad-4bdd-a28e-64083062c35f,1607899197580:30b6fcef-d6b6-411d-979d-12611295e38f,"size == ""1""","isEmpty == ""True""","peek_obj_type == ""class java.lang.String""","push == ""True""","pop == ""False""","clear == ""False""","calledMethod == ""push""","size_p == ""0""",Yes
3118,1607899197580:c3f93d76-3aad-4bdd-a28e-64083062c35f,1607899197580:30b6fcef-d6b6-411d-979d-12611295e38f,"size == ""1""","isEmpty == ""True""","peek_obj_type == ""class java.lang.String""","push == ""False""","pop == ""True""","clear == ""False""","calledMethod == ""pop""","size_p == ""1""",Yes
3120,1607899197580:b52e4a8e-9327-4df3-93cd-ab11233b1f2f,1607899197580:a550c116-e958-4fec-a483-421ed6230c4a,"size == ""1""","isEmpty == ""True""","peek_obj_type == ""class java.lang.String""","push == ""True""","pop == ""False""","clear == ""False""","calledMethod == ""push""","size_p == ""0""",Yes
3121,1607899197580:b52e4a8e-9327-4df3-93cd-ab11233b1f2f,1607899197580:a550c116-e958-4fec-a483-421ed6230c4a,"size == ""1""","isEmpty == ""True""","peek_obj_type == ""class java.lang.String""","push == ""False""","pop == ""True""","clear == ""False""","calledMethod == ""pop""","size_p == ""1""",Yes
3123,1607899197580:7cf64483-00c4-4450-a426-60fd5b9793b9,1607899197580:33495c55-b26b-49af-82b1-0e41fb73416d,"size == ""1""","isEmpty == ""True""","peek_obj_type == ""class java.lang.String""","push == ""True""","pop == ""False""","clear == ""False""","calledMethod == ""push""","size_p == ""0""",Yes
3124,1607899197580:7cf64483-00c4-4450-a426-60fd5b9793b9,1607899197580:33495c55-b26b-49af-82b1-0e41fb73416d,"size == ""1""","isEmpty == ""True""","peek_obj_type == ""class java.lang.String""","push == ""False""","pop == ""True""","clear == ""False""","calledMethod == ""pop""","size_p == ""1""",Yes
3126,1607899197580:578d9f6e-f70c-4447-8c33-fa2f9fab92ee,1607899197580:a5dc5545-14d5-43b5-9e78-368dd611ef46,"size == ""1""","isEmpty == ""True""","peek_obj_type == ""class java.lang.String""","push == ""True""","pop == ""False""","clear == ""False""","calledMethod == ""push""","size_p == ""0""",Yes
3127,1607899197580:578d9f6e-f70c-4447-8c33-fa2f9fab92ee,1607899197580:a5dc5545-14d5-43b5-9e78-368dd611ef46,"size == ""1""","isEmpty == ""True""","peek_obj_type == ""class java.lang.String""","push == ""False""","pop == ""True""","clear == ""False""","calledMethod == ""pop""","size_p == ""1""",Yes
3129,1607899197580:3347f90f-4e0d-457f-b7f3-e38e869fe6a9,1607899197580:2dae61b1-09ab-4dec-bec7-24a011258b11,"size == ""1""","isEmpty == ""True""","peek_obj_type == ""class java.lang.String""","push == ""True""","pop == ""False""","clear == ""False""","calledMethod == ""push""","size_p == ""0""",Yes
3130,1607899197580:3347f90f-4e0d-457f-b7f3-e38e869fe6a9,1607899197580:2dae61b1-09ab-4dec-bec7-24a011258b11,"size == ""2""","isEmpty == ""True""","peek_obj_type == ""class java.lang.String""","push == ""True""","pop == ""False""","clear == ""False""","calledMethod == ""push""","size_p == ""1""",Yes
3132,1607899197580:3347f90f-4e0d-457f-b7f3-e38e869fe6a9,1607899197580:14ad94a1-87ee-46b8-ac9c-f66cec7b363e,"size == ""1""","isEmpty == ""True""","peek_obj_type == ""class java.lang.String""","push == ""True""","pop == ""False""","clear == ""False""","calledMethod == ""push""","size_p == ""0""",Yes
3133,1607899197580:3347f90f-4e0d-457f-b7f3-e38e869fe6a9,1607899197580:14ad94a1-87ee-46b8-ac9c-f66cec7b363e,"size == ""1""","isEmpty == ""True""","peek_obj_type == ""class java.lang.String""","push == ""False""","pop == ""True""","clear == ""False""","calledMethod == ""pop""","size_p == ""1""",Yes
3135,1607899197579:d41faae8-234e-480b-9116-c6dd3e1effa4,1607899197579:1b891347-b98b-4518-8eb0-68d50556ebf8,"size == ""1""","isEmpty == ""True""","peek_obj_type == ""class java.lang.String""","push == ""True""","pop == ""False""","clear == ""False""","calledMethod == ""push""","size_p == ""0""",Yes
3136,1607899197579:d41faae8-234e-480b-9116-c6dd3e1effa4,1607899197579:1b891347-b98b-4518-8eb0-68d50556ebf8,"size == ""1""","isEmpty == ""True""","peek_obj_type == ""class java.lang.String""","push == ""False""","pop == ""True""","clear == ""False""","calledMethod == ""pop""","size_p == ""1""",Yes
3139,1607899197579:cff21421-e4f6-4c12-a5ee-0fdd54c0d979,1607899197579:f8abf12f-6b87-4e4f-a51b-867d54ab2f69,"size == ""1""","isEmpty == ""True""","peek_obj_type == ""class java.lang.String""","push == ""True""","pop == ""False""","clear == ""False""","calledMethod == ""push""","size_p == ""0""",Yes
3140,1607899197579:cff21421-e4f6-4c12-a5ee-0fdd54c0d979,1607899197579:f8abf12f-6b87-4e4f-a51b-867d54ab2f69,"size == ""1""","isEmpty == ""True""","peek_obj_type == ""class java.lang.String""","push == ""False""","pop == ""True""","clear == ""False""","calledMethod == ""pop""","size_p == ""1""",Yes
3142,1607899197579:b5fbd0c8-3022-4ef4-a4d5-ddefe7b4e787,1607899197579:b430ed84-ca60-439f-be46-86dba363038e,"size == ""1""","isEmpty == ""True""","peek_obj_type == ""class java.lang.String""","push == ""True""","pop == ""False""","clear == ""False""","calledMethod == ""push""","size_p == ""0""",Yes
3143,1607899197579:b5fbd0c8-3022-4ef4-a4d5-ddefe7b4e787,1607899197579:b430ed84-ca60-439f-be46-86dba363038e,"size == ""1""","isEmpty == ""True""","peek_obj_type == ""class java.lang.String""","push == ""False""","pop == ""True""","clear == ""False""","calledMethod == ""pop""","size_p == ""1""",Yes
3146,1607899197579:46d5202a-61e9-42a3-83de-3b16c659fe6e,1607899197579:ab662b6d-b7bc-4374-a042-fcb485f2f7c1,"size == ""1""","isEmpty == ""True""","peek_obj_type == ""class java.lang.String""","push == ""True""","pop == ""False""","clear == ""False""","calledMethod == ""push""","size_p == ""0""",Yes
3147,1607899197579:46d5202a-61e9-42a3-83de-3b16c659fe6e,1607899197579:ab662b6d-b7bc-4374-a042-fcb485f2f7c1,"size == ""1""","isEmpty == ""True""","peek_obj_type == ""class java.lang.String""","push == ""False""","pop == ""False""","clear == ""True""","calledMethod == ""clear""","size_p == ""1""",Yes
3148,1607899197579:46d5202a-61e9-42a3-83de-3b16c659fe6e,1607899197579:ab662b6d-b7bc-4374-a042-fcb485f2f7c1,"size == ""1""","isEmpty == ""True""","peek_obj_type == ""class java.lang.String""","push == ""False""","pop == ""False""","clear == ""True""","calledMethod == ""clear""","size_p == ""1""",Yes
3149,1607899197579:46d5202a-61e9-42a3-83de-3b16c659fe6e,1607899197579:ab662b6d-b7bc-4374-a042-fcb485f2f7c1,"size == ""1""","isEmpty == ""True""","peek_obj_type == ""class java.lang.String""","push == ""False""","pop == ""False""","clear == ""True""","calledMethod == ""clear""","size_p == ""1""",Yes
3151,1607899197579:46d5202a-61e9-42a3-83de-3b16c659fe6e,1607899197579:68cbf86b-e6ef-4103-8b93-3fd53c241e92,"size == ""1""","isEmpty == ""True""","peek_obj_type == ""class java.lang.String""","push == ""True""","pop == ""False""","clear == ""False""","calledMethod == ""push""","size_p == ""0""",Yes
3152,1607899197579:46d5202a-61e9-42a3-83de-3b16c659fe6e,1607899197579:68cbf86b-e6ef-4103-8b93-3fd53c241e92,"size == ""1""","isEmpty == ""True""","peek_obj_type == ""class java.lang.String""","push == ""False""","pop == ""True""","clear == ""False""","calledMethod == ""pop""","size_p == ""1""",Yes
3154,1607899197579:03715d7b-3d63-4277-a5f9-08310baab335,1607899197579:1320024c-c0c3-426d-a848-d22f494df02c,"size == ""1""","isEmpty == ""True""","peek_obj_type == ""class java.lang.String""","push == ""True""","pop == ""False""","clear == ""False""","calledMethod == ""push""","size_p == ""0""",Yes
3155,1607899197579:03715d7b-3d63-4277-a5f9-08310baab335,1607899197579:1320024c-c0c3-426d-a848-d22f494df02c,"size == ""1""","isEmpty == ""True""","peek_obj_type == ""class java.lang.String""","push == ""False""","pop == ""True""","clear == ""False""","calledMethod == ""pop""","size_p == ""1""",Yes
3157,1607899197578:f28df11f-f8dd-41bf-a084-dc3378217079,1607899197578:fdf7d1c5-22b8-4b14-ba22-97297d345888,"size == ""1""","isEmpty == ""True""","peek_obj_type == ""class java.lang.String""","push == ""True""","pop == ""False""","clear == ""False""","calledMethod == ""push""","size_p == ""0""",Yes
3158,1607899197578:f28df11f-f8dd-41bf-a084-dc3378217079,1607899197578:fdf7d1c5-22b8-4b14-ba22-97297d345888,"size == ""1""","isEmpty == ""True""","peek_obj_type == ""class java.lang.String""","push == ""False""","pop == ""True""","clear == ""False""","calledMethod == ""pop""","size_p == ""1""",Yes
3160,1607899197578:a11921a0-3e03-4d01-bd16-9251dee09ab8,1607899197579:d6f1806f-afb0-4781-a680-6583c3d35e0f,"size == ""1""","isEmpty == ""True""","peek_obj_type == ""class java.lang.String""","push == ""True""","pop == ""False""","clear == ""False""","calledMethod == ""push""","size_p == ""0""",Yes
3162,1607899197578:a11921a0-3e03-4d01-bd16-9251dee09ab8,1607899197579:a87e27a5-7769-4586-a043-778260ea0e2c,"size == ""1""","isEmpty == ""True""","peek_obj_type == ""class java.lang.String""","push == ""True""","pop == ""False""","clear == ""False""","calledMethod == ""push""","size_p == ""0""",Yes
3163,1607899197578:a11921a0-3e03-4d01-bd16-9251dee09ab8,1607899197579:a87e27a5-7769-4586-a043-778260ea0e2c,"size == ""1""","isEmpty == ""True""","peek_obj_type == ""class java.lang.String""","push == ""False""","pop == ""True""","clear == ""False""","calledMethod == ""pop""","size_p == ""1""",Yes
3167,1607899197578:a11921a0-3e03-4d01-bd16-9251dee09ab8,1607899197578:83f1c21a-21dd-4b5b-8da3-1c91a86e8816,"size == ""1""","isEmpty == ""True""","peek_obj_type == ""class java.lang.String""","push == ""True""","pop == ""False""","clear == ""False""","calledMethod == ""push""","size_p == ""0""",Yes
3168,1607899197578:a11921a0-3e03-4d01-bd16-9251dee09ab8,1607899197578:83f1c21a-21dd-4b5b-8da3-1c91a86e8816,"size == ""1""","isEmpty == ""True""","peek_obj_type == ""class java.lang.String""","push == ""False""","pop == ""False""","clear == ""True""","calledMethod == ""clear""","size_p == ""1""",Yes
3169,1607899197578:a11921a0-3e03-4d01-bd16-9251dee09ab8,1607899197578:83f1c21a-21dd-4b5b-8da3-1c91a86e8816,"size == ""1""","isEmpty == ""True""","peek_obj_type == ""class java.lang.String""","push == ""False""","pop == ""False""","clear == ""True""","calledMethod == ""clear""","size_p == ""1""",Yes
3170,1607899197578:a11921a0-3e03-4d01-bd16-9251dee09ab8,1607899197578:83f1c21a-21dd-4b5b-8da3-1c91a86e8816,"size == ""1""","isEmpty == ""True""","peek_obj_type == ""class java.lang.String""","push == ""False""","pop == ""False""","clear == ""True""","calledMethod == ""clear""","size_p == ""1""",Yes
3172,1607899197578:697b4a41-ba4b-4629-b46d-c2f165c7a122,1607899197578:dbd63fcf-0741-4922-97c8-e2d0aa06d341,"size == ""1""","isEmpty == ""True""","peek_obj_type == ""class java.lang.String""","push == ""True""","pop == ""False""","clear == ""False""","calledMethod == ""push""","size_p == ""0""",Yes
3173,1607899197578:697b4a41-ba4b-4629-b46d-c2f165c7a122,1607899197578:dbd63fcf-0741-4922-97c8-e2d0aa06d341,"size == ""1""","isEmpty == ""True""","peek_obj_type == ""class java.lang.String""","push == ""False""","pop == ""True""","clear == ""False""","calledMethod == ""pop""","size_p == ""1""",Yes
3175,1607899197578:697b4a41-ba4b-4629-b46d-c2f165c7a122,1607899197578:ca9d590d-49bb-46a2-92a2-65e57554a7de,"size == ""1""","isEmpty == ""True""","peek_obj_type == ""class java.lang.String""","push == ""True""","pop == ""False""","clear == ""False""","calledMethod == ""push""","size_p == ""0""",Yes
3176,1607899197578:697b4a41-ba4b-4629-b46d-c2f165c7a122,1607899197578:ca9d590d-49bb-46a2-92a2-65e57554a7de,"size == ""2""","isEmpty == ""True""","peek_obj_type == ""class java.lang.String""","push == ""True""","pop == ""False""","clear == ""False""","calledMethod == ""push""","size_p == ""1""",Yes
3178,1607899197578:63265599-7123-400d-ae55-9d91c806b5c0,1607899197578:c9e47936-5751-4f1d-bdfb-c308de153d12,"size == ""1""","isEmpty == ""True""","peek_obj_type == ""class java.lang.String""","push == ""True""","pop == ""False""","clear == ""False""","calledMethod == ""push""","size_p == ""0""",Yes
3179,1607899197578:63265599-7123-400d-ae55-9d91c806b5c0,1607899197578:c9e47936-5751-4f1d-bdfb-c308de153d12,"size == ""1""","isEmpty == ""True""","peek_obj_type == ""class java.lang.String""","push == ""False""","pop == ""True""","clear == ""False""","calledMethod == ""pop""","size_p == ""1""",Yes
3181,1607899197578:6177be7b-cc7e-4678-aa55-0c61a44452a2,1607899197578:1296c6ed-752c-4538-927d-70509ad18e49,"size == ""1""","isEmpty == ""True""","peek_obj_type == ""class java.lang.String""","push == ""True""","pop == ""False""","clear == ""False""","calledMethod == ""push""","size_p == ""0""",Yes
3182,1607899197578:6177be7b-cc7e-4678-aa55-0c61a44452a2,1607899197578:1296c6ed-752c-4538-927d-70509ad18e49,"size == ""1""","isEmpty == ""True""","peek_obj_type == ""class java.lang.String""","push == ""False""","pop == ""True""","clear == ""False""","calledMethod == ""pop""","size_p == ""1""",Yes
3184,1607899197578:347cf06b-7749-4c11-a025-8c67cc39bc1e,1607899197578:ba9332fc-22b5-47f7-bf12-24e5d3bcf66d,"size == ""1""","isEmpty == ""True""","peek_obj_type == ""class java.lang.String""","push == ""True""","pop == ""False""","clear == ""False""","calledMethod == ""push""","size_p == ""0""",Yes
3185,1607899197578:347cf06b-7749-4c11-a025-8c67cc39bc1e,1607899197578:ba9332fc-22b5-47f7-bf12-24e5d3bcf66d,"size == ""1""","isEmpty == ""True""","peek_obj_type == ""class java.lang.String""","push == ""False""","pop == ""True""","clear == ""False""","calledMethod == ""pop""","size_p == ""1""",Yes
3187,1607899197578:1d6c1b99-06ee-496e-9e17-35ac64741b89,1607899197578:7230a99b-aff9-4dc4-95b3-0c252b54e593,"size == ""1""","isEmpty == ""True""","peek_obj_type == ""class java.lang.String""","push == ""True""","pop == ""False""","clear == ""False""","calledMethod == ""push""","size_p == ""0""",Yes
3188,1607899197578:1d6c1b99-06ee-496e-9e17-35ac64741b89,1607899197578:7230a99b-aff9-4dc4-95b3-0c252b54e593,"size == ""1""","isEmpty == ""True""","peek_obj_type == ""class java.lang.String""","push == ""False""","pop == ""True""","clear == ""False""","calledMethod == ""pop""","size_p == ""1""",Yes
3191,1607899197578:1d6c1b99-06ee-496e-9e17-35ac64741b89,1607899197578:5e4128d2-1ef1-44f7-9fbc-a6ed18c668bb,"size == ""1""","isEmpty == ""True""","peek_obj_type == ""class java.lang.String""","push == ""True""","pop == ""False""","clear == ""False""","calledMethod == ""push""","size_p == ""0""",Yes
3192,1607899197578:1d6c1b99-06ee-496e-9e17-35ac64741b89,1607899197578:5e4128d2-1ef1-44f7-9fbc-a6ed18c668bb,"size == ""1""","isEmpty == ""True""","peek_obj_type == ""class java.lang.String""","push == ""False""","pop == ""False""","clear == ""True""","calledMethod == ""clear""","size_p == ""1""",Yes
3193,1607899197578:1d6c1b99-06ee-496e-9e17-35ac64741b89,1607899197578:5e4128d2-1ef1-44f7-9fbc-a6ed18c668bb,"size == ""1""","isEmpty == ""True""","peek_obj_type == ""class java.lang.String""","push == ""False""","pop == ""False""","clear == ""True""","calledMethod == ""clear""","size_p == ""1""",Yes
3194,1607899197578:1d6c1b99-06ee-496e-9e17-35ac64741b89,1607899197578:5e4128d2-1ef1-44f7-9fbc-a6ed18c668bb,"size == ""1""","isEmpty == ""True""","peek_obj_type == ""class java.lang.String""","push == ""False""","pop == ""False""","clear == ""True""","calledMethod == ""clear""","size_p == ""1""",Yes
3196,1607899197577:bff3d809-4fcd-4aa0-b559-c42ce81af888,1607899197577:ce222a75-a081-4ac9-a6cf-1ee0db71bed5,"size == ""1""","isEmpty == ""True""","peek_obj_type == ""class java.lang.String""","push == ""True""","pop == ""False""","clear == ""False""","calledMethod == ""push""","size_p == ""0""",Yes
3197,1607899197577:bff3d809-4fcd-4aa0-b559-c42ce81af888,1607899197577:ce222a75-a081-4ac9-a6cf-1ee0db71bed5,"size == ""1""","isEmpty == ""True""","peek_obj_type == ""class java.lang.String""","push == ""False""","pop == ""True""","clear == ""False""","calledMethod == ""pop""","size_p == ""1""",Yes
3200,1607899197577:bff3d809-4fcd-4aa0-b559-c42ce81af888,1607899197577:c86940ec-e89b-4559-bfa7-64156697f359,"size == ""1""","isEmpty == ""True""","peek_obj_type == ""class java.lang.String""","push == ""True""","pop == ""False""","clear == ""False""","calledMethod == ""push""","size_p == ""0""",Yes
3201,1607899197577:bff3d809-4fcd-4aa0-b559-c42ce81af888,1607899197577:c86940ec-e89b-4559-bfa7-64156697f359,"size == ""1""","isEmpty == ""True""","peek_obj_type == ""class java.lang.String""","push == ""False""","pop == ""False""","clear == ""True""","calledMethod == ""clear""","size_p == ""1""",Yes
3203,1607899197577:b30a1194-366d-470c-b5b8-6c9688856365,1607899197577:f06885e2-dbe3-4b4b-a6a6-17995dbadf12,"size == ""1""","isEmpty == ""True""","peek_obj_type == ""class java.lang.String""","push == ""True""","pop == ""False""","clear == ""False""","calledMethod == ""push""","size_p == ""0""",Yes
3204,1607899197577:b30a1194-366d-470c-b5b8-6c9688856365,1607899197577:f06885e2-dbe3-4b4b-a6a6-17995dbadf12,"size == ""1""","isEmpty == ""True""","peek_obj_type == ""class java.lang.String""","push == ""False""","pop == ""True""","clear == ""False""","calledMethod == ""pop""","size_p == ""1""",Yes
3206,1607899197577:a54dc8d5-3fea-4abc-929b-98e136635214,1607899197577:332f099c-9e94-4948-b10a-15b9c45f880e,"size == ""1""","isEmpty == ""True""","peek_obj_type == ""class java.lang.String""","push == ""True""","pop == ""False""","clear == ""False""","calledMethod == ""push""","size_p == ""0""",Yes
3207,1607899197577:a54dc8d5-3fea-4abc-929b-98e136635214,1607899197577:332f099c-9e94-4948-b10a-15b9c45f880e,"size == ""1""","isEmpty == ""True""","peek_obj_type == ""class java.lang.String""","push == ""False""","pop == ""True""","clear == ""False""","calledMethod == ""pop""","size_p == ""1""",Yes
3209,1607899197577:3f969051-c53b-4f4e-ba8b-4a074666e549,1607899197577:70808ce7-1a24-4f19-8d93-a79a6a731dc4,"size == ""1""","isEmpty == ""True""","peek_obj_type == ""class java.lang.String""","push == ""True""","pop == ""False""","clear == ""False""","calledMethod == ""push""","size_p == ""0""",Yes
3210,1607899197577:3f969051-c53b-4f4e-ba8b-4a074666e549,1607899197577:70808ce7-1a24-4f19-8d93-a79a6a731dc4,"size == ""1""","isEmpty == ""True""","peek_obj_type == ""class java.lang.String""","push == ""False""","pop == ""True""","clear == ""False""","calledMethod == ""pop""","size_p == ""1""",Yes
3212,1607899197577:363b6b0f-8a27-440c-a639-5468c8e6930c,1607899197577:4a34bf04-8b7c-438b-9c59-a1d484e8dc21,"size == ""1""","isEmpty == ""True""","peek_obj_type == ""class java.lang.String""","push == ""True""","pop == ""False""","clear == ""False""","calledMethod == ""push""","size_p == ""0""",Yes
3213,1607899197577:363b6b0f-8a27-440c-a639-5468c8e6930c,1607899197577:4a34bf04-8b7c-438b-9c59-a1d484e8dc21,"size == ""1""","isEmpty == ""True""","peek_obj_type == ""class java.lang.String""","push == ""False""","pop == ""True""","clear == ""False""","calledMethod == ""pop""","size_p == ""1""",Yes
3215,1607899197577:2d0ebe2d-e48a-4c9a-940c-803cc1c4c16f,1607899197577:fb484f36-c411-4d54-aa02-de167f0705ef,"size == ""1""","isEmpty == ""True""","peek_obj_type == ""class java.lang.String""","push == ""True""","pop == ""False""","clear == ""False""","calledMethod == ""push""","size_p == ""0""",Yes
3216,1607899197577:2d0ebe2d-e48a-4c9a-940c-803cc1c4c16f,1607899197577:fb484f36-c411-4d54-aa02-de167f0705ef,"size == ""1""","isEmpty == ""True""","peek_obj_type == ""class java.lang.String""","push == ""False""","pop == ""True""","clear == ""False""","calledMethod == ""pop""","size_p == ""1""",Yes
3218,1607899197577:2d0ebe2d-e48a-4c9a-940c-803cc1c4c16f,1607899197577:55f070ad-5592-487a-b533-afd242f325bf,"size == ""1""","isEmpty == ""True""","peek_obj_type == ""class java.lang.String""","push == ""True""","pop == ""False""","clear == ""False""","calledMethod == ""push""","size_p == ""0""",Yes
3220,1607899197577:0c986bbc-aded-49e3-bf76-7479efec7a82,1607899197577:12d6b55c-6eb2-4272-a20d-3f7badcf7e28,"size == ""1""","isEmpty == ""True""","peek_obj_type == ""class java.lang.String""","push == ""True""","pop == ""False""","clear == ""False""","calledMethod == ""push""","size_p == ""0""",Yes
3221,1607899197577:0c986bbc-aded-49e3-bf76-7479efec7a82,1607899197577:12d6b55c-6eb2-4272-a20d-3f7badcf7e28,"size == ""1""","isEmpty == ""True""","peek_obj_type == ""class java.lang.String""","push == ""False""","pop == ""True""","clear == ""False""","calledMethod == ""pop""","size_p == ""1""",Yes
3223,1607899197576:b6f01195-c637-4440-8094-e4928d55389d,1607899197576:089437d8-c709-4709-89d4-52c0c2273973,"size == ""1""","isEmpty == ""True""","peek_obj_type == ""class java.lang.String""","push == ""True""","pop == ""False""","clear == ""False""","calledMethod == ""push""","size_p == ""0""",Yes
3224,1607899197576:b6f01195-c637-4440-8094-e4928d55389d,1607899197576:089437d8-c709-4709-89d4-52c0c2273973,"size == ""1""","isEmpty == ""True""","peek_obj_type == ""class java.lang.String""","push == ""False""","pop == ""True""","clear == ""False""","calledMethod == ""pop""","size_p == ""1""",Yes
3227,1607899197576:a93e142c-67ea-43b6-a88a-0bee0895b8c1,1607899197576:16eb1984-07b1-498d-8c2c-3b5fca938719,"size == ""1""","isEmpty == ""True""","peek_obj_type == ""class java.lang.String""","push == ""True""","pop == ""False""","clear == ""False""","calledMethod == ""push""","size_p == ""0""",Yes
3229,1607899197576:a93e142c-67ea-43b6-a88a-0bee0895b8c1,1607899197576:05420090-5446-4056-b73f-5a0048b464be,"size == ""1""","isEmpty == ""True""","peek_obj_type == ""class java.lang.String""","push == ""True""","pop == ""False""","clear == ""False""","calledMethod == ""push""","size_p == ""0""",Yes
3230,1607899197576:a93e142c-67ea-43b6-a88a-0bee0895b8c1,1607899197576:05420090-5446-4056-b73f-5a0048b464be,"size == ""1""","isEmpty == ""True""","peek_obj_type == ""class java.lang.String""","push == ""False""","pop == ""True""","clear == ""False""","calledMethod == ""pop""","size_p == ""1""",Yes
3232,1607899197576:81946f05-068f-4ae3-92aa-5483e64ac6bb,1607899197576:070b429c-a6bb-4f71-ac99-e1ae2f1fc065,"size == ""1""","isEmpty == ""True""","peek_obj_type == ""class java.lang.String""","push == ""True""","pop == ""False""","clear == ""False""","calledMethod == ""push""","size_p == ""0""",Yes
3233,1607899197576:81946f05-068f-4ae3-92aa-5483e64ac6bb,1607899197576:070b429c-a6bb-4f71-ac99-e1ae2f1fc065,"size == ""1""","isEmpty == ""True""","peek_obj_type == ""class java.lang.String""","push == ""False""","pop == ""True""","clear == ""False""","calledMethod == ""pop""","size_p == ""1""",Yes
3236,1607899197576:759b3f08-15da-42d7-a8d4-88c5df70b224,1607899197576:c29c8f8f-9a8f-47ba-9dd9-bb71c453aa78,"size == ""1""","isEmpty == ""True""","peek_obj_type == ""class java.lang.String""","push == ""True""","pop == ""False""","clear == ""False""","calledMethod == ""push""","size_p == ""0""",Yes
3237,1607899197576:759b3f08-15da-42d7-a8d4-88c5df70b224,1607899197576:c29c8f8f-9a8f-47ba-9dd9-bb71c453aa78,"size == ""1""","isEmpty == ""True""","peek_obj_type == ""class java.lang.String""","push == ""False""","pop == ""True""","clear == ""False""","calledMethod == ""pop""","size_p == ""1""",Yes
3239,1607899197576:759b3f08-15da-42d7-a8d4-88c5df70b224,1607899197576:82ee662d-8b7d-429b-884f-809aadd458fe,"size == ""1""","isEmpty == ""True""","peek_obj_type == ""class java.lang.String""","push == ""True""","pop == ""False""","clear == ""False""","calledMethod == ""push""","size_p == ""0""",Yes
3240,1607899197576:759b3f08-15da-42d7-a8d4-88c5df70b224,1607899197576:82ee662d-8b7d-429b-884f-809aadd458fe,"size == ""2""","isEmpty == ""True""","peek_obj_type == ""class java.lang.String""","push == ""True""","pop == ""False""","clear == ""False""","calledMethod == ""push""","size_p == ""1""",Yes
3241,1607899197576:759b3f08-15da-42d7-a8d4-88c5df70b224,1607899197576:82ee662d-8b7d-429b-884f-809aadd458fe,"size == ""3""","isEmpty == ""True""","peek_obj_type == ""class java.lang.String""","push == ""True""","pop == ""False""","clear == ""False""","calledMethod == ""push""","size_p == ""2""",Yes
3243,1607899197576:4aafd86b-7e7d-4385-9dca-19286eb25a0f,1607899197576:e9b2e064-1d5d-42f2-9dc9-bd0dbad3c1f6,"size == ""1""","isEmpty == ""True""","peek_obj_type == ""class java.lang.String""","push == ""True""","pop == ""False""","clear == ""False""","calledMethod == ""push""","size_p == ""0""",Yes
3244,1607899197576:4aafd86b-7e7d-4385-9dca-19286eb25a0f,1607899197576:e9b2e064-1d5d-42f2-9dc9-bd0dbad3c1f6,"size == ""1""","isEmpty == ""True""","peek_obj_type == ""class java.lang.String""","push == ""False""","pop == ""True""","clear == ""False""","calledMethod == ""pop""","size_p == ""1""",Yes
3246,1607899197575:fe64d3c1-431a-478a-badf-e50a3b37a5ef,1607899197575:363e497f-2b28-4be7-852e-ac60e8055e79,"size == ""1""","isEmpty == ""True""","peek_obj_type == ""class java.lang.String""","push == ""True""","pop == ""False""","clear == ""False""","calledMethod == ""push""","size_p == ""0""",Yes
3247,1607899197575:fe64d3c1-431a-478a-badf-e50a3b37a5ef,1607899197575:363e497f-2b28-4be7-852e-ac60e8055e79,"size == ""1""","isEmpty == ""True""","peek_obj_type == ""class java.lang.String""","push == ""False""","pop == ""True""","clear == ""False""","calledMethod == ""pop""","size_p == ""1""",Yes
3249,1607899197575:efd6dcc3-911c-47e3-81af-585426646b4c,1607899197575:d388ff42-4d0e-4aca-aa03-53273498a3f1,"size == ""1""","isEmpty == ""True""","peek_obj_type == ""class java.lang.String""","push == ""True""","pop == ""False""","clear == ""False""","calledMethod == ""push""","size_p == ""0""",Yes
3250,1607899197575:efd6dcc3-911c-47e3-81af-585426646b4c,1607899197575:d388ff42-4d0e-4aca-aa03-53273498a3f1,"size == ""1""","isEmpty == ""True""","peek_obj_type == ""class java.lang.String""","push == ""False""","pop == ""True""","clear == ""False""","calledMethod == ""pop""","size_p == ""1""",Yes
3252,1607899197575:b87211d9-73f5-4f7d-b604-8bd505ad5e5f,1607899197575:9442895f-0cfd-497e-b159-f0bb4331cbdc,"size == ""1""","isEmpty == ""True""","peek_obj_type == ""class java.lang.String""","push == ""True""","pop == ""False""","clear == ""False""","calledMethod == ""push""","size_p == ""0""",Yes
3253,1607899197575:b87211d9-73f5-4f7d-b604-8bd505ad5e5f,1607899197575:9442895f-0cfd-497e-b159-f0bb4331cbdc,"size == ""2""","isEmpty == ""True""","peek_obj_type == ""class java.lang.String""","push == ""True""","pop == ""False""","clear == ""False""","calledMethod == ""push""","size_p == ""1""",Yes
3254,1607899197575:b87211d9-73f5-4f7d-b604-8bd505ad5e5f,1607899197575:9442895f-0cfd-497e-b159-f0bb4331cbdc,"size == ""3""","isEmpty == ""True""","peek_obj_type == ""class java.lang.String""","push == ""True""","pop == ""False""","clear == ""False""","calledMethod == ""push""","size_p == ""2""",Yes
3256,1607899197575:b87211d9-73f5-4f7d-b604-8bd505ad5e5f,1607899197575:90cc6a37-ac80-4360-8c61-f5fb9c311755,"size == ""1""","isEmpty == ""True""","peek_obj_type == ""class java.lang.String""","push == ""True""","pop == ""False""","clear == ""False""","calledMethod == ""push""","size_p == ""0""",Yes
3257,1607899197575:b87211d9-73f5-4f7d-b604-8bd505ad5e5f,1607899197575:90cc6a37-ac80-4360-8c61-f5fb9c311755,"size == ""1""","isEmpty == ""True""","peek_obj_type == ""class java.lang.String""","push == ""False""","pop == ""True""","clear == ""False""","calledMethod == ""pop""","size_p == ""1""",Yes
3259,1607899197575:b4417f8b-4cb6-450c-821b-6e26d8e01d2d,1607899197575:d3c3b582-c2e2-4ed4-8fed-183dc737f3c0,"size == ""1""","isEmpty == ""True""","peek_obj_type == ""class java.lang.String""","push == ""True""","pop == ""False""","clear == ""False""","calledMethod == ""push""","size_p == ""0""",Yes
3260,1607899197575:b4417f8b-4cb6-450c-821b-6e26d8e01d2d,1607899197575:d3c3b582-c2e2-4ed4-8fed-183dc737f3c0,"size == ""1""","isEmpty == ""True""","peek_obj_type == ""class java.lang.String""","push == ""False""","pop == ""True""","clear == ""False""","calledMethod == ""pop""","size_p == ""1""",Yes
3262,1607899197575:8d454d5f-d0a7-4d71-9815-46ddabd5a2ff,1607899197575:eb8fcd7c-0edc-4855-bfb0-aa5234e07a6a,"size == ""1""","isEmpty == ""True""","peek_obj_type == ""class java.lang.String""","push == ""True""","pop == ""False""","clear == ""False""","calledMethod == ""push""","size_p == ""0""",Yes
3264,1607899197575:8d454d5f-d0a7-4d71-9815-46ddabd5a2ff,1607899197575:945d48da-8e8c-4bd2-87aa-a83fd6c51c74,"size == ""1""","isEmpty == ""True""","peek_obj_type == ""class java.lang.String""","push == ""True""","pop == ""False""","clear == ""False""","calledMethod == ""push""","size_p == ""0""",Yes
3265,1607899197575:8d454d5f-d0a7-4d71-9815-46ddabd5a2ff,1607899197575:945d48da-8e8c-4bd2-87aa-a83fd6c51c74,"size == ""1""","isEmpty == ""True""","peek_obj_type == ""class java.lang.String""","push == ""False""","pop == ""True""","clear == ""False""","calledMethod == ""pop""","size_p == ""1""",Yes
3268,1607899197575:78c8b7ba-32d2-43d3-b63f-206d969dae69,1607899197575:b7f2fd4e-0b3b-47e5-b7e3-1faaa64430bf,"size == ""1""","isEmpty == ""True""","peek_obj_type == ""class java.lang.String""","push == ""True""","pop == ""False""","clear == ""False""","calledMethod == ""push""","size_p == ""0""",Yes
3269,1607899197575:78c8b7ba-32d2-43d3-b63f-206d969dae69,1607899197575:b7f2fd4e-0b3b-47e5-b7e3-1faaa64430bf,"size == ""2""","isEmpty == ""True""","peek_obj_type == ""class java.lang.String""","push == ""True""","pop == ""False""","clear == ""False""","calledMethod == ""push""","size_p == ""1""",Yes
3270,1607899197575:78c8b7ba-32d2-43d3-b63f-206d969dae69,1607899197575:b7f2fd4e-0b3b-47e5-b7e3-1faaa64430bf,"size == ""3""","isEmpty == ""True""","peek_obj_type == ""class java.lang.String""","push == ""True""","pop == ""False""","clear == ""False""","calledMethod == ""push""","size_p == ""2""",Yes
3271,1607899197575:78c8b7ba-32d2-43d3-b63f-206d969dae69,1607899197575:b7f2fd4e-0b3b-47e5-b7e3-1faaa64430bf,"size == ""3""","isEmpty == ""True""","peek_obj_type == ""class java.lang.String""","push == ""False""","pop == ""True""","clear == ""False""","calledMethod == ""pop""","size_p == ""3""",Yes
3273,1607899197574:c98c3fbf-db69-4ab7-83fa-45224c010a2f,1607899197574:e9bd0a53-a1b6-4151-9855-d8ef4d7c5a7e,"size == ""1""","isEmpty == ""True""","peek_obj_type == ""class java.lang.String""","push == ""True""","pop == ""False""","clear == ""False""","calledMethod == ""push""","size_p == ""0""",Yes
3274,1607899197574:c98c3fbf-db69-4ab7-83fa-45224c010a2f,1607899197574:e9bd0a53-a1b6-4151-9855-d8ef4d7c5a7e,"size == ""1""","isEmpty == ""True""","peek_obj_type == ""class java.lang.String""","push == ""False""","pop == ""True""","clear == ""False""","calledMethod == ""pop""","size_p == ""1""",Yes
3276,1607899197574:b7f69252-3832-4bc7-9757-c2969fca83bf,1607899197574:7df0d964-27d9-4cb2-b0bd-adc530624d96,"size == ""1""","isEmpty == ""True""","peek_obj_type == ""class java.lang.String""","push == ""True""","pop == ""False""","clear == ""False""","calledMethod == ""push""","size_p == ""0""",Yes
3277,1607899197574:b7f69252-3832-4bc7-9757-c2969fca83bf,1607899197574:7df0d964-27d9-4cb2-b0bd-adc530624d96,"size == ""1""","isEmpty == ""True""","peek_obj_type == ""class java.lang.String""","push == ""False""","pop == ""True""","clear == ""False""","calledMethod == ""pop""","size_p == ""1""",Yes
3279,1607899197574:a33f13f3-f964-4c27-a860-b6a1203f5a84,1607899197574:5cf872ad-541b-4808-89bd-b1ac72adb88a,"size == ""1""","isEmpty == ""True""","peek_obj_type == ""class java.lang.String""","push == ""True""","pop == ""False""","clear == ""False""","calledMethod == ""push""","size_p == ""0""",Yes
3280,1607899197574:a33f13f3-f964-4c27-a860-b6a1203f5a84,1607899197574:5cf872ad-541b-4808-89bd-b1ac72adb88a,"size == ""1""","isEmpty == ""True""","peek_obj_type == ""class java.lang.String""","push == ""False""","pop == ""True""","clear == ""False""","calledMethod == ""pop""","size_p == ""1""",Yes
3282,1607899197574:5f76a31b-762a-48c8-af69-f9d699eb548c,1607899197574:c1e7c74c-b3ca-49dd-b5c9-61ac99181e38,"size == ""1""","isEmpty == ""True""","peek_obj_type == ""class java.lang.String""","push == ""True""","pop == ""False""","clear == ""False""","calledMethod == ""push""","size_p == ""0""",Yes
3283,1607899197574:5f76a31b-762a-48c8-af69-f9d699eb548c,1607899197574:c1e7c74c-b3ca-49dd-b5c9-61ac99181e38,"size == ""1""","isEmpty == ""True""","peek_obj_type == ""class java.lang.String""","push == ""False""","pop == ""True""","clear == ""False""","calledMethod == ""pop""","size_p == ""1""",Yes
3285,1607899197574:2cb34cb9-eda5-4373-bb15-69c1e6539d8d,1607899197574:7be2ca0f-ba55-4fd7-ac9e-5bbf8364290f,"size == ""1""","isEmpty == ""True""","peek_obj_type == ""class java.lang.String""","push == ""True""","pop == ""False""","clear == ""False""","calledMethod == ""push""","size_p == ""0""",Yes
3286,1607899197574:2cb34cb9-eda5-4373-bb15-69c1e6539d8d,1607899197574:7be2ca0f-ba55-4fd7-ac9e-5bbf8364290f,"size == ""1""","isEmpty == ""True""","peek_obj_type == ""class java.lang.String""","push == ""False""","pop == ""True""","clear == ""False""","calledMethod == ""pop""","size_p == ""1""",Yes
3288,1607899197574:2cb34cb9-eda5-4373-bb15-69c1e6539d8d,1607899197574:4eb4faae-c39b-4d27-b885-807de6cf7a2f,"size == ""1""","isEmpty == ""True""","peek_obj_type == ""class java.lang.String""","push == ""True""","pop == ""False""","clear == ""False""","calledMethod == ""push""","size_p == ""0""",Yes
3290,1607899197574:0b3c16d7-6d85-47cb-8feb-dd841d84b994,1607899197574:f63eb54b-4f55-42af-ba4b-43175d427293,"size == ""1""","isEmpty == ""True""","peek_obj_type == ""class java.lang.String""","push == ""True""","pop == ""False""","clear == ""False""","calledMethod == ""push""","size_p == ""0""",Yes
3291,1607899197574:0b3c16d7-6d85-47cb-8feb-dd841d84b994,1607899197574:f63eb54b-4f55-42af-ba4b-43175d427293,"size == ""1""","isEmpty == ""True""","peek_obj_type == ""class java.lang.String""","push == ""False""","pop == ""True""","clear == ""False""","calledMethod == ""pop""","size_p == ""1""",Yes
3293,1607899197574:0b3c16d7-6d85-47cb-8feb-dd841d84b994,1607899197574:899d8b37-fbcd-4345-b38d-a11182ddca49,"size == ""1""","isEmpty == ""True""","peek_obj_type == ""class java.lang.String""","push == ""True""","pop == ""False""","clear == ""False""","calledMethod == ""push""","size_p == ""0""",Yes
3294,1607899197574:0b3c16d7-6d85-47cb-8feb-dd841d84b994,1607899197574:899d8b37-fbcd-4345-b38d-a11182ddca49,"size == ""2""","isEmpty == ""True""","peek_obj_type == ""class java.lang.String""","push == ""True""","pop == ""False""","clear == ""False""","calledMethod == ""push""","size_p == ""1""",Yes
3297,1607899197573:fb50b6c3-6202-44ec-8812-1fac78f52675,1607899197573:4318f42c-5527-4886-ae3f-d4748ca5b4b8,"size == ""1""","isEmpty == ""True""","peek_obj_type == ""class java.lang.String""","push == ""True""","pop == ""False""","clear == ""False""","calledMethod == ""push""","size_p == ""0""",Yes
3298,1607899197573:fb50b6c3-6202-44ec-8812-1fac78f52675,1607899197573:4318f42c-5527-4886-ae3f-d4748ca5b4b8,"size == ""1""","isEmpty == ""True""","peek_obj_type == ""class java.lang.String""","push == ""False""","pop == ""True""","clear == ""False""","calledMethod == ""pop""","size_p == ""1""",Yes
3300,1607899197573:a1237607-d93f-47e2-9121-bcf278799318,1607899197573:4035af14-efc2-46ea-a45e-1f0e216411da,"size == ""1""","isEmpty == ""True""","peek_obj_type == ""class java.lang.String""","push == ""True""","pop == ""False""","clear == ""False""","calledMethod == ""push""","size_p == ""0""",Yes
3301,1607899197573:a1237607-d93f-47e2-9121-bcf278799318,1607899197573:4035af14-efc2-46ea-a45e-1f0e216411da,"size == ""1""","isEmpty == ""True""","peek_obj_type == ""class java.lang.String""","push == ""False""","pop == ""True""","clear == ""False""","calledMethod == ""pop""","size_p == ""1""",Yes
3303,1607899197573:74e1025a-788d-4d75-9ec4-b6c76846d477,1607899197573:cd373833-af34-4cba-8f72-689865786fea,"size == ""1""","isEmpty == ""True""","peek_obj_type == ""class java.lang.String""","push == ""True""","pop == ""False""","clear == ""False""","calledMethod == ""push""","size_p == ""0""",Yes
3304,1607899197573:74e1025a-788d-4d75-9ec4-b6c76846d477,1607899197573:cd373833-af34-4cba-8f72-689865786fea,"size == ""1""","isEmpty == ""True""","peek_obj_type == ""class java.lang.String""","push == ""False""","pop == ""True""","clear == ""False""","calledMethod == ""pop""","size_p == ""1""",Yes
3307,1607899197573:74e1025a-788d-4d75-9ec4-b6c76846d477,1607899197573:02bf46ff-2496-4bef-ba6d-72154391b93b,"size == ""1""","isEmpty == ""True""","peek_obj_type == ""class java.lang.String""","push == ""True""","pop == ""False""","clear == ""False""","calledMethod == ""push""","size_p == ""0""",Yes
3308,1607899197573:74e1025a-788d-4d75-9ec4-b6c76846d477,1607899197573:02bf46ff-2496-4bef-ba6d-72154391b93b,"size == ""1""","isEmpty == ""True""","peek_obj_type == ""class java.lang.String""","push == ""False""","pop == ""False""","clear == ""True""","calledMethod == ""clear""","size_p == ""1""",Yes
3310,1607899197573:323d3cae-d1bb-43fd-9b83-0597027aa530,1607899197573:9e37b99c-4d6b-4481-8b42-ca77e3d4020c,"size == ""1""","isEmpty == ""True""","peek_obj_type == ""class java.lang.String""","push == ""True""","pop == ""False""","clear == ""False""","calledMethod == ""push""","size_p == ""0""",Yes
3311,1607899197573:323d3cae-d1bb-43fd-9b83-0597027aa530,1607899197573:9e37b99c-4d6b-4481-8b42-ca77e3d4020c,"size == ""1""","isEmpty == ""True""","peek_obj_type == ""class java.lang.String""","push == ""False""","pop == ""True""","clear == ""False""","calledMethod == ""pop""","size_p == ""1""",Yes
3313,1607899197572:9fed4635-18e6-4021-99ad-f3d27e52b2bf,1607899197572:40ea56aa-04a4-4679-8bd9-f3e2d05ef611,"size == ""1""","isEmpty == ""True""","peek_obj_type == ""class java.lang.String""","push == ""True""","pop == ""False""","clear == ""False""","calledMethod == ""push""","size_p == ""0""",Yes
3314,1607899197572:9fed4635-18e6-4021-99ad-f3d27e52b2bf,1607899197572:40ea56aa-04a4-4679-8bd9-f3e2d05ef611,"size == ""1""","isEmpty == ""True""","peek_obj_type == ""class java.lang.String""","push == ""False""","pop == ""True""","clear == ""False""","calledMethod == ""pop""","size_p == ""1""",Yes
3316,1607899197572:8b5bb4ff-7edd-432a-9ab5-0da1bf5a343b,1607899197572:65e9fb1c-70c0-4ff4-bcd8-c8e2fcb0914b,"size == ""1""","isEmpty == ""True""","peek_obj_type == ""class java.lang.String""","push == ""True""","pop == ""False""","clear == ""False""","calledMethod == ""push""","size_p == ""0""",Yes
3317,1607899197572:8b5bb4ff-7edd-432a-9ab5-0da1bf5a343b,1607899197572:65e9fb1c-70c0-4ff4-bcd8-c8e2fcb0914b,"size == ""1""","isEmpty == ""True""","peek_obj_type == ""class java.lang.String""","push == ""False""","pop == ""True""","clear == ""False""","calledMethod == ""pop""","size_p == ""1""",Yes
3319,1607899197572:687d1f7a-0361-4044-a325-19c265c20005,1607899197572:5c396fa9-56b8-4fc7-9368-92df114c8a55,"size == ""1""","isEmpty == ""True""","peek_obj_type == ""class java.lang.String""","push == ""True""","pop == ""False""","clear == ""False""","calledMethod == ""push""","size_p == ""0""",Yes
3320,1607899197572:687d1f7a-0361-4044-a325-19c265c20005,1607899197572:5c396fa9-56b8-4fc7-9368-92df114c8a55,"size == ""1""","isEmpty == ""True""","peek_obj_type == ""class java.lang.String""","push == ""False""","pop == ""True""","clear == ""False""","calledMethod == ""pop""","size_p == ""1""",Yes
3322,1607899197572:531b8f3b-de3a-4e41-a037-679ed7450566,1607899197572:a484668a-6f47-473c-9102-49bb5a490e7e,"size == ""1""","isEmpty == ""True""","peek_obj_type == ""class java.lang.String""","push == ""True""","pop == ""False""","clear == ""False""","calledMethod == ""push""","size_p == ""0""",Yes
3323,1607899197572:531b8f3b-de3a-4e41-a037-679ed7450566,1607899197572:a484668a-6f47-473c-9102-49bb5a490e7e,"size == ""1""","isEmpty == ""True""","peek_obj_type == ""class java.lang.String""","push == ""False""","pop == ""True""","clear == ""False""","calledMethod == ""pop""","size_p == ""1""",Yes
3325,1607899197572:531b8f3b-de3a-4e41-a037-679ed7450566,1607899197572:00c904af-b70c-4ee1-9f01-48529fd033fb,"size == ""1""","isEmpty == ""True""","peek_obj_type == ""class java.lang.String""","push == ""True""","pop == ""False""","clear == ""False""","calledMethod == ""push""","size_p == ""0""",Yes
3327,1607899197572:209fe1fc-12a9-4563-961d-5203ed57adda,1607899197572:84fb19f4-bc92-49c1-843b-5a6a79272ce7,"size == ""1""","isEmpty == ""True""","peek_obj_type == ""class java.lang.String""","push == ""True""","pop == ""False""","clear == ""False""","calledMethod == ""push""","size_p == ""0""",Yes
3328,1607899197572:209fe1fc-12a9-4563-961d-5203ed57adda,1607899197572:84fb19f4-bc92-49c1-843b-5a6a79272ce7,"size == ""1""","isEmpty == ""True""","peek_obj_type == ""class java.lang.String""","push == ""False""","pop == ""True""","clear == ""False""","calledMethod == ""pop""","size_p == ""1""",Yes
3330,1607899197571:dc26b826-8ec2-42fa-aba7-c5bf234c7e38,1607899197571:d077deeb-15a3-48f5-b602-2fa8d3000ee5,"size == ""1""","isEmpty == ""True""","peek_obj_type == ""class java.lang.String""","push == ""True""","pop == ""False""","clear == ""False""","calledMethod == ""push""","size_p == ""0""",Yes
3331,1607899197571:dc26b826-8ec2-42fa-aba7-c5bf234c7e38,1607899197571:d077deeb-15a3-48f5-b602-2fa8d3000ee5,"size == ""1""","isEmpty == ""True""","peek_obj_type == ""class java.lang.String""","push == ""False""","pop == ""True""","clear == ""False""","calledMethod == ""pop""","size_p == ""1""",Yes
3334,1607899197571:872fd8d1-ddfb-43f9-a6fe-b91667999508,1607899197571:a2ad2a5d-5af6-463e-b910-a8558f479491,"size == ""1""","isEmpty == ""True""","peek_obj_type == ""class java.lang.String""","push == ""True""","pop == ""False""","clear == ""False""","calledMethod == ""push""","size_p == ""0""",Yes
3335,1607899197571:872fd8d1-ddfb-43f9-a6fe-b91667999508,1607899197571:a2ad2a5d-5af6-463e-b910-a8558f479491,"size == ""1""","isEmpty == ""True""","peek_obj_type == ""class java.lang.String""","push == ""False""","pop == ""False""","clear == ""True""","calledMethod == ""clear""","size_p == ""1""",Yes
3336,1607899197571:872fd8d1-ddfb-43f9-a6fe-b91667999508,1607899197571:a2ad2a5d-5af6-463e-b910-a8558f479491,"size == ""1""","isEmpty == ""True""","peek_obj_type == ""class java.lang.String""","push == ""False""","pop == ""False""","clear == ""True""","calledMethod == ""clear""","size_p == ""1""",Yes
3337,1607899197571:872fd8d1-ddfb-43f9-a6fe-b91667999508,1607899197571:a2ad2a5d-5af6-463e-b910-a8558f479491,"size == ""1""","isEmpty == ""True""","peek_obj_type == ""class java.lang.String""","push == ""False""","pop == ""False""","clear == ""True""","calledMethod == ""clear""","size_p == ""1""",Yes
3339,1607899197571:872fd8d1-ddfb-43f9-a6fe-b91667999508,1607899197571:634a8167-54d1-4fa5-888e-0994fb18fb1c,"size == ""1""","isEmpty == ""True""","peek_obj_type == ""class java.lang.String""","push == ""True""","pop == ""False""","clear == ""False""","calledMethod == ""push""","size_p == ""0""",Yes
3340,1607899197571:872fd8d1-ddfb-43f9-a6fe-b91667999508,1607899197571:634a8167-54d1-4fa5-888e-0994fb18fb1c,"size == ""1""","isEmpty == ""True""","peek_obj_type == ""class java.lang.String""","push == ""False""","pop == ""True""","clear == ""False""","calledMethod == ""pop""","size_p == ""1""",Yes
3342,1607899197571:662f5d63-a637-4acc-9c97-c4a4a945799c,1607899197571:f2deef37-5303-476c-bb2f-5999f7eda14a,"size == ""1""","isEmpty == ""True""","peek_obj_type == ""class java.lang.String""","push == ""True""","pop == ""False""","clear == ""False""","calledMethod == ""push""","size_p == ""0""",Yes
3343,1607899197571:662f5d63-a637-4acc-9c97-c4a4a945799c,1607899197571:f2deef37-5303-476c-bb2f-5999f7eda14a,"size == ""2""","isEmpty == ""True""","peek_obj_type == ""class java.lang.String""","push == ""True""","pop == ""False""","clear == ""False""","calledMethod == ""push""","size_p == ""1""",Yes
3345,1607899197571:662f5d63-a637-4acc-9c97-c4a4a945799c,1607899197571:e2268e8d-c7e5-400a-8b4d-db5a73ff9ea4,"size == ""1""","isEmpty == ""True""","peek_obj_type == ""class java.lang.String""","push == ""True""","pop == ""False""","clear == ""False""","calledMethod == ""push""","size_p == ""0""",Yes
3346,1607899197571:662f5d63-a637-4acc-9c97-c4a4a945799c,1607899197571:e2268e8d-c7e5-400a-8b4d-db5a73ff9ea4,"size == ""1""","isEmpty == ""True""","peek_obj_type == ""class java.lang.String""","push == ""False""","pop == ""True""","clear == ""False""","calledMethod == ""pop""","size_p == ""1""",Yes
3348,1607899197570:bc9e4065-76f2-4c32-ba83-68464e262646,1607899197570:59c9de13-1018-49f6-910f-fb9e6de0e973,"size == ""1""","isEmpty == ""True""","peek_obj_type == ""class java.lang.String""","push == ""True""","pop == ""False""","clear == ""False""","calledMethod == ""push""","size_p == ""0""",Yes
3349,1607899197570:bc9e4065-76f2-4c32-ba83-68464e262646,1607899197570:59c9de13-1018-49f6-910f-fb9e6de0e973,"size == ""1""","isEmpty == ""True""","peek_obj_type == ""class java.lang.String""","push == ""False""","pop == ""True""","clear == ""False""","calledMethod == ""pop""","size_p == ""1""",Yes
3351,1607899197570:92356f4d-62ef-4119-a312-fb059e6297b4,1607899197570:fe78c657-8a2a-416c-a7b6-32353b8185d3,"size == ""1""","isEmpty == ""True""","peek_obj_type == ""class java.lang.String""","push == ""True""","pop == ""False""","clear == ""False""","calledMethod == ""push""","size_p == ""0""",Yes
3352,1607899197570:92356f4d-62ef-4119-a312-fb059e6297b4,1607899197570:fe78c657-8a2a-416c-a7b6-32353b8185d3,"size == ""1""","isEmpty == ""True""","peek_obj_type == ""class java.lang.String""","push == ""False""","pop == ""True""","clear == ""False""","calledMethod == ""pop""","size_p == ""1""",Yes
3355,1607899197570:92356f4d-62ef-4119-a312-fb059e6297b4,1607899197570:e37da469-cd73-47a2-959c-c1d796880639,"size == ""1""","isEmpty == ""True""","peek_obj_type == ""class java.lang.String""","push == ""True""","pop == ""False""","clear == ""False""","calledMethod == ""push""","size_p == ""0""",Yes
3356,1607899197570:92356f4d-62ef-4119-a312-fb059e6297b4,1607899197570:e37da469-cd73-47a2-959c-c1d796880639,"size == ""1""","isEmpty == ""True""","peek_obj_type == ""class java.lang.String""","push == ""False""","pop == ""False""","clear == ""True""","calledMethod == ""clear""","size_p == ""1""",Yes
3357,1607899197570:92356f4d-62ef-4119-a312-fb059e6297b4,1607899197570:e37da469-cd73-47a2-959c-c1d796880639,"size == ""1""","isEmpty == ""True""","peek_obj_type == ""class java.lang.String""","push == ""False""","pop == ""False""","clear == ""True""","calledMethod == ""clear""","size_p == ""1""",Yes
3358,1607899197570:92356f4d-62ef-4119-a312-fb059e6297b4,1607899197570:e37da469-cd73-47a2-959c-c1d796880639,"size == ""1""","isEmpty == ""True""","peek_obj_type == ""class java.lang.String""","push == ""False""","pop == ""False""","clear == ""True""","calledMethod == ""clear""","size_p == ""1""",Yes
3360,1607899197570:8838f18d-647b-4261-9fd1-c0c6d3861469,1607899197571:cf0c02fd-a568-4fe5-a90d-7cae9102d59e,"size == ""1""","isEmpty == ""True""","peek_obj_type == ""class java.lang.String""","push == ""True""","pop == ""False""","clear == ""False""","calledMethod == ""push""","size_p == ""0""",Yes
3361,1607899197570:8838f18d-647b-4261-9fd1-c0c6d3861469,1607899197571:cf0c02fd-a568-4fe5-a90d-7cae9102d59e,"size == ""1""","isEmpty == ""True""","peek_obj_type == ""class java.lang.String""","push == ""False""","pop == ""True""","clear == ""False""","calledMethod == ""pop""","size_p == ""1""",Yes
3364,1607899197570:8838f18d-647b-4261-9fd1-c0c6d3861469,1607899197570:9f3b219f-904f-4053-ba2a-9da17bc341a7,"size == ""1""","isEmpty == ""True""","peek_obj_type == ""class java.lang.String""","push == ""True""","pop == ""False""","clear == ""False""","calledMethod == ""push""","size_p == ""0""",Yes
3365,1607899197570:8838f18d-647b-4261-9fd1-c0c6d3861469,1607899197570:9f3b219f-904f-4053-ba2a-9da17bc341a7,"size == ""1""","isEmpty == ""True""","peek_obj_type == ""class java.lang.String""","push == ""False""","pop == ""False""","clear == ""True""","calledMethod == ""clear""","size_p == ""1""",Yes
3367,1607899197570:4be28c8a-552b-46a7-b2c0-19c96f2d791a,1607899197570:deda35b9-77a8-49cc-93e6-b7b8e1227fb9,"size == ""1""","isEmpty == ""True""","peek_obj_type == ""class java.lang.String""","push == ""True""","pop == ""False""","clear == ""False""","calledMethod == ""push""","size_p == ""0""",Yes
3368,1607899197570:4be28c8a-552b-46a7-b2c0-19c96f2d791a,1607899197570:deda35b9-77a8-49cc-93e6-b7b8e1227fb9,"size == ""1""","isEmpty == ""True""","peek_obj_type == ""class java.lang.String""","push == ""False""","pop == ""True""","clear == ""False""","calledMethod == ""pop""","size_p == ""1""",Yes
3370,1607899197570:4be28c8a-552b-46a7-b2c0-19c96f2d791a,1607899197570:71c5d820-84a2-4d98-9f10-5d1567f32671,"size == ""1""","isEmpty == ""True""","peek_obj_type == ""class java.lang.String""","push == ""True""","pop == ""False""","clear == ""False""","calledMethod == ""push""","size_p == ""0""",Yes
3374,1607899197569:c17021e7-e719-4f74-8bab-12bd9a3823d2,1607899197569:c8e036f6-8ea6-4ef1-b234-5c085d9991e6,"size == ""1""","isEmpty == ""True""","peek_obj_type == ""class java.lang.String""","push == ""True""","pop == ""False""","clear == ""False""","calledMethod == ""push""","size_p == ""0""",Yes
3375,1607899197569:c17021e7-e719-4f74-8bab-12bd9a3823d2,1607899197569:c8e036f6-8ea6-4ef1-b234-5c085d9991e6,"size == ""1""","isEmpty == ""True""","peek_obj_type == ""class java.lang.String""","push == ""False""","pop == ""False""","clear == ""True""","calledMethod == ""clear""","size_p == ""1""",Yes
3376,1607899197569:c17021e7-e719-4f74-8bab-12bd9a3823d2,1607899197569:c8e036f6-8ea6-4ef1-b234-5c085d9991e6,"size == ""1""","isEmpty == ""True""","peek_obj_type == ""class java.lang.String""","push == ""False""","pop == ""False""","clear == ""True""","calledMethod == ""clear""","size_p == ""1""",Yes
3377,1607899197569:c17021e7-e719-4f74-8bab-12bd9a3823d2,1607899197569:c8e036f6-8ea6-4ef1-b234-5c085d9991e6,"size == ""1""","isEmpty == ""True""","peek_obj_type == ""class java.lang.String""","push == ""False""","pop == ""False""","clear == ""True""","calledMethod == ""clear""","size_p == ""1""",Yes
3379,1607899197569:c17021e7-e719-4f74-8bab-12bd9a3823d2,1607899197569:11675280-ad01-4639-8ea6-d6da2f6f83e9,"size == ""1""","isEmpty == ""True""","peek_obj_type == ""class java.lang.String""","push == ""True""","pop == ""False""","clear == ""False""","calledMethod == ""push""","size_p == ""0""",Yes
3380,1607899197569:c17021e7-e719-4f74-8bab-12bd9a3823d2,1607899197569:11675280-ad01-4639-8ea6-d6da2f6f83e9,"size == ""1""","isEmpty == ""True""","peek_obj_type == ""class java.lang.String""","push == ""False""","pop == ""True""","clear == ""False""","calledMethod == ""pop""","size_p == ""1""",Yes
3382,1607899197569:9201cdaa-7496-4132-b2bf-7ee581ea6b13,1607899197569:958f0eec-421a-43fa-9eb3-6e6584f046d8,"size == ""1""","isEmpty == ""True""","peek_obj_type == ""class java.lang.String""","push == ""True""","pop == ""False""","clear == ""False""","calledMethod == ""push""","size_p == ""0""",Yes
3383,1607899197569:9201cdaa-7496-4132-b2bf-7ee581ea6b13,1607899197569:958f0eec-421a-43fa-9eb3-6e6584f046d8,"size == ""1""","isEmpty == ""True""","peek_obj_type == ""class java.lang.String""","push == ""False""","pop == ""True""","clear == ""False""","calledMethod == ""pop""","size_p == ""1""",Yes
3386,1607899197569:1bbd884e-2ef5-4d7e-8fef-42dd63a9071a,1607899197569:bb1a9316-5f01-4888-9453-0b27a1d47e31,"size == ""1""","isEmpty == ""True""","peek_obj_type == ""class java.lang.String""","push == ""True""","pop == ""False""","clear == ""False""","calledMethod == ""push""","size_p == ""0""",Yes
3387,1607899197569:1bbd884e-2ef5-4d7e-8fef-42dd63a9071a,1607899197569:bb1a9316-5f01-4888-9453-0b27a1d47e31,"size == ""1""","isEmpty == ""True""","peek_obj_type == ""class java.lang.String""","push == ""False""","pop == ""True""","clear == ""False""","calledMethod == ""pop""","size_p == ""1""",Yes
3389,1607899197569:1bbd884e-2ef5-4d7e-8fef-42dd63a9071a,1607899197569:12103b52-5059-4635-b1de-60c38894e749,"size == ""1""","isEmpty == ""True""","peek_obj_type == ""class java.lang.String""","push == ""True""","pop == ""False""","clear == ""False""","calledMethod == ""push""","size_p == ""0""",Yes
3390,1607899197569:1bbd884e-2ef5-4d7e-8fef-42dd63a9071a,1607899197569:12103b52-5059-4635-b1de-60c38894e749,"size == ""2""","isEmpty == ""True""","peek_obj_type == ""class java.lang.String""","push == ""True""","pop == ""False""","clear == ""False""","calledMethod == ""push""","size_p == ""1""",Yes
3391,1607899197569:1bbd884e-2ef5-4d7e-8fef-42dd63a9071a,1607899197569:12103b52-5059-4635-b1de-60c38894e749,"size == ""3""","isEmpty == ""True""","peek_obj_type == ""class java.lang.String""","push == ""True""","pop == ""False""","clear == ""False""","calledMethod == ""push""","size_p == ""2""",Yes
3393,1607899197568:b8e3891c-9104-432d-a0af-65707883a884,1607899197568:d0826487-bcb7-4a5b-9c36-f889e8c04b8f,"size == ""1""","isEmpty == ""True""","peek_obj_type == ""class java.lang.String""","push == ""True""","pop == ""False""","clear == ""False""","calledMethod == ""push""","size_p == ""0""",Yes
3394,1607899197568:b8e3891c-9104-432d-a0af-65707883a884,1607899197568:d0826487-bcb7-4a5b-9c36-f889e8c04b8f,"size == ""2""","isEmpty == ""True""","peek_obj_type == ""class java.lang.String""","push == ""True""","pop == ""False""","clear == ""False""","calledMethod == ""push""","size_p == ""1""",Yes
3396,1607899197568:b8e3891c-9104-432d-a0af-65707883a884,1607899197568:8ee2c596-0fc3-4336-9123-d7edcffae961,"size == ""1""","isEmpty == ""True""","peek_obj_type == ""class java.lang.String""","push == ""True""","pop == ""False""","clear == ""False""","calledMethod == ""push""","size_p == ""0""",Yes
3397,1607899197568:b8e3891c-9104-432d-a0af-65707883a884,1607899197568:8ee2c596-0fc3-4336-9123-d7edcffae961,"size == ""1""","isEmpty == ""True""","peek_obj_type == ""class java.lang.String""","push == ""False""","pop == ""True""","clear == ""False""","calledMethod == ""pop""","size_p == ""1""",Yes
3399,1607899197568:10b4bbdb-d31c-4cf2-a77c-87dc49159b1d,1607899197568:a8d2fc65-1931-4e4c-a870-6defda5f80d3,"size == ""1""","isEmpty == ""True""","peek_obj_type == ""class java.lang.String""","push == ""True""","pop == ""False""","clear == ""False""","calledMethod == ""push""","size_p == ""0""",Yes
3400,1607899197568:10b4bbdb-d31c-4cf2-a77c-87dc49159b1d,1607899197568:a8d2fc65-1931-4e4c-a870-6defda5f80d3,"size == ""1""","isEmpty == ""True""","peek_obj_type == ""class java.lang.String""","push == ""False""","pop == ""True""","clear == ""False""","calledMethod == ""pop""","size_p == ""1""",Yes
3403,1607899197568:10b4bbdb-d31c-4cf2-a77c-87dc49159b1d,1607899197568:4cf31c9a-8b76-4abf-9ea8-e94524b408e5,"size == ""1""","isEmpty == ""True""","peek_obj_type == ""class java.lang.String""","push == ""True""","pop == ""False""","clear == ""False""","calledMethod == ""push""","size_p == ""0""",Yes
3404,1607899197568:10b4bbdb-d31c-4cf2-a77c-87dc49159b1d,1607899197568:4cf31c9a-8b76-4abf-9ea8-e94524b408e5,"size == ""1""","isEmpty == ""True""","peek_obj_type == ""class java.lang.String""","push == ""False""","pop == ""False""","clear == ""True""","calledMethod == ""clear""","size_p == ""1""",Yes
3405,1607899197568:10b4bbdb-d31c-4cf2-a77c-87dc49159b1d,1607899197568:4cf31c9a-8b76-4abf-9ea8-e94524b408e5,"size == ""1""","isEmpty == ""True""","peek_obj_type == ""class java.lang.String""","push == ""False""","pop == ""False""","clear == ""True""","calledMethod == ""clear""","size_p == ""1""",Yes
3406,1607899197568:10b4bbdb-d31c-4cf2-a77c-87dc49159b1d,1607899197568:4cf31c9a-8b76-4abf-9ea8-e94524b408e5,"size == ""1""","isEmpty == ""True""","peek_obj_type == ""class java.lang.String""","push == ""False""","pop == ""False""","clear == ""True""","calledMethod == ""clear""","size_p == ""1""",Yes
3409,1607899197568:05f5ad55-168a-422b-bc8d-d8f1c3e566e0,1607899197568:c24415e4-3585-4ea6-a3e1-fad8884ddf38,"size == ""1""","isEmpty == ""True""","peek_obj_type == ""class java.lang.String""","push == ""True""","pop == ""False""","clear == ""False""","calledMethod == ""push""","size_p == ""0""",Yes
3410,1607899197568:05f5ad55-168a-422b-bc8d-d8f1c3e566e0,1607899197568:c24415e4-3585-4ea6-a3e1-fad8884ddf38,"size == ""1""","isEmpty == ""True""","peek_obj_type == ""class java.lang.String""","push == ""False""","pop == ""False""","clear == ""True""","calledMethod == ""clear""","size_p == ""1""",Yes
3411,1607899197568:05f5ad55-168a-422b-bc8d-d8f1c3e566e0,1607899197568:c24415e4-3585-4ea6-a3e1-fad8884ddf38,"size == ""1""","isEmpty == ""True""","peek_obj_type == ""class java.lang.String""","push == ""False""","pop == ""False""","clear == ""True""","calledMethod == ""clear""","size_p == ""1""",Yes
3412,1607899197568:05f5ad55-168a-422b-bc8d-d8f1c3e566e0,1607899197568:c24415e4-3585-4ea6-a3e1-fad8884ddf38,"size == ""1""","isEmpty == ""True""","peek_obj_type == ""class java.lang.String""","push == ""False""","pop == ""False""","clear == ""True""","calledMethod == ""clear""","size_p == ""1""",Yes
3414,1607899197568:05f5ad55-168a-422b-bc8d-d8f1c3e566e0,1607899197568:6860b1af-4230-40ae-9f3d-ab83b8a47af2,"size == ""1""","isEmpty == ""True""","peek_obj_type == ""class java.lang.String""","push == ""True""","pop == ""False""","clear == ""False""","calledMethod == ""push""","size_p == ""0""",Yes
3415,1607899197568:05f5ad55-168a-422b-bc8d-d8f1c3e566e0,1607899197568:6860b1af-4230-40ae-9f3d-ab83b8a47af2,"size == ""1""","isEmpty == ""True""","peek_obj_type == ""class java.lang.String""","push == ""False""","pop == ""True""","clear == ""False""","calledMethod == ""pop""","size_p == ""1""",Yes
3417,1607899197567:92ec60c2-c85a-4463-9d9d-1fd082bab221,1607899197567:5978f798-9ce9-4c89-94cb-c806edf3e9d0,"size == ""1""","isEmpty == ""True""","peek_obj_type == ""class java.lang.String""","push == ""True""","pop == ""False""","clear == ""False""","calledMethod == ""push""","size_p == ""0""",Yes
3418,1607899197567:92ec60c2-c85a-4463-9d9d-1fd082bab221,1607899197567:5978f798-9ce9-4c89-94cb-c806edf3e9d0,"size == ""1""","isEmpty == ""True""","peek_obj_type == ""class java.lang.String""","push == ""False""","pop == ""True""","clear == ""False""","calledMethod == ""pop""","size_p == ""1""",Yes
3421,1607899197567:196305a3-95fd-411c-9661-7bf363a26198,1607899197567:d357ec39-85b6-4c6b-b004-b57da8997661,"size == ""1""","isEmpty == ""True""","peek_obj_type == ""class java.lang.String""","push == ""True""","pop == ""False""","clear == ""False""","calledMethod == ""push""","size_p == ""0""",Yes
3422,1607899197567:196305a3-95fd-411c-9661-7bf363a26198,1607899197567:d357ec39-85b6-4c6b-b004-b57da8997661,"size == ""1""","isEmpty == ""True""","peek_obj_type == ""class java.lang.String""","push == ""False""","pop == ""False""","clear == ""True""","calledMethod == ""clear""","size_p == ""1""",Yes
3423,1607899197567:196305a3-95fd-411c-9661-7bf363a26198,1607899197567:d357ec39-85b6-4c6b-b004-b57da8997661,"size == ""1""","isEmpty == ""True""","peek_obj_type == ""class java.lang.String""","push == ""False""","pop == ""False""","clear == ""True""","calledMethod == ""clear""","size_p == ""1""",Yes
3424,1607899197567:196305a3-95fd-411c-9661-7bf363a26198,1607899197567:d357ec39-85b6-4c6b-b004-b57da8997661,"size == ""1""","isEmpty == ""True""","peek_obj_type == ""class java.lang.String""","push == ""False""","pop == ""False""","clear == ""True""","calledMethod == ""clear""","size_p == ""1""",Yes
3426,1607899197567:196305a3-95fd-411c-9661-7bf363a26198,1607899197567:0e8b68d9-4717-46e8-8df5-aa4f82cd1f07,"size == ""1""","isEmpty == ""True""","peek_obj_type == ""class java.lang.String""","push == ""True""","pop == ""False""","clear == ""False""","calledMethod == ""push""","size_p == ""0""",Yes
3427,1607899197567:196305a3-95fd-411c-9661-7bf363a26198,1607899197567:0e8b68d9-4717-46e8-8df5-aa4f82cd1f07,"size == ""1""","isEmpty == ""True""","peek_obj_type == ""class java.lang.String""","push == ""False""","pop == ""True""","clear == ""False""","calledMethod == ""pop""","size_p == ""1""",Yes
3429,1607899197567:1224bad6-9df3-4321-b2f0-c370a697ce89,1607899197567:80ef12be-8a29-4524-b342-5d292c98f7bc,"size == ""1""","isEmpty == ""True""","peek_obj_type == ""class java.lang.String""","push == ""True""","pop == ""False""","clear == ""False""","calledMethod == ""push""","size_p == ""0""",Yes
3430,1607899197567:1224bad6-9df3-4321-b2f0-c370a697ce89,1607899197567:80ef12be-8a29-4524-b342-5d292c98f7bc,"size == ""1""","isEmpty == ""True""","peek_obj_type == ""class java.lang.String""","push == ""False""","pop == ""True""","clear == ""False""","calledMethod == ""pop""","size_p == ""1""",Yes
3432,1607899197566:c82fe36d-eea0-4d1f-a3a4-51e1d67b978e,1607899197566:0a4a4238-ca94-44f3-8539-c4fef63cc34a,"size == ""1""","isEmpty == ""True""","peek_obj_type == ""class java.lang.String""","push == ""True""","pop == ""False""","clear == ""False""","calledMethod == ""push""","size_p == ""0""",Yes
3433,1607899197566:c82fe36d-eea0-4d1f-a3a4-51e1d67b978e,1607899197566:0a4a4238-ca94-44f3-8539-c4fef63cc34a,"size == ""1""","isEmpty == ""True""","peek_obj_type == ""class java.lang.String""","push == ""False""","pop == ""True""","clear == ""False""","calledMethod == ""pop""","size_p == ""1""",Yes
3435,1607899197566:95134a89-7c20-46e1-8b9a-bfc58516a9db,1607899197566:d6fe83c1-5203-4f94-becf-a4ca9bfeac60,"size == ""1""","isEmpty == ""True""","peek_obj_type == ""class java.lang.String""","push == ""True""","pop == ""False""","clear == ""False""","calledMethod == ""push""","size_p == ""0""",Yes
3438,1607899197566:95134a89-7c20-46e1-8b9a-bfc58516a9db,1607899197566:18fd0cc4-1a07-4efe-a2a0-b8d2ae45b50b,"size == ""1""","isEmpty == ""True""","peek_obj_type == ""class java.lang.String""","push == ""True""","pop == ""False""","clear == ""False""","calledMethod == ""push""","size_p == ""0""",Yes
3439,1607899197566:95134a89-7c20-46e1-8b9a-bfc58516a9db,1607899197566:18fd0cc4-1a07-4efe-a2a0-b8d2ae45b50b,"size == ""1""","isEmpty == ""True""","peek_obj_type == ""class java.lang.String""","push == ""False""","pop == ""True""","clear == ""False""","calledMethod == ""pop""","size_p == ""1""",Yes
3441,1607899197566:4b2a9632-6a7c-41b1-9455-518bb74cbe45,1607899197566:28ce56ae-10f1-46e5-b221-991c6b1ae35e,"size == ""1""","isEmpty == ""True""","peek_obj_type == ""class java.lang.String""","push == ""True""","pop == ""False""","clear == ""False""","calledMethod == ""push""","size_p == ""0""",Yes
3442,1607899197566:4b2a9632-6a7c-41b1-9455-518bb74cbe45,1607899197566:28ce56ae-10f1-46e5-b221-991c6b1ae35e,"size == ""1""","isEmpty == ""True""","peek_obj_type == ""class java.lang.String""","push == ""False""","pop == ""True""","clear == ""False""","calledMethod == ""pop""","size_p == ""1""",Yes
3444,1607899197566:4611860f-503f-444b-8e75-2da46f382616,1607899197566:fb465692-9145-4a7a-a6b8-649a0c122852,"size == ""1""","isEmpty == ""True""","peek_obj_type == ""class java.lang.String""","push == ""True""","pop == ""False""","clear == ""False""","calledMethod == ""push""","size_p == ""0""",Yes
3445,1607899197566:4611860f-503f-444b-8e75-2da46f382616,1607899197566:fb465692-9145-4a7a-a6b8-649a0c122852,"size == ""2""","isEmpty == ""True""","peek_obj_type == ""class java.lang.String""","push == ""True""","pop == ""False""","clear == ""False""","calledMethod == ""push""","size_p == ""1""",Yes
3448,1607899197566:4611860f-503f-444b-8e75-2da46f382616,1607899197566:bcf30d0c-a5db-4d99-b996-32e44cb55d83,"size == ""1""","isEmpty == ""True""","peek_obj_type == ""class java.lang.String""","push == ""True""","pop == ""False""","clear == ""False""","calledMethod == ""push""","size_p == ""0""",Yes
3449,1607899197566:4611860f-503f-444b-8e75-2da46f382616,1607899197566:bcf30d0c-a5db-4d99-b996-32e44cb55d83,"size == ""1""","isEmpty == ""True""","peek_obj_type == ""class java.lang.String""","push == ""False""","pop == ""True""","clear == ""False""","calledMethod == ""pop""","size_p == ""1""",Yes
3452,1607899197565:c584517a-3cdd-4d0d-b154-aba1c2e42c1e,1607899197565:77b11d9f-6b96-4492-ac75-7994941b96eb,"size == ""1""","isEmpty == ""True""","peek_obj_type == ""class java.lang.String""","push == ""True""","pop == ""False""","clear == ""False""","calledMethod == ""push""","size_p == ""0""",Yes
3453,1607899197565:c584517a-3cdd-4d0d-b154-aba1c2e42c1e,1607899197565:77b11d9f-6b96-4492-ac75-7994941b96eb,"size == ""1""","isEmpty == ""True""","peek_obj_type == ""class java.lang.String""","push == ""False""","pop == ""False""","clear == ""True""","calledMethod == ""clear""","size_p == ""1""",Yes
3454,1607899197565:c584517a-3cdd-4d0d-b154-aba1c2e42c1e,1607899197565:77b11d9f-6b96-4492-ac75-7994941b96eb,"size == ""1""","isEmpty == ""True""","peek_obj_type == ""class java.lang.String""","push == ""False""","pop == ""False""","clear == ""True""","calledMethod == ""clear""","size_p == ""1""",Yes
3455,1607899197565:c584517a-3cdd-4d0d-b154-aba1c2e42c1e,1607899197565:77b11d9f-6b96-4492-ac75-7994941b96eb,"size == ""1""","isEmpty == ""True""","peek_obj_type == ""class java.lang.String""","push == ""False""","pop == ""False""","clear == ""True""","calledMethod == ""clear""","size_p == ""1""",Yes
3457,1607899197565:c584517a-3cdd-4d0d-b154-aba1c2e42c1e,1607899197565:4850a9dc-b433-451c-a58f-12bd5103739f,"size == ""1""","isEmpty == ""True""","peek_obj_type == ""class java.lang.String""","push == ""True""","pop == ""False""","clear == ""False""","calledMethod == ""push""","size_p == ""0""",Yes
3458,1607899197565:c584517a-3cdd-4d0d-b154-aba1c2e42c1e,1607899197565:4850a9dc-b433-451c-a58f-12bd5103739f,"size == ""1""","isEmpty == ""True""","peek_obj_type == ""class java.lang.String""","push == ""False""","pop == ""True""","clear == ""False""","calledMethod == ""pop""","size_p == ""1""",Yes
3460,1607899197565:2d920f9e-b8c2-4884-8a47-2cb8ec6a679e,1607899197565:3e72fa3e-b3ea-4dac-8963-998bf5da9757,"size == ""1""","isEmpty == ""True""","peek_obj_type == ""class java.lang.String""","push == ""True""","pop == ""False""","clear == ""False""","calledMethod == ""push""","size_p == ""0""",Yes
3461,1607899197565:2d920f9e-b8c2-4884-8a47-2cb8ec6a679e,1607899197565:3e72fa3e-b3ea-4dac-8963-998bf5da9757,"size == ""1""","isEmpty == ""True""","peek_obj_type == ""class java.lang.String""","push == ""False""","pop == ""True""","clear == ""False""","calledMethod == ""pop""","size_p == ""1""",Yes
3463,1607899197565:0fff14b3-eeae-4a8f-8e32-a07751ade063,1607899197565:6db601c8-8c50-43c4-a5a0-c1e7844d92de,"size == ""1""","isEmpty == ""True""","peek_obj_type == ""class java.lang.String""","push == ""True""","pop == ""False""","clear == ""False""","calledMethod == ""push""","size_p == ""0""",Yes
3464,1607899197565:0fff14b3-eeae-4a8f-8e32-a07751ade063,1607899197565:6db601c8-8c50-43c4-a5a0-c1e7844d92de,"size == ""1""","isEmpty == ""True""","peek_obj_type == ""class java.lang.String""","push == ""False""","pop == ""True""","clear == ""False""","calledMethod == ""pop""","size_p == ""1""",Yes
3466,1607899197564:f5849eab-db1a-47a1-b20e-dd8137ef0dac,1607899197565:67af0704-d957-45cc-8869-00e66ba52d05,"size == ""1""","isEmpty == ""True""","peek_obj_type == ""class java.lang.String""","push == ""True""","pop == ""False""","clear == ""False""","calledMethod == ""push""","size_p == ""0""",Yes
3467,1607899197564:f5849eab-db1a-47a1-b20e-dd8137ef0dac,1607899197565:67af0704-d957-45cc-8869-00e66ba52d05,"size == ""1""","isEmpty == ""True""","peek_obj_type == ""class java.lang.String""","push == ""False""","pop == ""True""","clear == ""False""","calledMethod == ""pop""","size_p == ""1""",Yes
3470,1607899197564:f5849eab-db1a-47a1-b20e-dd8137ef0dac,1607899197564:453a9676-fc37-4a05-927e-51fab8284081,"size == ""1""","isEmpty == ""True""","peek_obj_type == ""class java.lang.String""","push == ""True""","pop == ""False""","clear == ""False""","calledMethod == ""push""","size_p == ""0""",Yes
3472,1607899197564:2ec63e33-f020-4028-bc74-402b92bab91c,1607899197564:b4e16c0e-b2a0-415e-a728-230f1304b50a,"size == ""1""","isEmpty == ""True""","peek_obj_type == ""class java.lang.String""","push == ""True""","pop == ""False""","clear == ""False""","calledMethod == ""push""","size_p == ""0""",Yes
3473,1607899197564:2ec63e33-f020-4028-bc74-402b92bab91c,1607899197564:b4e16c0e-b2a0-415e-a728-230f1304b50a,"size == ""1""","isEmpty == ""True""","peek_obj_type == ""class java.lang.String""","push == ""False""","pop == ""True""","clear == ""False""","calledMethod == ""pop""","size_p == ""1""",Yes
3476,1607899197564:16d6d29c-2275-4494-8725-d46cc6e24f48,1607899197564:df784d15-a2e7-43f8-938c-985e5965011c,"size == ""1""","isEmpty == ""True""","peek_obj_type == ""class java.lang.String""","push == ""True""","pop == ""False""","clear == ""False""","calledMethod == ""push""","size_p == ""0""",Yes
3477,1607899197564:16d6d29c-2275-4494-8725-d46cc6e24f48,1607899197564:df784d15-a2e7-43f8-938c-985e5965011c,"size == ""1""","isEmpty == ""True""","peek_obj_type == ""class java.lang.String""","push == ""False""","pop == ""False""","clear == ""True""","calledMethod == ""clear""","size_p == ""1""",Yes
3479,1607899197564:16d6d29c-2275-4494-8725-d46cc6e24f48,1607899197564:61cf59dc-84bb-4b7f-ac5c-10b2fc3f44b5,"size == ""1""","isEmpty == ""True""","peek_obj_type == ""class java.lang.String""","push == ""True""","pop == ""False""","clear == ""False""","calledMethod == ""push""","size_p == ""0""",Yes
3480,1607899197564:16d6d29c-2275-4494-8725-d46cc6e24f48,1607899197564:61cf59dc-84bb-4b7f-ac5c-10b2fc3f44b5,"size == ""1""","isEmpty == ""True""","peek_obj_type == ""class java.lang.String""","push == ""False""","pop == ""True""","clear == ""False""","calledMethod == ""pop""","size_p == ""1""",Yes
3483,1607899197564:02192d0f-eef9-411f-9b47-efeb32edadc3,1607899197564:80bad1c1-c7fa-4577-8661-c01f6becb3f6,"size == ""1""","isEmpty == ""True""","peek_obj_type == ""class java.lang.String""","push == ""True""","pop == ""False""","clear == ""False""","calledMethod == ""push""","size_p == ""0""",Yes
3484,1607899197564:02192d0f-eef9-411f-9b47-efeb32edadc3,1607899197564:80bad1c1-c7fa-4577-8661-c01f6becb3f6,"size == ""1""","isEmpty == ""True""","peek_obj_type == ""class java.lang.String""","push == ""False""","pop == ""True""","clear == ""False""","calledMethod == ""pop""","size_p == ""1""",Yes
3486,1607899197564:02192d0f-eef9-411f-9b47-efeb32edadc3,1607899197564:21a27d73-36cf-42a1-bacd-44098798e1ae,"size == ""1""","isEmpty == ""True""","peek_obj_type == ""class java.lang.String""","push == ""True""","pop == ""False""","clear == ""False""","calledMethod == ""push""","size_p == ""0""",Yes
3487,1607899197564:02192d0f-eef9-411f-9b47-efeb32edadc3,1607899197564:21a27d73-36cf-42a1-bacd-44098798e1ae,"size == ""2""","isEmpty == ""True""","peek_obj_type == ""class java.lang.String""","push == ""True""","pop == ""False""","clear == ""False""","calledMethod == ""push""","size_p == ""1""",Yes
3488,1607899197564:02192d0f-eef9-411f-9b47-efeb32edadc3,1607899197564:21a27d73-36cf-42a1-bacd-44098798e1ae,"size == ""3""","isEmpty == ""True""","peek_obj_type == ""class java.lang.String""","push == ""True""","pop == ""False""","clear == ""False""","calledMethod == ""push""","size_p == ""2""",Yes
3490,1607899197563:d059af33-2ea2-40c6-80f2-2567e66e6f8c,1607899197563:2ad95502-595f-437c-b1a4-583f08e20997,"size == ""1""","isEmpty == ""True""","peek_obj_type == ""class java.lang.String""","push == ""True""","pop == ""False""","clear == ""False""","calledMethod == ""push""","size_p == ""0""",Yes
3491,1607899197563:d059af33-2ea2-40c6-80f2-2567e66e6f8c,1607899197563:2ad95502-595f-437c-b1a4-583f08e20997,"size == ""1""","isEmpty == ""True""","peek_obj_type == ""class java.lang.String""","push == ""False""","pop == ""True""","clear == ""False""","calledMethod == ""pop""","size_p == ""1""",Yes
3493,1607899197563:cf15517e-a596-4570-8b0e-14fe35ec23c4,1607899197563:c3ae140c-94cb-4cab-b50d-f0363f08ea06,"size == ""1""","isEmpty == ""True""","peek_obj_type == ""class java.lang.String""","push == ""True""","pop == ""False""","clear == ""False""","calledMethod == ""push""","size_p == ""0""",Yes
3494,1607899197563:cf15517e-a596-4570-8b0e-14fe35ec23c4,1607899197563:c3ae140c-94cb-4cab-b50d-f0363f08ea06,"size == ""1""","isEmpty == ""True""","peek_obj_type == ""class java.lang.String""","push == ""False""","pop == ""True""","clear == ""False""","calledMethod == ""pop""","size_p == ""1""",Yes
3496,1607899197563:cf15517e-a596-4570-8b0e-14fe35ec23c4,1607899197563:871cbe54-4fab-470e-ad61-3a245de9b09c,"size == ""1""","isEmpty == ""True""","peek_obj_type == ""class java.lang.String""","push == ""True""","pop == ""False""","clear == ""False""","calledMethod == ""push""","size_p == ""0""",Yes
3498,1607899197563:bdca9210-0d01-4ab1-9ca8-8c4457e747dd,1607899197563:fa34a333-8be5-4b37-b2e2-c94df457cd9a,"size == ""1""","isEmpty == ""True""","peek_obj_type == ""class java.lang.String""","push == ""True""","pop == ""False""","clear == ""False""","calledMethod == ""push""","size_p == ""0""",Yes
3499,1607899197563:bdca9210-0d01-4ab1-9ca8-8c4457e747dd,1607899197563:fa34a333-8be5-4b37-b2e2-c94df457cd9a,"size == ""1""","isEmpty == ""True""","peek_obj_type == ""class java.lang.String""","push == ""False""","pop == ""True""","clear == ""False""","calledMethod == ""pop""","size_p == ""1""",Yes
3502,1607899197563:bdca9210-0d01-4ab1-9ca8-8c4457e747dd,1607899197563:12a86397-19ae-458b-88f3-7fccdd6e4627,"size == ""1""","isEmpty == ""True""","peek_obj_type == ""class java.lang.String""","push == ""True""","pop == ""False""","clear == ""False""","calledMethod == ""push""","size_p == ""0""",Yes
3503,1607899197563:bdca9210-0d01-4ab1-9ca8-8c4457e747dd,1607899197563:12a86397-19ae-458b-88f3-7fccdd6e4627,"size == ""1""","isEmpty == ""True""","peek_obj_type == ""class java.lang.String""","push == ""False""","pop == ""False""","clear == ""True""","calledMethod == ""clear""","size_p == ""1""",Yes
3504,1607899197563:bdca9210-0d01-4ab1-9ca8-8c4457e747dd,1607899197563:12a86397-19ae-458b-88f3-7fccdd6e4627,"size == ""1""","isEmpty == ""True""","peek_obj_type == ""class java.lang.String""","push == ""False""","pop == ""False""","clear == ""True""","calledMethod == ""clear""","size_p == ""1""",Yes
3505,1607899197563:bdca9210-0d01-4ab1-9ca8-8c4457e747dd,1607899197563:12a86397-19ae-458b-88f3-7fccdd6e4627,"size == ""1""","isEmpty == ""True""","peek_obj_type == ""class java.lang.String""","push == ""False""","pop == ""False""","clear == ""True""","calledMethod == ""clear""","size_p == ""1""",Yes
3507,1607899197562:9d570f94-408f-4861-a35c-ffdf930f99ae,1607899197562:595d6f5e-dc8e-4a4b-b60c-ef8f3ff57789,"size == ""1""","isEmpty == ""True""","peek_obj_type == ""class java.lang.String""","push == ""True""","pop == ""False""","clear == ""False""","calledMethod == ""push""","size_p == ""0""",Yes
3508,1607899197562:9d570f94-408f-4861-a35c-ffdf930f99ae,1607899197562:595d6f5e-dc8e-4a4b-b60c-ef8f3ff57789,"size == ""1""","isEmpty == ""True""","peek_obj_type == ""class java.lang.String""","push == ""False""","pop == ""True""","clear == ""False""","calledMethod == ""pop""","size_p == ""1""",Yes
3511,1607899197562:9d570f94-408f-4861-a35c-ffdf930f99ae,1607899197562:39a8ab83-64b8-4216-989a-24a939569567,"size == ""1""","isEmpty == ""True""","peek_obj_type == ""class java.lang.String""","push == ""True""","pop == ""False""","clear == ""False""","calledMethod == ""push""","size_p == ""0""",Yes
3512,1607899197562:9d570f94-408f-4861-a35c-ffdf930f99ae,1607899197562:39a8ab83-64b8-4216-989a-24a939569567,"size == ""1""","isEmpty == ""True""","peek_obj_type == ""class java.lang.String""","push == ""False""","pop == ""False""","clear == ""True""","calledMethod == ""clear""","size_p == ""1""",Yes
3513,1607899197562:9d570f94-408f-4861-a35c-ffdf930f99ae,1607899197562:39a8ab83-64b8-4216-989a-24a939569567,"size == ""1""","isEmpty == ""True""","peek_obj_type == ""class java.lang.String""","push == ""False""","pop == ""False""","clear == ""True""","calledMethod == ""clear""","size_p == ""1""",Yes
3514,1607899197562:9d570f94-408f-4861-a35c-ffdf930f99ae,1607899197562:39a8ab83-64b8-4216-989a-24a939569567,"size == ""1""","isEmpty == ""True""","peek_obj_type == ""class java.lang.String""","push == ""False""","pop == ""False""","clear == ""True""","calledMethod == ""clear""","size_p == ""1""",Yes
3516,1607899197562:9ba6b5f1-e9cc-4d26-b826-8e0bceaf25d7,1607899197562:740b7f51-1b7a-4b11-8385-714443341d48,"size == ""1""","isEmpty == ""True""","peek_obj_type == ""class java.lang.String""","push == ""True""","pop == ""False""","clear == ""False""","calledMethod == ""push""","size_p == ""0""",Yes
3517,1607899197562:9ba6b5f1-e9cc-4d26-b826-8e0bceaf25d7,1607899197562:740b7f51-1b7a-4b11-8385-714443341d48,"size == ""1""","isEmpty == ""True""","peek_obj_type == ""class java.lang.String""","push == ""False""","pop == ""True""","clear == ""False""","calledMethod == ""pop""","size_p == ""1""",Yes
3520,1607899197562:7c97bbfc-4ef8-4c91-8780-f82ae10e780c,1607899197562:935f240d-524a-493a-8919-789f84639ef3,"size == ""1""","isEmpty == ""True""","peek_obj_type == ""class java.lang.String""","push == ""True""","pop == ""False""","clear == ""False""","calledMethod == ""push""","size_p == ""0""",Yes
3521,1607899197562:7c97bbfc-4ef8-4c91-8780-f82ae10e780c,1607899197562:935f240d-524a-493a-8919-789f84639ef3,"size == ""1""","isEmpty == ""True""","peek_obj_type == ""class java.lang.String""","push == ""False""","pop == ""False""","clear == ""True""","calledMethod == ""clear""","size_p == ""1""",Yes
3522,1607899197562:7c97bbfc-4ef8-4c91-8780-f82ae10e780c,1607899197562:935f240d-524a-493a-8919-789f84639ef3,"size == ""1""","isEmpty == ""True""","peek_obj_type == ""class java.lang.String""","push == ""False""","pop == ""False""","clear == ""True""","calledMethod == ""clear""","size_p == ""1""",Yes
3523,1607899197562:7c97bbfc-4ef8-4c91-8780-f82ae10e780c,1607899197562:935f240d-524a-493a-8919-789f84639ef3,"size == ""1""","isEmpty == ""True""","peek_obj_type == ""class java.lang.String""","push == ""False""","pop == ""False""","clear == ""True""","calledMethod == ""clear""","size_p == ""1""",Yes
3525,1607899197562:7c97bbfc-4ef8-4c91-8780-f82ae10e780c,1607899197562:39fd9c6e-f2a0-421d-87c9-768fedf67348,"size == ""1""","isEmpty == ""True""","peek_obj_type == ""class java.lang.String""","push == ""True""","pop == ""False""","clear == ""False""","calledMethod == ""push""","size_p == ""0""",Yes
3526,1607899197562:7c97bbfc-4ef8-4c91-8780-f82ae10e780c,1607899197562:39fd9c6e-f2a0-421d-87c9-768fedf67348,"size == ""1""","isEmpty == ""True""","peek_obj_type == ""class java.lang.String""","push == ""False""","pop == ""True""","clear == ""False""","calledMethod == ""pop""","size_p == ""1""",Yes
3528,1607899197561:92b910a2-29ec-4123-a18d-2a9b35a101af,1607899197561:c8b73a2a-52e0-4d29-919a-6a1336f0969b,"size == ""1""","isEmpty == ""True""","peek_obj_type == ""class java.lang.String""","push == ""True""","pop == ""False""","clear == ""False""","calledMethod == ""push""","size_p == ""0""",Yes
3529,1607899197561:92b910a2-29ec-4123-a18d-2a9b35a101af,1607899197561:c8b73a2a-52e0-4d29-919a-6a1336f0969b,"size == ""1""","isEmpty == ""True""","peek_obj_type == ""class java.lang.String""","push == ""False""","pop == ""True""","clear == ""False""","calledMethod == ""pop""","size_p == ""1""",Yes
3532,1607899197561:0e1f5aa1-f42f-4c0b-af00-924f78da7ee6,1607899197561:bd0eb6e5-68c8-4392-90c8-f055e1992eba,"size == ""1""","isEmpty == ""True""","peek_obj_type == ""class java.lang.String""","push == ""True""","pop == ""False""","clear == ""False""","calledMethod == ""push""","size_p == ""0""",Yes
3533,1607899197561:0e1f5aa1-f42f-4c0b-af00-924f78da7ee6,1607899197561:bd0eb6e5-68c8-4392-90c8-f055e1992eba,"size == ""1""","isEmpty == ""True""","peek_obj_type == ""class java.lang.String""","push == ""False""","pop == ""True""","clear == ""False""","calledMethod == ""pop""","size_p == ""1""",Yes
3535,1607899197561:0e1f5aa1-f42f-4c0b-af00-924f78da7ee6,1607899197561:61da298f-0cb7-460c-90c4-c1f5ca691d9c,"size == ""1""","isEmpty == ""True""","peek_obj_type == ""class java.lang.String""","push == ""True""","pop == ""False""","clear == ""False""","calledMethod == ""push""","size_p == ""0""",Yes
3536,1607899197561:0e1f5aa1-f42f-4c0b-af00-924f78da7ee6,1607899197561:61da298f-0cb7-460c-90c4-c1f5ca691d9c,"size == ""2""","isEmpty == ""True""","peek_obj_type == ""class java.lang.String""","push == ""True""","pop == ""False""","clear == ""False""","calledMethod == ""push""","size_p == ""1""",Yes
3537,1607899197561:0e1f5aa1-f42f-4c0b-af00-924f78da7ee6,1607899197561:61da298f-0cb7-460c-90c4-c1f5ca691d9c,"size == ""3""","isEmpty == ""True""","peek_obj_type == ""class java.lang.String""","push == ""True""","pop == ""False""","clear == ""False""","calledMethod == ""push""","size_p == ""2""",Yes
3539,1607899197561:0748a070-5917-4780-8a4f-b585aeb41199,1607899197561:debc7df8-27d3-4cd0-a5bc-a56bca679aa1,"size == ""1""","isEmpty == ""True""","peek_obj_type == ""class java.lang.String""","push == ""True""","pop == ""False""","clear == ""False""","calledMethod == ""push""","size_p == ""0""",Yes
3540,1607899197561:0748a070-5917-4780-8a4f-b585aeb41199,1607899197561:debc7df8-27d3-4cd0-a5bc-a56bca679aa1,"size == ""1""","isEmpty == ""True""","peek_obj_type == ""class java.lang.String""","push == ""False""","pop == ""True""","clear == ""False""","calledMethod == ""pop""","size_p == ""1""",Yes
3542,1607899197561:0748a070-5917-4780-8a4f-b585aeb41199,1607899197561:394ebb33-e559-40df-93a2-5ab0e5864b66,"size == ""1""","isEmpty == ""True""","peek_obj_type == ""class java.lang.String""","push == ""True""","pop == ""False""","clear == ""False""","calledMethod == ""push""","size_p == ""0""",Yes
3543,1607899197561:0748a070-5917-4780-8a4f-b585aeb41199,1607899197561:394ebb33-e559-40df-93a2-5ab0e5864b66,"size == ""2""","isEmpty == ""True""","peek_obj_type == ""class java.lang.String""","push == ""True""","pop == ""False""","clear == ""False""","calledMethod == ""push""","size_p == ""1""",Yes
3545,1607899197560:e4278a1d-bad0-4034-ba83-b230b3562a38,1607899197560:bb0b6079-c7b4-48b3-ae8a-b4592ff3ee3e,"size == ""1""","isEmpty == ""True""","peek_obj_type == ""class java.lang.String""","push == ""True""","pop == ""False""","clear == ""False""","calledMethod == ""push""","size_p == ""0""",Yes
3546,1607899197560:e4278a1d-bad0-4034-ba83-b230b3562a38,1607899197560:bb0b6079-c7b4-48b3-ae8a-b4592ff3ee3e,"size == ""2""","isEmpty == ""True""","peek_obj_type == ""class java.lang.String""","push == ""True""","pop == ""False""","clear == ""False""","calledMethod == ""push""","size_p == ""1""",Yes
3547,1607899197560:e4278a1d-bad0-4034-ba83-b230b3562a38,1607899197560:bb0b6079-c7b4-48b3-ae8a-b4592ff3ee3e,"size == ""3""","isEmpty == ""True""","peek_obj_type == ""class java.lang.String""","push == ""True""","pop == ""False""","clear == ""False""","calledMethod == ""push""","size_p == ""2""",Yes
3549,1607899197560:e4278a1d-bad0-4034-ba83-b230b3562a38,1607899197560:6a8055b5-3869-4e00-8d63-7b3e3fa4eb65,"size == ""1""","isEmpty == ""True""","peek_obj_type == ""class java.lang.String""","push == ""True""","pop == ""False""","clear == ""False""","calledMethod == ""push""","size_p == ""0""",Yes
3550,1607899197560:e4278a1d-bad0-4034-ba83-b230b3562a38,1607899197560:6a8055b5-3869-4e00-8d63-7b3e3fa4eb65,"size == ""1""","isEmpty == ""True""","peek_obj_type == ""class java.lang.String""","push == ""False""","pop == ""True""","clear == ""False""","calledMethod == ""pop""","size_p == ""1""",Yes
3552,1607899197560:bbe0996f-e084-46ab-aa20-4a5ae11a034f,1607899197560:d6f0008d-fbbc-4184-a98c-b952fc0aa9c4,"size == ""1""","isEmpty == ""True""","peek_obj_type == ""class java.lang.String""","push == ""True""","pop == ""False""","clear == ""False""","calledMethod == ""push""","size_p == ""0""",Yes
3553,1607899197560:bbe0996f-e084-46ab-aa20-4a5ae11a034f,1607899197560:d6f0008d-fbbc-4184-a98c-b952fc0aa9c4,"size == ""1""","isEmpty == ""True""","peek_obj_type == ""class java.lang.String""","push == ""False""","pop == ""True""","clear == ""False""","calledMethod == ""pop""","size_p == ""1""",Yes
3555,1607899197560:bbe0996f-e084-46ab-aa20-4a5ae11a034f,1607899197560:b3bc49e4-f3b3-4a06-b689-dd77257d3b7e,"size == ""1""","isEmpty == ""True""","peek_obj_type == ""class java.lang.String""","push == ""True""","pop == ""False""","clear == ""False""","calledMethod == ""push""","size_p == ""0""",Yes
3556,1607899197560:bbe0996f-e084-46ab-aa20-4a5ae11a034f,1607899197560:b3bc49e4-f3b3-4a06-b689-dd77257d3b7e,"size == ""2""","isEmpty == ""True""","peek_obj_type == ""class java.lang.String""","push == ""True""","pop == ""False""","clear == ""False""","calledMethod == ""push""","size_p == ""1""",Yes
3559,1607899197560:b39a7bfe-c3fb-4ac7-bb0d-af6824dbe857,1607899197560:ef9c9833-0935-4e9f-a900-e0a1a1525efe,"size == ""1""","isEmpty == ""True""","peek_obj_type == ""class java.lang.String""","push == ""True""","pop == ""False""","clear == ""False""","calledMethod == ""push""","size_p == ""0""",Yes
3560,1607899197560:b39a7bfe-c3fb-4ac7-bb0d-af6824dbe857,1607899197560:ef9c9833-0935-4e9f-a900-e0a1a1525efe,"size == ""1""","isEmpty == ""True""","peek_obj_type == ""class java.lang.String""","push == ""False""","pop == ""False""","clear == ""True""","calledMethod == ""clear""","size_p == ""1""",Yes
3561,1607899197560:b39a7bfe-c3fb-4ac7-bb0d-af6824dbe857,1607899197560:ef9c9833-0935-4e9f-a900-e0a1a1525efe,"size == ""1""","isEmpty == ""True""","peek_obj_type == ""class java.lang.String""","push == ""False""","pop == ""False""","clear == ""True""","calledMethod == ""clear""","size_p == ""1""",Yes
3562,1607899197560:b39a7bfe-c3fb-4ac7-bb0d-af6824dbe857,1607899197560:ef9c9833-0935-4e9f-a900-e0a1a1525efe,"size == ""1""","isEmpty == ""True""","peek_obj_type == ""class java.lang.String""","push == ""False""","pop == ""False""","clear == ""True""","calledMethod == ""clear""","size_p == ""1""",Yes
3564,1607899197560:b39a7bfe-c3fb-4ac7-bb0d-af6824dbe857,1607899197560:7ab2b37b-4d75-4adc-8aa1-1470baebe84f,"size == ""1""","isEmpty == ""True""","peek_obj_type == ""class java.lang.String""","push == ""True""","pop == ""False""","clear == ""False""","calledMethod == ""push""","size_p == ""0""",Yes
3565,1607899197560:b39a7bfe-c3fb-4ac7-bb0d-af6824dbe857,1607899197560:7ab2b37b-4d75-4adc-8aa1-1470baebe84f,"size == ""1""","isEmpty == ""True""","peek_obj_type == ""class java.lang.String""","push == ""False""","pop == ""True""","clear == ""False""","calledMethod == ""pop""","size_p == ""1""",Yes
3567,1607899197559:d0fc96a1-d904-4841-a491-80b68b17dc54,1607899197559:f712414a-4308-42be-9855-f4c1deaaa171,"size == ""1""","isEmpty == ""True""","peek_obj_type == ""class java.lang.String""","push == ""True""","pop == ""False""","clear == ""False""","calledMethod == ""push""","size_p == ""0""",Yes
3569,1607899197559:d0fc96a1-d904-4841-a491-80b68b17dc54,1607899197559:ee8ce495-3aff-46f7-9b43-fd36294996be,"size == ""1""","isEmpty == ""True""","peek_obj_type == ""class java.lang.String""","push == ""True""","pop == ""False""","clear == ""False""","calledMethod == ""push""","size_p == ""0""",Yes
3570,1607899197559:d0fc96a1-d904-4841-a491-80b68b17dc54,1607899197559:ee8ce495-3aff-46f7-9b43-fd36294996be,"size == ""1""","isEmpty == ""True""","peek_obj_type == ""class java.lang.String""","push == ""False""","pop == ""True""","clear == ""False""","calledMethod == ""pop""","size_p == ""1""",Yes
3572,1607899197559:c76f37fc-f36d-44f3-a2aa-d016f683c31c,1607899197559:cd0e0654-da9c-4e4d-bb65-171bcc7080d8,"size == ""1""","isEmpty == ""True""","peek_obj_type == ""class java.lang.String""","push == ""True""","pop == ""False""","clear == ""False""","calledMethod == ""push""","size_p == ""0""",Yes
3573,1607899197559:c76f37fc-f36d-44f3-a2aa-d016f683c31c,1607899197559:cd0e0654-da9c-4e4d-bb65-171bcc7080d8,"size == ""1""","isEmpty == ""True""","peek_obj_type == ""class java.lang.String""","push == ""False""","pop == ""True""","clear == ""False""","calledMethod == ""pop""","size_p == ""1""",Yes
3575,1607899197559:7cb12e8c-4392-4997-814f-52cf5c7f174e,1607899197559:868a99a9-449d-43c3-a209-b4a42a25fa8c,"size == ""1""","isEmpty == ""True""","peek_obj_type == ""class java.lang.String""","push == ""True""","pop == ""False""","clear == ""False""","calledMethod == ""push""","size_p == ""0""",Yes
3576,1607899197559:7cb12e8c-4392-4997-814f-52cf5c7f174e,1607899197559:868a99a9-449d-43c3-a209-b4a42a25fa8c,"size == ""1""","isEmpty == ""True""","peek_obj_type == ""class java.lang.String""","push == ""False""","pop == ""True""","clear == ""False""","calledMethod == ""pop""","size_p == ""1""",Yes
3578,1607899197559:5afc2c64-ae96-4dfe-92c0-85ed22206ef6,1607899197559:50db15da-5201-464b-9de9-81ececb98604,"size == ""1""","isEmpty == ""True""","peek_obj_type == ""class java.lang.String""","push == ""True""","pop == ""False""","clear == ""False""","calledMethod == ""push""","size_p == ""0""",Yes
3579,1607899197559:5afc2c64-ae96-4dfe-92c0-85ed22206ef6,1607899197559:50db15da-5201-464b-9de9-81ececb98604,"size == ""1""","isEmpty == ""True""","peek_obj_type == ""class java.lang.String""","push == ""False""","pop == ""True""","clear == ""False""","calledMethod == ""pop""","size_p == ""1""",Yes
3581,1607899197558:9b28ad34-bd64-4310-a49f-94ac44cc0d58,1607899197558:f2832d2b-9e94-4568-b398-db5938db690d,"size == ""1""","isEmpty == ""True""","peek_obj_type == ""class java.lang.String""","push == ""True""","pop == ""False""","clear == ""False""","calledMethod == ""push""","size_p == ""0""",Yes
3582,1607899197558:9b28ad34-bd64-4310-a49f-94ac44cc0d58,1607899197558:f2832d2b-9e94-4568-b398-db5938db690d,"size == ""1""","isEmpty == ""True""","peek_obj_type == ""class java.lang.String""","push == ""False""","pop == ""True""","clear == ""False""","calledMethod == ""pop""","size_p == ""1""",Yes
3584,1607899197558:9b28ad34-bd64-4310-a49f-94ac44cc0d58,1607899197558:e277b4d2-d009-4061-9078-012b925261c7,"size == ""1""","isEmpty == ""True""","peek_obj_type == ""class java.lang.String""","push == ""True""","pop == ""False""","clear == ""False""","calledMethod == ""push""","size_p == ""0""",Yes
3585,1607899197558:9b28ad34-bd64-4310-a49f-94ac44cc0d58,1607899197558:e277b4d2-d009-4061-9078-012b925261c7,"size == ""2""","isEmpty == ""True""","peek_obj_type == ""class java.lang.String""","push == ""True""","pop == ""False""","clear == ""False""","calledMethod == ""push""","size_p == ""1""",Yes
3586,1607899197558:9b28ad34-bd64-4310-a49f-94ac44cc0d58,1607899197558:e277b4d2-d009-4061-9078-012b925261c7,"size == ""3""","isEmpty == ""True""","peek_obj_type == ""class java.lang.String""","push == ""True""","pop == ""False""","clear == ""False""","calledMethod == ""push""","size_p == ""2""",Yes
3588,1607899197558:21a94c57-caca-4886-b3d2-962efa5106ef,1607899197558:41eecc96-2143-49a3-8711-3c1709dca3d0,"size == ""1""","isEmpty == ""True""","peek_obj_type == ""class java.lang.String""","push == ""True""","pop == ""False""","clear == ""False""","calledMethod == ""push""","size_p == ""0""",Yes
3589,1607899197558:21a94c57-caca-4886-b3d2-962efa5106ef,1607899197558:41eecc96-2143-49a3-8711-3c1709dca3d0,"size == ""1""","isEmpty == ""True""","peek_obj_type == ""class java.lang.String""","push == ""False""","pop == ""True""","clear == ""False""","calledMethod == ""pop""","size_p == ""1""",Yes
3591,1607899197558:07d72af8-85c6-43d6-bd54-77f094b4f36b,1607899197558:fe71ee59-542f-47d1-aa52-2a1dc1a86543,"size == ""1""","isEmpty == ""True""","peek_obj_type == ""class java.lang.String""","push == ""True""","pop == ""False""","clear == ""False""","calledMethod == ""push""","size_p == ""0""",Yes
3592,1607899197558:07d72af8-85c6-43d6-bd54-77f094b4f36b,1607899197558:fe71ee59-542f-47d1-aa52-2a1dc1a86543,"size == ""2""","isEmpty == ""True""","peek_obj_type == ""class java.lang.String""","push == ""True""","pop == ""False""","clear == ""False""","calledMethod == ""push""","size_p == ""1""",Yes
3593,1607899197558:07d72af8-85c6-43d6-bd54-77f094b4f36b,1607899197558:fe71ee59-542f-47d1-aa52-2a1dc1a86543,"size == ""3""","isEmpty == ""True""","peek_obj_type == ""class java.lang.String""","push == ""True""","pop == ""False""","clear == ""False""","calledMethod == ""push""","size_p == ""2""",Yes
3596,1607899197558:07d72af8-85c6-43d6-bd54-77f094b4f36b,1607899197558:490b8600-26fb-49e8-a14d-4a04eeaa6ee2,"size == ""1""","isEmpty == ""True""","peek_obj_type == ""class java.lang.String""","push == ""True""","pop == ""False""","clear == ""False""","calledMethod == ""push""","size_p == ""0""",Yes
3597,1607899197558:07d72af8-85c6-43d6-bd54-77f094b4f36b,1607899197558:490b8600-26fb-49e8-a14d-4a04eeaa6ee2,"size == ""1""","isEmpty == ""True""","peek_obj_type == ""class java.lang.String""","push == ""False""","pop == ""True""","clear == ""False""","calledMethod == ""pop""","size_p == ""1""",Yes
3599,1607899197557:61dc50e2-b120-43a8-8cd0-5f4930fdaa0c,1607899197557:bf5e5740-80bd-42f1-8549-874b34991822,"size == ""1""","isEmpty == ""True""","peek_obj_type == ""class java.lang.String""","push == ""True""","pop == ""False""","clear == ""False""","calledMethod == ""push""","size_p == ""0""",Yes
3600,1607899197557:61dc50e2-b120-43a8-8cd0-5f4930fdaa0c,1607899197557:bf5e5740-80bd-42f1-8549-874b34991822,"size == ""1""","isEmpty == ""True""","peek_obj_type == ""class java.lang.String""","push == ""False""","pop == ""True""","clear == ""False""","calledMethod == ""pop""","size_p == ""1""",Yes
3602,1607899197557:51764e1a-f6b2-45ae-8f93-a9e3fab10925,1607899197557:e987593c-2c7b-4b65-b6c4-1103dddffb0a,"size == ""1""","isEmpty == ""True""","peek_obj_type == ""class java.lang.String""","push == ""True""","pop == ""False""","clear == ""False""","calledMethod == ""push""","size_p == ""0""",Yes
3603,1607899197557:51764e1a-f6b2-45ae-8f93-a9e3fab10925,1607899197557:e987593c-2c7b-4b65-b6c4-1103dddffb0a,"size == ""1""","isEmpty == ""True""","peek_obj_type == ""class java.lang.String""","push == ""False""","pop == ""True""","clear == ""False""","calledMethod == ""pop""","size_p == ""1""",Yes
3605,1607899197557:51764e1a-f6b2-45ae-8f93-a9e3fab10925,1607899197557:218b67f0-5e6b-49bd-a91a-637a0e89fca2,"size == ""1""","isEmpty == ""True""","peek_obj_type == ""class java.lang.String""","push == ""True""","pop == ""False""","clear == ""False""","calledMethod == ""push""","size_p == ""0""",Yes
3606,1607899197557:51764e1a-f6b2-45ae-8f93-a9e3fab10925,1607899197557:218b67f0-5e6b-49bd-a91a-637a0e89fca2,"size == ""2""","isEmpty == ""True""","peek_obj_type == ""class java.lang.String""","push == ""True""","pop == ""False""","clear == ""False""","calledMethod == ""push""","size_p == ""1""",Yes
3607,1607899197557:51764e1a-f6b2-45ae-8f93-a9e3fab10925,1607899197557:218b67f0-5e6b-49bd-a91a-637a0e89fca2,"size == ""3""","isEmpty == ""True""","peek_obj_type == ""class java.lang.String""","push == ""True""","pop == ""False""","clear == ""False""","calledMethod == ""push""","size_p == ""2""",Yes
3609,1607899197557:1d33ed8c-a73d-4882-a611-01f181e05f18,1607899197558:241cdca5-497b-47fe-8f75-98b7935de66a,"size == ""1""","isEmpty == ""True""","peek_obj_type == ""class java.lang.String""","push == ""True""","pop == ""False""","clear == ""False""","calledMethod == ""push""","size_p == ""0""",Yes
3610,1607899197557:1d33ed8c-a73d-4882-a611-01f181e05f18,1607899197558:241cdca5-497b-47fe-8f75-98b7935de66a,"size == ""1""","isEmpty == ""True""","peek_obj_type == ""class java.lang.String""","push == ""False""","pop == ""True""","clear == ""False""","calledMethod == ""pop""","size_p == ""1""",Yes
3612,1607899197556:f332eb89-4fa6-492b-9f86-f35a52b63854,1607899197556:f5ed7016-1b9b-43c4-bede-c456245cd27d,"size == ""1""","isEmpty == ""True""","peek_obj_type == ""class java.lang.String""","push == ""True""","pop == ""False""","clear == ""False""","calledMethod == ""push""","size_p == ""0""",Yes
3613,1607899197556:f332eb89-4fa6-492b-9f86-f35a52b63854,1607899197556:f5ed7016-1b9b-43c4-bede-c456245cd27d,"size == ""1""","isEmpty == ""True""","peek_obj_type == ""class java.lang.String""","push == ""False""","pop == ""True""","clear == ""False""","calledMethod == ""pop""","size_p == ""1""",Yes
3616,1607899197556:f332eb89-4fa6-492b-9f86-f35a52b63854,1607899197556:962d225b-9167-4b1c-8a06-116c64154124,"size == ""1""","isEmpty == ""True""","peek_obj_type == ""class java.lang.String""","push == ""True""","pop == ""False""","clear == ""False""","calledMethod == ""push""","size_p == ""0""",Yes
3617,1607899197556:f332eb89-4fa6-492b-9f86-f35a52b63854,1607899197556:962d225b-9167-4b1c-8a06-116c64154124,"size == ""1""","isEmpty == ""True""","peek_obj_type == ""class java.lang.String""","push == ""False""","pop == ""False""","clear == ""True""","calledMethod == ""clear""","size_p == ""1""",Yes
3618,1607899197556:f332eb89-4fa6-492b-9f86-f35a52b63854,1607899197556:962d225b-9167-4b1c-8a06-116c64154124,"size == ""1""","isEmpty == ""True""","peek_obj_type == ""class java.lang.String""","push == ""False""","pop == ""False""","clear == ""True""","calledMethod == ""clear""","size_p == ""1""",Yes
3619,1607899197556:f332eb89-4fa6-492b-9f86-f35a52b63854,1607899197556:962d225b-9167-4b1c-8a06-116c64154124,"size == ""1""","isEmpty == ""True""","peek_obj_type == ""class java.lang.String""","push == ""False""","pop == ""False""","clear == ""True""","calledMethod == ""clear""","size_p == ""1""",Yes
3621,1607899197556:e9e63a82-4605-45cf-8acf-611bcec1bdca,1607899197556:28245341-781f-4c87-b59c-fb0e636da869,"size == ""1""","isEmpty == ""True""","peek_obj_type == ""class java.lang.String""","push == ""True""","pop == ""False""","clear == ""False""","calledMethod == ""push""","size_p == ""0""",Yes
3622,1607899197556:e9e63a82-4605-45cf-8acf-611bcec1bdca,1607899197556:28245341-781f-4c87-b59c-fb0e636da869,"size == ""1""","isEmpty == ""True""","peek_obj_type == ""class java.lang.String""","push == ""False""","pop == ""True""","clear == ""False""","calledMethod == ""pop""","size_p == ""1""",Yes
3624,1607899197556:d6e97edc-c6fc-4481-b6e6-abaccf7a6ce5,1607899197556:2fa382af-8f2f-4f42-b267-683eb3c4a7c9,"size == ""1""","isEmpty == ""True""","peek_obj_type == ""class java.lang.String""","push == ""True""","pop == ""False""","clear == ""False""","calledMethod == ""push""","size_p == ""0""",Yes
3625,1607899197556:d6e97edc-c6fc-4481-b6e6-abaccf7a6ce5,1607899197556:2fa382af-8f2f-4f42-b267-683eb3c4a7c9,"size == ""1""","isEmpty == ""True""","peek_obj_type == ""class java.lang.String""","push == ""False""","pop == ""True""","clear == ""False""","calledMethod == ""pop""","size_p == ""1""",Yes
3627,1607899197556:c3027906-fcbc-43db-8c6b-78d397bd026e,1607899197556:fda7639e-bb9c-4a4e-b651-3959687168a9,"size == ""1""","isEmpty == ""True""","peek_obj_type == ""class java.lang.String""","push == ""True""","pop == ""False""","clear == ""False""","calledMethod == ""push""","size_p == ""0""",Yes
3628,1607899197556:c3027906-fcbc-43db-8c6b-78d397bd026e,1607899197556:fda7639e-bb9c-4a4e-b651-3959687168a9,"size == ""1""","isEmpty == ""True""","peek_obj_type == ""class java.lang.String""","push == ""False""","pop == ""True""","clear == ""False""","calledMethod == ""pop""","size_p == ""1""",Yes
3630,1607899197556:b1908472-52fe-482e-a6a7-0e474f3c782d,1607899197556:b2323ba3-05cf-418c-a741-d73a05090358,"size == ""1""","isEmpty == ""True""","peek_obj_type == ""class java.lang.String""","push == ""True""","pop == ""False""","clear == ""False""","calledMethod == ""push""","size_p == ""0""",Yes
3631,1607899197556:b1908472-52fe-482e-a6a7-0e474f3c782d,1607899197556:b2323ba3-05cf-418c-a741-d73a05090358,"size == ""1""","isEmpty == ""True""","peek_obj_type == ""class java.lang.String""","push == ""False""","pop == ""True""","clear == ""False""","calledMethod == ""pop""","size_p == ""1""",Yes
3633,1607899197556:b1908472-52fe-482e-a6a7-0e474f3c782d,1607899197556:a8dac4d2-48b6-4d2b-aa69-62082bbcc5f9,"size == ""1""","isEmpty == ""True""","peek_obj_type == ""class java.lang.String""","push == ""True""","pop == ""False""","clear == ""False""","calledMethod == ""push""","size_p == ""0""",Yes
3634,1607899197556:b1908472-52fe-482e-a6a7-0e474f3c782d,1607899197556:a8dac4d2-48b6-4d2b-aa69-62082bbcc5f9,"size == ""2""","isEmpty == ""True""","peek_obj_type == ""class java.lang.String""","push == ""True""","pop == ""False""","clear == ""False""","calledMethod == ""push""","size_p == ""1""",Yes
3636,1607899197556:486b045a-e333-4bff-bc59-6c53a14ea52a,1607899197556:46a8dd60-752d-4052-ac1d-b473a4651efc,"size == ""1""","isEmpty == ""True""","peek_obj_type == ""class java.lang.String""","push == ""True""","pop == ""False""","clear == ""False""","calledMethod == ""push""","size_p == ""0""",Yes
3637,1607899197556:486b045a-e333-4bff-bc59-6c53a14ea52a,1607899197556:46a8dd60-752d-4052-ac1d-b473a4651efc,"size == ""1""","isEmpty == ""True""","peek_obj_type == ""class java.lang.String""","push == ""False""","pop == ""True""","clear == ""False""","calledMethod == ""pop""","size_p == ""1""",Yes
3639,1607899197556:124137cf-8c71-4645-9487-700788f800a0,1607899197556:3c600358-cae6-4ed7-bb8c-91879cba2aba,"size == ""1""","isEmpty == ""True""","peek_obj_type == ""class java.lang.String""","push == ""True""","pop == ""False""","clear == ""False""","calledMethod == ""push""","size_p == ""0""",Yes
3640,1607899197556:124137cf-8c71-4645-9487-700788f800a0,1607899197556:3c600358-cae6-4ed7-bb8c-91879cba2aba,"size == ""1""","isEmpty == ""True""","peek_obj_type == ""class java.lang.String""","push == ""False""","pop == ""True""","clear == ""False""","calledMethod == ""pop""","size_p == ""1""",Yes
3642,1607899197556:124137cf-8c71-4645-9487-700788f800a0,1607899197556:35caba33-7118-4055-ad89-662638fa21d9,"size == ""1""","isEmpty == ""True""","peek_obj_type == ""class java.lang.String""","push == ""True""","pop == ""False""","clear == ""False""","calledMethod == ""push""","size_p == ""0""",Yes
3643,1607899197556:124137cf-8c71-4645-9487-700788f800a0,1607899197556:35caba33-7118-4055-ad89-662638fa21d9,"size == ""2""","isEmpty == ""True""","peek_obj_type == ""class java.lang.String""","push == ""True""","pop == ""False""","clear == ""False""","calledMethod == ""push""","size_p == ""1""",Yes
3645,1607899197555:77e28f0f-30fb-4e12-839c-92887c47e4cb,1607899197555:52efa30d-ed2a-486b-bdce-3c0494127bd5,"size == ""1""","isEmpty == ""True""","peek_obj_type == ""class java.lang.String""","push == ""True""","pop == ""False""","clear == ""False""","calledMethod == ""push""","size_p == ""0""",Yes
3647,1607899197555:77e28f0f-30fb-4e12-839c-92887c47e4cb,1607899197555:4c8c9cbf-66e8-4f16-a3a6-58f6ff9f3745,"size == ""1""","isEmpty == ""True""","peek_obj_type == ""class java.lang.String""","push == ""True""","pop == ""False""","clear == ""False""","calledMethod == ""push""","size_p == ""0""",Yes
3648,1607899197555:77e28f0f-30fb-4e12-839c-92887c47e4cb,1607899197555:4c8c9cbf-66e8-4f16-a3a6-58f6ff9f3745,"size == ""1""","isEmpty == ""True""","peek_obj_type == ""class java.lang.String""","push == ""False""","pop == ""True""","clear == ""False""","calledMethod == ""pop""","size_p == ""1""",Yes
3652,1607899197555:2838ac0f-802b-464d-b921-240389629644,1607899197555:def13b97-acbf-4ac5-aeda-b0d5b3f13bdc,"size == ""1""","isEmpty == ""True""","peek_obj_type == ""class java.lang.String""","push == ""True""","pop == ""False""","clear == ""False""","calledMethod == ""push""","size_p == ""0""",Yes
3653,1607899197555:2838ac0f-802b-464d-b921-240389629644,1607899197555:def13b97-acbf-4ac5-aeda-b0d5b3f13bdc,"size == ""1""","isEmpty == ""True""","peek_obj_type == ""class java.lang.String""","push == ""False""","pop == ""True""","clear == ""False""","calledMethod == ""pop""","size_p == ""1""",Yes
3655,1607899197555:1dea6d18-cbe5-4bdf-a352-7cd8b79bd83f,1607899197555:c8a6c41b-2564-4940-a35e-6aefa4a0d87f,"size == ""1""","isEmpty == ""True""","peek_obj_type == ""class java.lang.String""","push == ""True""","pop == ""False""","clear == ""False""","calledMethod == ""push""","size_p == ""0""",Yes
3656,1607899197555:1dea6d18-cbe5-4bdf-a352-7cd8b79bd83f,1607899197555:c8a6c41b-2564-4940-a35e-6aefa4a0d87f,"size == ""2""","isEmpty == ""True""","peek_obj_type == ""class java.lang.String""","push == ""True""","pop == ""False""","clear == ""False""","calledMethod == ""push""","size_p == ""1""",Yes
3657,1607899197555:1dea6d18-cbe5-4bdf-a352-7cd8b79bd83f,1607899197555:c8a6c41b-2564-4940-a35e-6aefa4a0d87f,"size == ""3""","isEmpty == ""True""","peek_obj_type == ""class java.lang.String""","push == ""True""","pop == ""False""","clear == ""False""","calledMethod == ""push""","size_p == ""2""",Yes
3659,1607899197555:1dea6d18-cbe5-4bdf-a352-7cd8b79bd83f,1607899197555:5c0ca698-8833-43ee-99fa-0411aed28992,"size == ""1""","isEmpty == ""True""","peek_obj_type == ""class java.lang.String""","push == ""True""","pop == ""False""","clear == ""False""","calledMethod == ""push""","size_p == ""0""",Yes
3660,1607899197555:1dea6d18-cbe5-4bdf-a352-7cd8b79bd83f,1607899197555:5c0ca698-8833-43ee-99fa-0411aed28992,"size == ""1""","isEmpty == ""True""","peek_obj_type == ""class java.lang.String""","push == ""False""","pop == ""True""","clear == ""False""","calledMethod == ""pop""","size_p == ""1""",Yes
3662,1607899197555:0d99b604-c462-469a-9e23-bd06871a85ee,1607899197555:7fb5c3c2-9678-4ea1-ba3e-0321ddf788d5,"size == ""1""","isEmpty == ""True""","peek_obj_type == ""class java.lang.String""","push == ""True""","pop == ""False""","clear == ""False""","calledMethod == ""push""","size_p == ""0""",Yes
3663,1607899197555:0d99b604-c462-469a-9e23-bd06871a85ee,1607899197555:7fb5c3c2-9678-4ea1-ba3e-0321ddf788d5,"size == ""1""","isEmpty == ""True""","peek_obj_type == ""class java.lang.String""","push == ""False""","pop == ""True""","clear == ""False""","calledMethod == ""pop""","size_p == ""1""",Yes
3665,1607899197554:faa365a7-2c90-49a9-b812-ea7081997a27,1607899197554:8651075b-dd6c-467a-b7b0-f6e7b8534d4b,"size == ""1""","isEmpty == ""True""","peek_obj_type == ""class java.lang.String""","push == ""True""","pop == ""False""","clear == ""False""","calledMethod == ""push""","size_p == ""0""",Yes
3666,1607899197554:faa365a7-2c90-49a9-b812-ea7081997a27,1607899197554:8651075b-dd6c-467a-b7b0-f6e7b8534d4b,"size == ""1""","isEmpty == ""True""","peek_obj_type == ""class java.lang.String""","push == ""False""","pop == ""True""","clear == ""False""","calledMethod == ""pop""","size_p == ""1""",Yes
3668,1607899197554:f01f69eb-1940-4ccb-9249-69cbff1628d6,1607899197554:eb0640e6-92f2-4e15-a076-ee0a97ebd651,"size == ""1""","isEmpty == ""True""","peek_obj_type == ""class java.lang.String""","push == ""True""","pop == ""False""","clear == ""False""","calledMethod == ""push""","size_p == ""0""",Yes
3669,1607899197554:f01f69eb-1940-4ccb-9249-69cbff1628d6,1607899197554:eb0640e6-92f2-4e15-a076-ee0a97ebd651,"size == ""1""","isEmpty == ""True""","peek_obj_type == ""class java.lang.String""","push == ""False""","pop == ""True""","clear == ""False""","calledMethod == ""pop""","size_p == ""1""",Yes
3671,1607899197554:a26dff23-5e56-4482-8ba8-c23ee551b3ca,1607899197554:a875ebe9-0b4b-4bcf-b0e8-aac4a087a5ed,"size == ""1""","isEmpty == ""True""","peek_obj_type == ""class java.lang.String""","push == ""True""","pop == ""False""","clear == ""False""","calledMethod == ""push""","size_p == ""0""",Yes
3672,1607899197554:a26dff23-5e56-4482-8ba8-c23ee551b3ca,1607899197554:a875ebe9-0b4b-4bcf-b0e8-aac4a087a5ed,"size == ""1""","isEmpty == ""True""","peek_obj_type == ""class java.lang.String""","push == ""False""","pop == ""True""","clear == ""False""","calledMethod == ""pop""","size_p == ""1""",Yes
3674,1607899197554:a26dff23-5e56-4482-8ba8-c23ee551b3ca,1607899197554:373eb897-a942-48b1-9feb-f02b6e03829d,"size == ""1""","isEmpty == ""True""","peek_obj_type == ""class java.lang.String""","push == ""True""","pop == ""False""","clear == ""False""","calledMethod == ""push""","size_p == ""0""",Yes
3677,1607899197554:a0cbfe6e-068c-43fe-b8ab-6478bbb7236d,1607899197554:34cbe6e8-9a81-4eb4-b75e-028ca081b173,"size == ""1""","isEmpty == ""True""","peek_obj_type == ""class java.lang.String""","push == ""True""","pop == ""False""","clear == ""False""","calledMethod == ""push""","size_p == ""0""",Yes
3678,1607899197554:a0cbfe6e-068c-43fe-b8ab-6478bbb7236d,1607899197554:34cbe6e8-9a81-4eb4-b75e-028ca081b173,"size == ""1""","isEmpty == ""True""","peek_obj_type == ""class java.lang.String""","push == ""False""","pop == ""True""","clear == ""False""","calledMethod == ""pop""","size_p == ""1""",Yes
3680,1607899197554:a0a3ba30-e989-4c30-b82e-a2da050574ba,1607899197554:e4959c92-8192-494e-a4ac-684650594726,"size == ""1""","isEmpty == ""True""","peek_obj_type == ""class java.lang.String""","push == ""True""","pop == ""False""","clear == ""False""","calledMethod == ""push""","size_p == ""0""",Yes
3681,1607899197554:a0a3ba30-e989-4c30-b82e-a2da050574ba,1607899197554:e4959c92-8192-494e-a4ac-684650594726,"size == ""1""","isEmpty == ""True""","peek_obj_type == ""class java.lang.String""","push == ""False""","pop == ""True""","clear == ""False""","calledMethod == ""pop""","size_p == ""1""",Yes
3683,1607899197554:81589237-ec88-4b64-b3d0-a6aab985f21f,1607899197554:af928482-9b0e-4e92-b90c-57371b0e27d5,"size == ""1""","isEmpty == ""True""","peek_obj_type == ""class java.lang.String""","push == ""True""","pop == ""False""","clear == ""False""","calledMethod == ""push""","size_p == ""0""",Yes
3684,1607899197554:81589237-ec88-4b64-b3d0-a6aab985f21f,1607899197554:af928482-9b0e-4e92-b90c-57371b0e27d5,"size == ""1""","isEmpty == ""True""","peek_obj_type == ""class java.lang.String""","push == ""False""","pop == ""True""","clear == ""False""","calledMethod == ""pop""","size_p == ""1""",Yes
3686,1607899197554:563444f3-d39e-43ae-b5f0-25cc24c84600,1607899197554:349cb9f6-2bd5-4de1-959f-9e8a1bd82ff3,"size == ""1""","isEmpty == ""True""","peek_obj_type == ""class java.lang.String""","push == ""True""","pop == ""False""","clear == ""False""","calledMethod == ""push""","size_p == ""0""",Yes
3687,1607899197554:563444f3-d39e-43ae-b5f0-25cc24c84600,1607899197554:349cb9f6-2bd5-4de1-959f-9e8a1bd82ff3,"size == ""1""","isEmpty == ""True""","peek_obj_type == ""class java.lang.String""","push == ""False""","pop == ""True""","clear == ""False""","calledMethod == ""pop""","size_p == ""1""",Yes
3689,1607899197554:0b8df08a-c752-497a-81c3-5a925b2b4a25,1607899197554:769f2d09-ca60-456a-b081-1110c7d51adc,"size == ""1""","isEmpty == ""True""","peek_obj_type == ""class java.lang.String""","push == ""True""","pop == ""False""","clear == ""False""","calledMethod == ""push""","size_p == ""0""",Yes
3690,1607899197554:0b8df08a-c752-497a-81c3-5a925b2b4a25,1607899197554:769f2d09-ca60-456a-b081-1110c7d51adc,"size == ""1""","isEmpty == ""True""","peek_obj_type == ""class java.lang.String""","push == ""False""","pop == ""True""","clear == ""False""","calledMethod == ""pop""","size_p == ""1""",Yes
3693,1607899197553:a3c9ea57-f230-419f-a3b4-c8daace8cd8c,1607899197553:64edcf51-f242-4b00-9c12-0421c3d98b33,"size == ""1""","isEmpty == ""True""","peek_obj_type == ""class java.lang.String""","push == ""True""","pop == ""False""","clear == ""False""","calledMethod == ""push""","size_p == ""0""",Yes
3694,1607899197553:a3c9ea57-f230-419f-a3b4-c8daace8cd8c,1607899197553:64edcf51-f242-4b00-9c12-0421c3d98b33,"size == ""1""","isEmpty == ""True""","peek_obj_type == ""class java.lang.String""","push == ""False""","pop == ""False""","clear == ""True""","calledMethod == ""clear""","size_p == ""1""",Yes
3695,1607899197553:a3c9ea57-f230-419f-a3b4-c8daace8cd8c,1607899197553:64edcf51-f242-4b00-9c12-0421c3d98b33,"size == ""1""","isEmpty == ""True""","peek_obj_type == ""class java.lang.String""","push == ""False""","pop == ""False""","clear == ""True""","calledMethod == ""clear""","size_p == ""1""",Yes
3696,1607899197553:a3c9ea57-f230-419f-a3b4-c8daace8cd8c,1607899197553:64edcf51-f242-4b00-9c12-0421c3d98b33,"size == ""1""","isEmpty == ""True""","peek_obj_type == ""class java.lang.String""","push == ""False""","pop == ""False""","clear == ""True""","calledMethod == ""clear""","size_p == ""1""",Yes
3698,1607899197553:a3c9ea57-f230-419f-a3b4-c8daace8cd8c,1607899197553:450b03b8-3a87-45c6-af13-3ef0e4616bc7,"size == ""1""","isEmpty == ""True""","peek_obj_type == ""class java.lang.String""","push == ""True""","pop == ""False""","clear == ""False""","calledMethod == ""push""","size_p == ""0""",Yes
3699,1607899197553:a3c9ea57-f230-419f-a3b4-c8daace8cd8c,1607899197553:450b03b8-3a87-45c6-af13-3ef0e4616bc7,"size == ""1""","isEmpty == ""True""","peek_obj_type == ""class java.lang.String""","push == ""False""","pop == ""True""","clear == ""False""","calledMethod == ""pop""","size_p == ""1""",Yes
3701,1607899197553:a0ab70e2-d019-46a6-86b2-c6197239b007,1607899197553:af6e71bb-6a67-4cd8-8058-63e610caca5e,"size == ""1""","isEmpty == ""True""","peek_obj_type == ""class java.lang.String""","push == ""True""","pop == ""False""","clear == ""False""","calledMethod == ""push""","size_p == ""0""",Yes
3702,1607899197553:a0ab70e2-d019-46a6-86b2-c6197239b007,1607899197553:af6e71bb-6a67-4cd8-8058-63e610caca5e,"size == ""1""","isEmpty == ""True""","peek_obj_type == ""class java.lang.String""","push == ""False""","pop == ""True""","clear == ""False""","calledMethod == ""pop""","size_p == ""1""",Yes
3704,1607899197553:8a73d807-2362-4089-8a78-35297a2a79cc,1607899197553:e22bdf9a-653e-46ee-9c9c-911e59a643b7,"size == ""1""","isEmpty == ""True""","peek_obj_type == ""class java.lang.String""","push == ""True""","pop == ""False""","clear == ""False""","calledMethod == ""push""","size_p == ""0""",Yes
3705,1607899197553:8a73d807-2362-4089-8a78-35297a2a79cc,1607899197553:e22bdf9a-653e-46ee-9c9c-911e59a643b7,"size == ""1""","isEmpty == ""True""","peek_obj_type == ""class java.lang.String""","push == ""False""","pop == ""True""","clear == ""False""","calledMethod == ""pop""","size_p == ""1""",Yes
3707,1607899197553:4024404f-d684-40ca-b2bd-282705739dff,1607899197553:9b7e6308-ac03-4f5a-a7fb-720bb158f668,"size == ""1""","isEmpty == ""True""","peek_obj_type == ""class java.lang.String""","push == ""True""","pop == ""False""","clear == ""False""","calledMethod == ""push""","size_p == ""0""",Yes
3708,1607899197553:4024404f-d684-40ca-b2bd-282705739dff,1607899197553:9b7e6308-ac03-4f5a-a7fb-720bb158f668,"size == ""1""","isEmpty == ""True""","peek_obj_type == ""class java.lang.String""","push == ""False""","pop == ""True""","clear == ""False""","calledMethod == ""pop""","size_p == ""1""",Yes
3710,1607899197553:2ce95025-ff0a-493e-9235-219fdce22941,1607899197553:940e5fdb-a6af-477f-bef7-a403a3ccec3c,"size == ""1""","isEmpty == ""True""","peek_obj_type == ""class java.lang.String""","push == ""True""","pop == ""False""","clear == ""False""","calledMethod == ""push""","size_p == ""0""",Yes
3711,1607899197553:2ce95025-ff0a-493e-9235-219fdce22941,1607899197553:940e5fdb-a6af-477f-bef7-a403a3ccec3c,"size == ""1""","isEmpty == ""True""","peek_obj_type == ""class java.lang.String""","push == ""False""","pop == ""True""","clear == ""False""","calledMethod == ""pop""","size_p == ""1""",Yes
3713,1607899197553:215ed271-4002-4aec-9945-a703bc0143ab,1607899197553:c6624fec-1688-4ff3-bc70-eb712bbc5bad,"size == ""1""","isEmpty == ""True""","peek_obj_type == ""class java.lang.String""","push == ""True""","pop == ""False""","clear == ""False""","calledMethod == ""push""","size_p == ""0""",Yes
3714,1607899197553:215ed271-4002-4aec-9945-a703bc0143ab,1607899197553:c6624fec-1688-4ff3-bc70-eb712bbc5bad,"size == ""1""","isEmpty == ""True""","peek_obj_type == ""class java.lang.String""","push == ""False""","pop == ""True""","clear == ""False""","calledMethod == ""pop""","size_p == ""1""",Yes
3716,1607899197553:215ed271-4002-4aec-9945-a703bc0143ab,1607899197553:7c5686ab-f7be-44d3-abc7-e2e67263fadd,"size == ""1""","isEmpty == ""True""","peek_obj_type == ""class java.lang.String""","push == ""True""","pop == ""False""","clear == ""False""","calledMethod == ""push""","size_p == ""0""",Yes
3719,1607899197552:9ee516a1-6135-48a2-a1a4-60ec6f5a9e85,1607899197552:e51cddd2-7ff7-41b9-8134-01b2fbd65ce8,"size == ""1""","isEmpty == ""True""","peek_obj_type == ""class java.lang.String""","push == ""True""","pop == ""False""","clear == ""False""","calledMethod == ""push""","size_p == ""0""",Yes
3720,1607899197552:9ee516a1-6135-48a2-a1a4-60ec6f5a9e85,1607899197552:e51cddd2-7ff7-41b9-8134-01b2fbd65ce8,"size == ""1""","isEmpty == ""True""","peek_obj_type == ""class java.lang.String""","push == ""False""","pop == ""True""","clear == ""False""","calledMethod == ""pop""","size_p == ""1""",Yes
3723,1607899197552:9ee516a1-6135-48a2-a1a4-60ec6f5a9e85,1607899197552:59d8edea-24d0-49fc-8ed3-b706d1fbe199,"size == ""1""","isEmpty == ""True""","peek_obj_type == ""class java.lang.String""","push == ""True""","pop == ""False""","clear == ""False""","calledMethod == ""push""","size_p == ""0""",Yes
3724,1607899197552:9ee516a1-6135-48a2-a1a4-60ec6f5a9e85,1607899197552:59d8edea-24d0-49fc-8ed3-b706d1fbe199,"size == ""1""","isEmpty == ""True""","peek_obj_type == ""class java.lang.String""","push == ""False""","pop == ""False""","clear == ""True""","calledMethod == ""clear""","size_p == ""1""",Yes
3725,1607899197552:9ee516a1-6135-48a2-a1a4-60ec6f5a9e85,1607899197552:59d8edea-24d0-49fc-8ed3-b706d1fbe199,"size == ""1""","isEmpty == ""True""","peek_obj_type == ""class java.lang.String""","push == ""False""","pop == ""False""","clear == ""True""","calledMethod == ""clear""","size_p == ""1""",Yes
3726,1607899197552:9ee516a1-6135-48a2-a1a4-60ec6f5a9e85,1607899197552:59d8edea-24d0-49fc-8ed3-b706d1fbe199,"size == ""1""","isEmpty == ""True""","peek_obj_type == ""class java.lang.String""","push == ""False""","pop == ""False""","clear == ""True""","calledMethod == ""clear""","size_p == ""1""",Yes
3728,1607899197552:89b94478-2c50-4385-91dd-53133b712bec,1607899197552:b4a8d267-8671-4bea-893b-24135f819cb6,"size == ""1""","isEmpty == ""True""","peek_obj_type == ""class java.lang.String""","push == ""True""","pop == ""False""","clear == ""False""","calledMethod == ""push""","size_p == ""0""",Yes
3729,1607899197552:89b94478-2c50-4385-91dd-53133b712bec,1607899197552:b4a8d267-8671-4bea-893b-24135f819cb6,"size == ""1""","isEmpty == ""True""","peek_obj_type == ""class java.lang.String""","push == ""False""","pop == ""True""","clear == ""False""","calledMethod == ""pop""","size_p == ""1""",Yes
3731,1607899197552:89b94478-2c50-4385-91dd-53133b712bec,1607899197552:99771f48-825c-499c-874f-c78898505e28,"size == ""1""","isEmpty == ""True""","peek_obj_type == ""class java.lang.String""","push == ""True""","pop == ""False""","clear == ""False""","calledMethod == ""push""","size_p == ""0""",Yes
3732,1607899197552:89b94478-2c50-4385-91dd-53133b712bec,1607899197552:99771f48-825c-499c-874f-c78898505e28,"size == ""2""","isEmpty == ""True""","peek_obj_type == ""class java.lang.String""","push == ""True""","pop == ""False""","clear == ""False""","calledMethod == ""push""","size_p == ""1""",Yes
3734,1607899197552:806b4577-ee06-4a3d-a42b-9a2401e9b96d,1607899197552:bbf9e6d1-e1a9-4ae1-911f-3a6d8f8c8728,"size == ""1""","isEmpty == ""True""","peek_obj_type == ""class java.lang.String""","push == ""True""","pop == ""False""","clear == ""False""","calledMethod == ""push""","size_p == ""0""",Yes
3735,1607899197552:806b4577-ee06-4a3d-a42b-9a2401e9b96d,1607899197552:bbf9e6d1-e1a9-4ae1-911f-3a6d8f8c8728,"size == ""1""","isEmpty == ""True""","peek_obj_type == ""class java.lang.String""","push == ""False""","pop == ""True""","clear == ""False""","calledMethod == ""pop""","size_p == ""1""",Yes
3737,1607899197552:709f804a-7121-43c9-94e5-21d4bc48ba74,1607899197552:cdea4722-af35-49ba-9815-8d602d2760a9,"size == ""1""","isEmpty == ""True""","peek_obj_type == ""class java.lang.String""","push == ""True""","pop == ""False""","clear == ""False""","calledMethod == ""push""","size_p == ""0""",Yes
3738,1607899197552:709f804a-7121-43c9-94e5-21d4bc48ba74,1607899197552:cdea4722-af35-49ba-9815-8d602d2760a9,"size == ""1""","isEmpty == ""True""","peek_obj_type == ""class java.lang.String""","push == ""False""","pop == ""True""","clear == ""False""","calledMethod == ""pop""","size_p == ""1""",Yes
3740,1607899197552:709f804a-7121-43c9-94e5-21d4bc48ba74,1607899197552:9003aa6f-e50a-48dc-bd0f-d3b8870f4b88,"size == ""1""","isEmpty == ""True""","peek_obj_type == ""class java.lang.String""","push == ""True""","pop == ""False""","clear == ""False""","calledMethod == ""push""","size_p == ""0""",Yes
3741,1607899197552:709f804a-7121-43c9-94e5-21d4bc48ba74,1607899197552:9003aa6f-e50a-48dc-bd0f-d3b8870f4b88,"size == ""2""","isEmpty == ""True""","peek_obj_type == ""class java.lang.String""","push == ""True""","pop == ""False""","clear == ""False""","calledMethod == ""push""","size_p == ""1""",Yes
3747,1607899197552:5ff54dd2-2d76-424d-ad15-40a3ff086980,1607899197552:8992e73f-6c25-4aa5-ab2c-ea64abd7b767,"size == ""1""","isEmpty == ""True""","peek_obj_type == ""class java.lang.String""","push == ""True""","pop == ""False""","clear == ""False""","calledMethod == ""push""","size_p == ""0""",Yes
3748,1607899197552:5ff54dd2-2d76-424d-ad15-40a3ff086980,1607899197552:8992e73f-6c25-4aa5-ab2c-ea64abd7b767,"size == ""1""","isEmpty == ""True""","peek_obj_type == ""class java.lang.String""","push == ""False""","pop == ""True""","clear == ""False""","calledMethod == ""pop""","size_p == ""1""",Yes
3750,1607899197552:1e302dd0-cb26-4ead-bc81-5357c5f1b9f0,1607899197552:d48f8595-b8c6-4d94-8675-56b81edd17de,"size == ""1""","isEmpty == ""True""","peek_obj_type == ""class java.lang.String""","push == ""True""","pop == ""False""","clear == ""False""","calledMethod == ""push""","size_p == ""0""",Yes
3751,1607899197552:1e302dd0-cb26-4ead-bc81-5357c5f1b9f0,1607899197552:d48f8595-b8c6-4d94-8675-56b81edd17de,"size == ""1""","isEmpty == ""True""","peek_obj_type == ""class java.lang.String""","push == ""False""","pop == ""True""","clear == ""False""","calledMethod == ""pop""","size_p == ""1""",Yes
3753,1607899197551:d6dc6c66-8bf3-4403-aad6-cb5db5659553,1607899197551:e4602fda-fa9f-432a-bf58-8a40c182d264,"size == ""1""","isEmpty == ""True""","peek_obj_type == ""class java.lang.String""","push == ""True""","pop == ""False""","clear == ""False""","calledMethod == ""push""","size_p == ""0""",Yes
3754,1607899197551:d6dc6c66-8bf3-4403-aad6-cb5db5659553,1607899197551:e4602fda-fa9f-432a-bf58-8a40c182d264,"size == ""1""","isEmpty == ""True""","peek_obj_type == ""class java.lang.String""","push == ""False""","pop == ""True""","clear == ""False""","calledMethod == ""pop""","size_p == ""1""",Yes
3756,1607899197551:c02aec4e-b863-443e-882d-0fbe834bce30,1607899197551:72880dac-40bd-4984-87f0-81e0b51ca735,"size == ""1""","isEmpty == ""True""","peek_obj_type == ""class java.lang.String""","push == ""True""","pop == ""False""","clear == ""False""","calledMethod == ""push""","size_p == ""0""",Yes
3757,1607899197551:c02aec4e-b863-443e-882d-0fbe834bce30,1607899197551:72880dac-40bd-4984-87f0-81e0b51ca735,"size == ""1""","isEmpty == ""True""","peek_obj_type == ""class java.lang.String""","push == ""False""","pop == ""True""","clear == ""False""","calledMethod == ""pop""","size_p == ""1""",Yes
3760,1607899197551:c02aec4e-b863-443e-882d-0fbe834bce30,1607899197551:0b59d61e-bfa2-477b-8ff3-f43fb65a347f,"size == ""1""","isEmpty == ""True""","peek_obj_type == ""class java.lang.String""","push == ""True""","pop == ""False""","clear == ""False""","calledMethod == ""push""","size_p == ""0""",Yes
3761,1607899197551:c02aec4e-b863-443e-882d-0fbe834bce30,1607899197551:0b59d61e-bfa2-477b-8ff3-f43fb65a347f,"size == ""1""","isEmpty == ""True""","peek_obj_type == ""class java.lang.String""","push == ""False""","pop == ""False""","clear == ""True""","calledMethod == ""clear""","size_p == ""1""",Yes
3763,1607899197551:885c2b44-115e-458d-a4fb-538f5f66f3df,1607899197551:30a5cec5-f20d-4a25-af1e-1e1ffdd36fc3,"size == ""1""","isEmpty == ""True""","peek_obj_type == ""class java.lang.String""","push == ""True""","pop == ""False""","clear == ""False""","calledMethod == ""push""","size_p == ""0""",Yes
3764,1607899197551:885c2b44-115e-458d-a4fb-538f5f66f3df,1607899197551:30a5cec5-f20d-4a25-af1e-1e1ffdd36fc3,"size == ""1""","isEmpty == ""True""","peek_obj_type == ""class java.lang.String""","push == ""False""","pop == ""True""","clear == ""False""","calledMethod == ""pop""","size_p == ""1""",Yes
3766,1607899197551:885c2b44-115e-458d-a4fb-538f5f66f3df,1607899197551:0d0d3308-d652-466c-86eb-7ff2d3f56f22,"size == ""1""","isEmpty == ""True""","peek_obj_type == ""class java.lang.String""","push == ""True""","pop == ""False""","clear == ""False""","calledMethod == ""push""","size_p == ""0""",Yes
3767,1607899197551:885c2b44-115e-458d-a4fb-538f5f66f3df,1607899197551:0d0d3308-d652-466c-86eb-7ff2d3f56f22,"size == ""2""","isEmpty == ""True""","peek_obj_type == ""class java.lang.String""","push == ""True""","pop == ""False""","clear == ""False""","calledMethod == ""push""","size_p == ""1""",Yes
3769,1607899197551:6aabe218-9022-44c3-9766-6388305f72d1,1607899197551:ede1b9de-13be-4cd3-8ed3-79b91e5ff7b6,"size == ""1""","isEmpty == ""True""","peek_obj_type == ""class java.lang.String""","push == ""True""","pop == ""False""","clear == ""False""","calledMethod == ""push""","size_p == ""0""",Yes
3770,1607899197551:6aabe218-9022-44c3-9766-6388305f72d1,1607899197551:ede1b9de-13be-4cd3-8ed3-79b91e5ff7b6,"size == ""1""","isEmpty == ""True""","peek_obj_type == ""class java.lang.String""","push == ""False""","pop == ""True""","clear == ""False""","calledMethod == ""pop""","size_p == ""1""",Yes
3772,1607899197551:693d3c96-b874-4f7b-a83b-32770c5b65df,1607899197551:ef04802f-e2a4-4b0f-bd98-3987662dd526,"size == ""1""","isEmpty == ""True""","peek_obj_type == ""class java.lang.String""","push == ""True""","pop == ""False""","clear == ""False""","calledMethod == ""push""","size_p == ""0""",Yes
3773,1607899197551:693d3c96-b874-4f7b-a83b-32770c5b65df,1607899197551:ef04802f-e2a4-4b0f-bd98-3987662dd526,"size == ""1""","isEmpty == ""True""","peek_obj_type == ""class java.lang.String""","push == ""False""","pop == ""True""","clear == ""False""","calledMethod == ""pop""","size_p == ""1""",Yes
3775,1607899197551:04e90add-7cc0-4b9d-af71-496da6cc6a46,1607899197551:9cec681d-710b-479d-a453-8ec5bf662ba0,"size == ""1""","isEmpty == ""True""","peek_obj_type == ""class java.lang.String""","push == ""True""","pop == ""False""","clear == ""False""","calledMethod == ""push""","size_p == ""0""",Yes
3776,1607899197551:04e90add-7cc0-4b9d-af71-496da6cc6a46,1607899197551:9cec681d-710b-479d-a453-8ec5bf662ba0,"size == ""1""","isEmpty == ""True""","peek_obj_type == ""class java.lang.String""","push == ""False""","pop == ""True""","clear == ""False""","calledMethod == ""pop""","size_p == ""1""",Yes
3779,1607899197551:04e90add-7cc0-4b9d-af71-496da6cc6a46,1607899197551:0fb2b965-d720-4205-a6a9-42a8eefd23f1,"size == ""1""","isEmpty == ""True""","peek_obj_type == ""class java.lang.String""","push == ""True""","pop == ""False""","clear == ""False""","calledMethod == ""push""","size_p == ""0""",Yes
3780,1607899197551:04e90add-7cc0-4b9d-af71-496da6cc6a46,1607899197551:0fb2b965-d720-4205-a6a9-42a8eefd23f1,"size == ""1""","isEmpty == ""True""","peek_obj_type == ""class java.lang.String""","push == ""False""","pop == ""False""","clear == ""True""","calledMethod == ""clear""","size_p == ""1""",Yes
3783,1607899197550:fdac1b74-03e0-4a81-871c-45529b6910e4,1607899197550:c95c18aa-2a16-416c-8152-bedc2ccb8ae1,"size == ""1""","isEmpty == ""True""","peek_obj_type == ""class java.lang.String""","push == ""True""","pop == ""False""","clear == ""False""","calledMethod == ""push""","size_p == ""0""",Yes
3784,1607899197550:fdac1b74-03e0-4a81-871c-45529b6910e4,1607899197550:c95c18aa-2a16-416c-8152-bedc2ccb8ae1,"size == ""1""","isEmpty == ""True""","peek_obj_type == ""class java.lang.String""","push == ""False""","pop == ""False""","clear == ""True""","calledMethod == ""clear""","size_p == ""1""",Yes
3785,1607899197550:fdac1b74-03e0-4a81-871c-45529b6910e4,1607899197550:c95c18aa-2a16-416c-8152-bedc2ccb8ae1,"size == ""1""","isEmpty == ""True""","peek_obj_type == ""class java.lang.String""","push == ""False""","pop == ""False""","clear == ""True""","calledMethod == ""clear""","size_p == ""1""",Yes
3786,1607899197550:fdac1b74-03e0-4a81-871c-45529b6910e4,1607899197550:c95c18aa-2a16-416c-8152-bedc2ccb8ae1,"size == ""1""","isEmpty == ""True""","peek_obj_type == ""class java.lang.String""","push == ""False""","pop == ""False""","clear == ""True""","calledMethod == ""clear""","size_p == ""1""",Yes
3788,1607899197550:fdac1b74-03e0-4a81-871c-45529b6910e4,1607899197550:7e9a9a62-8b0f-44bf-85d5-e8d7cb14935d,"size == ""1""","isEmpty == ""True""","peek_obj_type == ""class java.lang.String""","push == ""True""","pop == ""False""","clear == ""False""","calledMethod == ""push""","size_p == ""0""",Yes
3789,1607899197550:fdac1b74-03e0-4a81-871c-45529b6910e4,1607899197550:7e9a9a62-8b0f-44bf-85d5-e8d7cb14935d,"size == ""1""","isEmpty == ""True""","peek_obj_type == ""class java.lang.String""","push == ""False""","pop == ""True""","clear == ""False""","calledMethod == ""pop""","size_p == ""1""",Yes
3792,1607899197550:7d102f18-a06d-425e-9a2c-bd3362f60b06,1607899197550:c2dc5aa5-a171-492d-92b7-5f1d3e6c5444,"size == ""1""","isEmpty == ""True""","peek_obj_type == ""class java.lang.String""","push == ""True""","pop == ""False""","clear == ""False""","calledMethod == ""push""","size_p == ""0""",Yes
3793,1607899197550:7d102f18-a06d-425e-9a2c-bd3362f60b06,1607899197550:c2dc5aa5-a171-492d-92b7-5f1d3e6c5444,"size == ""1""","isEmpty == ""True""","peek_obj_type == ""class java.lang.String""","push == ""False""","pop == ""False""","clear == ""True""","calledMethod == ""clear""","size_p == ""1""",Yes
3794,1607899197550:7d102f18-a06d-425e-9a2c-bd3362f60b06,1607899197550:c2dc5aa5-a171-492d-92b7-5f1d3e6c5444,"size == ""1""","isEmpty == ""True""","peek_obj_type == ""class java.lang.String""","push == ""False""","pop == ""False""","clear == ""True""","calledMethod == ""clear""","size_p == ""1""",Yes
3795,1607899197550:7d102f18-a06d-425e-9a2c-bd3362f60b06,1607899197550:c2dc5aa5-a171-492d-92b7-5f1d3e6c5444,"size == ""1""","isEmpty == ""True""","peek_obj_type == ""class java.lang.String""","push == ""False""","pop == ""False""","clear == ""True""","calledMethod == ""clear""","size_p == ""1""",Yes
3797,1607899197550:7d102f18-a06d-425e-9a2c-bd3362f60b06,1607899197550:26319467-6371-4b1c-b07d-50941bfa7aea,"size == ""1""","isEmpty == ""True""","peek_obj_type == ""class java.lang.String""","push == ""True""","pop == ""False""","clear == ""False""","calledMethod == ""push""","size_p == ""0""",Yes
3798,1607899197550:7d102f18-a06d-425e-9a2c-bd3362f60b06,1607899197550:26319467-6371-4b1c-b07d-50941bfa7aea,"size == ""1""","isEmpty == ""True""","peek_obj_type == ""class java.lang.String""","push == ""False""","pop == ""True""","clear == ""False""","calledMethod == ""pop""","size_p == ""1""",Yes
3800,1607899197550:79bd74a2-6bcd-4d8b-a918-af433f89c473,1607899197551:ec3357b3-faea-44ff-89c3-5ba9c0717f38,"size == ""1""","isEmpty == ""True""","peek_obj_type == ""class java.lang.String""","push == ""True""","pop == ""False""","clear == ""False""","calledMethod == ""push""","size_p == ""0""",Yes
3801,1607899197550:79bd74a2-6bcd-4d8b-a918-af433f89c473,1607899197551:ec3357b3-faea-44ff-89c3-5ba9c0717f38,"size == ""1""","isEmpty == ""True""","peek_obj_type == ""class java.lang.String""","push == ""False""","pop == ""True""","clear == ""False""","calledMethod == ""pop""","size_p == ""1""",Yes
3803,1607899197550:68d67e47-748d-4e38-9a50-94e5f689920c,1607899197550:5bbcb504-980a-4214-91e5-4ec9184d3abf,"size == ""1""","isEmpty == ""True""","peek_obj_type == ""class java.lang.String""","push == ""True""","pop == ""False""","clear == ""False""","calledMethod == ""push""","size_p == ""0""",Yes
3804,1607899197550:68d67e47-748d-4e38-9a50-94e5f689920c,1607899197550:5bbcb504-980a-4214-91e5-4ec9184d3abf,"size == ""1""","isEmpty == ""True""","peek_obj_type == ""class java.lang.String""","push == ""False""","pop == ""True""","clear == ""False""","calledMethod == ""pop""","size_p == ""1""",Yes
3806,1607899197550:127b3347-e55a-4820-a4d1-41f8f0f6b547,1607899197550:d4219d88-6c4a-4c9d-8173-ef32b90b854b,"size == ""1""","isEmpty == ""True""","peek_obj_type == ""class java.lang.String""","push == ""True""","pop == ""False""","clear == ""False""","calledMethod == ""push""","size_p == ""0""",Yes
3808,1607899197550:127b3347-e55a-4820-a4d1-41f8f0f6b547,1607899197550:10501408-664f-4ea1-a12f-e2234f9faa8d,"size == ""1""","isEmpty == ""True""","peek_obj_type == ""class java.lang.String""","push == ""True""","pop == ""False""","clear == ""False""","calledMethod == ""push""","size_p == ""0""",Yes
3809,1607899197550:127b3347-e55a-4820-a4d1-41f8f0f6b547,1607899197550:10501408-664f-4ea1-a12f-e2234f9faa8d,"size == ""1""","isEmpty == ""True""","peek_obj_type == ""class java.lang.String""","push == ""False""","pop == ""True""","clear == ""False""","calledMethod == ""pop""","size_p == ""1""",Yes
3811,1607899197550:0691f5cc-7259-467d-849d-3f0fe3795914,1607899197550:20b290c9-4258-4470-b732-b647310d81c3,"size == ""1""","isEmpty == ""True""","peek_obj_type == ""class java.lang.String""","push == ""True""","pop == ""False""","clear == ""False""","calledMethod == ""push""","size_p == ""0""",Yes
3812,1607899197550:0691f5cc-7259-467d-849d-3f0fe3795914,1607899197550:20b290c9-4258-4470-b732-b647310d81c3,"size == ""1""","isEmpty == ""True""","peek_obj_type == ""class java.lang.String""","push == ""False""","pop == ""True""","clear == ""False""","calledMethod == ""pop""","size_p == ""1""",Yes
3814,1607899197549:ce4addd6-9710-4d50-97e2-ae73c84d3fa3,1607899197549:184b2926-d7aa-48af-b3af-8884a08c1f74,"size == ""1""","isEmpty == ""True""","peek_obj_type == ""class java.lang.String""","push == ""True""","pop == ""False""","clear == ""False""","calledMethod == ""push""","size_p == ""0""",Yes
3815,1607899197549:ce4addd6-9710-4d50-97e2-ae73c84d3fa3,1607899197549:184b2926-d7aa-48af-b3af-8884a08c1f74,"size == ""1""","isEmpty == ""True""","peek_obj_type == ""class java.lang.String""","push == ""False""","pop == ""True""","clear == ""False""","calledMethod == ""pop""","size_p == ""1""",Yes
3818,1607899197549:bc98758d-e173-4564-bad7-677874a9c188,1607899197549:e379a928-ecb0-4fc1-84b8-a5f4701bb7a0,"size == ""1""","isEmpty == ""True""","peek_obj_type == ""class java.lang.String""","push == ""True""","pop == ""False""","clear == ""False""","calledMethod == ""push""","size_p == ""0""",Yes
3819,1607899197549:bc98758d-e173-4564-bad7-677874a9c188,1607899197549:e379a928-ecb0-4fc1-84b8-a5f4701bb7a0,"size == ""1""","isEmpty == ""True""","peek_obj_type == ""class java.lang.String""","push == ""False""","pop == ""False""","clear == ""True""","calledMethod == ""clear""","size_p == ""1""",Yes
3821,1607899197549:bc98758d-e173-4564-bad7-677874a9c188,1607899197549:8da7f4de-bdb1-48e0-a895-bc9eef2e0592,"size == ""1""","isEmpty == ""True""","peek_obj_type == ""class java.lang.String""","push == ""True""","pop == ""False""","clear == ""False""","calledMethod == ""push""","size_p == ""0""",Yes
3822,1607899197549:bc98758d-e173-4564-bad7-677874a9c188,1607899197549:8da7f4de-bdb1-48e0-a895-bc9eef2e0592,"size == ""1""","isEmpty == ""True""","peek_obj_type == ""class java.lang.String""","push == ""False""","pop == ""True""","clear == ""False""","calledMethod == ""pop""","size_p == ""1""",Yes
3824,1607899197549:8b96f36d-41fd-420b-86fc-f0022e8809c1,1607899197549:5f6b7701-10cc-4b23-b62c-55761a2241dc,"size == ""1""","isEmpty == ""True""","peek_obj_type == ""class java.lang.String""","push == ""True""","pop == ""False""","clear == ""False""","calledMethod == ""push""","size_p == ""0""",Yes
3825,1607899197549:8b96f36d-41fd-420b-86fc-f0022e8809c1,1607899197549:5f6b7701-10cc-4b23-b62c-55761a2241dc,"size == ""1""","isEmpty == ""True""","peek_obj_type == ""class java.lang.String""","push == ""False""","pop == ""True""","clear == ""False""","calledMethod == ""pop""","size_p == ""1""",Yes
3827,1607899197549:4c0bcf3d-322b-4395-9835-accd446dc601,1607899197549:956cd086-ec8e-46bf-87bc-37a8459ece4f,"size == ""1""","isEmpty == ""True""","peek_obj_type == ""class java.lang.String""","push == ""True""","pop == ""False""","clear == ""False""","calledMethod == ""push""","size_p == ""0""",Yes
3829,1607899197549:4c0bcf3d-322b-4395-9835-accd446dc601,1607899197549:068d8042-af77-4a15-b835-50fd2ac48e62,"size == ""1""","isEmpty == ""True""","peek_obj_type == ""class java.lang.String""","push == ""True""","pop == ""False""","clear == ""False""","calledMethod == ""push""","size_p == ""0""",Yes
3830,1607899197549:4c0bcf3d-322b-4395-9835-accd446dc601,1607899197549:068d8042-af77-4a15-b835-50fd2ac48e62,"size == ""1""","isEmpty == ""True""","peek_obj_type == ""class java.lang.String""","push == ""False""","pop == ""True""","clear == ""False""","calledMethod == ""pop""","size_p == ""1""",Yes
3832,1607899197549:1b320787-05c3-45a6-93c1-c6af48c48e15,1607899197549:a1831446-0d96-4f35-a5e5-6dd25ac25363,"size == ""1""","isEmpty == ""True""","peek_obj_type == ""class java.lang.String""","push == ""True""","pop == ""False""","clear == ""False""","calledMethod == ""push""","size_p == ""0""",Yes
3833,1607899197549:1b320787-05c3-45a6-93c1-c6af48c48e15,1607899197549:a1831446-0d96-4f35-a5e5-6dd25ac25363,"size == ""1""","isEmpty == ""True""","peek_obj_type == ""class java.lang.String""","push == ""False""","pop == ""True""","clear == ""False""","calledMethod == ""pop""","size_p == ""1""",Yes
3835,1607899197549:114cc8a9-7f1c-41ac-96d6-8fc0a918f03a,1607899197549:8227ff4b-b121-43ad-a84b-fe6ffb36b951,"size == ""1""","isEmpty == ""True""","peek_obj_type == ""class java.lang.String""","push == ""True""","pop == ""False""","clear == ""False""","calledMethod == ""push""","size_p == ""0""",Yes
3836,1607899197549:114cc8a9-7f1c-41ac-96d6-8fc0a918f03a,1607899197549:8227ff4b-b121-43ad-a84b-fe6ffb36b951,"size == ""2""","isEmpty == ""True""","peek_obj_type == ""class java.lang.String""","push == ""True""","pop == ""False""","clear == ""False""","calledMethod == ""push""","size_p == ""1""",Yes
3838,1607899197549:114cc8a9-7f1c-41ac-96d6-8fc0a918f03a,1607899197549:5fac2267-57ae-4e02-a259-c04f78d70ad9,"size == ""1""","isEmpty == ""True""","peek_obj_type == ""class java.lang.String""","push == ""True""","pop == ""False""","clear == ""False""","calledMethod == ""push""","size_p == ""0""",Yes
3839,1607899197549:114cc8a9-7f1c-41ac-96d6-8fc0a918f03a,1607899197549:5fac2267-57ae-4e02-a259-c04f78d70ad9,"size == ""1""","isEmpty == ""True""","peek_obj_type == ""class java.lang.String""","push == ""False""","pop == ""True""","clear == ""False""","calledMethod == ""pop""","size_p == ""1""",Yes
3841,1607899197548:eea3624f-3427-4297-b205-a228ab10e471,1607899197548:8410606d-eca4-4e85-97f5-7cc984316528,"size == ""1""","isEmpty == ""True""","peek_obj_type == ""class java.lang.String""","push == ""True""","pop == ""False""","clear == ""False""","calledMethod == ""push""","size_p == ""0""",Yes
3842,1607899197548:eea3624f-3427-4297-b205-a228ab10e471,1607899197548:8410606d-eca4-4e85-97f5-7cc984316528,"size == ""1""","isEmpty == ""True""","peek_obj_type == ""class java.lang.String""","push == ""False""","pop == ""True""","clear == ""False""","calledMethod == ""pop""","size_p == ""1""",Yes
3844,1607899197548:8b9755a2-3aca-4075-9e38-55140513382c,1607899197548:4808f818-375d-409b-8395-b3e63b2a5fe8,"size == ""1""","isEmpty == ""True""","peek_obj_type == ""class java.lang.String""","push == ""True""","pop == ""False""","clear == ""False""","calledMethod == ""push""","size_p == ""0""",Yes
3845,1607899197548:8b9755a2-3aca-4075-9e38-55140513382c,1607899197548:4808f818-375d-409b-8395-b3e63b2a5fe8,"size == ""1""","isEmpty == ""True""","peek_obj_type == ""class java.lang.String""","push == ""False""","pop == ""True""","clear == ""False""","calledMethod == ""pop""","size_p == ""1""",Yes
3847,1607899197548:3f677db8-89ae-44bd-95fe-6510e28ca7ec,1607899197548:bc0293ce-1af2-4c0b-a493-e2e139937bf9,"size == ""1""","isEmpty == ""True""","peek_obj_type == ""class java.lang.String""","push == ""True""","pop == ""False""","clear == ""False""","calledMethod == ""push""","size_p == ""0""",Yes
3848,1607899197548:3f677db8-89ae-44bd-95fe-6510e28ca7ec,1607899197548:bc0293ce-1af2-4c0b-a493-e2e139937bf9,"size == ""1""","isEmpty == ""True""","peek_obj_type == ""class java.lang.String""","push == ""False""","pop == ""True""","clear == ""False""","calledMethod == ""pop""","size_p == ""1""",Yes
3850,1607899197548:3f677db8-89ae-44bd-95fe-6510e28ca7ec,1607899197548:79739cf1-27ed-48bd-aba3-baf4e73dac0f,"size == ""1""","isEmpty == ""True""","peek_obj_type == ""class java.lang.String""","push == ""True""","pop == ""False""","clear == ""False""","calledMethod == ""push""","size_p == ""0""",Yes
3852,1607899197548:36b54674-18db-4fd0-8369-6ce41edc6382,1607899197548:6d9285e7-5c5a-4e55-979a-95c8119b9748,"size == ""1""","isEmpty == ""True""","peek_obj_type == ""class java.lang.String""","push == ""True""","pop == ""False""","clear == ""False""","calledMethod == ""push""","size_p == ""0""",Yes
3853,1607899197548:36b54674-18db-4fd0-8369-6ce41edc6382,1607899197548:6d9285e7-5c5a-4e55-979a-95c8119b9748,"size == ""1""","isEmpty == ""True""","peek_obj_type == ""class java.lang.String""","push == ""False""","pop == ""True""","clear == ""False""","calledMethod == ""pop""","size_p == ""1""",Yes
3855,1607899197548:2c5a50bc-4ea4-41f2-8230-3cb1b277f304,1607899197548:3aeee934-934a-406b-912c-468810937b6c,"size == ""1""","isEmpty == ""True""","peek_obj_type == ""class java.lang.String""","push == ""True""","pop == ""False""","clear == ""False""","calledMethod == ""push""","size_p == ""0""",Yes
3856,1607899197548:2c5a50bc-4ea4-41f2-8230-3cb1b277f304,1607899197548:3aeee934-934a-406b-912c-468810937b6c,"size == ""1""","isEmpty == ""True""","peek_obj_type == ""class java.lang.String""","push == ""False""","pop == ""True""","clear == ""False""","calledMethod == ""pop""","size_p == ""1""",Yes
3858,1607899197548:2a5ebfd7-5f4d-410d-a221-2bc93dc87378,1607899197548:1c614654-73a0-4920-981c-02c8eeb94ff1,"size == ""1""","isEmpty == ""True""","peek_obj_type == ""class java.lang.String""","push == ""True""","pop == ""False""","clear == ""False""","calledMethod == ""push""","size_p == ""0""",Yes
3859,1607899197548:2a5ebfd7-5f4d-410d-a221-2bc93dc87378,1607899197548:1c614654-73a0-4920-981c-02c8eeb94ff1,"size == ""1""","isEmpty == ""True""","peek_obj_type == ""class java.lang.String""","push == ""False""","pop == ""True""","clear == ""False""","calledMethod == ""pop""","size_p == ""1""",Yes
3861,1607899197548:24bd95ea-6ff8-401b-82cb-b7d38e9e17eb,1607899197548:7e0f408f-36fe-4b57-8a28-e6ec81f70d36,"size == ""1""","isEmpty == ""True""","peek_obj_type == ""class java.lang.String""","push == ""True""","pop == ""False""","clear == ""False""","calledMethod == ""push""","size_p == ""0""",Yes
3862,1607899197548:24bd95ea-6ff8-401b-82cb-b7d38e9e17eb,1607899197548:7e0f408f-36fe-4b57-8a28-e6ec81f70d36,"size == ""1""","isEmpty == ""True""","peek_obj_type == ""class java.lang.String""","push == ""False""","pop == ""True""","clear == ""False""","calledMethod == ""pop""","size_p == ""1""",Yes
3864,1607899197547:e9b2c18f-4c88-46b5-a450-ad1035394570,1607899197547:7e7c0d4c-f9c0-4477-9c93-8cfcc1cc1886,"size == ""1""","isEmpty == ""True""","peek_obj_type == ""class java.lang.String""","push == ""True""","pop == ""False""","clear == ""False""","calledMethod == ""push""","size_p == ""0""",Yes
3865,1607899197547:e9b2c18f-4c88-46b5-a450-ad1035394570,1607899197547:7e7c0d4c-f9c0-4477-9c93-8cfcc1cc1886,"size == ""1""","isEmpty == ""True""","peek_obj_type == ""class java.lang.String""","push == ""False""","pop == ""True""","clear == ""False""","calledMethod == ""pop""","size_p == ""1""",Yes
3867,1607899197547:99add840-1c69-4e4a-a49b-7075854544a1,1607899197547:4eb3d33c-674d-4885-a062-63632c92024d,"size == ""1""","isEmpty == ""True""","peek_obj_type == ""class java.lang.String""","push == ""True""","pop == ""False""","clear == ""False""","calledMethod == ""push""","size_p == ""0""",Yes
3868,1607899197547:99add840-1c69-4e4a-a49b-7075854544a1,1607899197547:4eb3d33c-674d-4885-a062-63632c92024d,"size == ""1""","isEmpty == ""True""","peek_obj_type == ""class java.lang.String""","push == ""False""","pop == ""True""","clear == ""False""","calledMethod == ""pop""","size_p == ""1""",Yes
3870,1607899197547:6cf6ef4c-8c37-4530-a3c6-932c96ad2c71,1607899197548:a24a9811-e016-4948-876c-431beefcf2b6,"size == ""1""","isEmpty == ""True""","peek_obj_type == ""class java.lang.String""","push == ""True""","pop == ""False""","clear == ""False""","calledMethod == ""push""","size_p == ""0""",Yes
3871,1607899197547:6cf6ef4c-8c37-4530-a3c6-932c96ad2c71,1607899197548:a24a9811-e016-4948-876c-431beefcf2b6,"size == ""1""","isEmpty == ""True""","peek_obj_type == ""class java.lang.String""","push == ""False""","pop == ""True""","clear == ""False""","calledMethod == ""pop""","size_p == ""1""",Yes
3873,1607899197547:6cf6ef4c-8c37-4530-a3c6-932c96ad2c71,1607899197547:0436dd30-f598-438a-809e-4824571158fe,"size == ""1""","isEmpty == ""True""","peek_obj_type == ""class java.lang.String""","push == ""True""","pop == ""False""","clear == ""False""","calledMethod == ""push""","size_p == ""0""",Yes
3875,1607899197547:4e3287f7-5fee-44f9-9459-6dc988fb0cdc,1607899197547:963338c0-fef7-413b-8472-4893f296ee22,"size == ""1""","isEmpty == ""True""","peek_obj_type == ""class java.lang.String""","push == ""True""","pop == ""False""","clear == ""False""","calledMethod == ""push""","size_p == ""0""",Yes
3876,1607899197547:4e3287f7-5fee-44f9-9459-6dc988fb0cdc,1607899197547:963338c0-fef7-413b-8472-4893f296ee22,"size == ""1""","isEmpty == ""True""","peek_obj_type == ""class java.lang.String""","push == ""False""","pop == ""True""","clear == ""False""","calledMethod == ""pop""","size_p == ""1""",Yes
3879,1607899197547:3d48361c-7692-4545-8976-dabf6b5ac9a1,1607899197547:967f1293-1aa0-4d90-b5bb-d7971f096418,"size == ""1""","isEmpty == ""True""","peek_obj_type == ""class java.lang.String""","push == ""True""","pop == ""False""","clear == ""False""","calledMethod == ""push""","size_p == ""0""",Yes
3880,1607899197547:3d48361c-7692-4545-8976-dabf6b5ac9a1,1607899197547:967f1293-1aa0-4d90-b5bb-d7971f096418,"size == ""1""","isEmpty == ""True""","peek_obj_type == ""class java.lang.String""","push == ""False""","pop == ""True""","clear == ""False""","calledMethod == ""pop""","size_p == ""1""",Yes
3882,1607899197547:269e8a99-c9ac-4008-a424-11f79582b448,1607899197547:6f07b8b0-b316-4710-8ef2-af12df2eaf88,"size == ""1""","isEmpty == ""True""","peek_obj_type == ""class java.lang.String""","push == ""True""","pop == ""False""","clear == ""False""","calledMethod == ""push""","size_p == ""0""",Yes
3883,1607899197547:269e8a99-c9ac-4008-a424-11f79582b448,1607899197547:6f07b8b0-b316-4710-8ef2-af12df2eaf88,"size == ""1""","isEmpty == ""True""","peek_obj_type == ""class java.lang.String""","push == ""False""","pop == ""True""","clear == ""False""","calledMethod == ""pop""","size_p == ""1""",Yes
3886,1607899197547:269e8a99-c9ac-4008-a424-11f79582b448,1607899197547:273ef857-ba0c-4bb8-9bc8-584a952b0f00,"size == ""1""","isEmpty == ""True""","peek_obj_type == ""class java.lang.String""","push == ""True""","pop == ""False""","clear == ""False""","calledMethod == ""push""","size_p == ""0""",Yes
3887,1607899197547:269e8a99-c9ac-4008-a424-11f79582b448,1607899197547:273ef857-ba0c-4bb8-9bc8-584a952b0f00,"size == ""1""","isEmpty == ""True""","peek_obj_type == ""class java.lang.String""","push == ""False""","pop == ""False""","clear == ""True""","calledMethod == ""clear""","size_p == ""1""",Yes
3888,1607899197547:269e8a99-c9ac-4008-a424-11f79582b448,1607899197547:273ef857-ba0c-4bb8-9bc8-584a952b0f00,"size == ""1""","isEmpty == ""True""","peek_obj_type == ""class java.lang.String""","push == ""False""","pop == ""False""","clear == ""True""","calledMethod == ""clear""","size_p == ""1""",Yes
3889,1607899197547:269e8a99-c9ac-4008-a424-11f79582b448,1607899197547:273ef857-ba0c-4bb8-9bc8-584a952b0f00,"size == ""1""","isEmpty == ""True""","peek_obj_type == ""class java.lang.String""","push == ""False""","pop == ""False""","clear == ""True""","calledMethod == ""clear""","size_p == ""1""",Yes
3891,1607899197547:25f5dd7a-40de-455c-9fc9-b38cbbe7601c,1607899197547:aa9dfd1c-e7e4-4d09-bf68-8f7a925330e7,"size == ""1""","isEmpty == ""True""","peek_obj_type == ""class java.lang.String""","push == ""True""","pop == ""False""","clear == ""False""","calledMethod == ""push""","size_p == ""0""",Yes
3892,1607899197547:25f5dd7a-40de-455c-9fc9-b38cbbe7601c,1607899197547:aa9dfd1c-e7e4-4d09-bf68-8f7a925330e7,"size == ""1""","isEmpty == ""True""","peek_obj_type == ""class java.lang.String""","push == ""False""","pop == ""True""","clear == ""False""","calledMethod == ""pop""","size_p == ""1""",Yes
3894,1607899197547:25f5dd7a-40de-455c-9fc9-b38cbbe7601c,1607899197547:8b43774b-76b9-4a05-a6a5-bf75f7d724d9,"size == ""1""","isEmpty == ""True""","peek_obj_type == ""class java.lang.String""","push == ""True""","pop == ""False""","clear == ""False""","calledMethod == ""push""","size_p == ""0""",Yes
3895,1607899197547:25f5dd7a-40de-455c-9fc9-b38cbbe7601c,1607899197547:8b43774b-76b9-4a05-a6a5-bf75f7d724d9,"size == ""2""","isEmpty == ""True""","peek_obj_type == ""class java.lang.String""","push == ""True""","pop == ""False""","clear == ""False""","calledMethod == ""push""","size_p == ""1""",Yes
3897,1607899197546:c9bec3b6-3a1f-4978-b8d5-12b1b427fd9a,1607899197546:9c86d078-a767-4149-b101-e5309bbea5be,"size == ""1""","isEmpty == ""True""","peek_obj_type == ""class java.lang.String""","push == ""True""","pop == ""False""","clear == ""False""","calledMethod == ""push""","size_p == ""0""",Yes
3898,1607899197546:c9bec3b6-3a1f-4978-b8d5-12b1b427fd9a,1607899197546:9c86d078-a767-4149-b101-e5309bbea5be,"size == ""1""","isEmpty == ""True""","peek_obj_type == ""class java.lang.String""","push == ""False""","pop == ""True""","clear == ""False""","calledMethod == ""pop""","size_p == ""1""",Yes
3901,1607899197546:c04ab21c-54d1-404c-8b49-cd461d28b8f9,1607899197546:f7396101-a5b4-453b-a7b0-96feee462545,"size == ""1""","isEmpty == ""True""","peek_obj_type == ""class java.lang.String""","push == ""True""","pop == ""False""","clear == ""False""","calledMethod == ""push""","size_p == ""0""",Yes
3902,1607899197546:c04ab21c-54d1-404c-8b49-cd461d28b8f9,1607899197546:f7396101-a5b4-453b-a7b0-96feee462545,"size == ""1""","isEmpty == ""True""","peek_obj_type == ""class java.lang.String""","push == ""False""","pop == ""True""","clear == ""False""","calledMethod == ""pop""","size_p == ""1""",Yes
3904,1607899197546:8f386d52-f4cb-4e51-8065-2561bc2c55ff,1607899197546:0473de94-ab19-49ae-8339-0c5ddbcaef10,"size == ""1""","isEmpty == ""True""","peek_obj_type == ""class java.lang.String""","push == ""True""","pop == ""False""","clear == ""False""","calledMethod == ""push""","size_p == ""0""",Yes
3905,1607899197546:8f386d52-f4cb-4e51-8065-2561bc2c55ff,1607899197546:0473de94-ab19-49ae-8339-0c5ddbcaef10,"size == ""1""","isEmpty == ""True""","peek_obj_type == ""class java.lang.String""","push == ""False""","pop == ""True""","clear == ""False""","calledMethod == ""pop""","size_p == ""1""",Yes
3907,1607899197546:7be50c32-ba2a-4244-afe8-65bf18f4afff,1607899197546:9ea076c7-3921-44d0-b3b9-666ddb06a31f,"size == ""1""","isEmpty == ""True""","peek_obj_type == ""class java.lang.String""","push == ""True""","pop == ""False""","clear == ""False""","calledMethod == ""push""","size_p == ""0""",Yes
3908,1607899197546:7be50c32-ba2a-4244-afe8-65bf18f4afff,1607899197546:9ea076c7-3921-44d0-b3b9-666ddb06a31f,"size == ""2""","isEmpty == ""True""","peek_obj_type == ""class java.lang.String""","push == ""True""","pop == ""False""","clear == ""False""","calledMethod == ""push""","size_p == ""1""",Yes
3909,1607899197546:7be50c32-ba2a-4244-afe8-65bf18f4afff,1607899197546:9ea076c7-3921-44d0-b3b9-666ddb06a31f,"size == ""3""","isEmpty == ""True""","peek_obj_type == ""class java.lang.String""","push == ""True""","pop == ""False""","clear == ""False""","calledMethod == ""push""","size_p == ""2""",Yes
3912,1607899197546:7be50c32-ba2a-4244-afe8-65bf18f4afff,1607899197546:1ae4e542-02e3-4c2a-97b3-1b47f88e0c25,"size == ""1""","isEmpty == ""True""","peek_obj_type == ""class java.lang.String""","push == ""True""","pop == ""False""","clear == ""False""","calledMethod == ""push""","size_p == ""0""",Yes
3913,1607899197546:7be50c32-ba2a-4244-afe8-65bf18f4afff,1607899197546:1ae4e542-02e3-4c2a-97b3-1b47f88e0c25,"size == ""1""","isEmpty == ""True""","peek_obj_type == ""class java.lang.String""","push == ""False""","pop == ""True""","clear == ""False""","calledMethod == ""pop""","size_p == ""1""",Yes
3915,1607899197546:712e99f0-c0e9-44df-936e-ff7642d0d49a,1607899197546:b9425ac2-acbf-43c5-bef7-844382b81a87,"size == ""1""","isEmpty == ""True""","peek_obj_type == ""class java.lang.String""","push == ""True""","pop == ""False""","clear == ""False""","calledMethod == ""push""","size_p == ""0""",Yes
3916,1607899197546:712e99f0-c0e9-44df-936e-ff7642d0d49a,1607899197546:b9425ac2-acbf-43c5-bef7-844382b81a87,"size == ""1""","isEmpty == ""True""","peek_obj_type == ""class java.lang.String""","push == ""False""","pop == ""True""","clear == ""False""","calledMethod == ""pop""","size_p == ""1""",Yes
3919,1607899197546:712e99f0-c0e9-44df-936e-ff7642d0d49a,1607899197546:2d576806-591b-405a-a154-1574f1e718ee,"size == ""1""","isEmpty == ""True""","peek_obj_type == ""class java.lang.String""","push == ""True""","pop == ""False""","clear == ""False""","calledMethod == ""push""","size_p == ""0""",Yes
3920,1607899197546:712e99f0-c0e9-44df-936e-ff7642d0d49a,1607899197546:2d576806-591b-405a-a154-1574f1e718ee,"size == ""1""","isEmpty == ""True""","peek_obj_type == ""class java.lang.String""","push == ""False""","pop == ""False""","clear == ""True""","calledMethod == ""clear""","size_p == ""1""",Yes
3921,1607899197546:712e99f0-c0e9-44df-936e-ff7642d0d49a,1607899197546:2d576806-591b-405a-a154-1574f1e718ee,"size == ""1""","isEmpty == ""True""","peek_obj_type == ""class java.lang.String""","push == ""False""","pop == ""False""","clear == ""True""","calledMethod == ""clear""","size_p == ""1""",Yes
3922,1607899197546:712e99f0-c0e9-44df-936e-ff7642d0d49a,1607899197546:2d576806-591b-405a-a154-1574f1e718ee,"size == ""1""","isEmpty == ""True""","peek_obj_type == ""class java.lang.String""","push == ""False""","pop == ""False""","clear == ""True""","calledMethod == ""clear""","size_p == ""1""",Yes
3924,1607899197545:f104191e-6254-4133-a3f3-35abd9ceab2e,1607899197545:f240c7d6-d0c1-4d54-8baa-2496235c6592,"size == ""1""","isEmpty == ""True""","peek_obj_type == ""class java.lang.String""","push == ""True""","pop == ""False""","clear == ""False""","calledMethod == ""push""","size_p == ""0""",Yes
3925,1607899197545:f104191e-6254-4133-a3f3-35abd9ceab2e,1607899197545:f240c7d6-d0c1-4d54-8baa-2496235c6592,"size == ""1""","isEmpty == ""True""","peek_obj_type == ""class java.lang.String""","push == ""False""","pop == ""True""","clear == ""False""","calledMethod == ""pop""","size_p == ""1""",Yes
3927,1607899197545:bb610be3-ed70-4248-9a0e-293003549972,1607899197545:89f33d70-1ce2-43df-b1f4-704f18c60450,"size == ""1""","isEmpty == ""True""","peek_obj_type == ""class java.lang.String""","push == ""True""","pop == ""False""","clear == ""False""","calledMethod == ""push""","size_p == ""0""",Yes
3928,1607899197545:bb610be3-ed70-4248-9a0e-293003549972,1607899197545:89f33d70-1ce2-43df-b1f4-704f18c60450,"size == ""1""","isEmpty == ""True""","peek_obj_type == ""class java.lang.String""","push == ""False""","pop == ""True""","clear == ""False""","calledMethod == ""pop""","size_p == ""1""",Yes
3930,1607899197545:83324333-9e6c-4b1f-a45b-70802b1e252a,1607899197545:2e5c41ce-272b-44e9-ae78-7422e9e10148,"size == ""1""","isEmpty == ""True""","peek_obj_type == ""class java.lang.String""","push == ""True""","pop == ""False""","clear == ""False""","calledMethod == ""push""","size_p == ""0""",Yes
3931,1607899197545:83324333-9e6c-4b1f-a45b-70802b1e252a,1607899197545:2e5c41ce-272b-44e9-ae78-7422e9e10148,"size == ""1""","isEmpty == ""True""","peek_obj_type == ""class java.lang.String""","push == ""False""","pop == ""True""","clear == ""False""","calledMethod == ""pop""","size_p == ""1""",Yes
3933,1607899197545:70c5323a-85de-4f63-9549-98a68f09969a,1607899197545:e2e09c29-c9ce-464d-a2bb-73fedc95ce77,"size == ""1""","isEmpty == ""True""","peek_obj_type == ""class java.lang.String""","push == ""True""","pop == ""False""","clear == ""False""","calledMethod == ""push""","size_p == ""0""",Yes
3934,1607899197545:70c5323a-85de-4f63-9549-98a68f09969a,1607899197545:e2e09c29-c9ce-464d-a2bb-73fedc95ce77,"size == ""1""","isEmpty == ""True""","peek_obj_type == ""class java.lang.String""","push == ""False""","pop == ""True""","clear == ""False""","calledMethod == ""pop""","size_p == ""1""",Yes
3936,1607899197545:6eca1d8d-6a44-4ef9-97ef-fd52c675e8fb,1607899197545:2db5cefd-7097-45fd-bbc1-fa83d43a565a,"size == ""1""","isEmpty == ""True""","peek_obj_type == ""class java.lang.String""","push == ""True""","pop == ""False""","clear == ""False""","calledMethod == ""push""","size_p == ""0""",Yes
3937,1607899197545:6eca1d8d-6a44-4ef9-97ef-fd52c675e8fb,1607899197545:2db5cefd-7097-45fd-bbc1-fa83d43a565a,"size == ""1""","isEmpty == ""True""","peek_obj_type == ""class java.lang.String""","push == ""False""","pop == ""True""","clear == ""False""","calledMethod == ""pop""","size_p == ""1""",Yes
3939,1607899197545:6e0db1c4-e33c-4f03-9ed2-2aa4c3215670,1607899197545:12e298b9-06e8-46a4-8879-46ef2881351c,"size == ""1""","isEmpty == ""True""","peek_obj_type == ""class java.lang.String""","push == ""True""","pop == ""False""","clear == ""False""","calledMethod == ""push""","size_p == ""0""",Yes
3940,1607899197545:6e0db1c4-e33c-4f03-9ed2-2aa4c3215670,1607899197545:12e298b9-06e8-46a4-8879-46ef2881351c,"size == ""1""","isEmpty == ""True""","peek_obj_type == ""class java.lang.String""","push == ""False""","pop == ""True""","clear == ""False""","calledMethod == ""pop""","size_p == ""1""",Yes
3942,1607899197544:ca90c55b-8a2b-452a-a08f-c910a8fe4dd7,1607899197545:92bc0f3f-4fc8-458c-a826-83370de0b70d,"size == ""1""","isEmpty == ""True""","peek_obj_type == ""class java.lang.String""","push == ""True""","pop == ""False""","clear == ""False""","calledMethod == ""push""","size_p == ""0""",Yes
3943,1607899197544:ca90c55b-8a2b-452a-a08f-c910a8fe4dd7,1607899197545:92bc0f3f-4fc8-458c-a826-83370de0b70d,"size == ""1""","isEmpty == ""True""","peek_obj_type == ""class java.lang.String""","push == ""False""","pop == ""True""","clear == ""False""","calledMethod == ""pop""","size_p == ""1""",Yes
3945,1607899197544:ca90c55b-8a2b-452a-a08f-c910a8fe4dd7,1607899197545:71957c25-e0ad-44c8-bc06-4e96f85a3e9f,"size == ""1""","isEmpty == ""True""","peek_obj_type == ""class java.lang.String""","push == ""True""","pop == ""False""","clear == ""False""","calledMethod == ""push""","size_p == ""0""",Yes
3948,1607899197544:af3c232d-9260-47c1-ae6d-e02f574aebe0,1607899197544:5f4fcd9b-654c-4ad3-a2c1-8d8049b22571,"size == ""1""","isEmpty == ""True""","peek_obj_type == ""class java.lang.String""","push == ""True""","pop == ""False""","clear == ""False""","calledMethod == ""push""","size_p == ""0""",Yes
3950,1607899197544:af3c232d-9260-47c1-ae6d-e02f574aebe0,1607899197544:4cd69713-5280-42a5-8832-c2e657ba627a,"size == ""1""","isEmpty == ""True""","peek_obj_type == ""class java.lang.String""","push == ""True""","pop == ""False""","clear == ""False""","calledMethod == ""push""","size_p == ""0""",Yes
3951,1607899197544:af3c232d-9260-47c1-ae6d-e02f574aebe0,1607899197544:4cd69713-5280-42a5-8832-c2e657ba627a,"size == ""1""","isEmpty == ""True""","peek_obj_type == ""class java.lang.String""","push == ""False""","pop == ""True""","clear == ""False""","calledMethod == ""pop""","size_p == ""1""",Yes
3954,1607899197544:1f5c85aa-c5d4-48b0-9199-edc733a58de4,1607899197544:99c997ce-bdf9-4df5-971a-b947ded9c8f4,"size == ""1""","isEmpty == ""True""","peek_obj_type == ""class java.lang.String""","push == ""True""","pop == ""False""","clear == ""False""","calledMethod == ""push""","size_p == ""0""",Yes
3955,1607899197544:1f5c85aa-c5d4-48b0-9199-edc733a58de4,1607899197544:99c997ce-bdf9-4df5-971a-b947ded9c8f4,"size == ""1""","isEmpty == ""True""","peek_obj_type == ""class java.lang.String""","push == ""False""","pop == ""False""","clear == ""True""","calledMethod == ""clear""","size_p == ""1""",Yes
3956,1607899197544:1f5c85aa-c5d4-48b0-9199-edc733a58de4,1607899197544:99c997ce-bdf9-4df5-971a-b947ded9c8f4,"size == ""1""","isEmpty == ""True""","peek_obj_type == ""class java.lang.String""","push == ""False""","pop == ""False""","clear == ""True""","calledMethod == ""clear""","size_p == ""1""",Yes
3957,1607899197544:1f5c85aa-c5d4-48b0-9199-edc733a58de4,1607899197544:99c997ce-bdf9-4df5-971a-b947ded9c8f4,"size == ""1""","isEmpty == ""True""","peek_obj_type == ""class java.lang.String""","push == ""False""","pop == ""False""","clear == ""True""","calledMethod == ""clear""","size_p == ""1""",Yes
3959,1607899197544:1f5c85aa-c5d4-48b0-9199-edc733a58de4,1607899197544:163401e3-afd2-4792-a54f-57643afb999c,"size == ""1""","isEmpty == ""True""","peek_obj_type == ""class java.lang.String""","push == ""True""","pop == ""False""","clear == ""False""","calledMethod == ""push""","size_p == ""0""",Yes
3960,1607899197544:1f5c85aa-c5d4-48b0-9199-edc733a58de4,1607899197544:163401e3-afd2-4792-a54f-57643afb999c,"size == ""1""","isEmpty == ""True""","peek_obj_type == ""class java.lang.String""","push == ""False""","pop == ""True""","clear == ""False""","calledMethod == ""pop""","size_p == ""1""",Yes
3962,1607899197544:1d323210-1976-4998-b3f9-9042e96abc64,1607899197544:c7eb35cb-1abd-4fd3-b05c-0c81ab8f6a09,"size == ""1""","isEmpty == ""True""","peek_obj_type == ""class java.lang.String""","push == ""True""","pop == ""False""","clear == ""False""","calledMethod == ""push""","size_p == ""0""",Yes
3963,1607899197544:1d323210-1976-4998-b3f9-9042e96abc64,1607899197544:c7eb35cb-1abd-4fd3-b05c-0c81ab8f6a09,"size == ""1""","isEmpty == ""True""","peek_obj_type == ""class java.lang.String""","push == ""False""","pop == ""True""","clear == ""False""","calledMethod == ""pop""","size_p == ""1""",Yes
3965,1607899197544:187586d2-2ed8-4a38-83db-00e26df7b393,1607899197544:a541ee01-707b-4e61-9ec6-b598150f8639,"size == ""1""","isEmpty == ""True""","peek_obj_type == ""class java.lang.String""","push == ""True""","pop == ""False""","clear == ""False""","calledMethod == ""push""","size_p == ""0""",Yes
3966,1607899197544:187586d2-2ed8-4a38-83db-00e26df7b393,1607899197544:a541ee01-707b-4e61-9ec6-b598150f8639,"size == ""1""","isEmpty == ""True""","peek_obj_type == ""class java.lang.String""","push == ""False""","pop == ""True""","clear == ""False""","calledMethod == ""pop""","size_p == ""1""",Yes
3968,1607899197544:187586d2-2ed8-4a38-83db-00e26df7b393,1607899197544:16dc5163-934b-4b99-a1ed-c8db218c295d,"size == ""1""","isEmpty == ""True""","peek_obj_type == ""class java.lang.String""","push == ""True""","pop == ""False""","clear == ""False""","calledMethod == ""push""","size_p == ""0""",Yes
3969,1607899197544:187586d2-2ed8-4a38-83db-00e26df7b393,1607899197544:16dc5163-934b-4b99-a1ed-c8db218c295d,"size == ""2""","isEmpty == ""True""","peek_obj_type == ""class java.lang.String""","push == ""True""","pop == ""False""","clear == ""False""","calledMethod == ""push""","size_p == ""1""",Yes
3972,1607899197543:dfd7f9aa-f590-47c8-81d6-651bcd0a8923,1607899197543:d0ebcf80-cda3-4159-af0c-a1150a659f3b,"size == ""1""","isEmpty == ""True""","peek_obj_type == ""class java.lang.String""","push == ""True""","pop == ""False""","clear == ""False""","calledMethod == ""push""","size_p == ""0""",Yes
3973,1607899197543:dfd7f9aa-f590-47c8-81d6-651bcd0a8923,1607899197543:d0ebcf80-cda3-4159-af0c-a1150a659f3b,"size == ""1""","isEmpty == ""True""","peek_obj_type == ""class java.lang.String""","push == ""False""","pop == ""True""","clear == ""False""","calledMethod == ""pop""","size_p == ""1""",Yes
3975,1607899197543:962f4e95-efff-473b-b08d-54a15fe6c70e,1607899197543:128c49e2-648e-4393-806f-a3418420f909,"size == ""1""","isEmpty == ""True""","peek_obj_type == ""class java.lang.String""","push == ""True""","pop == ""False""","clear == ""False""","calledMethod == ""push""","size_p == ""0""",Yes
3976,1607899197543:962f4e95-efff-473b-b08d-54a15fe6c70e,1607899197543:128c49e2-648e-4393-806f-a3418420f909,"size == ""1""","isEmpty == ""True""","peek_obj_type == ""class java.lang.String""","push == ""False""","pop == ""True""","clear == ""False""","calledMethod == ""pop""","size_p == ""1""",Yes
3978,1607899197543:855cd72d-59c9-41ef-a0d6-4b8350f5e622,1607899197543:ac487939-c4b3-4454-9541-403a2c0dfadc,"size == ""1""","isEmpty == ""True""","peek_obj_type == ""class java.lang.String""","push == ""True""","pop == ""False""","clear == ""False""","calledMethod == ""push""","size_p == ""0""",Yes
3979,1607899197543:855cd72d-59c9-41ef-a0d6-4b8350f5e622,1607899197543:ac487939-c4b3-4454-9541-403a2c0dfadc,"size == ""1""","isEmpty == ""True""","peek_obj_type == ""class java.lang.String""","push == ""False""","pop == ""True""","clear == ""False""","calledMethod == ""pop""","size_p == ""1""",Yes
3981,1607899197543:70fed161-43cf-401c-90e2-58509b5bc302,1607899197544:f44554ae-e74b-47df-a3d6-90994bc9a77a,"size == ""1""","isEmpty == ""True""","peek_obj_type == ""class java.lang.String""","push == ""True""","pop == ""False""","clear == ""False""","calledMethod == ""push""","size_p == ""0""",Yes
3982,1607899197543:70fed161-43cf-401c-90e2-58509b5bc302,1607899197544:f44554ae-e74b-47df-a3d6-90994bc9a77a,"size == ""1""","isEmpty == ""True""","peek_obj_type == ""class java.lang.String""","push == ""False""","pop == ""True""","clear == ""False""","calledMethod == ""pop""","size_p == ""1""",Yes
3985,1607899197543:70fed161-43cf-401c-90e2-58509b5bc302,1607899197543:aae024f2-2f02-4c17-9867-91ce582b93d9,"size == ""1""","isEmpty == ""True""","peek_obj_type == ""class java.lang.String""","push == ""True""","pop == ""False""","clear == ""False""","calledMethod == ""push""","size_p == ""0""",Yes
3986,1607899197543:70fed161-43cf-401c-90e2-58509b5bc302,1607899197543:aae024f2-2f02-4c17-9867-91ce582b93d9,"size == ""1""","isEmpty == ""True""","peek_obj_type == ""class java.lang.String""","push == ""False""","pop == ""False""","clear == ""True""","calledMethod == ""clear""","size_p == ""1""",Yes
3987,1607899197543:70fed161-43cf-401c-90e2-58509b5bc302,1607899197543:aae024f2-2f02-4c17-9867-91ce582b93d9,"size == ""1""","isEmpty == ""True""","peek_obj_type == ""class java.lang.String""","push == ""False""","pop == ""False""","clear == ""True""","calledMethod == ""clear""","size_p == ""1""",Yes
3988,1607899197543:70fed161-43cf-401c-90e2-58509b5bc302,1607899197543:aae024f2-2f02-4c17-9867-91ce582b93d9,"size == ""1""","isEmpty == ""True""","peek_obj_type == ""class java.lang.String""","push == ""False""","pop == ""False""","clear == ""True""","calledMethod == ""clear""","size_p == ""1""",Yes
3990,1607899197543:6301c653-8416-44a0-b986-8912514f09a8,1607899197543:ac9dc528-f6ed-4e65-9637-412686e563b1,"size == ""1""","isEmpty == ""True""","peek_obj_type == ""class java.lang.String""","push == ""True""","pop == ""False""","clear == ""False""","calledMethod == ""push""","size_p == ""0""",Yes
3991,1607899197543:6301c653-8416-44a0-b986-8912514f09a8,1607899197543:ac9dc528-f6ed-4e65-9637-412686e563b1,"size == ""1""","isEmpty == ""True""","peek_obj_type == ""class java.lang.String""","push == ""False""","pop == ""True""","clear == ""False""","calledMethod == ""pop""","size_p == ""1""",Yes
3993,1607899197542:d91b677f-0182-4d59-86bc-1181dc9e3cd7,1607899197542:d648bade-e5a9-446d-887d-045f06e20a67,"size == ""1""","isEmpty == ""True""","peek_obj_type == ""class java.lang.String""","push == ""True""","pop == ""False""","clear == ""False""","calledMethod == ""push""","size_p == ""0""",Yes
3996,1607899197542:d91b677f-0182-4d59-86bc-1181dc9e3cd7,1607899197542:2c1a87aa-5653-4900-9692-fdd6d02087db,"size == ""1""","isEmpty == ""True""","peek_obj_type == ""class java.lang.String""","push == ""True""","pop == ""False""","clear == ""False""","calledMethod == ""push""","size_p == ""0""",Yes
3997,1607899197542:d91b677f-0182-4d59-86bc-1181dc9e3cd7,1607899197542:2c1a87aa-5653-4900-9692-fdd6d02087db,"size == ""1""","isEmpty == ""True""","peek_obj_type == ""class java.lang.String""","push == ""False""","pop == ""True""","clear == ""False""","calledMethod == ""pop""","size_p == ""1""",Yes
3999,1607899197542:7bf16944-33ef-421b-a226-00364c4626a4,1607899197542:c0f6f246-c6ba-455c-b55d-ec389ec0b50e,"size == ""1""","isEmpty == ""True""","peek_obj_type == ""class java.lang.String""","push == ""True""","pop == ""False""","clear == ""False""","calledMethod == ""push""","size_p == ""0""",Yes
4000,1607899197542:7bf16944-33ef-421b-a226-00364c4626a4,1607899197542:c0f6f246-c6ba-455c-b55d-ec389ec0b50e,"size == ""1""","isEmpty == ""True""","peek_obj_type == ""class java.lang.String""","push == ""False""","pop == ""True""","clear == ""False""","calledMethod == ""pop""","size_p == ""1""",Yes
4002,1607899197542:67f9f72f-872e-47a3-8994-2fd5bd718999,1607899197542:3f4a981a-cbb5-4c90-aca3-38c0349f9053,"size == ""1""","isEmpty == ""True""","peek_obj_type == ""class java.lang.String""","push == ""True""","pop == ""False""","clear == ""False""","calledMethod == ""push""","size_p == ""0""",Yes
4003,1607899197542:67f9f72f-872e-47a3-8994-2fd5bd718999,1607899197542:3f4a981a-cbb5-4c90-aca3-38c0349f9053,"size == ""1""","isEmpty == ""True""","peek_obj_type == ""class java.lang.String""","push == ""False""","pop == ""True""","clear == ""False""","calledMethod == ""pop""","size_p == ""1""",Yes
4005,1607899197542:2b82ef68-e5b4-452d-95f8-fe7dea9d7bc0,1607899197542:e64967f8-44de-4728-b61e-839b2b20534d,"size == ""1""","isEmpty == ""True""","peek_obj_type == ""class java.lang.String""","push == ""True""","pop == ""False""","clear == ""False""","calledMethod == ""push""","size_p == ""0""",Yes
4006,1607899197542:2b82ef68-e5b4-452d-95f8-fe7dea9d7bc0,1607899197542:e64967f8-44de-4728-b61e-839b2b20534d,"size == ""1""","isEmpty == ""True""","peek_obj_type == ""class java.lang.String""","push == ""False""","pop == ""True""","clear == ""False""","calledMethod == ""pop""","size_p == ""1""",Yes
4008,1607899197542:0835d9a3-f98b-4117-874f-bbe84681de22,1607899197542:e5eca334-a7e6-4134-8810-b886e215d55d,"size == ""1""","isEmpty == ""True""","peek_obj_type == ""class java.lang.String""","push == ""True""","pop == ""False""","clear == ""False""","calledMethod == ""push""","size_p == ""0""",Yes
4009,1607899197542:0835d9a3-f98b-4117-874f-bbe84681de22,1607899197542:e5eca334-a7e6-4134-8810-b886e215d55d,"size == ""2""","isEmpty == ""True""","peek_obj_type == ""class java.lang.String""","push == ""True""","pop == ""False""","clear == ""False""","calledMethod == ""push""","size_p == ""1""",Yes
4011,1607899197542:0835d9a3-f98b-4117-874f-bbe84681de22,1607899197542:b2827732-25d1-4b4c-b9a0-21cb715768f4,"size == ""1""","isEmpty == ""True""","peek_obj_type == ""class java.lang.String""","push == ""True""","pop == ""False""","clear == ""False""","calledMethod == ""push""","size_p == ""0""",Yes
4012,1607899197542:0835d9a3-f98b-4117-874f-bbe84681de22,1607899197542:b2827732-25d1-4b4c-b9a0-21cb715768f4,"size == ""1""","isEmpty == ""True""","peek_obj_type == ""class java.lang.String""","push == ""False""","pop == ""True""","clear == ""False""","calledMethod == ""pop""","size_p == ""1""",Yes
4015,1607899197541:b59f4265-a345-4693-8bd6-4106a8a38615,1607899197541:fa1190ac-7857-47a3-9d61-af472f8a0b47,"size == ""1""","isEmpty == ""True""","peek_obj_type == ""class java.lang.String""","push == ""True""","pop == ""False""","clear == ""False""","calledMethod == ""push""","size_p == ""0""",Yes
4016,1607899197541:b59f4265-a345-4693-8bd6-4106a8a38615,1607899197541:fa1190ac-7857-47a3-9d61-af472f8a0b47,"size == ""1""","isEmpty == ""True""","peek_obj_type == ""class java.lang.String""","push == ""False""","pop == ""True""","clear == ""False""","calledMethod == ""pop""","size_p == ""1""",Yes
4018,1607899197541:66a935a1-9793-4a5f-b38d-a2d0cb3badad,1607899197541:a44060ce-766a-4fe9-b23c-08ad5e9e4ff3,"size == ""1""","isEmpty == ""True""","peek_obj_type == ""class java.lang.String""","push == ""True""","pop == ""False""","clear == ""False""","calledMethod == ""push""","size_p == ""0""",Yes
4019,1607899197541:66a935a1-9793-4a5f-b38d-a2d0cb3badad,1607899197541:a44060ce-766a-4fe9-b23c-08ad5e9e4ff3,"size == ""1""","isEmpty == ""True""","peek_obj_type == ""class java.lang.String""","push == ""False""","pop == ""True""","clear == ""False""","calledMethod == ""pop""","size_p == ""1""",Yes
4022,1607899197541:42f782dd-7aff-41db-a7a4-cc44cb42e970,1607899197541:e7766e0b-f67f-4e12-a456-1774d2a2766c,"size == ""1""","isEmpty == ""True""","peek_obj_type == ""class java.lang.String""","push == ""True""","pop == ""False""","clear == ""False""","calledMethod == ""push""","size_p == ""0""",Yes
4023,1607899197541:42f782dd-7aff-41db-a7a4-cc44cb42e970,1607899197541:e7766e0b-f67f-4e12-a456-1774d2a2766c,"size == ""1""","isEmpty == ""True""","peek_obj_type == ""class java.lang.String""","push == ""False""","pop == ""True""","clear == ""False""","calledMethod == ""pop""","size_p == ""1""",Yes
4025,1607899197540:e19b3cb8-5210-4fc5-b085-907bfe4e4dc6,1607899197540:90f2f29a-de9f-4b8e-b8ee-851162a2675b,"size == ""1""","isEmpty == ""True""","peek_obj_type == ""class java.lang.String""","push == ""True""","pop == ""False""","clear == ""False""","calledMethod == ""push""","size_p == ""0""",Yes
4026,1607899197540:e19b3cb8-5210-4fc5-b085-907bfe4e4dc6,1607899197540:90f2f29a-de9f-4b8e-b8ee-851162a2675b,"size == ""1""","isEmpty == ""True""","peek_obj_type == ""class java.lang.String""","push == ""False""","pop == ""True""","clear == ""False""","calledMethod == ""pop""","size_p == ""1""",Yes
4028,1607899197540:addab848-feb8-4ad6-bcea-2a789b09021d,1607899197540:9116f728-1006-4870-9d17-583495b4afa4,"size == ""1""","isEmpty == ""True""","peek_obj_type == ""class java.lang.String""","push == ""True""","pop == ""False""","clear == ""False""","calledMethod == ""push""","size_p == ""0""",Yes
4029,1607899197540:addab848-feb8-4ad6-bcea-2a789b09021d,1607899197540:9116f728-1006-4870-9d17-583495b4afa4,"size == ""2""","isEmpty == ""True""","peek_obj_type == ""class java.lang.String""","push == ""True""","pop == ""False""","clear == ""False""","calledMethod == ""push""","size_p == ""1""",Yes
4030,1607899197540:addab848-feb8-4ad6-bcea-2a789b09021d,1607899197540:9116f728-1006-4870-9d17-583495b4afa4,"size == ""3""","isEmpty == ""True""","peek_obj_type == ""class java.lang.String""","push == ""True""","pop == ""False""","clear == ""False""","calledMethod == ""push""","size_p == ""2""",Yes
4032,1607899197540:addab848-feb8-4ad6-bcea-2a789b09021d,1607899197540:3facb02c-8041-4445-8978-708259d578de,"size == ""1""","isEmpty == ""True""","peek_obj_type == ""class java.lang.String""","push == ""True""","pop == ""False""","clear == ""False""","calledMethod == ""push""","size_p == ""0""",Yes
4033,1607899197540:addab848-feb8-4ad6-bcea-2a789b09021d,1607899197540:3facb02c-8041-4445-8978-708259d578de,"size == ""1""","isEmpty == ""True""","peek_obj_type == ""class java.lang.String""","push == ""False""","pop == ""True""","clear == ""False""","calledMethod == ""pop""","size_p == ""1""",Yes
4035,1607899197540:9e4ccd5c-a27c-4eb5-9317-ddc9a0700c39,1607899197540:0b884947-6e69-462e-8abd-0a20acdd983a,"size == ""1""","isEmpty == ""True""","peek_obj_type == ""class java.lang.String""","push == ""True""","pop == ""False""","clear == ""False""","calledMethod == ""push""","size_p == ""0""",Yes
4036,1607899197540:9e4ccd5c-a27c-4eb5-9317-ddc9a0700c39,1607899197540:0b884947-6e69-462e-8abd-0a20acdd983a,"size == ""1""","isEmpty == ""True""","peek_obj_type == ""class java.lang.String""","push == ""False""","pop == ""True""","clear == ""False""","calledMethod == ""pop""","size_p == ""1""",Yes
4038,1607899197540:8815da69-3108-4f1b-a35f-a200ae6dfc75,1607899197540:6de268e5-9e93-490b-9365-5326a1854e57,"size == ""1""","isEmpty == ""True""","peek_obj_type == ""class java.lang.String""","push == ""True""","pop == ""False""","clear == ""False""","calledMethod == ""push""","size_p == ""0""",Yes
4039,1607899197540:8815da69-3108-4f1b-a35f-a200ae6dfc75,1607899197540:6de268e5-9e93-490b-9365-5326a1854e57,"size == ""1""","isEmpty == ""True""","peek_obj_type == ""class java.lang.String""","push == ""False""","pop == ""True""","clear == ""False""","calledMethod == ""pop""","size_p == ""1""",Yes
4041,1607899197540:6d5e26d0-d1f2-47b1-b29a-0f95cc99cef4,1607899197540:24ea996d-dd30-40c8-920c-0db6ad099040,"size == ""1""","isEmpty == ""True""","peek_obj_type == ""class java.lang.String""","push == ""True""","pop == ""False""","clear == ""False""","calledMethod == ""push""","size_p == ""0""",Yes
4042,1607899197540:6d5e26d0-d1f2-47b1-b29a-0f95cc99cef4,1607899197540:24ea996d-dd30-40c8-920c-0db6ad099040,"size == ""1""","isEmpty == ""True""","peek_obj_type == ""class java.lang.String""","push == ""False""","pop == ""True""","clear == ""False""","calledMethod == ""pop""","size_p == ""1""",Yes
4044,1607899197540:6666b345-e790-487f-9997-59de0f7bf30e,1607899197540:5f6cfce6-4fcd-48b9-bdc4-bcbfb282a02b,"size == ""1""","isEmpty == ""True""","peek_obj_type == ""class java.lang.String""","push == ""True""","pop == ""False""","clear == ""False""","calledMethod == ""push""","size_p == ""0""",Yes
4045,1607899197540:6666b345-e790-487f-9997-59de0f7bf30e,1607899197540:5f6cfce6-4fcd-48b9-bdc4-bcbfb282a02b,"size == ""1""","isEmpty == ""True""","peek_obj_type == ""class java.lang.String""","push == ""False""","pop == ""True""","clear == ""False""","calledMethod == ""pop""","size_p == ""1""",Yes
4047,1607899197540:41fc6e29-d02a-45fb-b61b-d2fc232b6f43,1607899197540:96e5941c-b614-442c-92cf-396d0a2ba5a8,"size == ""1""","isEmpty == ""True""","peek_obj_type == ""class java.lang.String""","push == ""True""","pop == ""False""","clear == ""False""","calledMethod == ""push""","size_p == ""0""",Yes
4048,1607899197540:41fc6e29-d02a-45fb-b61b-d2fc232b6f43,1607899197540:96e5941c-b614-442c-92cf-396d0a2ba5a8,"size == ""1""","isEmpty == ""True""","peek_obj_type == ""class java.lang.String""","push == ""False""","pop == ""True""","clear == ""False""","calledMethod == ""pop""","size_p == ""1""",Yes
4050,1607899197540:41fc6e29-d02a-45fb-b61b-d2fc232b6f43,1607899197540:87cbfe64-6688-4198-b51b-27486e1e9ed9,"size == ""1""","isEmpty == ""True""","peek_obj_type == ""class java.lang.String""","push == ""True""","pop == ""False""","clear == ""False""","calledMethod == ""push""","size_p == ""0""",Yes
4051,1607899197540:41fc6e29-d02a-45fb-b61b-d2fc232b6f43,1607899197540:87cbfe64-6688-4198-b51b-27486e1e9ed9,"size == ""2""","isEmpty == ""True""","peek_obj_type == ""class java.lang.String""","push == ""True""","pop == ""False""","clear == ""False""","calledMethod == ""push""","size_p == ""1""",Yes
4052,1607899197540:41fc6e29-d02a-45fb-b61b-d2fc232b6f43,1607899197540:87cbfe64-6688-4198-b51b-27486e1e9ed9,"size == ""3""","isEmpty == ""True""","peek_obj_type == ""class java.lang.String""","push == ""True""","pop == ""False""","clear == ""False""","calledMethod == ""push""","size_p == ""2""",Yes
4054,1607899197539:aa6bf0a1-0bd1-4db7-a7b7-18df1f93d241,1607899197539:f0bae717-c757-4d9b-902c-70da086b06ee,"size == ""1""","isEmpty == ""True""","peek_obj_type == ""class java.lang.String""","push == ""True""","pop == ""False""","clear == ""False""","calledMethod == ""push""","size_p == ""0""",Yes
4055,1607899197539:aa6bf0a1-0bd1-4db7-a7b7-18df1f93d241,1607899197539:f0bae717-c757-4d9b-902c-70da086b06ee,"size == ""1""","isEmpty == ""True""","peek_obj_type == ""class java.lang.String""","push == ""False""","pop == ""True""","clear == ""False""","calledMethod == ""pop""","size_p == ""1""",Yes
4057,1607899197539:885d1607-99f8-4b4f-9067-68ebc77044ba,1607899197539:a6ba407a-e865-40ec-97b5-727a9582b45a,"size == ""1""","isEmpty == ""True""","peek_obj_type == ""class java.lang.String""","push == ""True""","pop == ""False""","clear == ""False""","calledMethod == ""push""","size_p == ""0""",Yes
4058,1607899197539:885d1607-99f8-4b4f-9067-68ebc77044ba,1607899197539:a6ba407a-e865-40ec-97b5-727a9582b45a,"size == ""1""","isEmpty == ""True""","peek_obj_type == ""class java.lang.String""","push == ""False""","pop == ""True""","clear == ""False""","calledMethod == ""pop""","size_p == ""1""",Yes
4061,1607899197539:885d1607-99f8-4b4f-9067-68ebc77044ba,1607899197539:353c0276-4b25-421c-907e-856ad048bbfc,"size == ""1""","isEmpty == ""True""","peek_obj_type == ""class java.lang.String""","push == ""True""","pop == ""False""","clear == ""False""","calledMethod == ""push""","size_p == ""0""",Yes
4063,1607899197539:7b48c17d-965e-41f3-bf83-3fbef8ee8841,1607899197539:27a583d5-05cc-40e8-a335-1d170185b938,"size == ""1""","isEmpty == ""True""","peek_obj_type == ""class java.lang.String""","push == ""True""","pop == ""False""","clear == ""False""","calledMethod == ""push""","size_p == ""0""",Yes
4064,1607899197539:7b48c17d-965e-41f3-bf83-3fbef8ee8841,1607899197539:27a583d5-05cc-40e8-a335-1d170185b938,"size == ""1""","isEmpty == ""True""","peek_obj_type == ""class java.lang.String""","push == ""False""","pop == ""True""","clear == ""False""","calledMethod == ""pop""","size_p == ""1""",Yes
4066,1607899197539:74500069-e6e9-4f0e-a3fc-f12348989845,1607899197539:4a1780f4-0d1e-4571-838d-c5c807217d89,"size == ""1""","isEmpty == ""True""","peek_obj_type == ""class java.lang.String""","push == ""True""","pop == ""False""","clear == ""False""","calledMethod == ""push""","size_p == ""0""",Yes
4067,1607899197539:74500069-e6e9-4f0e-a3fc-f12348989845,1607899197539:4a1780f4-0d1e-4571-838d-c5c807217d89,"size == ""1""","isEmpty == ""True""","peek_obj_type == ""class java.lang.String""","push == ""False""","pop == ""True""","clear == ""False""","calledMethod == ""pop""","size_p == ""1""",Yes
4069,1607899197539:55d1bb6d-c9fe-4d4a-942d-984912639f59,1607899197539:3e0e862b-5059-44e3-bf13-8d6af4f5c305,"size == ""1""","isEmpty == ""True""","peek_obj_type == ""class java.lang.String""","push == ""True""","pop == ""False""","clear == ""False""","calledMethod == ""push""","size_p == ""0""",Yes
4070,1607899197539:55d1bb6d-c9fe-4d4a-942d-984912639f59,1607899197539:3e0e862b-5059-44e3-bf13-8d6af4f5c305,"size == ""1""","isEmpty == ""True""","peek_obj_type == ""class java.lang.String""","push == ""False""","pop == ""True""","clear == ""False""","calledMethod == ""pop""","size_p == ""1""",Yes
4072,1607899197538:daed0fe5-cbf5-4439-ab76-3e1fc87b5773,1607899197538:85f36320-97d7-49b9-85d2-9c930a729d01,"size == ""1""","isEmpty == ""True""","peek_obj_type == ""class java.lang.String""","push == ""True""","pop == ""False""","clear == ""False""","calledMethod == ""push""","size_p == ""0""",Yes
4073,1607899197538:daed0fe5-cbf5-4439-ab76-3e1fc87b5773,1607899197538:85f36320-97d7-49b9-85d2-9c930a729d01,"size == ""1""","isEmpty == ""True""","peek_obj_type == ""class java.lang.String""","push == ""False""","pop == ""True""","clear == ""False""","calledMethod == ""pop""","size_p == ""1""",Yes
4076,1607899197538:daed0fe5-cbf5-4439-ab76-3e1fc87b5773,1607899197538:84fe8f0e-97d2-49e3-82e2-c6977b553cfc,"size == ""1""","isEmpty == ""True""","peek_obj_type == ""class java.lang.String""","push == ""True""","pop == ""False""","clear == ""False""","calledMethod == ""push""","size_p == ""0""",Yes
4077,1607899197538:daed0fe5-cbf5-4439-ab76-3e1fc87b5773,1607899197538:84fe8f0e-97d2-49e3-82e2-c6977b553cfc,"size == ""1""","isEmpty == ""True""","peek_obj_type == ""class java.lang.String""","push == ""False""","pop == ""False""","clear == ""True""","calledMethod == ""clear""","size_p == ""1""",Yes
4078,1607899197538:daed0fe5-cbf5-4439-ab76-3e1fc87b5773,1607899197538:84fe8f0e-97d2-49e3-82e2-c6977b553cfc,"size == ""1""","isEmpty == ""True""","peek_obj_type == ""class java.lang.String""","push == ""False""","pop == ""False""","clear == ""True""","calledMethod == ""clear""","size_p == ""1""",Yes
4079,1607899197538:daed0fe5-cbf5-4439-ab76-3e1fc87b5773,1607899197538:84fe8f0e-97d2-49e3-82e2-c6977b553cfc,"size == ""1""","isEmpty == ""True""","peek_obj_type == ""class java.lang.String""","push == ""False""","pop == ""False""","clear == ""True""","calledMethod == ""clear""","size_p == ""1""",Yes
4081,1607899197538:9fb06770-2299-42fc-b13c-5b73c58d8c26,1607899197538:ca76fe13-67fe-42b2-9974-b98e3632e573,"size == ""1""","isEmpty == ""True""","peek_obj_type == ""class java.lang.String""","push == ""True""","pop == ""False""","clear == ""False""","calledMethod == ""push""","size_p == ""0""",Yes
4082,1607899197538:9fb06770-2299-42fc-b13c-5b73c58d8c26,1607899197538:ca76fe13-67fe-42b2-9974-b98e3632e573,"size == ""1""","isEmpty == ""True""","peek_obj_type == ""class java.lang.String""","push == ""False""","pop == ""True""","clear == ""False""","calledMethod == ""pop""","size_p == ""1""",Yes
4084,1607899197538:9c1b35fd-bed8-4961-a136-2fea7cc7d7ce,1607899197539:fa475b98-758c-42e7-aa2c-2ffa161a3207,"size == ""1""","isEmpty == ""True""","peek_obj_type == ""class java.lang.String""","push == ""True""","pop == ""False""","clear == ""False""","calledMethod == ""push""","size_p == ""0""",Yes
4085,1607899197538:9c1b35fd-bed8-4961-a136-2fea7cc7d7ce,1607899197539:fa475b98-758c-42e7-aa2c-2ffa161a3207,"size == ""1""","isEmpty == ""True""","peek_obj_type == ""class java.lang.String""","push == ""False""","pop == ""True""","clear == ""False""","calledMethod == ""pop""","size_p == ""1""",Yes
4088,1607899197538:9c1b35fd-bed8-4961-a136-2fea7cc7d7ce,1607899197538:4e3bb95a-524a-4f2b-b156-681936f3369e,"size == ""1""","isEmpty == ""True""","peek_obj_type == ""class java.lang.String""","push == ""True""","pop == ""False""","clear == ""False""","calledMethod == ""push""","size_p == ""0""",Yes
4089,1607899197538:9c1b35fd-bed8-4961-a136-2fea7cc7d7ce,1607899197538:4e3bb95a-524a-4f2b-b156-681936f3369e,"size == ""1""","isEmpty == ""True""","peek_obj_type == ""class java.lang.String""","push == ""False""","pop == ""False""","clear == ""True""","calledMethod == ""clear""","size_p == ""1""",Yes
4090,1607899197538:9c1b35fd-bed8-4961-a136-2fea7cc7d7ce,1607899197538:4e3bb95a-524a-4f2b-b156-681936f3369e,"size == ""1""","isEmpty == ""True""","peek_obj_type == ""class java.lang.String""","push == ""False""","pop == ""False""","clear == ""True""","calledMethod == ""clear""","size_p == ""1""",Yes
4091,1607899197538:9c1b35fd-bed8-4961-a136-2fea7cc7d7ce,1607899197538:4e3bb95a-524a-4f2b-b156-681936f3369e,"size == ""1""","isEmpty == ""True""","peek_obj_type == ""class java.lang.String""","push == ""False""","pop == ""False""","clear == ""True""","calledMethod == ""clear""","size_p == ""1""",Yes
4093,1607899197538:709883ec-7bce-4247-9406-584d50728544,1607899197538:d6324114-5408-457e-90b8-84760576658e,"size == ""1""","isEmpty == ""True""","peek_obj_type == ""class java.lang.String""","push == ""True""","pop == ""False""","clear == ""False""","calledMethod == ""push""","size_p == ""0""",Yes
4094,1607899197538:709883ec-7bce-4247-9406-584d50728544,1607899197538:d6324114-5408-457e-90b8-84760576658e,"size == ""1""","isEmpty == ""True""","peek_obj_type == ""class java.lang.String""","push == ""False""","pop == ""True""","clear == ""False""","calledMethod == ""pop""","size_p == ""1""",Yes
4096,1607899197538:0a126c69-e301-4513-82d4-01038096b58f,1607899197538:dfc9acd1-6c40-4547-b46f-8fdd7bce8299,"size == ""1""","isEmpty == ""True""","peek_obj_type == ""class java.lang.String""","push == ""True""","pop == ""False""","clear == ""False""","calledMethod == ""push""","size_p == ""0""",Yes
4097,1607899197538:0a126c69-e301-4513-82d4-01038096b58f,1607899197538:dfc9acd1-6c40-4547-b46f-8fdd7bce8299,"size == ""1""","isEmpty == ""True""","peek_obj_type == ""class java.lang.String""","push == ""False""","pop == ""True""","clear == ""False""","calledMethod == ""pop""","size_p == ""1""",Yes
4099,1607899197538:0a126c69-e301-4513-82d4-01038096b58f,1607899197538:596d0cd6-22fd-490e-be1f-1d9e318bd01c,"size == ""1""","isEmpty == ""True""","peek_obj_type == ""class java.lang.String""","push == ""True""","pop == ""False""","clear == ""False""","calledMethod == ""push""","size_p == ""0""",Yes
4100,1607899197538:0a126c69-e301-4513-82d4-01038096b58f,1607899197538:596d0cd6-22fd-490e-be1f-1d9e318bd01c,"size == ""2""","isEmpty == ""True""","peek_obj_type == ""class java.lang.String""","push == ""True""","pop == ""False""","clear == ""False""","calledMethod == ""push""","size_p == ""1""",Yes
4102,1607899197537:99d7fe68-cabd-4bd0-8bb5-3f82105498ac,1607899197537:7209cd35-3847-4df3-a8c8-f9add57e19b5,"size == ""1""","isEmpty == ""True""","peek_obj_type == ""class java.lang.String""","push == ""True""","pop == ""False""","clear == ""False""","calledMethod == ""push""","size_p == ""0""",Yes
4103,1607899197537:99d7fe68-cabd-4bd0-8bb5-3f82105498ac,1607899197537:7209cd35-3847-4df3-a8c8-f9add57e19b5,"size == ""1""","isEmpty == ""True""","peek_obj_type == ""class java.lang.String""","push == ""False""","pop == ""True""","clear == ""False""","calledMethod == ""pop""","size_p == ""1""",Yes
4105,1607899197537:99d7fe68-cabd-4bd0-8bb5-3f82105498ac,1607899197537:671e69c6-1256-408f-aee6-0c0425f6ba3d,"size == ""1""","isEmpty == ""True""","peek_obj_type == ""class java.lang.String""","push == ""True""","pop == ""False""","clear == ""False""","calledMethod == ""push""","size_p == ""0""",Yes
4106,1607899197537:99d7fe68-cabd-4bd0-8bb5-3f82105498ac,1607899197537:671e69c6-1256-408f-aee6-0c0425f6ba3d,"size == ""2""","isEmpty == ""True""","peek_obj_type == ""class java.lang.String""","push == ""True""","pop == ""False""","clear == ""False""","calledMethod == ""push""","size_p == ""1""",Yes
4108,1607899197537:96a4ae24-1838-4c1f-9a68-5f7b1fe0f74d,1607899197537:bf724fe2-e084-4361-bcfe-408709a2de1b,"size == ""1""","isEmpty == ""True""","peek_obj_type == ""class java.lang.String""","push == ""True""","pop == ""False""","clear == ""False""","calledMethod == ""push""","size_p == ""0""",Yes
4109,1607899197537:96a4ae24-1838-4c1f-9a68-5f7b1fe0f74d,1607899197537:bf724fe2-e084-4361-bcfe-408709a2de1b,"size == ""1""","isEmpty == ""True""","peek_obj_type == ""class java.lang.String""","push == ""False""","pop == ""True""","clear == ""False""","calledMethod == ""pop""","size_p == ""1""",Yes
4111,1607899197537:821b9bda-6b7d-4bdc-baf9-ba33eb6b88e1,1607899197537:7e01ab68-06c1-414f-bedc-ebe3c6af0350,"size == ""1""","isEmpty == ""True""","peek_obj_type == ""class java.lang.String""","push == ""True""","pop == ""False""","clear == ""False""","calledMethod == ""push""","size_p == ""0""",Yes
4112,1607899197537:821b9bda-6b7d-4bdc-baf9-ba33eb6b88e1,1607899197537:7e01ab68-06c1-414f-bedc-ebe3c6af0350,"size == ""1""","isEmpty == ""True""","peek_obj_type == ""class java.lang.String""","push == ""False""","pop == ""True""","clear == ""False""","calledMethod == ""pop""","size_p == ""1""",Yes
4114,1607899197537:821b9bda-6b7d-4bdc-baf9-ba33eb6b88e1,1607899197537:7341b61b-523b-4c16-a75f-ebb5ad10b4f4,"size == ""1""","isEmpty == ""True""","peek_obj_type == ""class java.lang.String""","push == ""True""","pop == ""False""","clear == ""False""","calledMethod == ""push""","size_p == ""0""",Yes
4115,1607899197537:821b9bda-6b7d-4bdc-baf9-ba33eb6b88e1,1607899197537:7341b61b-523b-4c16-a75f-ebb5ad10b4f4,"size == ""2""","isEmpty == ""True""","peek_obj_type == ""class java.lang.String""","push == ""True""","pop == ""False""","clear == ""False""","calledMethod == ""push""","size_p == ""1""",Yes
4117,1607899197537:75f6e1d7-52d0-496f-b57b-9a312230ba8a,1607899197537:f479fb34-3ce7-419c-bdac-f78409de3a12,"size == ""1""","isEmpty == ""True""","peek_obj_type == ""class java.lang.String""","push == ""True""","pop == ""False""","clear == ""False""","calledMethod == ""push""","size_p == ""0""",Yes
4118,1607899197537:75f6e1d7-52d0-496f-b57b-9a312230ba8a,1607899197537:f479fb34-3ce7-419c-bdac-f78409de3a12,"size == ""1""","isEmpty == ""True""","peek_obj_type == ""class java.lang.String""","push == ""False""","pop == ""True""","clear == ""False""","calledMethod == ""pop""","size_p == ""1""",Yes
4120,1607899197537:34dd07c0-e7dc-47d9-99e8-2cbdfc9379a9,1607899197538:0dcb9cdf-3821-4ec5-8152-2de816df5036,"size == ""1""","isEmpty == ""True""","peek_obj_type == ""class java.lang.String""","push == ""True""","pop == ""False""","clear == ""False""","calledMethod == ""push""","size_p == ""0""",Yes
4121,1607899197537:34dd07c0-e7dc-47d9-99e8-2cbdfc9379a9,1607899197538:0dcb9cdf-3821-4ec5-8152-2de816df5036,"size == ""1""","isEmpty == ""True""","peek_obj_type == ""class java.lang.String""","push == ""False""","pop == ""True""","clear == ""False""","calledMethod == ""pop""","size_p == ""1""",Yes
4124,1607899197537:34dd07c0-e7dc-47d9-99e8-2cbdfc9379a9,1607899197537:3342d6fb-286b-4896-84fd-f54b72a0e371,"size == ""1""","isEmpty == ""True""","peek_obj_type == ""class java.lang.String""","push == ""True""","pop == ""False""","clear == ""False""","calledMethod == ""push""","size_p == ""0""",Yes
4125,1607899197537:34dd07c0-e7dc-47d9-99e8-2cbdfc9379a9,1607899197537:3342d6fb-286b-4896-84fd-f54b72a0e371,"size == ""1""","isEmpty == ""True""","peek_obj_type == ""class java.lang.String""","push == ""False""","pop == ""False""","clear == ""True""","calledMethod == ""clear""","size_p == ""1""",Yes
4127,1607899197537:22d6ab3a-2a7a-4c60-a8be-e57c9969a0aa,1607899197537:463963d8-0361-4b5b-b51d-b67d905de8e3,"size == ""1""","isEmpty == ""True""","peek_obj_type == ""class java.lang.String""","push == ""True""","pop == ""False""","clear == ""False""","calledMethod == ""push""","size_p == ""0""",Yes
4128,1607899197537:22d6ab3a-2a7a-4c60-a8be-e57c9969a0aa,1607899197537:463963d8-0361-4b5b-b51d-b67d905de8e3,"size == ""1""","isEmpty == ""True""","peek_obj_type == ""class java.lang.String""","push == ""False""","pop == ""True""","clear == ""False""","calledMethod == ""pop""","size_p == ""1""",Yes
4130,1607899197536:c17238e7-6816-4dbc-8c74-7ae8151daa18,1607899197536:d40be09d-4119-4832-a747-af4356ece8f3,"size == ""1""","isEmpty == ""True""","peek_obj_type == ""class java.lang.String""","push == ""True""","pop == ""False""","clear == ""False""","calledMethod == ""push""","size_p == ""0""",Yes
4131,1607899197536:c17238e7-6816-4dbc-8c74-7ae8151daa18,1607899197536:d40be09d-4119-4832-a747-af4356ece8f3,"size == ""1""","isEmpty == ""True""","peek_obj_type == ""class java.lang.String""","push == ""False""","pop == ""True""","clear == ""False""","calledMethod == ""pop""","size_p == ""1""",Yes
4133,1607899197536:9df807d0-90b3-4ae6-ac93-3128b0778622,1607899197536:68abba93-c18f-481a-a67c-9b022c2e8e11,"size == ""1""","isEmpty == ""True""","peek_obj_type == ""class java.lang.String""","push == ""True""","pop == ""False""","clear == ""False""","calledMethod == ""push""","size_p == ""0""",Yes
4134,1607899197536:9df807d0-90b3-4ae6-ac93-3128b0778622,1607899197536:68abba93-c18f-481a-a67c-9b022c2e8e11,"size == ""2""","isEmpty == ""True""","peek_obj_type == ""class java.lang.String""","push == ""True""","pop == ""False""","clear == ""False""","calledMethod == ""push""","size_p == ""1""",Yes
4135,1607899197536:9df807d0-90b3-4ae6-ac93-3128b0778622,1607899197536:68abba93-c18f-481a-a67c-9b022c2e8e11,"size == ""3""","isEmpty == ""True""","peek_obj_type == ""class java.lang.String""","push == ""True""","pop == ""False""","clear == ""False""","calledMethod == ""push""","size_p == ""2""",Yes
4138,1607899197536:9df807d0-90b3-4ae6-ac93-3128b0778622,1607899197536:594fa871-cb0a-4d9c-b0a8-ee6c60ce7e1b,"size == ""1""","isEmpty == ""True""","peek_obj_type == ""class java.lang.String""","push == ""True""","pop == ""False""","clear == ""False""","calledMethod == ""push""","size_p == ""0""",Yes
4139,1607899197536:9df807d0-90b3-4ae6-ac93-3128b0778622,1607899197536:594fa871-cb0a-4d9c-b0a8-ee6c60ce7e1b,"size == ""1""","isEmpty == ""True""","peek_obj_type == ""class java.lang.String""","push == ""False""","pop == ""True""","clear == ""False""","calledMethod == ""pop""","size_p == ""1""",Yes
4141,1607899197536:99ca5b37-a697-4af1-87ec-bc59e308133c,1607899197536:e029b1de-4910-40ed-bea4-f8acfe6dded7,"size == ""1""","isEmpty == ""True""","peek_obj_type == ""class java.lang.String""","push == ""True""","pop == ""False""","clear == ""False""","calledMethod == ""push""","size_p == ""0""",Yes
4142,1607899197536:99ca5b37-a697-4af1-87ec-bc59e308133c,1607899197536:e029b1de-4910-40ed-bea4-f8acfe6dded7,"size == ""1""","isEmpty == ""True""","peek_obj_type == ""class java.lang.String""","push == ""False""","pop == ""True""","clear == ""False""","calledMethod == ""pop""","size_p == ""1""",Yes
4145,1607899197536:99ca5b37-a697-4af1-87ec-bc59e308133c,1607899197536:6d0d34f4-7b22-4d28-a810-b6834b7d32c2,"size == ""1""","isEmpty == ""True""","peek_obj_type == ""class java.lang.String""","push == ""True""","pop == ""False""","clear == ""False""","calledMethod == ""push""","size_p == ""0""",Yes
4146,1607899197536:99ca5b37-a697-4af1-87ec-bc59e308133c,1607899197536:6d0d34f4-7b22-4d28-a810-b6834b7d32c2,"size == ""1""","isEmpty == ""True""","peek_obj_type == ""class java.lang.String""","push == ""False""","pop == ""False""","clear == ""True""","calledMethod == ""clear""","size_p == ""1""",Yes
4147,1607899197536:99ca5b37-a697-4af1-87ec-bc59e308133c,1607899197536:6d0d34f4-7b22-4d28-a810-b6834b7d32c2,"size == ""1""","isEmpty == ""True""","peek_obj_type == ""class java.lang.String""","push == ""False""","pop == ""False""","clear == ""True""","calledMethod == ""clear""","size_p == ""1""",Yes
4148,1607899197536:99ca5b37-a697-4af1-87ec-bc59e308133c,1607899197536:6d0d34f4-7b22-4d28-a810-b6834b7d32c2,"size == ""1""","isEmpty == ""True""","peek_obj_type == ""class java.lang.String""","push == ""False""","pop == ""False""","clear == ""True""","calledMethod == ""clear""","size_p == ""1""",Yes
4151,1607899197536:3567aa9e-b63e-494f-b8e0-d5d569cb244d,1607899197536:d21483c8-1d59-43c1-9f30-25d41a47e853,"size == ""1""","isEmpty == ""True""","peek_obj_type == ""class java.lang.String""","push == ""True""","pop == ""False""","clear == ""False""","calledMethod == ""push""","size_p == ""0""",Yes
4152,1607899197536:3567aa9e-b63e-494f-b8e0-d5d569cb244d,1607899197536:d21483c8-1d59-43c1-9f30-25d41a47e853,"size == ""1""","isEmpty == ""True""","peek_obj_type == ""class java.lang.String""","push == ""False""","pop == ""True""","clear == ""False""","calledMethod == ""pop""","size_p == ""1""",Yes
4154,1607899197536:2e6d8720-82cc-42cb-86f9-1b73f69ec4ee,1607899197536:85bd892b-593d-4302-a3ac-7290e55b9d9a,"size == ""1""","isEmpty == ""True""","peek_obj_type == ""class java.lang.String""","push == ""True""","pop == ""False""","clear == ""False""","calledMethod == ""push""","size_p == ""0""",Yes
4155,1607899197536:2e6d8720-82cc-42cb-86f9-1b73f69ec4ee,1607899197536:85bd892b-593d-4302-a3ac-7290e55b9d9a,"size == ""1""","isEmpty == ""True""","peek_obj_type == ""class java.lang.String""","push == ""False""","pop == ""True""","clear == ""False""","calledMethod == ""pop""","size_p == ""1""",Yes
4157,1607899197536:2bb5bb36-f37b-4642-a45a-4f60e2ae5cbd,1607899197536:7b6bdc1b-8c99-4b87-ae73-d20383699a43,"size == ""1""","isEmpty == ""True""","peek_obj_type == ""class java.lang.String""","push == ""True""","pop == ""False""","clear == ""False""","calledMethod == ""push""","size_p == ""0""",Yes
4158,1607899197536:2bb5bb36-f37b-4642-a45a-4f60e2ae5cbd,1607899197536:7b6bdc1b-8c99-4b87-ae73-d20383699a43,"size == ""1""","isEmpty == ""True""","peek_obj_type == ""class java.lang.String""","push == ""False""","pop == ""True""","clear == ""False""","calledMethod == ""pop""","size_p == ""1""",Yes
4160,1607899197535:ebbadd1d-2259-4c7a-bc53-97d301e5abc6,1607899197535:56091258-2d42-4d25-b220-f53101e9f0cb,"size == ""1""","isEmpty == ""True""","peek_obj_type == ""class java.lang.String""","push == ""True""","pop == ""False""","clear == ""False""","calledMethod == ""push""","size_p == ""0""",Yes
4161,1607899197535:ebbadd1d-2259-4c7a-bc53-97d301e5abc6,1607899197535:56091258-2d42-4d25-b220-f53101e9f0cb,"size == ""1""","isEmpty == ""True""","peek_obj_type == ""class java.lang.String""","push == ""False""","pop == ""True""","clear == ""False""","calledMethod == ""pop""","size_p == ""1""",Yes
4164,1607899197535:ebbadd1d-2259-4c7a-bc53-97d301e5abc6,1607899197535:17472d2f-bee0-4806-b45a-a1a75474adea,"size == ""1""","isEmpty == ""True""","peek_obj_type == ""class java.lang.String""","push == ""True""","pop == ""False""","clear == ""False""","calledMethod == ""push""","size_p == ""0""",Yes
4165,1607899197535:ebbadd1d-2259-4c7a-bc53-97d301e5abc6,1607899197535:17472d2f-bee0-4806-b45a-a1a75474adea,"size == ""1""","isEmpty == ""True""","peek_obj_type == ""class java.lang.String""","push == ""False""","pop == ""False""","clear == ""True""","calledMethod == ""clear""","size_p == ""1""",Yes
4168,1607899197535:b94b8c04-f3a3-418e-8237-bb2bcf8306a8,1607899197535:8176b699-1eae-4bea-a35e-deaf54a05d48,"size == ""1""","isEmpty == ""True""","peek_obj_type == ""class java.lang.String""","push == ""True""","pop == ""False""","clear == ""False""","calledMethod == ""push""","size_p == ""0""",Yes
4169,1607899197535:b94b8c04-f3a3-418e-8237-bb2bcf8306a8,1607899197535:8176b699-1eae-4bea-a35e-deaf54a05d48,"size == ""1""","isEmpty == ""True""","peek_obj_type == ""class java.lang.String""","push == ""False""","pop == ""False""","clear == ""True""","calledMethod == ""clear""","size_p == ""1""",Yes
4170,1607899197535:b94b8c04-f3a3-418e-8237-bb2bcf8306a8,1607899197535:8176b699-1eae-4bea-a35e-deaf54a05d48,"size == ""1""","isEmpty == ""True""","peek_obj_type == ""class java.lang.String""","push == ""False""","pop == ""False""","clear == ""True""","calledMethod == ""clear""","size_p == ""1""",Yes
4171,1607899197535:b94b8c04-f3a3-418e-8237-bb2bcf8306a8,1607899197535:8176b699-1eae-4bea-a35e-deaf54a05d48,"size == ""1""","isEmpty == ""True""","peek_obj_type == ""class java.lang.String""","push == ""False""","pop == ""False""","clear == ""True""","calledMethod == ""clear""","size_p == ""1""",Yes
4173,1607899197535:b94b8c04-f3a3-418e-8237-bb2bcf8306a8,1607899197535:49f5a4e4-4eba-4bce-a14e-9e12c5cbeaba,"size == ""1""","isEmpty == ""True""","peek_obj_type == ""class java.lang.String""","push == ""True""","pop == ""False""","clear == ""False""","calledMethod == ""push""","size_p == ""0""",Yes
4174,1607899197535:b94b8c04-f3a3-418e-8237-bb2bcf8306a8,1607899197535:49f5a4e4-4eba-4bce-a14e-9e12c5cbeaba,"size == ""1""","isEmpty == ""True""","peek_obj_type == ""class java.lang.String""","push == ""False""","pop == ""True""","clear == ""False""","calledMethod == ""pop""","size_p == ""1""",Yes
4176,1607899197535:9d16ecb6-959c-43ce-9364-2ab44ff729b7,1607899197535:16124fe3-d0cc-437f-aa2d-56c4e940b221,"size == ""1""","isEmpty == ""True""","peek_obj_type == ""class java.lang.String""","push == ""True""","pop == ""False""","clear == ""False""","calledMethod == ""push""","size_p == ""0""",Yes
4177,1607899197535:9d16ecb6-959c-43ce-9364-2ab44ff729b7,1607899197535:16124fe3-d0cc-437f-aa2d-56c4e940b221,"size == ""1""","isEmpty == ""True""","peek_obj_type == ""class java.lang.String""","push == ""False""","pop == ""True""","clear == ""False""","calledMethod == ""pop""","size_p == ""1""",Yes
4179,1607899197535:8ee54183-e39e-46ed-87db-69974ed63dd7,1607899197535:c581f619-e94a-49e8-aa32-a7055fd24b1e,"size == ""1""","isEmpty == ""True""","peek_obj_type == ""class java.lang.String""","push == ""True""","pop == ""False""","clear == ""False""","calledMethod == ""push""","size_p == ""0""",Yes
4180,1607899197535:8ee54183-e39e-46ed-87db-69974ed63dd7,1607899197535:c581f619-e94a-49e8-aa32-a7055fd24b1e,"size == ""1""","isEmpty == ""True""","peek_obj_type == ""class java.lang.String""","push == ""False""","pop == ""True""","clear == ""False""","calledMethod == ""pop""","size_p == ""1""",Yes
4182,1607899197535:7bfedaa4-3d82-4ba3-b2db-58fe72d650e6,1607899197535:640b59fd-516d-4874-8a65-ebd192ac1fd1,"size == ""1""","isEmpty == ""True""","peek_obj_type == ""class java.lang.String""","push == ""True""","pop == ""False""","clear == ""False""","calledMethod == ""push""","size_p == ""0""",Yes
4183,1607899197535:7bfedaa4-3d82-4ba3-b2db-58fe72d650e6,1607899197535:640b59fd-516d-4874-8a65-ebd192ac1fd1,"size == ""1""","isEmpty == ""True""","peek_obj_type == ""class java.lang.String""","push == ""False""","pop == ""True""","clear == ""False""","calledMethod == ""pop""","size_p == ""1""",Yes
4185,1607899197535:0971a16b-375f-466f-ab98-dd9938739d86,1607899197535:34033c4e-7928-4c96-ae37-953bb90d2ad7,"size == ""1""","isEmpty == ""True""","peek_obj_type == ""class java.lang.String""","push == ""True""","pop == ""False""","clear == ""False""","calledMethod == ""push""","size_p == ""0""",Yes
4186,1607899197535:0971a16b-375f-466f-ab98-dd9938739d86,1607899197535:34033c4e-7928-4c96-ae37-953bb90d2ad7,"size == ""2""","isEmpty == ""True""","peek_obj_type == ""class java.lang.String""","push == ""True""","pop == ""False""","clear == ""False""","calledMethod == ""push""","size_p == ""1""",Yes
4188,1607899197535:0971a16b-375f-466f-ab98-dd9938739d86,1607899197535:0f9b3d24-d887-42f5-bbba-d78e998e5021,"size == ""1""","isEmpty == ""True""","peek_obj_type == ""class java.lang.String""","push == ""True""","pop == ""False""","clear == ""False""","calledMethod == ""push""","size_p == ""0""",Yes
4189,1607899197535:0971a16b-375f-466f-ab98-dd9938739d86,1607899197535:0f9b3d24-d887-42f5-bbba-d78e998e5021,"size == ""1""","isEmpty == ""True""","peek_obj_type == ""class java.lang.String""","push == ""False""","pop == ""True""","clear == ""False""","calledMethod == ""pop""","size_p == ""1""",Yes
4191,1607899197534:fb4d0e27-8e40-419c-b4ae-2befd94e12f3,1607899197534:2aa4bf85-b8f5-4720-8c14-46c315ec00c1,"size == ""1""","isEmpty == ""True""","peek_obj_type == ""class java.lang.String""","push == ""True""","pop == ""False""","clear == ""False""","calledMethod == ""push""","size_p == ""0""",Yes
4192,1607899197534:fb4d0e27-8e40-419c-b4ae-2befd94e12f3,1607899197534:2aa4bf85-b8f5-4720-8c14-46c315ec00c1,"size == ""1""","isEmpty == ""True""","peek_obj_type == ""class java.lang.String""","push == ""False""","pop == ""True""","clear == ""False""","calledMethod == ""pop""","size_p == ""1""",Yes
4194,1607899197534:d5641189-60f3-4c87-93cf-6d665b6e7019,1607899197534:54761eed-d200-4586-bd86-5bf7e458dbf8,"size == ""1""","isEmpty == ""True""","peek_obj_type == ""class java.lang.String""","push == ""True""","pop == ""False""","clear == ""False""","calledMethod == ""push""","size_p == ""0""",Yes
4195,1607899197534:d5641189-60f3-4c87-93cf-6d665b6e7019,1607899197534:54761eed-d200-4586-bd86-5bf7e458dbf8,"size == ""1""","isEmpty == ""True""","peek_obj_type == ""class java.lang.String""","push == ""False""","pop == ""True""","clear == ""False""","calledMethod == ""pop""","size_p == ""1""",Yes
4197,1607899197534:a4b3bc92-dfac-45b0-9790-3c5c380fdaa0,1607899197534:527a339b-0b2c-45a7-bf2d-c2a308d39b1a,"size == ""1""","isEmpty == ""True""","peek_obj_type == ""class java.lang.String""","push == ""True""","pop == ""False""","clear == ""False""","calledMethod == ""push""","size_p == ""0""",Yes
4198,1607899197534:a4b3bc92-dfac-45b0-9790-3c5c380fdaa0,1607899197534:527a339b-0b2c-45a7-bf2d-c2a308d39b1a,"size == ""1""","isEmpty == ""True""","peek_obj_type == ""class java.lang.String""","push == ""False""","pop == ""True""","clear == ""False""","calledMethod == ""pop""","size_p == ""1""",Yes
4200,1607899197534:3e0a0384-d451-4584-a4bd-ab1e8b9f9965,1607899197534:c3888ae2-16af-4795-a81b-74571f432eb7,"size == ""1""","isEmpty == ""True""","peek_obj_type == ""class java.lang.String""","push == ""True""","pop == ""False""","clear == ""False""","calledMethod == ""push""","size_p == ""0""",Yes
4201,1607899197534:3e0a0384-d451-4584-a4bd-ab1e8b9f9965,1607899197534:c3888ae2-16af-4795-a81b-74571f432eb7,"size == ""1""","isEmpty == ""True""","peek_obj_type == ""class java.lang.String""","push == ""False""","pop == ""True""","clear == ""False""","calledMethod == ""pop""","size_p == ""1""",Yes
4203,1607899197534:3e0a0384-d451-4584-a4bd-ab1e8b9f9965,1607899197534:7eeeab84-ca7e-42e8-b36d-4d50f68c21e7,"size == ""1""","isEmpty == ""True""","peek_obj_type == ""class java.lang.String""","push == ""True""","pop == ""False""","clear == ""False""","calledMethod == ""push""","size_p == ""0""",Yes
4204,1607899197534:3e0a0384-d451-4584-a4bd-ab1e8b9f9965,1607899197534:7eeeab84-ca7e-42e8-b36d-4d50f68c21e7,"size == ""2""","isEmpty == ""True""","peek_obj_type == ""class java.lang.String""","push == ""True""","pop == ""False""","clear == ""False""","calledMethod == ""push""","size_p == ""1""",Yes
4206,1607899197534:2fe47b91-b63b-404f-b0b9-c0e0667caabd,1607899197534:9ff0a1b8-20fa-41ba-b061-cde43c2fefdb,"size == ""1""","isEmpty == ""True""","peek_obj_type == ""class java.lang.String""","push == ""True""","pop == ""False""","clear == ""False""","calledMethod == ""push""","size_p == ""0""",Yes
4207,1607899197534:2fe47b91-b63b-404f-b0b9-c0e0667caabd,1607899197534:9ff0a1b8-20fa-41ba-b061-cde43c2fefdb,"size == ""2""","isEmpty == ""True""","peek_obj_type == ""class java.lang.String""","push == ""True""","pop == ""False""","clear == ""False""","calledMethod == ""push""","size_p == ""1""",Yes
4209,1607899197534:2fe47b91-b63b-404f-b0b9-c0e0667caabd,1607899197534:70e8595d-aaa8-44f5-be70-6cea90f0dfef,"size == ""1""","isEmpty == ""True""","peek_obj_type == ""class java.lang.String""","push == ""True""","pop == ""False""","clear == ""False""","calledMethod == ""push""","size_p == ""0""",Yes
4210,1607899197534:2fe47b91-b63b-404f-b0b9-c0e0667caabd,1607899197534:70e8595d-aaa8-44f5-be70-6cea90f0dfef,"size == ""1""","isEmpty == ""True""","peek_obj_type == ""class java.lang.String""","push == ""False""","pop == ""True""","clear == ""False""","calledMethod == ""pop""","size_p == ""1""",Yes
4213,1607899197534:00da1b15-4e13-4dad-b9d9-96c31e2dd320,1607899197534:da986f44-2e9b-411e-8dba-d20f88553e01,"size == ""1""","isEmpty == ""True""","peek_obj_type == ""class java.lang.String""","push == ""True""","pop == ""False""","clear == ""False""","calledMethod == ""push""","size_p == ""0""",Yes
4214,1607899197534:00da1b15-4e13-4dad-b9d9-96c31e2dd320,1607899197534:da986f44-2e9b-411e-8dba-d20f88553e01,"size == ""1""","isEmpty == ""True""","peek_obj_type == ""class java.lang.String""","push == ""False""","pop == ""False""","clear == ""True""","calledMethod == ""clear""","size_p == ""1""",Yes
4215,1607899197534:00da1b15-4e13-4dad-b9d9-96c31e2dd320,1607899197534:da986f44-2e9b-411e-8dba-d20f88553e01,"size == ""1""","isEmpty == ""True""","peek_obj_type == ""class java.lang.String""","push == ""False""","pop == ""False""","clear == ""True""","calledMethod == ""clear""","size_p == ""1""",Yes
4216,1607899197534:00da1b15-4e13-4dad-b9d9-96c31e2dd320,1607899197534:da986f44-2e9b-411e-8dba-d20f88553e01,"size == ""1""","isEmpty == ""True""","peek_obj_type == ""class java.lang.String""","push == ""False""","pop == ""False""","clear == ""True""","calledMethod == ""clear""","size_p == ""1""",Yes
4218,1607899197534:00da1b15-4e13-4dad-b9d9-96c31e2dd320,1607899197534:045b2376-a4f9-43e2-aa01-35810bb17284,"size == ""1""","isEmpty == ""True""","peek_obj_type == ""class java.lang.String""","push == ""True""","pop == ""False""","clear == ""False""","calledMethod == ""push""","size_p == ""0""",Yes
4219,1607899197534:00da1b15-4e13-4dad-b9d9-96c31e2dd320,1607899197534:045b2376-a4f9-43e2-aa01-35810bb17284,"size == ""1""","isEmpty == ""True""","peek_obj_type == ""class java.lang.String""","push == ""False""","pop == ""True""","clear == ""False""","calledMethod == ""pop""","size_p == ""1""",Yes
4221,1607899197533:844a26e6-7ec6-437a-a1e3-848b3dca455e,1607899197533:8eae0536-4525-4712-a73d-66338cd50258,"size == ""1""","isEmpty == ""True""","peek_obj_type == ""class java.lang.String""","push == ""True""","pop == ""False""","clear == ""False""","calledMethod == ""push""","size_p == ""0""",Yes
4222,1607899197533:844a26e6-7ec6-437a-a1e3-848b3dca455e,1607899197533:8eae0536-4525-4712-a73d-66338cd50258,"size == ""2""","isEmpty == ""True""","peek_obj_type == ""class java.lang.String""","push == ""True""","pop == ""False""","clear == ""False""","calledMethod == ""push""","size_p == ""1""",Yes
4224,1607899197533:844a26e6-7ec6-437a-a1e3-848b3dca455e,1607899197533:84ba2123-ea8a-4cf1-a1b8-7b3ceba0c253,"size == ""1""","isEmpty == ""True""","peek_obj_type == ""class java.lang.String""","push == ""True""","pop == ""False""","clear == ""False""","calledMethod == ""push""","size_p == ""0""",Yes
4225,1607899197533:844a26e6-7ec6-437a-a1e3-848b3dca455e,1607899197533:84ba2123-ea8a-4cf1-a1b8-7b3ceba0c253,"size == ""1""","isEmpty == ""True""","peek_obj_type == ""class java.lang.String""","push == ""False""","pop == ""True""","clear == ""False""","calledMethod == ""pop""","size_p == ""1""",Yes
4228,1607899197533:8425f27a-7247-4521-8520-34ddac9a3f67,1607899197533:7315c83d-50ad-4c57-98c0-75f50e569c13,"size == ""1""","isEmpty == ""True""","peek_obj_type == ""class java.lang.String""","push == ""True""","pop == ""False""","clear == ""False""","calledMethod == ""push""","size_p == ""0""",Yes
4229,1607899197533:8425f27a-7247-4521-8520-34ddac9a3f67,1607899197533:7315c83d-50ad-4c57-98c0-75f50e569c13,"size == ""1""","isEmpty == ""True""","peek_obj_type == ""class java.lang.String""","push == ""False""","pop == ""False""","clear == ""True""","calledMethod == ""clear""","size_p == ""1""",Yes
4230,1607899197533:8425f27a-7247-4521-8520-34ddac9a3f67,1607899197533:7315c83d-50ad-4c57-98c0-75f50e569c13,"size == ""1""","isEmpty == ""True""","peek_obj_type == ""class java.lang.String""","push == ""False""","pop == ""False""","clear == ""True""","calledMethod == ""clear""","size_p == ""1""",Yes
4231,1607899197533:8425f27a-7247-4521-8520-34ddac9a3f67,1607899197533:7315c83d-50ad-4c57-98c0-75f50e569c13,"size == ""1""","isEmpty == ""True""","peek_obj_type == ""class java.lang.String""","push == ""False""","pop == ""False""","clear == ""True""","calledMethod == ""clear""","size_p == ""1""",Yes
4233,1607899197533:8425f27a-7247-4521-8520-34ddac9a3f67,1607899197533:12720e39-53e2-4c41-960c-85ab4dcfb220,"size == ""1""","isEmpty == ""True""","peek_obj_type == ""class java.lang.String""","push == ""True""","pop == ""False""","clear == ""False""","calledMethod == ""push""","size_p == ""0""",Yes
4234,1607899197533:8425f27a-7247-4521-8520-34ddac9a3f67,1607899197533:12720e39-53e2-4c41-960c-85ab4dcfb220,"size == ""1""","isEmpty == ""True""","peek_obj_type == ""class java.lang.String""","push == ""False""","pop == ""True""","clear == ""False""","calledMethod == ""pop""","size_p == ""1""",Yes
4236,1607899197533:166e5ecb-c95d-4dd0-ad87-8c49af9df92a,1607899197533:e7385050-6cc1-4b5c-8887-9ae5eb0e0343,"size == ""1""","isEmpty == ""True""","peek_obj_type == ""class java.lang.String""","push == ""True""","pop == ""False""","clear == ""False""","calledMethod == ""push""","size_p == ""0""",Yes
4237,1607899197533:166e5ecb-c95d-4dd0-ad87-8c49af9df92a,1607899197533:e7385050-6cc1-4b5c-8887-9ae5eb0e0343,"size == ""1""","isEmpty == ""True""","peek_obj_type == ""class java.lang.String""","push == ""False""","pop == ""True""","clear == ""False""","calledMethod == ""pop""","size_p == ""1""",Yes
4239,1607899197533:166e5ecb-c95d-4dd0-ad87-8c49af9df92a,1607899197533:220adcb3-e2c3-4fd8-9ee2-2c48251135c3,"size == ""1""","isEmpty == ""True""","peek_obj_type == ""class java.lang.String""","push == ""True""","pop == ""False""","clear == ""False""","calledMethod == ""push""","size_p == ""0""",Yes
4240,1607899197533:166e5ecb-c95d-4dd0-ad87-8c49af9df92a,1607899197533:220adcb3-e2c3-4fd8-9ee2-2c48251135c3,"size == ""2""","isEmpty == ""True""","peek_obj_type == ""class java.lang.String""","push == ""True""","pop == ""False""","clear == ""False""","calledMethod == ""push""","size_p == ""1""",Yes
4242,1607899197533:150dc887-6c7a-4b71-9609-60b126f87915,1607899197534:031480b2-14f4-45f7-8945-79830472e481,"size == ""1""","isEmpty == ""True""","peek_obj_type == ""class java.lang.String""","push == ""True""","pop == ""False""","clear == ""False""","calledMethod == ""push""","size_p == ""0""",Yes
4243,1607899197533:150dc887-6c7a-4b71-9609-60b126f87915,1607899197534:031480b2-14f4-45f7-8945-79830472e481,"size == ""1""","isEmpty == ""True""","peek_obj_type == ""class java.lang.String""","push == ""False""","pop == ""True""","clear == ""False""","calledMethod == ""pop""","size_p == ""1""",Yes
4245,1607899197533:00906d9e-3eef-4e1b-9ad0-664388cd371c,1607899197533:d5fd0811-a874-436e-8b48-d09cdf19fdb1,"size == ""1""","isEmpty == ""True""","peek_obj_type == ""class java.lang.String""","push == ""True""","pop == ""False""","clear == ""False""","calledMethod == ""push""","size_p == ""0""",Yes
4246,1607899197533:00906d9e-3eef-4e1b-9ad0-664388cd371c,1607899197533:d5fd0811-a874-436e-8b48-d09cdf19fdb1,"size == ""1""","isEmpty == ""True""","peek_obj_type == ""class java.lang.String""","push == ""False""","pop == ""True""","clear == ""False""","calledMethod == ""pop""","size_p == ""1""",Yes
4248,1607899197533:00906d9e-3eef-4e1b-9ad0-664388cd371c,1607899197533:cd304460-3da9-4fd3-9c31-b401b66ad7ed,"size == ""1""","isEmpty == ""True""","peek_obj_type == ""class java.lang.String""","push == ""True""","pop == ""False""","clear == ""False""","calledMethod == ""push""","size_p == ""0""",Yes
4252,1607899197532:d63af544-9f75-4f64-9c4c-76bca35d14fb,1607899197532:6e1b5e00-7420-49dd-9176-9655064718b1,"size == ""1""","isEmpty == ""True""","peek_obj_type == ""class java.lang.String""","push == ""True""","pop == ""False""","clear == ""False""","calledMethod == ""push""","size_p == ""0""",Yes
4253,1607899197532:d63af544-9f75-4f64-9c4c-76bca35d14fb,1607899197532:6e1b5e00-7420-49dd-9176-9655064718b1,"size == ""1""","isEmpty == ""True""","peek_obj_type == ""class java.lang.String""","push == ""False""","pop == ""True""","clear == ""False""","calledMethod == ""pop""","size_p == ""1""",Yes
4256,1607899197532:d63af544-9f75-4f64-9c4c-76bca35d14fb,1607899197532:50391f18-d20e-4447-b670-9bca85bbe702,"size == ""1""","isEmpty == ""True""","peek_obj_type == ""class java.lang.String""","push == ""True""","pop == ""False""","clear == ""False""","calledMethod == ""push""","size_p == ""0""",Yes
4257,1607899197532:d63af544-9f75-4f64-9c4c-76bca35d14fb,1607899197532:50391f18-d20e-4447-b670-9bca85bbe702,"size == ""1""","isEmpty == ""True""","peek_obj_type == ""class java.lang.String""","push == ""False""","pop == ""False""","clear == ""True""","calledMethod == ""clear""","size_p == ""1""",Yes
4259,1607899197532:c6c20d35-9d35-4f48-be9d-f8098a17df20,1607899197532:d48e10da-ed99-4981-b33e-3ff721e8eb0e,"size == ""1""","isEmpty == ""True""","peek_obj_type == ""class java.lang.String""","push == ""True""","pop == ""False""","clear == ""False""","calledMethod == ""push""","size_p == ""0""",Yes
4260,1607899197532:c6c20d35-9d35-4f48-be9d-f8098a17df20,1607899197532:d48e10da-ed99-4981-b33e-3ff721e8eb0e,"size == ""2""","isEmpty == ""True""","peek_obj_type == ""class java.lang.String""","push == ""True""","pop == ""False""","clear == ""False""","calledMethod == ""push""","size_p == ""1""",Yes
4262,1607899197532:c6c20d35-9d35-4f48-be9d-f8098a17df20,1607899197532:beddf31a-869a-42ef-a85a-03c30cad103b,"size == ""1""","isEmpty == ""True""","peek_obj_type == ""class java.lang.String""","push == ""True""","pop == ""False""","clear == ""False""","calledMethod == ""push""","size_p == ""0""",Yes
4263,1607899197532:c6c20d35-9d35-4f48-be9d-f8098a17df20,1607899197532:beddf31a-869a-42ef-a85a-03c30cad103b,"size == ""1""","isEmpty == ""True""","peek_obj_type == ""class java.lang.String""","push == ""False""","pop == ""True""","clear == ""False""","calledMethod == ""pop""","size_p == ""1""",Yes
4265,1607899197532:a6dc9453-a3e1-4d7e-bb36-c4ede0fd9185,1607899197533:622f6ca8-4fa1-4332-8bde-483be19d06dc,"size == ""1""","isEmpty == ""True""","peek_obj_type == ""class java.lang.String""","push == ""True""","pop == ""False""","clear == ""False""","calledMethod == ""push""","size_p == ""0""",Yes
4266,1607899197532:a6dc9453-a3e1-4d7e-bb36-c4ede0fd9185,1607899197533:622f6ca8-4fa1-4332-8bde-483be19d06dc,"size == ""1""","isEmpty == ""True""","peek_obj_type == ""class java.lang.String""","push == ""False""","pop == ""True""","clear == ""False""","calledMethod == ""pop""","size_p == ""1""",Yes
4269,1607899197532:a6dc9453-a3e1-4d7e-bb36-c4ede0fd9185,1607899197532:daba750d-72bd-4456-b3a5-dfe52d0c0446,"size == ""1""","isEmpty == ""True""","peek_obj_type == ""class java.lang.String""","push == ""True""","pop == ""False""","clear == ""False""","calledMethod == ""push""","size_p == ""0""",Yes
4270,1607899197532:a6dc9453-a3e1-4d7e-bb36-c4ede0fd9185,1607899197532:daba750d-72bd-4456-b3a5-dfe52d0c0446,"size == ""1""","isEmpty == ""True""","peek_obj_type == ""class java.lang.String""","push == ""False""","pop == ""False""","clear == ""True""","calledMethod == ""clear""","size_p == ""1""",Yes
4272,1607899197532:87ae1d43-31fd-4706-8350-f4b2f2d76d54,1607899197532:559e6f21-6770-4316-ab74-e00babe0d463,"size == ""1""","isEmpty == ""True""","peek_obj_type == ""class java.lang.String""","push == ""True""","pop == ""False""","clear == ""False""","calledMethod == ""push""","size_p == ""0""",Yes
4273,1607899197532:87ae1d43-31fd-4706-8350-f4b2f2d76d54,1607899197532:559e6f21-6770-4316-ab74-e00babe0d463,"size == ""1""","isEmpty == ""True""","peek_obj_type == ""class java.lang.String""","push == ""False""","pop == ""True""","clear == ""False""","calledMethod == ""pop""","size_p == ""1""",Yes
4275,1607899197532:87ae1d43-31fd-4706-8350-f4b2f2d76d54,1607899197532:39809c6a-f24d-46c5-bbd5-289e9bb63b81,"size == ""1""","isEmpty == ""True""","peek_obj_type == ""class java.lang.String""","push == ""True""","pop == ""False""","clear == ""False""","calledMethod == ""push""","size_p == ""0""",Yes
4276,1607899197532:87ae1d43-31fd-4706-8350-f4b2f2d76d54,1607899197532:39809c6a-f24d-46c5-bbd5-289e9bb63b81,"size == ""2""","isEmpty == ""True""","peek_obj_type == ""class java.lang.String""","push == ""True""","pop == ""False""","clear == ""False""","calledMethod == ""push""","size_p == ""1""",Yes
4278,1607899197532:81cbb572-b372-4cde-a50b-6ffca9f18b5e,1607899197532:5dae2fa9-fa97-4079-87a0-86b63c929395,"size == ""1""","isEmpty == ""True""","peek_obj_type == ""class java.lang.String""","push == ""True""","pop == ""False""","clear == ""False""","calledMethod == ""push""","size_p == ""0""",Yes
4279,1607899197532:81cbb572-b372-4cde-a50b-6ffca9f18b5e,1607899197532:5dae2fa9-fa97-4079-87a0-86b63c929395,"size == ""1""","isEmpty == ""True""","peek_obj_type == ""class java.lang.String""","push == ""False""","pop == ""True""","clear == ""False""","calledMethod == ""pop""","size_p == ""1""",Yes
4281,1607899197532:3cbd13af-052a-496d-bfce-2a394afaaf43,1607899197532:8cf443eb-4649-413b-90f9-c0ecefcaae24,"size == ""1""","isEmpty == ""True""","peek_obj_type == ""class java.lang.String""","push == ""True""","pop == ""False""","clear == ""False""","calledMethod == ""push""","size_p == ""0""",Yes
4282,1607899197532:3cbd13af-052a-496d-bfce-2a394afaaf43,1607899197532:8cf443eb-4649-413b-90f9-c0ecefcaae24,"size == ""1""","isEmpty == ""True""","peek_obj_type == ""class java.lang.String""","push == ""False""","pop == ""True""","clear == ""False""","calledMethod == ""pop""","size_p == ""1""",Yes
4284,1607899197531:f5454f48-5f9e-4cfe-bd2a-8833354dc257,1607899197531:98e8d957-b147-493f-b918-52730c37a5e3,"size == ""1""","isEmpty == ""True""","peek_obj_type == ""class java.lang.String""","push == ""True""","pop == ""False""","clear == ""False""","calledMethod == ""push""","size_p == ""0""",Yes
4285,1607899197531:f5454f48-5f9e-4cfe-bd2a-8833354dc257,1607899197531:98e8d957-b147-493f-b918-52730c37a5e3,"size == ""1""","isEmpty == ""True""","peek_obj_type == ""class java.lang.String""","push == ""False""","pop == ""True""","clear == ""False""","calledMethod == ""pop""","size_p == ""1""",Yes
4287,1607899197531:e0a75f3b-b7e3-44a7-8856-ac5c311aa4a7,1607899197531:caaec9ff-236a-4442-baf3-35d3415e6100,"size == ""1""","isEmpty == ""True""","peek_obj_type == ""class java.lang.String""","push == ""True""","pop == ""False""","clear == ""False""","calledMethod == ""push""","size_p == ""0""",Yes
4288,1607899197531:e0a75f3b-b7e3-44a7-8856-ac5c311aa4a7,1607899197531:caaec9ff-236a-4442-baf3-35d3415e6100,"size == ""1""","isEmpty == ""True""","peek_obj_type == ""class java.lang.String""","push == ""False""","pop == ""True""","clear == ""False""","calledMethod == ""pop""","size_p == ""1""",Yes
4291,1607899197531:e0a75f3b-b7e3-44a7-8856-ac5c311aa4a7,1607899197531:913d531f-e23d-420c-9793-91c460d53b5b,"size == ""1""","isEmpty == ""True""","peek_obj_type == ""class java.lang.String""","push == ""True""","pop == ""False""","clear == ""False""","calledMethod == ""push""","size_p == ""0""",Yes
4292,1607899197531:e0a75f3b-b7e3-44a7-8856-ac5c311aa4a7,1607899197531:913d531f-e23d-420c-9793-91c460d53b5b,"size == ""1""","isEmpty == ""True""","peek_obj_type == ""class java.lang.String""","push == ""False""","pop == ""False""","clear == ""True""","calledMethod == ""clear""","size_p == ""1""",Yes
4293,1607899197531:e0a75f3b-b7e3-44a7-8856-ac5c311aa4a7,1607899197531:913d531f-e23d-420c-9793-91c460d53b5b,"size == ""1""","isEmpty == ""True""","peek_obj_type == ""class java.lang.String""","push == ""False""","pop == ""False""","clear == ""True""","calledMethod == ""clear""","size_p == ""1""",Yes
4294,1607899197531:e0a75f3b-b7e3-44a7-8856-ac5c311aa4a7,1607899197531:913d531f-e23d-420c-9793-91c460d53b5b,"size == ""1""","isEmpty == ""True""","peek_obj_type == ""class java.lang.String""","push == ""False""","pop == ""False""","clear == ""True""","calledMethod == ""clear""","size_p == ""1""",Yes
4296,1607899197531:8114ed28-00ae-44ca-86b3-cfa10250475b,1607899197531:3b9a2146-f0b7-4ca3-94bd-d8e463809a63,"size == ""1""","isEmpty == ""True""","peek_obj_type == ""class java.lang.String""","push == ""True""","pop == ""False""","clear == ""False""","calledMethod == ""push""","size_p == ""0""",Yes
4297,1607899197531:8114ed28-00ae-44ca-86b3-cfa10250475b,1607899197531:3b9a2146-f0b7-4ca3-94bd-d8e463809a63,"size == ""1""","isEmpty == ""True""","peek_obj_type == ""class java.lang.String""","push == ""False""","pop == ""True""","clear == ""False""","calledMethod == ""pop""","size_p == ""1""",Yes
4299,1607899197531:75315b02-7385-4b6e-ae8b-c75007860c5c,1607899197531:14fff237-77dc-4a65-8bd8-967d6fefe743,"size == ""1""","isEmpty == ""True""","peek_obj_type == ""class java.lang.String""","push == ""True""","pop == ""False""","clear == ""False""","calledMethod == ""push""","size_p == ""0""",Yes
4300,1607899197531:75315b02-7385-4b6e-ae8b-c75007860c5c,1607899197531:14fff237-77dc-4a65-8bd8-967d6fefe743,"size == ""1""","isEmpty == ""True""","peek_obj_type == ""class java.lang.String""","push == ""False""","pop == ""True""","clear == ""False""","calledMethod == ""pop""","size_p == ""1""",Yes
4303,1607899197531:694c1884-a20d-47cb-bd59-db7729d72353,1607899197531:d2918e11-c626-4f72-9ae3-598fa357df0c,"size == ""1""","isEmpty == ""True""","peek_obj_type == ""class java.lang.String""","push == ""True""","pop == ""False""","clear == ""False""","calledMethod == ""push""","size_p == ""0""",Yes
4304,1607899197531:694c1884-a20d-47cb-bd59-db7729d72353,1607899197531:d2918e11-c626-4f72-9ae3-598fa357df0c,"size == ""1""","isEmpty == ""True""","peek_obj_type == ""class java.lang.String""","push == ""False""","pop == ""False""","clear == ""True""","calledMethod == ""clear""","size_p == ""1""",Yes
4307,1607899197531:694c1884-a20d-47cb-bd59-db7729d72353,1607899197531:d0fa3e1f-a1f7-47f0-989f-2e30550b7ff1,"size == ""1""","isEmpty == ""True""","peek_obj_type == ""class java.lang.String""","push == ""True""","pop == ""False""","clear == ""False""","calledMethod == ""push""","size_p == ""0""",Yes
4308,1607899197531:694c1884-a20d-47cb-bd59-db7729d72353,1607899197531:d0fa3e1f-a1f7-47f0-989f-2e30550b7ff1,"size == ""1""","isEmpty == ""True""","peek_obj_type == ""class java.lang.String""","push == ""False""","pop == ""False""","clear == ""True""","calledMethod == ""clear""","size_p == ""1""",Yes
4309,1607899197531:694c1884-a20d-47cb-bd59-db7729d72353,1607899197531:d0fa3e1f-a1f7-47f0-989f-2e30550b7ff1,"size == ""1""","isEmpty == ""True""","peek_obj_type == ""class java.lang.String""","push == ""False""","pop == ""False""","clear == ""True""","calledMethod == ""clear""","size_p == ""1""",Yes
4310,1607899197531:694c1884-a20d-47cb-bd59-db7729d72353,1607899197531:d0fa3e1f-a1f7-47f0-989f-2e30550b7ff1,"size == ""1""","isEmpty == ""True""","peek_obj_type == ""class java.lang.String""","push == ""False""","pop == ""False""","clear == ""True""","calledMethod == ""clear""","size_p == ""1""",Yes
4312,1607899197531:694c1884-a20d-47cb-bd59-db7729d72353,1607899197531:473acb64-bf9f-4eff-bf8b-f1d7193eadd1,"size == ""1""","isEmpty == ""True""","peek_obj_type == ""class java.lang.String""","push == ""True""","pop == ""False""","clear == ""False""","calledMethod == ""push""","size_p == ""0""",Yes
4313,1607899197531:694c1884-a20d-47cb-bd59-db7729d72353,1607899197531:473acb64-bf9f-4eff-bf8b-f1d7193eadd1,"size == ""1""","isEmpty == ""True""","peek_obj_type == ""class java.lang.String""","push == ""False""","pop == ""True""","clear == ""False""","calledMethod == ""pop""","size_p == ""1""",Yes
4315,1607899197530:beb7e527-8252-4f5f-8cd6-24707b26ac60,1607899197530:76aba92b-a719-46ac-829d-074eca663080,"size == ""1""","isEmpty == ""True""","peek_obj_type == ""class java.lang.String""","push == ""True""","pop == ""False""","clear == ""False""","calledMethod == ""push""","size_p == ""0""",Yes
4316,1607899197530:beb7e527-8252-4f5f-8cd6-24707b26ac60,1607899197530:76aba92b-a719-46ac-829d-074eca663080,"size == ""1""","isEmpty == ""True""","peek_obj_type == ""class java.lang.String""","push == ""False""","pop == ""True""","clear == ""False""","calledMethod == ""pop""","size_p == ""1""",Yes
4318,1607899197530:7cadd9df-0c00-417a-bd6a-71a63a0887bd,1607899197530:3fd7176e-7cde-4d82-b2a5-c95d15be0e28,"size == ""1""","isEmpty == ""True""","peek_obj_type == ""class java.lang.String""","push == ""True""","pop == ""False""","clear == ""False""","calledMethod == ""push""","size_p == ""0""",Yes
4319,1607899197530:7cadd9df-0c00-417a-bd6a-71a63a0887bd,1607899197530:3fd7176e-7cde-4d82-b2a5-c95d15be0e28,"size == ""1""","isEmpty == ""True""","peek_obj_type == ""class java.lang.String""","push == ""False""","pop == ""True""","clear == ""False""","calledMethod == ""pop""","size_p == ""1""",Yes
4321,1607899197530:0f4e5366-9a38-4164-936c-bb3c1e6871d3,1607899197530:86bb0d7c-f6cf-4e26-9b7b-9a3453cdb797,"size == ""1""","isEmpty == ""True""","peek_obj_type == ""class java.lang.String""","push == ""True""","pop == ""False""","clear == ""False""","calledMethod == ""push""","size_p == ""0""",Yes
4322,1607899197530:0f4e5366-9a38-4164-936c-bb3c1e6871d3,1607899197530:86bb0d7c-f6cf-4e26-9b7b-9a3453cdb797,"size == ""1""","isEmpty == ""True""","peek_obj_type == ""class java.lang.String""","push == ""False""","pop == ""True""","clear == ""False""","calledMethod == ""pop""","size_p == ""1""",Yes
4324,1607899197530:0f4e5366-9a38-4164-936c-bb3c1e6871d3,1607899197530:474ea0a0-8994-44df-91fa-7748747d21ae,"size == ""1""","isEmpty == ""True""","peek_obj_type == ""class java.lang.String""","push == ""True""","pop == ""False""","clear == ""False""","calledMethod == ""push""","size_p == ""0""",Yes
4326,1607899197530:0de079c4-d03b-4cf2-ad95-343e719257b3,1607899197530:d4c42079-4756-4ec4-ad4d-217a8278fc3e,"size == ""1""","isEmpty == ""True""","peek_obj_type == ""class java.lang.String""","push == ""True""","pop == ""False""","clear == ""False""","calledMethod == ""push""","size_p == ""0""",Yes
4327,1607899197530:0de079c4-d03b-4cf2-ad95-343e719257b3,1607899197530:d4c42079-4756-4ec4-ad4d-217a8278fc3e,"size == ""1""","isEmpty == ""True""","peek_obj_type == ""class java.lang.String""","push == ""False""","pop == ""False""","clear == ""True""","calledMethod == ""clear""","size_p == ""1""",Yes
4328,1607899197530:0de079c4-d03b-4cf2-ad95-343e719257b3,1607899197530:d4c42079-4756-4ec4-ad4d-217a8278fc3e,"size == ""1""","isEmpty == ""True""","peek_obj_type == ""class java.lang.String""","push == ""False""","pop == ""False""","clear == ""True""","calledMethod == ""clear""","size_p == ""1""",Yes
4329,1607899197530:0de079c4-d03b-4cf2-ad95-343e719257b3,1607899197530:d4c42079-4756-4ec4-ad4d-217a8278fc3e,"size == ""1""","isEmpty == ""True""","peek_obj_type == ""class java.lang.String""","push == ""False""","pop == ""False""","clear == ""True""","calledMethod == ""clear""","size_p == ""1""",Yes
4331,1607899197530:06ef3787-bea5-4ee8-a68a-8d521fe208a7,1607899197530:6c32f5fe-5699-4ef9-979c-a4f4a413967b,"size == ""1""","isEmpty == ""True""","peek_obj_type == ""class java.lang.String""","push == ""True""","pop == ""False""","clear == ""False""","calledMethod == ""push""","size_p == ""0""",Yes
4332,1607899197530:06ef3787-bea5-4ee8-a68a-8d521fe208a7,1607899197530:6c32f5fe-5699-4ef9-979c-a4f4a413967b,"size == ""1""","isEmpty == ""True""","peek_obj_type == ""class java.lang.String""","push == ""False""","pop == ""True""","clear == ""False""","calledMethod == ""pop""","size_p == ""1""",Yes
4335,1607899197530:0428201f-f10a-45d1-ae34-3227740d8fc9,1607899197530:e6398e39-b89c-4a08-bcc8-bbfa25372614,"size == ""1""","isEmpty == ""True""","peek_obj_type == ""class java.lang.String""","push == ""True""","pop == ""False""","clear == ""False""","calledMethod == ""push""","size_p == ""0""",Yes
4336,1607899197530:0428201f-f10a-45d1-ae34-3227740d8fc9,1607899197530:e6398e39-b89c-4a08-bcc8-bbfa25372614,"size == ""1""","isEmpty == ""True""","peek_obj_type == ""class java.lang.String""","push == ""False""","pop == ""False""","clear == ""True""","calledMethod == ""clear""","size_p == ""1""",Yes
4337,1607899197530:0428201f-f10a-45d1-ae34-3227740d8fc9,1607899197530:e6398e39-b89c-4a08-bcc8-bbfa25372614,"size == ""1""","isEmpty == ""True""","peek_obj_type == ""class java.lang.String""","push == ""False""","pop == ""False""","clear == ""True""","calledMethod == ""clear""","size_p == ""1""",Yes
4338,1607899197530:0428201f-f10a-45d1-ae34-3227740d8fc9,1607899197530:e6398e39-b89c-4a08-bcc8-bbfa25372614,"size == ""1""","isEmpty == ""True""","peek_obj_type == ""class java.lang.String""","push == ""False""","pop == ""False""","clear == ""True""","calledMethod == ""clear""","size_p == ""1""",Yes
4340,1607899197530:0428201f-f10a-45d1-ae34-3227740d8fc9,1607899197530:3d04f81e-6759-4590-a0a6-a7cbc588ea9a,"size == ""1""","isEmpty == ""True""","peek_obj_type == ""class java.lang.String""","push == ""True""","pop == ""False""","clear == ""False""","calledMethod == ""push""","size_p == ""0""",Yes
4341,1607899197530:0428201f-f10a-45d1-ae34-3227740d8fc9,1607899197530:3d04f81e-6759-4590-a0a6-a7cbc588ea9a,"size == ""1""","isEmpty == ""True""","peek_obj_type == ""class java.lang.String""","push == ""False""","pop == ""True""","clear == ""False""","calledMethod == ""pop""","size_p == ""1""",Yes
4343,1607899197529:9f4ca8cc-2267-49c7-9fcb-e916c9a49af3,1607899197529:f36815a7-a6ae-4dde-be20-1a2cf927c7a7,"size == ""1""","isEmpty == ""True""","peek_obj_type == ""class java.lang.String""","push == ""True""","pop == ""False""","clear == ""False""","calledMethod == ""push""","size_p == ""0""",Yes
4346,1607899197529:9f4ca8cc-2267-49c7-9fcb-e916c9a49af3,1607899197529:74d9a0a9-919e-4fc6-99a4-316b1a44ccc7,"size == ""1""","isEmpty == ""True""","peek_obj_type == ""class java.lang.String""","push == ""True""","pop == ""False""","clear == ""False""","calledMethod == ""push""","size_p == ""0""",Yes
4347,1607899197529:9f4ca8cc-2267-49c7-9fcb-e916c9a49af3,1607899197529:74d9a0a9-919e-4fc6-99a4-316b1a44ccc7,"size == ""1""","isEmpty == ""True""","peek_obj_type == ""class java.lang.String""","push == ""False""","pop == ""True""","clear == ""False""","calledMethod == ""pop""","size_p == ""1""",Yes
4349,1607899197529:8248127e-ab5b-49da-a903-f5f8d4cfcc41,1607899197529:f637317c-76fa-4473-89f0-fc8bab7d16a6,"size == ""1""","isEmpty == ""True""","peek_obj_type == ""class java.lang.String""","push == ""True""","pop == ""False""","clear == ""False""","calledMethod == ""push""","size_p == ""0""",Yes
4350,1607899197529:8248127e-ab5b-49da-a903-f5f8d4cfcc41,1607899197529:f637317c-76fa-4473-89f0-fc8bab7d16a6,"size == ""1""","isEmpty == ""True""","peek_obj_type == ""class java.lang.String""","push == ""False""","pop == ""True""","clear == ""False""","calledMethod == ""pop""","size_p == ""1""",Yes
4352,1607899197529:327d21d6-29c3-40ca-83e8-f77c069ef49e,1607899197529:8cc5fa9e-7b5c-4d66-97b9-b7b11f13e8f0,"size == ""1""","isEmpty == ""True""","peek_obj_type == ""class java.lang.String""","push == ""True""","pop == ""False""","clear == ""False""","calledMethod == ""push""","size_p == ""0""",Yes
4353,1607899197529:327d21d6-29c3-40ca-83e8-f77c069ef49e,1607899197529:8cc5fa9e-7b5c-4d66-97b9-b7b11f13e8f0,"size == ""1""","isEmpty == ""True""","peek_obj_type == ""class java.lang.String""","push == ""False""","pop == ""True""","clear == ""False""","calledMethod == ""pop""","size_p == ""1""",Yes
4356,1607899197529:327d21d6-29c3-40ca-83e8-f77c069ef49e,1607899197529:4906bc90-906c-486e-9902-6ffba85dd8cd,"size == ""1""","isEmpty == ""True""","peek_obj_type == ""class java.lang.String""","push == ""True""","pop == ""False""","clear == ""False""","calledMethod == ""push""","size_p == ""0""",Yes
4357,1607899197529:327d21d6-29c3-40ca-83e8-f77c069ef49e,1607899197529:4906bc90-906c-486e-9902-6ffba85dd8cd,"size == ""1""","isEmpty == ""True""","peek_obj_type == ""class java.lang.String""","push == ""False""","pop == ""False""","clear == ""True""","calledMethod == ""clear""","size_p == ""1""",Yes
4358,1607899197529:327d21d6-29c3-40ca-83e8-f77c069ef49e,1607899197529:4906bc90-906c-486e-9902-6ffba85dd8cd,"size == ""1""","isEmpty == ""True""","peek_obj_type == ""class java.lang.String""","push == ""False""","pop == ""False""","clear == ""True""","calledMethod == ""clear""","size_p == ""1""",Yes
4359,1607899197529:327d21d6-29c3-40ca-83e8-f77c069ef49e,1607899197529:4906bc90-906c-486e-9902-6ffba85dd8cd,"size == ""1""","isEmpty == ""True""","peek_obj_type == ""class java.lang.String""","push == ""False""","pop == ""False""","clear == ""True""","calledMethod == ""clear""","size_p == ""1""",Yes
4361,1607899197529:17217af6-71df-45ea-947f-10ffb91822fd,1607899197529:f0d75623-4925-460c-bf54-081097e5d603,"size == ""1""","isEmpty == ""True""","peek_obj_type == ""class java.lang.String""","push == ""True""","pop == ""False""","clear == ""False""","calledMethod == ""push""","size_p == ""0""",Yes
4362,1607899197529:17217af6-71df-45ea-947f-10ffb91822fd,1607899197529:f0d75623-4925-460c-bf54-081097e5d603,"size == ""1""","isEmpty == ""True""","peek_obj_type == ""class java.lang.String""","push == ""False""","pop == ""True""","clear == ""False""","calledMethod == ""pop""","size_p == ""1""",Yes
4364,1607899197529:118a0c7b-7bd6-4464-8cc0-c1c0d1e3a7ab,1607899197529:dd052dfa-f9f4-4677-abb9-2c7e53d0613f,"size == ""1""","isEmpty == ""True""","peek_obj_type == ""class java.lang.String""","push == ""True""","pop == ""False""","clear == ""False""","calledMethod == ""push""","size_p == ""0""",Yes
4365,1607899197529:118a0c7b-7bd6-4464-8cc0-c1c0d1e3a7ab,1607899197529:dd052dfa-f9f4-4677-abb9-2c7e53d0613f,"size == ""1""","isEmpty == ""True""","peek_obj_type == ""class java.lang.String""","push == ""False""","pop == ""True""","clear == ""False""","calledMethod == ""pop""","size_p == ""1""",Yes
4368,1607899197529:118a0c7b-7bd6-4464-8cc0-c1c0d1e3a7ab,1607899197529:9afb2771-b920-4e3b-83d6-4d2dce69c236,"size == ""1""","isEmpty == ""True""","peek_obj_type == ""class java.lang.String""","push == ""True""","pop == ""False""","clear == ""False""","calledMethod == ""push""","size_p == ""0""",Yes
4369,1607899197529:118a0c7b-7bd6-4464-8cc0-c1c0d1e3a7ab,1607899197529:9afb2771-b920-4e3b-83d6-4d2dce69c236,"size == ""1""","isEmpty == ""True""","peek_obj_type == ""class java.lang.String""","push == ""False""","pop == ""False""","clear == ""True""","calledMethod == ""clear""","size_p == ""1""",Yes
4370,1607899197529:118a0c7b-7bd6-4464-8cc0-c1c0d1e3a7ab,1607899197529:9afb2771-b920-4e3b-83d6-4d2dce69c236,"size == ""1""","isEmpty == ""True""","peek_obj_type == ""class java.lang.String""","push == ""False""","pop == ""False""","clear == ""True""","calledMethod == ""clear""","size_p == ""1""",Yes
4371,1607899197529:118a0c7b-7bd6-4464-8cc0-c1c0d1e3a7ab,1607899197529:9afb2771-b920-4e3b-83d6-4d2dce69c236,"size == ""1""","isEmpty == ""True""","peek_obj_type == ""class java.lang.String""","push == ""False""","pop == ""False""","clear == ""True""","calledMethod == ""clear""","size_p == ""1""",Yes
4373,1607899197528:f13bbfa9-a776-4c1b-ab8a-673f978617a0,1607899197528:f3aff4ab-627d-419b-97f2-49333db04993,"size == ""1""","isEmpty == ""True""","peek_obj_type == ""class java.lang.String""","push == ""True""","pop == ""False""","clear == ""False""","calledMethod == ""push""","size_p == ""0""",Yes
4374,1607899197528:f13bbfa9-a776-4c1b-ab8a-673f978617a0,1607899197528:f3aff4ab-627d-419b-97f2-49333db04993,"size == ""1""","isEmpty == ""True""","peek_obj_type == ""class java.lang.String""","push == ""False""","pop == ""True""","clear == ""False""","calledMethod == ""pop""","size_p == ""1""",Yes
4376,1607899197528:eae9263a-631b-48e4-8e97-c1e8b5f52421,1607899197528:89bf6c39-69e4-4df8-8d6a-45f7a9141854,"size == ""1""","isEmpty == ""True""","peek_obj_type == ""class java.lang.String""","push == ""True""","pop == ""False""","clear == ""False""","calledMethod == ""push""","size_p == ""0""",Yes
4377,1607899197528:eae9263a-631b-48e4-8e97-c1e8b5f52421,1607899197528:89bf6c39-69e4-4df8-8d6a-45f7a9141854,"size == ""1""","isEmpty == ""True""","peek_obj_type == ""class java.lang.String""","push == ""False""","pop == ""True""","clear == ""False""","calledMethod == ""pop""","size_p == ""1""",Yes
4379,1607899197528:c81dbfa1-0c6a-4725-bb38-2e3a1671de41,1607899197528:8ad72268-83ed-4534-b59a-9938d6d0d3fa,"size == ""1""","isEmpty == ""True""","peek_obj_type == ""class java.lang.String""","push == ""True""","pop == ""False""","clear == ""False""","calledMethod == ""push""","size_p == ""0""",Yes
4380,1607899197528:c81dbfa1-0c6a-4725-bb38-2e3a1671de41,1607899197528:8ad72268-83ed-4534-b59a-9938d6d0d3fa,"size == ""1""","isEmpty == ""True""","peek_obj_type == ""class java.lang.String""","push == ""False""","pop == ""True""","clear == ""False""","calledMethod == ""pop""","size_p == ""1""",Yes
4383,1607899197528:a7ea2227-ea7b-4cd3-97ab-9f78c95b0db1,1607899197528:b75ccadd-2448-4905-82c8-69b5e8845951,"size == ""1""","isEmpty == ""True""","peek_obj_type == ""class java.lang.String""","push == ""True""","pop == ""False""","clear == ""False""","calledMethod == ""push""","size_p == ""0""",Yes
4384,1607899197528:a7ea2227-ea7b-4cd3-97ab-9f78c95b0db1,1607899197528:b75ccadd-2448-4905-82c8-69b5e8845951,"size == ""1""","isEmpty == ""True""","peek_obj_type == ""class java.lang.String""","push == ""False""","pop == ""False""","clear == ""True""","calledMethod == ""clear""","size_p == ""1""",Yes
4385,1607899197528:a7ea2227-ea7b-4cd3-97ab-9f78c95b0db1,1607899197528:b75ccadd-2448-4905-82c8-69b5e8845951,"size == ""1""","isEmpty == ""True""","peek_obj_type == ""class java.lang.String""","push == ""False""","pop == ""False""","clear == ""True""","calledMethod == ""clear""","size_p == ""1""",Yes
4386,1607899197528:a7ea2227-ea7b-4cd3-97ab-9f78c95b0db1,1607899197528:b75ccadd-2448-4905-82c8-69b5e8845951,"size == ""1""","isEmpty == ""True""","peek_obj_type == ""class java.lang.String""","push == ""False""","pop == ""False""","clear == ""True""","calledMethod == ""clear""","size_p == ""1""",Yes
4388,1607899197528:a7ea2227-ea7b-4cd3-97ab-9f78c95b0db1,1607899197528:449ab0f9-bbad-45e1-8bc6-dcde07e9fab7,"size == ""1""","isEmpty == ""True""","peek_obj_type == ""class java.lang.String""","push == ""True""","pop == ""False""","clear == ""False""","calledMethod == ""push""","size_p == ""0""",Yes
4389,1607899197528:a7ea2227-ea7b-4cd3-97ab-9f78c95b0db1,1607899197528:449ab0f9-bbad-45e1-8bc6-dcde07e9fab7,"size == ""1""","isEmpty == ""True""","peek_obj_type == ""class java.lang.String""","push == ""False""","pop == ""True""","clear == ""False""","calledMethod == ""pop""","size_p == ""1""",Yes
4391,1607899197528:5148b509-6ffb-4381-af09-01873ff9ccf6,1607899197528:290b9dcb-38b8-4280-bd80-58b6673844aa,"size == ""1""","isEmpty == ""True""","peek_obj_type == ""class java.lang.String""","push == ""True""","pop == ""False""","clear == ""False""","calledMethod == ""push""","size_p == ""0""",Yes
4392,1607899197528:5148b509-6ffb-4381-af09-01873ff9ccf6,1607899197528:290b9dcb-38b8-4280-bd80-58b6673844aa,"size == ""1""","isEmpty == ""True""","peek_obj_type == ""class java.lang.String""","push == ""False""","pop == ""True""","clear == ""False""","calledMethod == ""pop""","size_p == ""1""",Yes
4394,1607899197528:0cba0e94-158f-4783-bc46-5daafc59e2c6,1607899197528:3f3af391-3ffe-48c9-82d0-5c5e4fa808db,"size == ""1""","isEmpty == ""True""","peek_obj_type == ""class java.lang.String""","push == ""True""","pop == ""False""","clear == ""False""","calledMethod == ""push""","size_p == ""0""",Yes
4395,1607899197528:0cba0e94-158f-4783-bc46-5daafc59e2c6,1607899197528:3f3af391-3ffe-48c9-82d0-5c5e4fa808db,"size == ""1""","isEmpty == ""True""","peek_obj_type == ""class java.lang.String""","push == ""False""","pop == ""True""","clear == ""False""","calledMethod == ""pop""","size_p == ""1""",Yes
4397,1607899197527:9f7b2607-3704-4b32-b5da-0ac4f871f162,1607899197527:78909fb8-c051-44e2-a402-dd4678e7e021,"size == ""1""","isEmpty == ""True""","peek_obj_type == ""class java.lang.String""","push == ""True""","pop == ""False""","clear == ""False""","calledMethod == ""push""","size_p == ""0""",Yes
4398,1607899197527:9f7b2607-3704-4b32-b5da-0ac4f871f162,1607899197527:78909fb8-c051-44e2-a402-dd4678e7e021,"size == ""1""","isEmpty == ""True""","peek_obj_type == ""class java.lang.String""","push == ""False""","pop == ""True""","clear == ""False""","calledMethod == ""pop""","size_p == ""1""",Yes
4400,1607899197527:937fb6cf-33ee-4046-94dc-0774e5fc177a,1607899197527:26f5a94a-a922-4a17-8a0e-788ad1046366,"size == ""1""","isEmpty == ""True""","peek_obj_type == ""class java.lang.String""","push == ""True""","pop == ""False""","clear == ""False""","calledMethod == ""push""","size_p == ""0""",Yes
4401,1607899197527:937fb6cf-33ee-4046-94dc-0774e5fc177a,1607899197527:26f5a94a-a922-4a17-8a0e-788ad1046366,"size == ""1""","isEmpty == ""True""","peek_obj_type == ""class java.lang.String""","push == ""False""","pop == ""True""","clear == ""False""","calledMethod == ""pop""","size_p == ""1""",Yes
4403,1607899197527:76359774-7bc9-446a-ba2e-50c3d6108aea,1607899197527:c28518f9-7c7b-41bb-9833-996cda463cb2,"size == ""1""","isEmpty == ""True""","peek_obj_type == ""class java.lang.String""","push == ""True""","pop == ""False""","clear == ""False""","calledMethod == ""push""","size_p == ""0""",Yes
4405,1607899197527:76359774-7bc9-446a-ba2e-50c3d6108aea,1607899197527:06570558-afdc-4c25-ab36-e920a7f54dbb,"size == ""1""","isEmpty == ""True""","peek_obj_type == ""class java.lang.String""","push == ""True""","pop == ""False""","clear == ""False""","calledMethod == ""push""","size_p == ""0""",Yes
4406,1607899197527:76359774-7bc9-446a-ba2e-50c3d6108aea,1607899197527:06570558-afdc-4c25-ab36-e920a7f54dbb,"size == ""1""","isEmpty == ""True""","peek_obj_type == ""class java.lang.String""","push == ""False""","pop == ""True""","clear == ""False""","calledMethod == ""pop""","size_p == ""1""",Yes
4408,1607899197527:397768b2-601c-4994-a65b-33853e9ee7e7,1607899197527:fdb96e00-c808-4609-b498-3667f3afdef3,"size == ""1""","isEmpty == ""True""","peek_obj_type == ""class java.lang.String""","push == ""True""","pop == ""False""","clear == ""False""","calledMethod == ""push""","size_p == ""0""",Yes
4409,1607899197527:397768b2-601c-4994-a65b-33853e9ee7e7,1607899197527:fdb96e00-c808-4609-b498-3667f3afdef3,"size == ""1""","isEmpty == ""True""","peek_obj_type == ""class java.lang.String""","push == ""False""","pop == ""True""","clear == ""False""","calledMethod == ""pop""","size_p == ""1""",Yes
4412,1607899197527:200aaf71-78d0-4a18-94bd-d845fbafdbd5,1607899197527:e0acbce1-18c1-4cab-b679-66a46c9ec5ba,"size == ""1""","isEmpty == ""True""","peek_obj_type == ""class java.lang.String""","push == ""True""","pop == ""False""","clear == ""False""","calledMethod == ""push""","size_p == ""0""",Yes
4413,1607899197527:200aaf71-78d0-4a18-94bd-d845fbafdbd5,1607899197527:e0acbce1-18c1-4cab-b679-66a46c9ec5ba,"size == ""1""","isEmpty == ""True""","peek_obj_type == ""class java.lang.String""","push == ""False""","pop == ""False""","clear == ""True""","calledMethod == ""clear""","size_p == ""1""",Yes
4414,1607899197527:200aaf71-78d0-4a18-94bd-d845fbafdbd5,1607899197527:e0acbce1-18c1-4cab-b679-66a46c9ec5ba,"size == ""1""","isEmpty == ""True""","peek_obj_type == ""class java.lang.String""","push == ""False""","pop == ""False""","clear == ""True""","calledMethod == ""clear""","size_p == ""1""",Yes
4415,1607899197527:200aaf71-78d0-4a18-94bd-d845fbafdbd5,1607899197527:e0acbce1-18c1-4cab-b679-66a46c9ec5ba,"size == ""1""","isEmpty == ""True""","peek_obj_type == ""class java.lang.String""","push == ""False""","pop == ""False""","clear == ""True""","calledMethod == ""clear""","size_p == ""1""",Yes
4417,1607899197527:200aaf71-78d0-4a18-94bd-d845fbafdbd5,1607899197527:72c71e24-9b52-4c4f-9862-1f1ad43d4e25,"size == ""1""","isEmpty == ""True""","peek_obj_type == ""class java.lang.String""","push == ""True""","pop == ""False""","clear == ""False""","calledMethod == ""push""","size_p == ""0""",Yes
4418,1607899197527:200aaf71-78d0-4a18-94bd-d845fbafdbd5,1607899197527:72c71e24-9b52-4c4f-9862-1f1ad43d4e25,"size == ""1""","isEmpty == ""True""","peek_obj_type == ""class java.lang.String""","push == ""False""","pop == ""True""","clear == ""False""","calledMethod == ""pop""","size_p == ""1""",Yes
4420,1607899197527:19c2bbf0-5e06-4015-9cac-5d7d2910e282,1607899197527:5226eab5-d4f5-4b91-bc5b-db2e436ef801,"size == ""1""","isEmpty == ""True""","peek_obj_type == ""class java.lang.String""","push == ""True""","pop == ""False""","clear == ""False""","calledMethod == ""push""","size_p == ""0""",Yes
4421,1607899197527:19c2bbf0-5e06-4015-9cac-5d7d2910e282,1607899197527:5226eab5-d4f5-4b91-bc5b-db2e436ef801,"size == ""1""","isEmpty == ""True""","peek_obj_type == ""class java.lang.String""","push == ""False""","pop == ""True""","clear == ""False""","calledMethod == ""pop""","size_p == ""1""",Yes
4423,1607899197527:0057f506-50e6-4af8-b4bd-8885503aea8c,1607899197528:253b12b7-217d-4465-be05-aa130ffa9727,"size == ""1""","isEmpty == ""True""","peek_obj_type == ""class java.lang.String""","push == ""True""","pop == ""False""","clear == ""False""","calledMethod == ""push""","size_p == ""0""",Yes
4424,1607899197527:0057f506-50e6-4af8-b4bd-8885503aea8c,1607899197528:253b12b7-217d-4465-be05-aa130ffa9727,"size == ""1""","isEmpty == ""True""","peek_obj_type == ""class java.lang.String""","push == ""False""","pop == ""True""","clear == ""False""","calledMethod == ""pop""","size_p == ""1""",Yes
4426,1607899197527:0057f506-50e6-4af8-b4bd-8885503aea8c,1607899197527:cea00850-e367-418a-ae0f-7266f47bcf5c,"size == ""1""","isEmpty == ""True""","peek_obj_type == ""class java.lang.String""","push == ""True""","pop == ""False""","clear == ""False""","calledMethod == ""push""","size_p == ""0""",Yes
4429,1607899197526:ef76ac41-5d54-4e54-a1d7-611f25dc003f,1607899197526:d34982a9-0ecc-48ff-959d-d189d2285d01,"size == ""1""","isEmpty == ""True""","peek_obj_type == ""class java.lang.String""","push == ""True""","pop == ""False""","clear == ""False""","calledMethod == ""push""","size_p == ""0""",Yes
4431,1607899197526:ef76ac41-5d54-4e54-a1d7-611f25dc003f,1607899197526:99ddbb43-4bc1-4081-9695-515d7dc59bb4,"size == ""1""","isEmpty == ""True""","peek_obj_type == ""class java.lang.String""","push == ""True""","pop == ""False""","clear == ""False""","calledMethod == ""push""","size_p == ""0""",Yes
4432,1607899197526:ef76ac41-5d54-4e54-a1d7-611f25dc003f,1607899197526:99ddbb43-4bc1-4081-9695-515d7dc59bb4,"size == ""1""","isEmpty == ""True""","peek_obj_type == ""class java.lang.String""","push == ""False""","pop == ""True""","clear == ""False""","calledMethod == ""pop""","size_p == ""1""",Yes
4434,1607899197526:e2b8b5d6-9757-4822-8d0e-b9ef4f52570a,1607899197526:b920ccdd-6203-4efb-b11a-94baf184dd00,"size == ""1""","isEmpty == ""True""","peek_obj_type == ""class java.lang.String""","push == ""True""","pop == ""False""","clear == ""False""","calledMethod == ""push""","size_p == ""0""",Yes
4435,1607899197526:e2b8b5d6-9757-4822-8d0e-b9ef4f52570a,1607899197526:b920ccdd-6203-4efb-b11a-94baf184dd00,"size == ""1""","isEmpty == ""True""","peek_obj_type == ""class java.lang.String""","push == ""False""","pop == ""True""","clear == ""False""","calledMethod == ""pop""","size_p == ""1""",Yes
4437,1607899197526:cb126744-f87c-41ef-8946-f914548cebef,1607899197526:6e60eb7c-320e-4ac3-af70-0a127a21ee49,"size == ""1""","isEmpty == ""True""","peek_obj_type == ""class java.lang.String""","push == ""True""","pop == ""False""","clear == ""False""","calledMethod == ""push""","size_p == ""0""",Yes
4438,1607899197526:cb126744-f87c-41ef-8946-f914548cebef,1607899197526:6e60eb7c-320e-4ac3-af70-0a127a21ee49,"size == ""2""","isEmpty == ""True""","peek_obj_type == ""class java.lang.String""","push == ""True""","pop == ""False""","clear == ""False""","calledMethod == ""push""","size_p == ""1""",Yes
4439,1607899197526:cb126744-f87c-41ef-8946-f914548cebef,1607899197526:6e60eb7c-320e-4ac3-af70-0a127a21ee49,"size == ""2""","isEmpty == ""True""","peek_obj_type == ""class java.lang.String""","push == ""False""","pop == ""False""","clear == ""True""","calledMethod == ""clear""","size_p == ""2""",Yes
4440,1607899197526:cb126744-f87c-41ef-8946-f914548cebef,1607899197526:6e60eb7c-320e-4ac3-af70-0a127a21ee49,"size == ""2""","isEmpty == ""True""","peek_obj_type == ""class java.lang.String""","push == ""False""","pop == ""False""","clear == ""True""","calledMethod == ""clear""","size_p == ""2""",Yes
4442,1607899197526:cb126744-f87c-41ef-8946-f914548cebef,1607899197526:5f9e270e-bc72-4f27-921d-bd82266b878a,"size == ""1""","isEmpty == ""True""","peek_obj_type == ""class java.lang.String""","push == ""True""","pop == ""False""","clear == ""False""","calledMethod == ""push""","size_p == ""0""",Yes
4443,1607899197526:cb126744-f87c-41ef-8946-f914548cebef,1607899197526:5f9e270e-bc72-4f27-921d-bd82266b878a,"size == ""1""","isEmpty == ""True""","peek_obj_type == ""class java.lang.String""","push == ""False""","pop == ""True""","clear == ""False""","calledMethod == ""pop""","size_p == ""1""",Yes
4445,1607899197526:bc32b5b1-c1c2-49cc-b953-d3f76129bbdc,1607899197526:d1e41f1d-d747-479a-b1a3-a6bf48a58ff7,"size == ""1""","isEmpty == ""True""","peek_obj_type == ""class java.lang.String""","push == ""True""","pop == ""False""","clear == ""False""","calledMethod == ""push""","size_p == ""0""",Yes
4446,1607899197526:bc32b5b1-c1c2-49cc-b953-d3f76129bbdc,1607899197526:d1e41f1d-d747-479a-b1a3-a6bf48a58ff7,"size == ""1""","isEmpty == ""True""","peek_obj_type == ""class java.lang.String""","push == ""False""","pop == ""True""","clear == ""False""","calledMethod == ""pop""","size_p == ""1""",Yes
4448,1607899197526:bc32b5b1-c1c2-49cc-b953-d3f76129bbdc,1607899197526:278382b9-2aab-4441-98fa-f034edd9caf0,"size == ""1""","isEmpty == ""True""","peek_obj_type == ""class java.lang.String""","push == ""True""","pop == ""False""","clear == ""False""","calledMethod == ""push""","size_p == ""0""",Yes
4450,1607899197526:b993bc01-ba49-498a-9693-1fa6d6a23bed,1607899197526:b87318c9-e23d-4918-819d-948eb3fa8dd5,"size == ""1""","isEmpty == ""True""","peek_obj_type == ""class java.lang.String""","push == ""True""","pop == ""False""","clear == ""False""","calledMethod == ""push""","size_p == ""0""",Yes
4451,1607899197526:b993bc01-ba49-498a-9693-1fa6d6a23bed,1607899197526:b87318c9-e23d-4918-819d-948eb3fa8dd5,"size == ""1""","isEmpty == ""True""","peek_obj_type == ""class java.lang.String""","push == ""False""","pop == ""True""","clear == ""False""","calledMethod == ""pop""","size_p == ""1""",Yes
4453,1607899197526:b993bc01-ba49-498a-9693-1fa6d6a23bed,1607899197526:b0728ac9-b68d-4e6f-b610-5dc11cc808ff,"size == ""1""","isEmpty == ""True""","peek_obj_type == ""class java.lang.String""","push == ""True""","pop == ""False""","clear == ""False""","calledMethod == ""push""","size_p == ""0""",Yes
4457,1607899197526:9970f6e6-46a6-4b22-927f-8d91ed221bd8,1607899197526:ce71e5c0-7b19-46db-80db-82775dc415ed,"size == ""1""","isEmpty == ""True""","peek_obj_type == ""class java.lang.String""","push == ""True""","pop == ""False""","clear == ""False""","calledMethod == ""push""","size_p == ""0""",Yes
4458,1607899197526:9970f6e6-46a6-4b22-927f-8d91ed221bd8,1607899197526:ce71e5c0-7b19-46db-80db-82775dc415ed,"size == ""1""","isEmpty == ""True""","peek_obj_type == ""class java.lang.String""","push == ""False""","pop == ""True""","clear == ""False""","calledMethod == ""pop""","size_p == ""1""",Yes
4460,1607899197525:ccfed4dd-3665-4aa9-bffd-828db7382dc6,1607899197525:f68f3ea5-f770-4d65-b7da-9a34d99344ed,"size == ""1""","isEmpty == ""True""","peek_obj_type == ""class java.lang.String""","push == ""True""","pop == ""False""","clear == ""False""","calledMethod == ""push""","size_p == ""0""",Yes
4461,1607899197525:ccfed4dd-3665-4aa9-bffd-828db7382dc6,1607899197525:f68f3ea5-f770-4d65-b7da-9a34d99344ed,"size == ""1""","isEmpty == ""True""","peek_obj_type == ""class java.lang.String""","push == ""False""","pop == ""True""","clear == ""False""","calledMethod == ""pop""","size_p == ""1""",Yes
4463,1607899197525:ccfed4dd-3665-4aa9-bffd-828db7382dc6,1607899197525:708710b5-7d7c-4e01-b7a1-2d16dbc501fc,"size == ""1""","isEmpty == ""True""","peek_obj_type == ""class java.lang.String""","push == ""True""","pop == ""False""","clear == ""False""","calledMethod == ""push""","size_p == ""0""",Yes
4466,1607899197525:ccfed4dd-3665-4aa9-bffd-828db7382dc6,1607899197525:5f7a7059-9c6a-4e5f-aefe-ff08a58cfd79,"size == ""1""","isEmpty == ""True""","peek_obj_type == ""class java.lang.String""","push == ""True""","pop == ""False""","clear == ""False""","calledMethod == ""push""","size_p == ""0""",Yes
4467,1607899197525:ccfed4dd-3665-4aa9-bffd-828db7382dc6,1607899197525:5f7a7059-9c6a-4e5f-aefe-ff08a58cfd79,"size == ""1""","isEmpty == ""True""","peek_obj_type == ""class java.lang.String""","push == ""False""","pop == ""False""","clear == ""True""","calledMethod == ""clear""","size_p == ""1""",Yes
4470,1607899197525:b08e6c16-45ff-4bc6-bca1-dc5e923adb3b,1607899197525:4c6438d3-aa47-422f-a190-9dbb875c9e23,"size == ""1""","isEmpty == ""True""","peek_obj_type == ""class java.lang.String""","push == ""True""","pop == ""False""","clear == ""False""","calledMethod == ""push""","size_p == ""0""",Yes
4471,1607899197525:b08e6c16-45ff-4bc6-bca1-dc5e923adb3b,1607899197525:4c6438d3-aa47-422f-a190-9dbb875c9e23,"size == ""1""","isEmpty == ""True""","peek_obj_type == ""class java.lang.String""","push == ""False""","pop == ""True""","clear == ""False""","calledMethod == ""pop""","size_p == ""1""",Yes
4473,1607899197525:b08e6c16-45ff-4bc6-bca1-dc5e923adb3b,1607899197525:02af3726-cad4-4301-9c82-8e51d715b073,"size == ""1""","isEmpty == ""True""","peek_obj_type == ""class java.lang.String""","push == ""True""","pop == ""False""","clear == ""False""","calledMethod == ""push""","size_p == ""0""",Yes
4475,1607899197525:86e1af2b-5267-404d-a198-1baf961f67e0,1607899197525:bbe6eb66-9197-47c8-9afe-0d7dbf0733fa,"size == ""1""","isEmpty == ""True""","peek_obj_type == ""class java.lang.String""","push == ""True""","pop == ""False""","clear == ""False""","calledMethod == ""push""","size_p == ""0""",Yes
4476,1607899197525:86e1af2b-5267-404d-a198-1baf961f67e0,1607899197525:bbe6eb66-9197-47c8-9afe-0d7dbf0733fa,"size == ""1""","isEmpty == ""True""","peek_obj_type == ""class java.lang.String""","push == ""False""","pop == ""True""","clear == ""False""","calledMethod == ""pop""","size_p == ""1""",Yes
4478,1607899197525:312dd045-919c-4064-a506-27299522f6b8,1607899197525:be24882f-9810-4bdf-a25c-a259c3894000,"size == ""1""","isEmpty == ""True""","peek_obj_type == ""class java.lang.String""","push == ""True""","pop == ""False""","clear == ""False""","calledMethod == ""push""","size_p == ""0""",Yes
4479,1607899197525:312dd045-919c-4064-a506-27299522f6b8,1607899197525:be24882f-9810-4bdf-a25c-a259c3894000,"size == ""1""","isEmpty == ""True""","peek_obj_type == ""class java.lang.String""","push == ""False""","pop == ""True""","clear == ""False""","calledMethod == ""pop""","size_p == ""1""",Yes
4481,1607899197524:f295b510-6f04-4f28-af3a-c8870a39c82e,1607899197524:6f3e8ac1-71c2-429e-b5f9-2a0f4c8369fb,"size == ""1""","isEmpty == ""True""","peek_obj_type == ""class java.lang.String""","push == ""True""","pop == ""False""","clear == ""False""","calledMethod == ""push""","size_p == ""0""",Yes
4482,1607899197524:f295b510-6f04-4f28-af3a-c8870a39c82e,1607899197524:6f3e8ac1-71c2-429e-b5f9-2a0f4c8369fb,"size == ""1""","isEmpty == ""True""","peek_obj_type == ""class java.lang.String""","push == ""False""","pop == ""True""","clear == ""False""","calledMethod == ""pop""","size_p == ""1""",Yes
4484,1607899197524:a944a068-190e-4210-bc98-0e04c1cbdf1a,1607899197524:2dfc4a0f-cba9-4f65-a867-a674b1c39ed8,"size == ""1""","isEmpty == ""True""","peek_obj_type == ""class java.lang.String""","push == ""True""","pop == ""False""","clear == ""False""","calledMethod == ""push""","size_p == ""0""",Yes
4485,1607899197524:a944a068-190e-4210-bc98-0e04c1cbdf1a,1607899197524:2dfc4a0f-cba9-4f65-a867-a674b1c39ed8,"size == ""1""","isEmpty == ""True""","peek_obj_type == ""class java.lang.String""","push == ""False""","pop == ""True""","clear == ""False""","calledMethod == ""pop""","size_p == ""1""",Yes
4487,1607899197524:a16d40c7-1f36-49c2-86a5-35566c07b24b,1607899197524:bc69afa0-1439-4511-a03e-0bdcb3492e73,"size == ""1""","isEmpty == ""True""","peek_obj_type == ""class java.lang.String""","push == ""True""","pop == ""False""","clear == ""False""","calledMethod == ""push""","size_p == ""0""",Yes
4488,1607899197524:a16d40c7-1f36-49c2-86a5-35566c07b24b,1607899197524:bc69afa0-1439-4511-a03e-0bdcb3492e73,"size == ""1""","isEmpty == ""True""","peek_obj_type == ""class java.lang.String""","push == ""False""","pop == ""True""","clear == ""False""","calledMethod == ""pop""","size_p == ""1""",Yes
4490,1607899197524:a16d40c7-1f36-49c2-86a5-35566c07b24b,1607899197524:5b5469ea-1321-47d5-a8ba-676e3d782e62,"size == ""1""","isEmpty == ""True""","peek_obj_type == ""class java.lang.String""","push == ""True""","pop == ""False""","clear == ""False""","calledMethod == ""push""","size_p == ""0""",Yes
4492,1607899197524:715bac73-ea02-4bcc-9fdc-96aa0335dc27,1607899197524:e2a0b332-9c51-4ce6-8cf2-acb93fa8be49,"size == ""1""","isEmpty == ""True""","peek_obj_type == ""class java.lang.String""","push == ""True""","pop == ""False""","clear == ""False""","calledMethod == ""push""","size_p == ""0""",Yes
4493,1607899197524:715bac73-ea02-4bcc-9fdc-96aa0335dc27,1607899197524:e2a0b332-9c51-4ce6-8cf2-acb93fa8be49,"size == ""1""","isEmpty == ""True""","peek_obj_type == ""class java.lang.String""","push == ""False""","pop == ""True""","clear == ""False""","calledMethod == ""pop""","size_p == ""1""",Yes
4496,1607899197524:715bac73-ea02-4bcc-9fdc-96aa0335dc27,1607899197524:e175ae03-00e0-44af-aaab-8074acbf5e05,"size == ""1""","isEmpty == ""True""","peek_obj_type == ""class java.lang.String""","push == ""True""","pop == ""False""","clear == ""False""","calledMethod == ""push""","size_p == ""0""",Yes
4497,1607899197524:715bac73-ea02-4bcc-9fdc-96aa0335dc27,1607899197524:e175ae03-00e0-44af-aaab-8074acbf5e05,"size == ""1""","isEmpty == ""True""","peek_obj_type == ""class java.lang.String""","push == ""False""","pop == ""False""","clear == ""True""","calledMethod == ""clear""","size_p == ""1""",Yes
4498,1607899197524:715bac73-ea02-4bcc-9fdc-96aa0335dc27,1607899197524:e175ae03-00e0-44af-aaab-8074acbf5e05,"size == ""1""","isEmpty == ""True""","peek_obj_type == ""class java.lang.String""","push == ""False""","pop == ""False""","clear == ""True""","calledMethod == ""clear""","size_p == ""1""",Yes
4499,1607899197524:715bac73-ea02-4bcc-9fdc-96aa0335dc27,1607899197524:e175ae03-00e0-44af-aaab-8074acbf5e05,"size == ""1""","isEmpty == ""True""","peek_obj_type == ""class java.lang.String""","push == ""False""","pop == ""False""","clear == ""True""","calledMethod == ""clear""","size_p == ""1""",Yes
4502,1607899197524:715bac73-ea02-4bcc-9fdc-96aa0335dc27,1607899197524:0f094777-67fe-45d1-b04c-b90d49ad145c,"size == ""1""","isEmpty == ""True""","peek_obj_type == ""class java.lang.String""","push == ""True""","pop == ""False""","clear == ""False""","calledMethod == ""push""","size_p == ""0""",Yes
4503,1607899197524:715bac73-ea02-4bcc-9fdc-96aa0335dc27,1607899197524:0f094777-67fe-45d1-b04c-b90d49ad145c,"size == ""1""","isEmpty == ""True""","peek_obj_type == ""class java.lang.String""","push == ""False""","pop == ""False""","clear == ""True""","calledMethod == ""clear""","size_p == ""1""",Yes
4504,1607899197524:715bac73-ea02-4bcc-9fdc-96aa0335dc27,1607899197524:0f094777-67fe-45d1-b04c-b90d49ad145c,"size == ""1""","isEmpty == ""True""","peek_obj_type == ""class java.lang.String""","push == ""False""","pop == ""False""","clear == ""True""","calledMethod == ""clear""","size_p == ""1""",Yes
4505,1607899197524:715bac73-ea02-4bcc-9fdc-96aa0335dc27,1607899197524:0f094777-67fe-45d1-b04c-b90d49ad145c,"size == ""1""","isEmpty == ""True""","peek_obj_type == ""class java.lang.String""","push == ""False""","pop == ""False""","clear == ""True""","calledMethod == ""clear""","size_p == ""1""",Yes
4506,1607899197524:715bac73-ea02-4bcc-9fdc-96aa0335dc27,1607899197524:0f094777-67fe-45d1-b04c-b90d49ad145c,"size == ""1""","isEmpty == ""True""","peek_obj_type == ""class java.lang.String""","push == ""False""","pop == ""False""","clear == ""True""","calledMethod == ""clear""","size_p == ""1""",Yes
4507,1607899197524:715bac73-ea02-4bcc-9fdc-96aa0335dc27,1607899197524:0f094777-67fe-45d1-b04c-b90d49ad145c,"size == ""1""","isEmpty == ""True""","peek_obj_type == ""class java.lang.String""","push == ""False""","pop == ""False""","clear == ""True""","calledMethod == ""clear""","size_p == ""1""",Yes
4509,1607899197524:4a289231-8dd5-4f56-a620-fff9bd76c88b,1607899197525:7b9f1bf7-1f0d-49eb-82dc-3f9b7fcd35de,"size == ""1""","isEmpty == ""True""","peek_obj_type == ""class java.lang.String""","push == ""True""","pop == ""False""","clear == ""False""","calledMethod == ""push""","size_p == ""0""",Yes
4510,1607899197524:4a289231-8dd5-4f56-a620-fff9bd76c88b,1607899197525:7b9f1bf7-1f0d-49eb-82dc-3f9b7fcd35de,"size == ""1""","isEmpty == ""True""","peek_obj_type == ""class java.lang.String""","push == ""False""","pop == ""True""","clear == ""False""","calledMethod == ""pop""","size_p == ""1""",Yes
4512,1607899197524:4a289231-8dd5-4f56-a620-fff9bd76c88b,1607899197524:c0b10854-c223-4d85-b41a-cd08fe7b457d,"size == ""1""","isEmpty == ""True""","peek_obj_type == ""class java.lang.String""","push == ""True""","pop == ""False""","clear == ""False""","calledMethod == ""push""","size_p == ""0""",Yes
4515,1607899197523:e54fcaa4-cc4b-4c4c-8a71-6f89dc5c1bb9,1607899197523:f102a760-a2f4-48f3-a3c5-9839d6f2bd7d,"size == ""1""","isEmpty == ""True""","peek_obj_type == ""class java.lang.String""","push == ""True""","pop == ""False""","clear == ""False""","calledMethod == ""push""","size_p == ""0""",Yes
4516,1607899197523:e54fcaa4-cc4b-4c4c-8a71-6f89dc5c1bb9,1607899197523:f102a760-a2f4-48f3-a3c5-9839d6f2bd7d,"size == ""1""","isEmpty == ""True""","peek_obj_type == ""class java.lang.String""","push == ""False""","pop == ""False""","clear == ""True""","calledMethod == ""clear""","size_p == ""1""",Yes
4517,1607899197523:e54fcaa4-cc4b-4c4c-8a71-6f89dc5c1bb9,1607899197523:f102a760-a2f4-48f3-a3c5-9839d6f2bd7d,"size == ""1""","isEmpty == ""True""","peek_obj_type == ""class java.lang.String""","push == ""False""","pop == ""False""","clear == ""True""","calledMethod == ""clear""","size_p == ""1""",Yes
4518,1607899197523:e54fcaa4-cc4b-4c4c-8a71-6f89dc5c1bb9,1607899197523:f102a760-a2f4-48f3-a3c5-9839d6f2bd7d,"size == ""1""","isEmpty == ""True""","peek_obj_type == ""class java.lang.String""","push == ""False""","pop == ""False""","clear == ""True""","calledMethod == ""clear""","size_p == ""1""",Yes
4520,1607899197523:e54fcaa4-cc4b-4c4c-8a71-6f89dc5c1bb9,1607899197523:44927f10-7166-44a8-9518-72ffedc0fd40,"size == ""1""","isEmpty == ""True""","peek_obj_type == ""class java.lang.String""","push == ""True""","pop == ""False""","clear == ""False""","calledMethod == ""push""","size_p == ""0""",Yes
4521,1607899197523:e54fcaa4-cc4b-4c4c-8a71-6f89dc5c1bb9,1607899197523:44927f10-7166-44a8-9518-72ffedc0fd40,"size == ""1""","isEmpty == ""True""","peek_obj_type == ""class java.lang.String""","push == ""False""","pop == ""True""","clear == ""False""","calledMethod == ""pop""","size_p == ""1""",Yes
4523,1607899197523:ad59a4fd-b45d-4507-aa8c-51be0025bd49,1607899197523:9ea8927f-e328-4bac-87aa-7107b3ac3135,"size == ""1""","isEmpty == ""True""","peek_obj_type == ""class java.lang.String""","push == ""True""","pop == ""False""","clear == ""False""","calledMethod == ""push""","size_p == ""0""",Yes
4524,1607899197523:ad59a4fd-b45d-4507-aa8c-51be0025bd49,1607899197523:9ea8927f-e328-4bac-87aa-7107b3ac3135,"size == ""1""","isEmpty == ""True""","peek_obj_type == ""class java.lang.String""","push == ""False""","pop == ""True""","clear == ""False""","calledMethod == ""pop""","size_p == ""1""",Yes
4526,1607899197523:6e2185f9-a0d7-4add-9ce6-e5ca3c7d3e4d,1607899197523:9a1a020a-fc09-48af-9f41-6cb881598ec7,"size == ""1""","isEmpty == ""True""","peek_obj_type == ""class java.lang.String""","push == ""True""","pop == ""False""","clear == ""False""","calledMethod == ""push""","size_p == ""0""",Yes
4527,1607899197523:6e2185f9-a0d7-4add-9ce6-e5ca3c7d3e4d,1607899197523:9a1a020a-fc09-48af-9f41-6cb881598ec7,"size == ""1""","isEmpty == ""True""","peek_obj_type == ""class java.lang.String""","push == ""False""","pop == ""True""","clear == ""False""","calledMethod == ""pop""","size_p == ""1""",Yes
4529,1607899197523:5efe2b92-db7f-491f-bf50-fa4d7799c643,1607899197523:da7740e4-6fbe-4bd1-a713-c9478f1f9b12,"size == ""1""","isEmpty == ""True""","peek_obj_type == ""class java.lang.String""","push == ""True""","pop == ""False""","clear == ""False""","calledMethod == ""push""","size_p == ""0""",Yes
4530,1607899197523:5efe2b92-db7f-491f-bf50-fa4d7799c643,1607899197523:da7740e4-6fbe-4bd1-a713-c9478f1f9b12,"size == ""2""","isEmpty == ""True""","peek_obj_type == ""class java.lang.String""","push == ""True""","pop == ""False""","clear == ""False""","calledMethod == ""push""","size_p == ""1""",Yes
4532,1607899197523:5efe2b92-db7f-491f-bf50-fa4d7799c643,1607899197523:2761096f-7451-4a76-a551-27a0e2a85bb2,"size == ""1""","isEmpty == ""True""","peek_obj_type == ""class java.lang.String""","push == ""True""","pop == ""False""","clear == ""False""","calledMethod == ""push""","size_p == ""0""",Yes
4533,1607899197523:5efe2b92-db7f-491f-bf50-fa4d7799c643,1607899197523:2761096f-7451-4a76-a551-27a0e2a85bb2,"size == ""1""","isEmpty == ""True""","peek_obj_type == ""class java.lang.String""","push == ""False""","pop == ""True""","clear == ""False""","calledMethod == ""pop""","size_p == ""1""",Yes
4535,1607899197523:28515183-1626-4d25-80e9-06d896673292,1607899197523:d443d7f5-06f4-44ff-a35a-817890891cda,"size == ""1""","isEmpty == ""True""","peek_obj_type == ""class java.lang.String""","push == ""True""","pop == ""False""","clear == ""False""","calledMethod == ""push""","size_p == ""0""",Yes
4536,1607899197523:28515183-1626-4d25-80e9-06d896673292,1607899197523:d443d7f5-06f4-44ff-a35a-817890891cda,"size == ""1""","isEmpty == ""True""","peek_obj_type == ""class java.lang.String""","push == ""False""","pop == ""True""","clear == ""False""","calledMethod == ""pop""","size_p == ""1""",Yes
4538,1607899197523:206b322f-7934-426b-9d8d-434a31c35cd5,1607899197523:7bf5e7da-a6a1-40e3-a7e0-7279b5bf14e4,"size == ""1""","isEmpty == ""True""","peek_obj_type == ""class java.lang.String""","push == ""True""","pop == ""False""","clear == ""False""","calledMethod == ""push""","size_p == ""0""",Yes
4539,1607899197523:206b322f-7934-426b-9d8d-434a31c35cd5,1607899197523:7bf5e7da-a6a1-40e3-a7e0-7279b5bf14e4,"size == ""1""","isEmpty == ""True""","peek_obj_type == ""class java.lang.String""","push == ""False""","pop == ""True""","clear == ""False""","calledMethod == ""pop""","size_p == ""1""",Yes
4542,1607899197523:206b322f-7934-426b-9d8d-434a31c35cd5,1607899197523:3ba902be-d267-4c64-be1d-ac29916d294c,"size == ""1""","isEmpty == ""True""","peek_obj_type == ""class java.lang.String""","push == ""True""","pop == ""False""","clear == ""False""","calledMethod == ""push""","size_p == ""0""",Yes
4545,1607899197522:e6c823db-78dc-4308-a66a-d1aceba4f3b1,1607899197522:c9f73de0-d558-482e-9ec5-06eb5a257afb,"size == ""1""","isEmpty == ""True""","peek_obj_type == ""class java.lang.String""","push == ""True""","pop == ""False""","clear == ""False""","calledMethod == ""push""","size_p == ""0""",Yes
4546,1607899197522:e6c823db-78dc-4308-a66a-d1aceba4f3b1,1607899197522:c9f73de0-d558-482e-9ec5-06eb5a257afb,"size == ""1""","isEmpty == ""True""","peek_obj_type == ""class java.lang.String""","push == ""False""","pop == ""True""","clear == ""False""","calledMethod == ""pop""","size_p == ""1""",Yes
4548,1607899197522:b664f812-3369-43c4-83f8-ae0e8cda713c,1607899197522:61c4bf63-1c64-4e34-9f99-38dc20431222,"size == ""1""","isEmpty == ""True""","peek_obj_type == ""class java.lang.String""","push == ""True""","pop == ""False""","clear == ""False""","calledMethod == ""push""","size_p == ""0""",Yes
4549,1607899197522:b664f812-3369-43c4-83f8-ae0e8cda713c,1607899197522:61c4bf63-1c64-4e34-9f99-38dc20431222,"size == ""1""","isEmpty == ""True""","peek_obj_type == ""class java.lang.String""","push == ""False""","pop == ""True""","clear == ""False""","calledMethod == ""pop""","size_p == ""1""",Yes
4551,1607899197522:9688b467-04b0-4faf-ac0d-b27654ad0ad2,1607899197522:6296dd6b-f172-452b-bccb-a0782d6b91bb,"size == ""1""","isEmpty == ""True""","peek_obj_type == ""class java.lang.String""","push == ""True""","pop == ""False""","clear == ""False""","calledMethod == ""push""","size_p == ""0""",Yes
4552,1607899197522:9688b467-04b0-4faf-ac0d-b27654ad0ad2,1607899197522:6296dd6b-f172-452b-bccb-a0782d6b91bb,"size == ""1""","isEmpty == ""True""","peek_obj_type == ""class java.lang.String""","push == ""False""","pop == ""True""","clear == ""False""","calledMethod == ""pop""","size_p == ""1""",Yes
4554,1607899197522:6b4072a1-c755-4dae-8e84-3267732c1bfa,1607899197522:583ce93e-11f8-4560-9aed-4d84ca05be08,"size == ""1""","isEmpty == ""True""","peek_obj_type == ""class java.lang.String""","push == ""True""","pop == ""False""","clear == ""False""","calledMethod == ""push""","size_p == ""0""",Yes
4555,1607899197522:6b4072a1-c755-4dae-8e84-3267732c1bfa,1607899197522:583ce93e-11f8-4560-9aed-4d84ca05be08,"size == ""2""","isEmpty == ""True""","peek_obj_type == ""class java.lang.String""","push == ""True""","pop == ""False""","clear == ""False""","calledMethod == ""push""","size_p == ""1""",Yes
4557,1607899197522:6b4072a1-c755-4dae-8e84-3267732c1bfa,1607899197522:473e5324-ae65-44de-8a84-af2c479e1c10,"size == ""1""","isEmpty == ""True""","peek_obj_type == ""class java.lang.String""","push == ""True""","pop == ""False""","clear == ""False""","calledMethod == ""push""","size_p == ""0""",Yes
4558,1607899197522:6b4072a1-c755-4dae-8e84-3267732c1bfa,1607899197522:473e5324-ae65-44de-8a84-af2c479e1c10,"size == ""1""","isEmpty == ""True""","peek_obj_type == ""class java.lang.String""","push == ""False""","pop == ""True""","clear == ""False""","calledMethod == ""pop""","size_p == ""1""",Yes
4560,1607899197522:2a9c8f3d-3b20-49fc-a952-a4a6e2669d9c,1607899197522:ecd6d9a2-b264-4674-83a6-0b652f71d719,"size == ""1""","isEmpty == ""True""","peek_obj_type == ""class java.lang.String""","push == ""True""","pop == ""False""","clear == ""False""","calledMethod == ""push""","size_p == ""0""",Yes
4561,1607899197522:2a9c8f3d-3b20-49fc-a952-a4a6e2669d9c,1607899197522:ecd6d9a2-b264-4674-83a6-0b652f71d719,"size == ""1""","isEmpty == ""True""","peek_obj_type == ""class java.lang.String""","push == ""False""","pop == ""True""","clear == ""False""","calledMethod == ""pop""","size_p == ""1""",Yes
4564,1607899197522:0fa48e78-ebbc-482c-a866-fbfb4b6c0ac7,1607899197522:a2d1e905-b8c1-4056-9224-2abd896e817c,"size == ""1""","isEmpty == ""True""","peek_obj_type == ""class java.lang.String""","push == ""True""","pop == ""False""","clear == ""False""","calledMethod == ""push""","size_p == ""0""",Yes
4565,1607899197522:0fa48e78-ebbc-482c-a866-fbfb4b6c0ac7,1607899197522:a2d1e905-b8c1-4056-9224-2abd896e817c,"size == ""1""","isEmpty == ""True""","peek_obj_type == ""class java.lang.String""","push == ""False""","pop == ""False""","clear == ""True""","calledMethod == ""clear""","size_p == ""1""",Yes
4566,1607899197522:0fa48e78-ebbc-482c-a866-fbfb4b6c0ac7,1607899197522:a2d1e905-b8c1-4056-9224-2abd896e817c,"size == ""1""","isEmpty == ""True""","peek_obj_type == ""class java.lang.String""","push == ""False""","pop == ""False""","clear == ""True""","calledMethod == ""clear""","size_p == ""1""",Yes
4567,1607899197522:0fa48e78-ebbc-482c-a866-fbfb4b6c0ac7,1607899197522:a2d1e905-b8c1-4056-9224-2abd896e817c,"size == ""1""","isEmpty == ""True""","peek_obj_type == ""class java.lang.String""","push == ""False""","pop == ""False""","clear == ""True""","calledMethod == ""clear""","size_p == ""1""",Yes
4569,1607899197522:0fa48e78-ebbc-482c-a866-fbfb4b6c0ac7,1607899197522:6b645464-3818-44d9-964a-baad9aa0d832,"size == ""1""","isEmpty == ""True""","peek_obj_type == ""class java.lang.String""","push == ""True""","pop == ""False""","clear == ""False""","calledMethod == ""push""","size_p == ""0""",Yes
4570,1607899197522:0fa48e78-ebbc-482c-a866-fbfb4b6c0ac7,1607899197522:6b645464-3818-44d9-964a-baad9aa0d832,"size == ""1""","isEmpty == ""True""","peek_obj_type == ""class java.lang.String""","push == ""False""","pop == ""True""","clear == ""False""","calledMethod == ""pop""","size_p == ""1""",Yes
4572,1607899197521:cb1c9c35-4df8-4129-abda-9374bf08bbcd,1607899197521:af99ab2a-14ad-4c00-9976-d26dd5b74abf,"size == ""1""","isEmpty == ""True""","peek_obj_type == ""class java.lang.String""","push == ""True""","pop == ""False""","clear == ""False""","calledMethod == ""push""","size_p == ""0""",Yes
4573,1607899197521:cb1c9c35-4df8-4129-abda-9374bf08bbcd,1607899197521:af99ab2a-14ad-4c00-9976-d26dd5b74abf,"size == ""1""","isEmpty == ""True""","peek_obj_type == ""class java.lang.String""","push == ""False""","pop == ""True""","clear == ""False""","calledMethod == ""pop""","size_p == ""1""",Yes
4575,1607899197521:b27f76f3-fd0a-4618-831c-d8e5cfaa9a01,1607899197521:0fa2bf23-9978-402e-9ec0-8aa725a73de0,"size == ""1""","isEmpty == ""True""","peek_obj_type == ""class java.lang.String""","push == ""True""","pop == ""False""","clear == ""False""","calledMethod == ""push""","size_p == ""0""",Yes
4576,1607899197521:b27f76f3-fd0a-4618-831c-d8e5cfaa9a01,1607899197521:0fa2bf23-9978-402e-9ec0-8aa725a73de0,"size == ""1""","isEmpty == ""True""","peek_obj_type == ""class java.lang.String""","push == ""False""","pop == ""True""","clear == ""False""","calledMethod == ""pop""","size_p == ""1""",Yes
4578,1607899197521:7035bdcf-7375-40a9-81d2-df20a1366d48,1607899197521:d7f7b25c-139c-4fd2-b0b8-c1dfc4273848,"size == ""1""","isEmpty == ""True""","peek_obj_type == ""class java.lang.String""","push == ""True""","pop == ""False""","clear == ""False""","calledMethod == ""push""","size_p == ""0""",Yes
4579,1607899197521:7035bdcf-7375-40a9-81d2-df20a1366d48,1607899197521:d7f7b25c-139c-4fd2-b0b8-c1dfc4273848,"size == ""1""","isEmpty == ""True""","peek_obj_type == ""class java.lang.String""","push == ""False""","pop == ""True""","clear == ""False""","calledMethod == ""pop""","size_p == ""1""",Yes
4581,1607899197521:5e60de18-030f-4c25-aa31-6043eaa9b63f,1607899197521:b3fe0053-af5b-44df-a62c-28eb678e871a,"size == ""1""","isEmpty == ""True""","peek_obj_type == ""class java.lang.String""","push == ""True""","pop == ""False""","clear == ""False""","calledMethod == ""push""","size_p == ""0""",Yes
4582,1607899197521:5e60de18-030f-4c25-aa31-6043eaa9b63f,1607899197521:b3fe0053-af5b-44df-a62c-28eb678e871a,"size == ""1""","isEmpty == ""True""","peek_obj_type == ""class java.lang.String""","push == ""False""","pop == ""True""","clear == ""False""","calledMethod == ""pop""","size_p == ""1""",Yes
4584,1607899197521:2b849e89-e08e-4b20-a5f1-2dfeefe75941,1607899197521:45ece6a0-f4d2-4c06-925d-3d0a931c2ac8,"size == ""1""","isEmpty == ""True""","peek_obj_type == ""class java.lang.String""","push == ""True""","pop == ""False""","clear == ""False""","calledMethod == ""push""","size_p == ""0""",Yes
4585,1607899197521:2b849e89-e08e-4b20-a5f1-2dfeefe75941,1607899197521:45ece6a0-f4d2-4c06-925d-3d0a931c2ac8,"size == ""1""","isEmpty == ""True""","peek_obj_type == ""class java.lang.String""","push == ""False""","pop == ""True""","clear == ""False""","calledMethod == ""pop""","size_p == ""1""",Yes
4587,1607899197521:257d249e-b7f9-49a7-accf-f21d48c47319,1607899197521:24d13208-c803-435c-9d60-b8a7415e8e47,"size == ""1""","isEmpty == ""True""","peek_obj_type == ""class java.lang.String""","push == ""True""","pop == ""False""","clear == ""False""","calledMethod == ""push""","size_p == ""0""",Yes
4588,1607899197521:257d249e-b7f9-49a7-accf-f21d48c47319,1607899197521:24d13208-c803-435c-9d60-b8a7415e8e47,"size == ""1""","isEmpty == ""True""","peek_obj_type == ""class java.lang.String""","push == ""False""","pop == ""True""","clear == ""False""","calledMethod == ""pop""","size_p == ""1""",Yes
4590,1607899197521:0510dc12-8398-4e1b-b765-fc146b4a9f62,1607899197521:b165ab44-a045-44c9-ab8f-84606f85e0b5,"size == ""1""","isEmpty == ""True""","peek_obj_type == ""class java.lang.String""","push == ""True""","pop == ""False""","clear == ""False""","calledMethod == ""push""","size_p == ""0""",Yes
4591,1607899197521:0510dc12-8398-4e1b-b765-fc146b4a9f62,1607899197521:b165ab44-a045-44c9-ab8f-84606f85e0b5,"size == ""1""","isEmpty == ""True""","peek_obj_type == ""class java.lang.String""","push == ""False""","pop == ""True""","clear == ""False""","calledMethod == ""pop""","size_p == ""1""",Yes
4593,1607899197520:fde4e85f-9e55-4e58-91c8-e85b78932329,1607899197520:fe2f33f8-65e4-4aa3-9638-ff4942a4fcd6,"size == ""1""","isEmpty == ""True""","peek_obj_type == ""class java.lang.String""","push == ""True""","pop == ""False""","clear == ""False""","calledMethod == ""push""","size_p == ""0""",Yes
4594,1607899197520:fde4e85f-9e55-4e58-91c8-e85b78932329,1607899197520:fe2f33f8-65e4-4aa3-9638-ff4942a4fcd6,"size == ""2""","isEmpty == ""True""","peek_obj_type == ""class java.lang.String""","push == ""True""","pop == ""False""","clear == ""False""","calledMethod == ""push""","size_p == ""1""",Yes
4595,1607899197520:fde4e85f-9e55-4e58-91c8-e85b78932329,1607899197520:fe2f33f8-65e4-4aa3-9638-ff4942a4fcd6,"size == ""3""","isEmpty == ""True""","peek_obj_type == ""class java.lang.String""","push == ""True""","pop == ""False""","clear == ""False""","calledMethod == ""push""","size_p == ""2""",Yes
4596,1607899197520:fde4e85f-9e55-4e58-91c8-e85b78932329,1607899197520:fe2f33f8-65e4-4aa3-9638-ff4942a4fcd6,"size == ""3""","isEmpty == ""True""","peek_obj_type == ""class java.lang.String""","push == ""False""","pop == ""False""","clear == ""True""","calledMethod == ""clear""","size_p == ""3""",Yes
4598,1607899197520:fde4e85f-9e55-4e58-91c8-e85b78932329,1607899197520:8a551fec-b95c-4bed-b0ed-d656fbb85277,"size == ""1""","isEmpty == ""True""","peek_obj_type == ""class java.lang.String""","push == ""True""","pop == ""False""","clear == ""False""","calledMethod == ""push""","size_p == ""0""",Yes
4600,1607899197520:fde4e85f-9e55-4e58-91c8-e85b78932329,1607899197520:6bfd0ca8-eaec-4bbd-9145-33c5127b6f4e,"size == ""1""","isEmpty == ""True""","peek_obj_type == ""class java.lang.String""","push == ""True""","pop == ""False""","clear == ""False""","calledMethod == ""push""","size_p == ""0""",Yes
4601,1607899197520:fde4e85f-9e55-4e58-91c8-e85b78932329,1607899197520:6bfd0ca8-eaec-4bbd-9145-33c5127b6f4e,"size == ""1""","isEmpty == ""True""","peek_obj_type == ""class java.lang.String""","push == ""False""","pop == ""True""","clear == ""False""","calledMethod == ""pop""","size_p == ""1""",Yes
4603,1607899197520:d5807890-57fa-408c-879a-b2ab49ad1ac5,1607899197520:bbddbc7c-0973-41e8-8ebf-4b9c51e3d327,"size == ""1""","isEmpty == ""True""","peek_obj_type == ""class java.lang.String""","push == ""True""","pop == ""False""","clear == ""False""","calledMethod == ""push""","size_p == ""0""",Yes
4604,1607899197520:d5807890-57fa-408c-879a-b2ab49ad1ac5,1607899197520:bbddbc7c-0973-41e8-8ebf-4b9c51e3d327,"size == ""1""","isEmpty == ""True""","peek_obj_type == ""class java.lang.String""","push == ""False""","pop == ""True""","clear == ""False""","calledMethod == ""pop""","size_p == ""1""",Yes
4606,1607899197520:d5807890-57fa-408c-879a-b2ab49ad1ac5,1607899197520:2c562ce1-2147-47d7-95c7-bd88e36502bc,"size == ""1""","isEmpty == ""True""","peek_obj_type == ""class java.lang.String""","push == ""True""","pop == ""False""","clear == ""False""","calledMethod == ""push""","size_p == ""0""",Yes
4608,1607899197520:9b412dd3-e726-4bbe-a362-5f9ade096086,1607899197520:802463d1-558c-411a-9455-2e5db52951e8,"size == ""1""","isEmpty == ""True""","peek_obj_type == ""class java.lang.String""","push == ""True""","pop == ""False""","clear == ""False""","calledMethod == ""push""","size_p == ""0""",Yes
4609,1607899197520:9b412dd3-e726-4bbe-a362-5f9ade096086,1607899197520:802463d1-558c-411a-9455-2e5db52951e8,"size == ""1""","isEmpty == ""True""","peek_obj_type == ""class java.lang.String""","push == ""False""","pop == ""True""","clear == ""False""","calledMethod == ""pop""","size_p == ""1""",Yes
4611,1607899197520:60a7f716-6d02-4759-9397-e66ecda66908,1607899197520:fc11e38e-dd83-44a7-be7b-f071f27aa3e7,"size == ""1""","isEmpty == ""True""","peek_obj_type == ""class java.lang.String""","push == ""True""","pop == ""False""","clear == ""False""","calledMethod == ""push""","size_p == ""0""",Yes
4612,1607899197520:60a7f716-6d02-4759-9397-e66ecda66908,1607899197520:fc11e38e-dd83-44a7-be7b-f071f27aa3e7,"size == ""1""","isEmpty == ""True""","peek_obj_type == ""class java.lang.String""","push == ""False""","pop == ""True""","clear == ""False""","calledMethod == ""pop""","size_p == ""1""",Yes
4614,1607899197520:3b4b3732-01ab-4e6a-a322-192e94616470,1607899197520:c4adc9d8-a0ab-4fe4-a6c6-40aaed9d22c8,"size == ""1""","isEmpty == ""True""","peek_obj_type == ""class java.lang.String""","push == ""True""","pop == ""False""","clear == ""False""","calledMethod == ""push""","size_p == ""0""",Yes
4615,1607899197520:3b4b3732-01ab-4e6a-a322-192e94616470,1607899197520:c4adc9d8-a0ab-4fe4-a6c6-40aaed9d22c8,"size == ""1""","isEmpty == ""True""","peek_obj_type == ""class java.lang.String""","push == ""False""","pop == ""True""","clear == ""False""","calledMethod == ""pop""","size_p == ""1""",Yes
4618,1607899197519:f440fbc2-ee5d-4629-84ba-568f22abab6e,1607899197519:8d3b9946-5836-4cd2-981b-746e2b3ac489,"size == ""1""","isEmpty == ""True""","peek_obj_type == ""class java.lang.String""","push == ""True""","pop == ""False""","clear == ""False""","calledMethod == ""push""","size_p == ""0""",Yes
4619,1607899197519:f440fbc2-ee5d-4629-84ba-568f22abab6e,1607899197519:8d3b9946-5836-4cd2-981b-746e2b3ac489,"size == ""1""","isEmpty == ""True""","peek_obj_type == ""class java.lang.String""","push == ""False""","pop == ""True""","clear == ""False""","calledMethod == ""pop""","size_p == ""1""",Yes
4621,1607899197519:f440fbc2-ee5d-4629-84ba-568f22abab6e,1607899197519:257583a6-2c46-4179-8591-acd8a9cac356,"size == ""1""","isEmpty == ""True""","peek_obj_type == ""class java.lang.String""","push == ""True""","pop == ""False""","clear == ""False""","calledMethod == ""push""","size_p == ""0""",Yes
4623,1607899197519:80063181-8960-4372-abc1-7159a577e565,1607899197519:f4783eac-db67-41b9-8865-19e5cae66cbb,"size == ""1""","isEmpty == ""True""","peek_obj_type == ""class java.lang.String""","push == ""True""","pop == ""False""","clear == ""False""","calledMethod == ""push""","size_p == ""0""",Yes
4624,1607899197519:80063181-8960-4372-abc1-7159a577e565,1607899197519:f4783eac-db67-41b9-8865-19e5cae66cbb,"size == ""1""","isEmpty == ""True""","peek_obj_type == ""class java.lang.String""","push == ""False""","pop == ""True""","clear == ""False""","calledMethod == ""pop""","size_p == ""1""",Yes
4627,1607899197519:68a046d0-3eb5-43bd-bdd8-769cb5883f24,1607899197519:572466ba-8d04-424f-b9e9-6ecab605f8a5,"size == ""1""","isEmpty == ""True""","peek_obj_type == ""class java.lang.String""","push == ""True""","pop == ""False""","clear == ""False""","calledMethod == ""push""","size_p == ""0""",Yes
4628,1607899197519:68a046d0-3eb5-43bd-bdd8-769cb5883f24,1607899197519:572466ba-8d04-424f-b9e9-6ecab605f8a5,"size == ""1""","isEmpty == ""True""","peek_obj_type == ""class java.lang.String""","push == ""False""","pop == ""False""","clear == ""True""","calledMethod == ""clear""","size_p == ""1""",Yes
4629,1607899197519:68a046d0-3eb5-43bd-bdd8-769cb5883f24,1607899197519:572466ba-8d04-424f-b9e9-6ecab605f8a5,"size == ""1""","isEmpty == ""True""","peek_obj_type == ""class java.lang.String""","push == ""False""","pop == ""False""","clear == ""True""","calledMethod == ""clear""","size_p == ""1""",Yes
4630,1607899197519:68a046d0-3eb5-43bd-bdd8-769cb5883f24,1607899197519:572466ba-8d04-424f-b9e9-6ecab605f8a5,"size == ""1""","isEmpty == ""True""","peek_obj_type == ""class java.lang.String""","push == ""False""","pop == ""False""","clear == ""True""","calledMethod == ""clear""","size_p == ""1""",Yes
4632,1607899197519:68a046d0-3eb5-43bd-bdd8-769cb5883f24,1607899197519:1355e5e5-a950-44aa-bad7-857eee5fca6f,"size == ""1""","isEmpty == ""True""","peek_obj_type == ""class java.lang.String""","push == ""True""","pop == ""False""","clear == ""False""","calledMethod == ""push""","size_p == ""0""",Yes
4633,1607899197519:68a046d0-3eb5-43bd-bdd8-769cb5883f24,1607899197519:1355e5e5-a950-44aa-bad7-857eee5fca6f,"size == ""1""","isEmpty == ""True""","peek_obj_type == ""class java.lang.String""","push == ""False""","pop == ""True""","clear == ""False""","calledMethod == ""pop""","size_p == ""1""",Yes
4636,1607899197519:19495ba3-2e6a-4ae8-a130-56ab579b3a35,1607899197519:fd87d97e-1165-4668-8a4c-2c921704971f,"size == ""1""","isEmpty == ""True""","peek_obj_type == ""class java.lang.String""","push == ""True""","pop == ""False""","clear == ""False""","calledMethod == ""push""","size_p == ""0""",Yes
4637,1607899197519:19495ba3-2e6a-4ae8-a130-56ab579b3a35,1607899197519:fd87d97e-1165-4668-8a4c-2c921704971f,"size == ""1""","isEmpty == ""True""","peek_obj_type == ""class java.lang.String""","push == ""False""","pop == ""True""","clear == ""False""","calledMethod == ""pop""","size_p == ""1""",Yes
4639,1607899197519:131ab340-081b-4b1d-9fe0-5865b53c939a,1607899197519:e7d0ab76-cf8d-44fc-8b96-226dc7c19b96,"size == ""1""","isEmpty == ""True""","peek_obj_type == ""class java.lang.String""","push == ""True""","pop == ""False""","clear == ""False""","calledMethod == ""push""","size_p == ""0""",Yes
4640,1607899197519:131ab340-081b-4b1d-9fe0-5865b53c939a,1607899197519:e7d0ab76-cf8d-44fc-8b96-226dc7c19b96,"size == ""1""","isEmpty == ""True""","peek_obj_type == ""class java.lang.String""","push == ""False""","pop == ""True""","clear == ""False""","calledMethod == ""pop""","size_p == ""1""",Yes
4643,1607899197519:131ab340-081b-4b1d-9fe0-5865b53c939a,1607899197519:918637f6-3825-4ef8-a19e-146593754885,"size == ""1""","isEmpty == ""True""","peek_obj_type == ""class java.lang.String""","push == ""True""","pop == ""False""","clear == ""False""","calledMethod == ""push""","size_p == ""0""",Yes
4644,1607899197519:131ab340-081b-4b1d-9fe0-5865b53c939a,1607899197519:918637f6-3825-4ef8-a19e-146593754885,"size == ""1""","isEmpty == ""True""","peek_obj_type == ""class java.lang.String""","push == ""False""","pop == ""False""","clear == ""True""","calledMethod == ""clear""","size_p == ""1""",Yes
4645,1607899197519:131ab340-081b-4b1d-9fe0-5865b53c939a,1607899197519:918637f6-3825-4ef8-a19e-146593754885,"size == ""1""","isEmpty == ""True""","peek_obj_type == ""class java.lang.String""","push == ""False""","pop == ""False""","clear == ""True""","calledMethod == ""clear""","size_p == ""1""",Yes
4646,1607899197519:131ab340-081b-4b1d-9fe0-5865b53c939a,1607899197519:918637f6-3825-4ef8-a19e-146593754885,"size == ""1""","isEmpty == ""True""","peek_obj_type == ""class java.lang.String""","push == ""False""","pop == ""False""","clear == ""True""","calledMethod == ""clear""","size_p == ""1""",Yes
4648,1607899197518:fce34b99-9c27-4066-ad0c-ba06138b38f8,1607899197518:d7cd41cc-07fd-408a-973e-fe39ef3ddd21,"size == ""1""","isEmpty == ""True""","peek_obj_type == ""class java.lang.String""","push == ""True""","pop == ""False""","clear == ""False""","calledMethod == ""push""","size_p == ""0""",Yes
4649,1607899197518:fce34b99-9c27-4066-ad0c-ba06138b38f8,1607899197518:d7cd41cc-07fd-408a-973e-fe39ef3ddd21,"size == ""1""","isEmpty == ""True""","peek_obj_type == ""class java.lang.String""","push == ""False""","pop == ""True""","clear == ""False""","calledMethod == ""pop""","size_p == ""1""",Yes
4651,1607899197518:fce34b99-9c27-4066-ad0c-ba06138b38f8,1607899197518:4579fa88-821f-4d6c-80ae-bb1e87384cfd,"size == ""1""","isEmpty == ""True""","peek_obj_type == ""class java.lang.String""","push == ""True""","pop == ""False""","clear == ""False""","calledMethod == ""push""","size_p == ""0""",Yes
4652,1607899197518:fce34b99-9c27-4066-ad0c-ba06138b38f8,1607899197518:4579fa88-821f-4d6c-80ae-bb1e87384cfd,"size == ""2""","isEmpty == ""True""","peek_obj_type == ""class java.lang.String""","push == ""True""","pop == ""False""","clear == ""False""","calledMethod == ""push""","size_p == ""1""",Yes
4654,1607899197518:ca489c50-fafe-4106-82f2-e18548dacc6b,1607899197519:09e24e5e-8539-4c5f-8f97-02b79047cb25,"size == ""1""","isEmpty == ""True""","peek_obj_type == ""class java.lang.String""","push == ""True""","pop == ""False""","clear == ""False""","calledMethod == ""push""","size_p == ""0""",Yes
4655,1607899197518:ca489c50-fafe-4106-82f2-e18548dacc6b,1607899197519:09e24e5e-8539-4c5f-8f97-02b79047cb25,"size == ""1""","isEmpty == ""True""","peek_obj_type == ""class java.lang.String""","push == ""False""","pop == ""True""","clear == ""False""","calledMethod == ""pop""","size_p == ""1""",Yes
4658,1607899197518:ca489c50-fafe-4106-82f2-e18548dacc6b,1607899197518:97a25037-d33b-464a-9178-5041dbce514b,"size == ""1""","isEmpty == ""True""","peek_obj_type == ""class java.lang.String""","push == ""True""","pop == ""False""","clear == ""False""","calledMethod == ""push""","size_p == ""0""",Yes
4659,1607899197518:ca489c50-fafe-4106-82f2-e18548dacc6b,1607899197518:97a25037-d33b-464a-9178-5041dbce514b,"size == ""1""","isEmpty == ""True""","peek_obj_type == ""class java.lang.String""","push == ""False""","pop == ""False""","clear == ""True""","calledMethod == ""clear""","size_p == ""1""",Yes
4660,1607899197518:ca489c50-fafe-4106-82f2-e18548dacc6b,1607899197518:97a25037-d33b-464a-9178-5041dbce514b,"size == ""1""","isEmpty == ""True""","peek_obj_type == ""class java.lang.String""","push == ""False""","pop == ""False""","clear == ""True""","calledMethod == ""clear""","size_p == ""1""",Yes
4661,1607899197518:ca489c50-fafe-4106-82f2-e18548dacc6b,1607899197518:97a25037-d33b-464a-9178-5041dbce514b,"size == ""1""","isEmpty == ""True""","peek_obj_type == ""class java.lang.String""","push == ""False""","pop == ""False""","clear == ""True""","calledMethod == ""clear""","size_p == ""1""",Yes
4663,1607899197518:bbe28a13-fbe7-47a5-bcdf-cc39892b2737,1607899197518:709277c3-ad15-4938-bff1-51daabb56855,"size == ""1""","isEmpty == ""True""","peek_obj_type == ""class java.lang.String""","push == ""True""","pop == ""False""","clear == ""False""","calledMethod == ""push""","size_p == ""0""",Yes
4664,1607899197518:bbe28a13-fbe7-47a5-bcdf-cc39892b2737,1607899197518:709277c3-ad15-4938-bff1-51daabb56855,"size == ""1""","isEmpty == ""True""","peek_obj_type == ""class java.lang.String""","push == ""False""","pop == ""True""","clear == ""False""","calledMethod == ""pop""","size_p == ""1""",Yes
4667,1607899197518:bbe28a13-fbe7-47a5-bcdf-cc39892b2737,1607899197518:2d160fee-81e5-4643-94a4-ed65ed20c4b4,"size == ""1""","isEmpty == ""True""","peek_obj_type == ""class java.lang.String""","push == ""True""","pop == ""False""","clear == ""False""","calledMethod == ""push""","size_p == ""0""",Yes
4668,1607899197518:bbe28a13-fbe7-47a5-bcdf-cc39892b2737,1607899197518:2d160fee-81e5-4643-94a4-ed65ed20c4b4,"size == ""1""","isEmpty == ""True""","peek_obj_type == ""class java.lang.String""","push == ""False""","pop == ""False""","clear == ""True""","calledMethod == ""clear""","size_p == ""1""",Yes
4669,1607899197518:bbe28a13-fbe7-47a5-bcdf-cc39892b2737,1607899197518:2d160fee-81e5-4643-94a4-ed65ed20c4b4,"size == ""1""","isEmpty == ""True""","peek_obj_type == ""class java.lang.String""","push == ""False""","pop == ""False""","clear == ""True""","calledMethod == ""clear""","size_p == ""1""",Yes
4670,1607899197518:bbe28a13-fbe7-47a5-bcdf-cc39892b2737,1607899197518:2d160fee-81e5-4643-94a4-ed65ed20c4b4,"size == ""1""","isEmpty == ""True""","peek_obj_type == ""class java.lang.String""","push == ""False""","pop == ""False""","clear == ""True""","calledMethod == ""clear""","size_p == ""1""",Yes
4672,1607899197518:204a2a9a-eefe-43ec-b05d-9a05536be2e7,1607899197518:50c4a61c-75e8-4063-b6a2-62d47b005b77,"size == ""1""","isEmpty == ""True""","peek_obj_type == ""class java.lang.String""","push == ""True""","pop == ""False""","clear == ""False""","calledMethod == ""push""","size_p == ""0""",Yes
4673,1607899197518:204a2a9a-eefe-43ec-b05d-9a05536be2e7,1607899197518:50c4a61c-75e8-4063-b6a2-62d47b005b77,"size == ""1""","isEmpty == ""True""","peek_obj_type == ""class java.lang.String""","push == ""False""","pop == ""True""","clear == ""False""","calledMethod == ""pop""","size_p == ""1""",Yes
4675,1607899197518:204a2a9a-eefe-43ec-b05d-9a05536be2e7,1607899197518:2c1437e2-f72b-4dd1-a909-e6dea2dafadc,"size == ""1""","isEmpty == ""True""","peek_obj_type == ""class java.lang.String""","push == ""True""","pop == ""False""","clear == ""False""","calledMethod == ""push""","size_p == ""0""",Yes
4677,1607899197517:f9617f1a-2481-4f3e-a376-882f8feed1a6,1607899197518:f57ea5ff-170c-49b6-922a-255479ebffcd,"size == ""1""","isEmpty == ""True""","peek_obj_type == ""class java.lang.String""","push == ""True""","pop == ""False""","clear == ""False""","calledMethod == ""push""","size_p == ""0""",Yes
4678,1607899197517:f9617f1a-2481-4f3e-a376-882f8feed1a6,1607899197518:f57ea5ff-170c-49b6-922a-255479ebffcd,"size == ""1""","isEmpty == ""True""","peek_obj_type == ""class java.lang.String""","push == ""False""","pop == ""True""","clear == ""False""","calledMethod == ""pop""","size_p == ""1""",Yes
4681,1607899197517:f9617f1a-2481-4f3e-a376-882f8feed1a6,1607899197517:0d412708-83ca-40f0-9234-2f7fea9bf292,"size == ""1""","isEmpty == ""True""","peek_obj_type == ""class java.lang.String""","push == ""True""","pop == ""False""","clear == ""False""","calledMethod == ""push""","size_p == ""0""",Yes
4682,1607899197517:f9617f1a-2481-4f3e-a376-882f8feed1a6,1607899197517:0d412708-83ca-40f0-9234-2f7fea9bf292,"size == ""1""","isEmpty == ""True""","peek_obj_type == ""class java.lang.String""","push == ""False""","pop == ""False""","clear == ""True""","calledMethod == ""clear""","size_p == ""1""",Yes
4683,1607899197517:f9617f1a-2481-4f3e-a376-882f8feed1a6,1607899197517:0d412708-83ca-40f0-9234-2f7fea9bf292,"size == ""1""","isEmpty == ""True""","peek_obj_type == ""class java.lang.String""","push == ""False""","pop == ""False""","clear == ""True""","calledMethod == ""clear""","size_p == ""1""",Yes
4684,1607899197517:f9617f1a-2481-4f3e-a376-882f8feed1a6,1607899197517:0d412708-83ca-40f0-9234-2f7fea9bf292,"size == ""1""","isEmpty == ""True""","peek_obj_type == ""class java.lang.String""","push == ""False""","pop == ""False""","clear == ""True""","calledMethod == ""clear""","size_p == ""1""",Yes
4686,1607899197517:c112daf8-9df0-42db-9b0e-5c802cbc5368,1607899197517:bd44a50d-7aae-491b-ac4b-026931a5371e,"size == ""1""","isEmpty == ""True""","peek_obj_type == ""class java.lang.String""","push == ""True""","pop == ""False""","clear == ""False""","calledMethod == ""push""","size_p == ""0""",Yes
4687,1607899197517:c112daf8-9df0-42db-9b0e-5c802cbc5368,1607899197517:bd44a50d-7aae-491b-ac4b-026931a5371e,"size == ""1""","isEmpty == ""True""","peek_obj_type == ""class java.lang.String""","push == ""False""","pop == ""True""","clear == ""False""","calledMethod == ""pop""","size_p == ""1""",Yes
4690,1607899197517:c112daf8-9df0-42db-9b0e-5c802cbc5368,1607899197517:aaac86d1-1618-465a-94e1-66eebd45d267,"size == ""1""","isEmpty == ""True""","peek_obj_type == ""class java.lang.String""","push == ""True""","pop == ""False""","clear == ""False""","calledMethod == ""push""","size_p == ""0""",Yes
4691,1607899197517:c112daf8-9df0-42db-9b0e-5c802cbc5368,1607899197517:aaac86d1-1618-465a-94e1-66eebd45d267,"size == ""1""","isEmpty == ""True""","peek_obj_type == ""class java.lang.String""","push == ""False""","pop == ""False""","clear == ""True""","calledMethod == ""clear""","size_p == ""1""",Yes
4692,1607899197517:c112daf8-9df0-42db-9b0e-5c802cbc5368,1607899197517:aaac86d1-1618-465a-94e1-66eebd45d267,"size == ""1""","isEmpty == ""True""","peek_obj_type == ""class java.lang.String""","push == ""False""","pop == ""False""","clear == ""True""","calledMethod == ""clear""","size_p == ""1""",Yes
4693,1607899197517:c112daf8-9df0-42db-9b0e-5c802cbc5368,1607899197517:aaac86d1-1618-465a-94e1-66eebd45d267,"size == ""1""","isEmpty == ""True""","peek_obj_type == ""class java.lang.String""","push == ""False""","pop == ""False""","clear == ""True""","calledMethod == ""clear""","size_p == ""1""",Yes
4695,1607899197517:afabf223-8cce-40c2-9a33-b2db015e46ac,1607899197517:87dbb75e-7281-493c-9ced-a9db02deb59e,"size == ""1""","isEmpty == ""True""","peek_obj_type == ""class java.lang.String""","push == ""True""","pop == ""False""","clear == ""False""","calledMethod == ""push""","size_p == ""0""",Yes
4696,1607899197517:afabf223-8cce-40c2-9a33-b2db015e46ac,1607899197517:87dbb75e-7281-493c-9ced-a9db02deb59e,"size == ""1""","isEmpty == ""True""","peek_obj_type == ""class java.lang.String""","push == ""False""","pop == ""True""","clear == ""False""","calledMethod == ""pop""","size_p == ""1""",Yes
4698,1607899197517:afabf223-8cce-40c2-9a33-b2db015e46ac,1607899197517:80dac732-0dc7-403f-9e4c-5aba9340a76a,"size == ""1""","isEmpty == ""True""","peek_obj_type == ""class java.lang.String""","push == ""True""","pop == ""False""","clear == ""False""","calledMethod == ""push""","size_p == ""0""",Yes
4700,1607899197516:f9297a7d-57bd-4c8b-b481-e11ce8b0264c,1607899197516:d0021f71-b3ee-4ee1-9a49-a4e90ff82145,"size == ""1""","isEmpty == ""True""","peek_obj_type == ""class java.lang.String""","push == ""True""","pop == ""False""","clear == ""False""","calledMethod == ""push""","size_p == ""0""",Yes
4701,1607899197516:f9297a7d-57bd-4c8b-b481-e11ce8b0264c,1607899197516:d0021f71-b3ee-4ee1-9a49-a4e90ff82145,"size == ""1""","isEmpty == ""True""","peek_obj_type == ""class java.lang.String""","push == ""False""","pop == ""True""","clear == ""False""","calledMethod == ""pop""","size_p == ""1""",Yes
4703,1607899197516:f9297a7d-57bd-4c8b-b481-e11ce8b0264c,1607899197516:7943cc1b-e5a6-4fa5-87aa-fd3478fbff04,"size == ""1""","isEmpty == ""True""","peek_obj_type == ""class java.lang.String""","push == ""True""","pop == ""False""","clear == ""False""","calledMethod == ""push""","size_p == ""0""",Yes
4705,1607899197516:ce4b9b48-09e5-4ed9-8a52-bccce1fa958c,1607899197516:dadc7763-ec33-4d64-9ab7-31e51ee47a94,"size == ""1""","isEmpty == ""True""","peek_obj_type == ""class java.lang.String""","push == ""True""","pop == ""False""","clear == ""False""","calledMethod == ""push""","size_p == ""0""",Yes
4706,1607899197516:ce4b9b48-09e5-4ed9-8a52-bccce1fa958c,1607899197516:dadc7763-ec33-4d64-9ab7-31e51ee47a94,"size == ""1""","isEmpty == ""True""","peek_obj_type == ""class java.lang.String""","push == ""False""","pop == ""True""","clear == ""False""","calledMethod == ""pop""","size_p == ""1""",Yes
4708,1607899197516:ce4b9b48-09e5-4ed9-8a52-bccce1fa958c,1607899197516:939f5dbe-394e-4cc9-9fdb-c33ab77a205d,"size == ""1""","isEmpty == ""True""","peek_obj_type == ""class java.lang.String""","push == ""True""","pop == ""False""","clear == ""False""","calledMethod == ""push""","size_p == ""0""",Yes
4709,1607899197516:ce4b9b48-09e5-4ed9-8a52-bccce1fa958c,1607899197516:939f5dbe-394e-4cc9-9fdb-c33ab77a205d,"size == ""2""","isEmpty == ""True""","peek_obj_type == ""class java.lang.String""","push == ""True""","pop == ""False""","clear == ""False""","calledMethod == ""push""","size_p == ""1""",Yes
4711,1607899197516:7a504167-1ac6-4346-ba6e-ee5a1da221bd,1607899197516:80a349bd-53c1-4e13-9c4d-97ca6c2b67d8,"size == ""1""","isEmpty == ""True""","peek_obj_type == ""class java.lang.String""","push == ""True""","pop == ""False""","clear == ""False""","calledMethod == ""push""","size_p == ""0""",Yes
4712,1607899197516:7a504167-1ac6-4346-ba6e-ee5a1da221bd,1607899197516:80a349bd-53c1-4e13-9c4d-97ca6c2b67d8,"size == ""1""","isEmpty == ""True""","peek_obj_type == ""class java.lang.String""","push == ""False""","pop == ""True""","clear == ""False""","calledMethod == ""pop""","size_p == ""1""",Yes
4714,1607899197516:60282ee9-6150-4b42-8d16-2c95f76c6eb7,1607899197516:46b07ddb-f5d1-4d54-9e1d-f9a93ed595ac,"size == ""1""","isEmpty == ""True""","peek_obj_type == ""class java.lang.String""","push == ""True""","pop == ""False""","clear == ""False""","calledMethod == ""push""","size_p == ""0""",Yes
4715,1607899197516:60282ee9-6150-4b42-8d16-2c95f76c6eb7,1607899197516:46b07ddb-f5d1-4d54-9e1d-f9a93ed595ac,"size == ""1""","isEmpty == ""True""","peek_obj_type == ""class java.lang.String""","push == ""False""","pop == ""True""","clear == ""False""","calledMethod == ""pop""","size_p == ""1""",Yes
4717,1607899197516:4a4994c4-45af-472a-896c-0768590fc65d,1607899197516:664ee7eb-d8b8-4323-b532-14e329d11613,"size == ""1""","isEmpty == ""True""","peek_obj_type == ""class java.lang.String""","push == ""True""","pop == ""False""","clear == ""False""","calledMethod == ""push""","size_p == ""0""",Yes
4718,1607899197516:4a4994c4-45af-472a-896c-0768590fc65d,1607899197516:664ee7eb-d8b8-4323-b532-14e329d11613,"size == ""1""","isEmpty == ""True""","peek_obj_type == ""class java.lang.String""","push == ""False""","pop == ""True""","clear == ""False""","calledMethod == ""pop""","size_p == ""1""",Yes
4720,1607899197515:aa828d67-9742-40da-a89a-349432e934d3,1607899197515:a48ea176-9807-4dc1-b223-6331d9d98dd3,"size == ""1""","isEmpty == ""True""","peek_obj_type == ""class java.lang.String""","push == ""True""","pop == ""False""","clear == ""False""","calledMethod == ""push""","size_p == ""0""",Yes
4721,1607899197515:aa828d67-9742-40da-a89a-349432e934d3,1607899197515:a48ea176-9807-4dc1-b223-6331d9d98dd3,"size == ""1""","isEmpty == ""True""","peek_obj_type == ""class java.lang.String""","push == ""False""","pop == ""True""","clear == ""False""","calledMethod == ""pop""","size_p == ""1""",Yes
4723,1607899197515:aa828d67-9742-40da-a89a-349432e934d3,1607899197515:5d9c6500-b4bd-4971-ae56-82274f6fa5a3,"size == ""1""","isEmpty == ""True""","peek_obj_type == ""class java.lang.String""","push == ""True""","pop == ""False""","clear == ""False""","calledMethod == ""push""","size_p == ""0""",Yes
4724,1607899197515:aa828d67-9742-40da-a89a-349432e934d3,1607899197515:5d9c6500-b4bd-4971-ae56-82274f6fa5a3,"size == ""2""","isEmpty == ""True""","peek_obj_type == ""class java.lang.String""","push == ""True""","pop == ""False""","clear == ""False""","calledMethod == ""push""","size_p == ""1""",Yes
4726,1607899197515:2847ed9b-d0bf-4886-8b47-ab983a5a5f87,1607899197515:c2cb2288-cd80-4685-b81e-b6225ded86b2,"size == ""1""","isEmpty == ""True""","peek_obj_type == ""class java.lang.String""","push == ""True""","pop == ""False""","clear == ""False""","calledMethod == ""push""","size_p == ""0""",Yes
4728,1607899197515:2847ed9b-d0bf-4886-8b47-ab983a5a5f87,1607899197515:3bb822b8-afbe-441b-a4c2-66773e2a0004,"size == ""1""","isEmpty == ""True""","peek_obj_type == ""class java.lang.String""","push == ""True""","pop == ""False""","clear == ""False""","calledMethod == ""push""","size_p == ""0""",Yes
4729,1607899197515:2847ed9b-d0bf-4886-8b47-ab983a5a5f87,1607899197515:3bb822b8-afbe-441b-a4c2-66773e2a0004,"size == ""1""","isEmpty == ""True""","peek_obj_type == ""class java.lang.String""","push == ""False""","pop == ""True""","clear == ""False""","calledMethod == ""pop""","size_p == ""1""",Yes
4731,1607899197515:02192014-219e-4700-aad8-236fd795f175,1607899197515:d3f57b11-6b9d-47ef-bb53-a7d743c0711f,"size == ""1""","isEmpty == ""True""","peek_obj_type == ""class java.lang.String""","push == ""True""","pop == ""False""","clear == ""False""","calledMethod == ""push""","size_p == ""0""",Yes
4732,1607899197515:02192014-219e-4700-aad8-236fd795f175,1607899197515:d3f57b11-6b9d-47ef-bb53-a7d743c0711f,"size == ""1""","isEmpty == ""True""","peek_obj_type == ""class java.lang.String""","push == ""False""","pop == ""True""","clear == ""False""","calledMethod == ""pop""","size_p == ""1""",Yes
4734,1607899197515:02192014-219e-4700-aad8-236fd795f175,1607899197515:60368c49-8d57-44bd-8d38-cec3e480ef3b,"size == ""1""","isEmpty == ""True""","peek_obj_type == ""class java.lang.String""","push == ""True""","pop == ""False""","clear == ""False""","calledMethod == ""push""","size_p == ""0""",Yes
4735,1607899197515:02192014-219e-4700-aad8-236fd795f175,1607899197515:60368c49-8d57-44bd-8d38-cec3e480ef3b,"size == ""2""","isEmpty == ""True""","peek_obj_type == ""class java.lang.String""","push == ""True""","pop == ""False""","clear == ""False""","calledMethod == ""push""","size_p == ""1""",Yes
4737,1607899197514:ea49ea73-79db-40c6-ab5c-22866d0a37d1,1607899197514:fb5f8b2a-d265-424c-ad18-91a2f0e69cd5,"size == ""1""","isEmpty == ""True""","peek_obj_type == ""class java.lang.String""","push == ""True""","pop == ""False""","clear == ""False""","calledMethod == ""push""","size_p == ""0""",Yes
4738,1607899197514:ea49ea73-79db-40c6-ab5c-22866d0a37d1,1607899197514:fb5f8b2a-d265-424c-ad18-91a2f0e69cd5,"size == ""2""","isEmpty == ""True""","peek_obj_type == ""class java.lang.String""","push == ""True""","pop == ""False""","clear == ""False""","calledMethod == ""push""","size_p == ""1""",Yes
4740,1607899197514:ea49ea73-79db-40c6-ab5c-22866d0a37d1,1607899197514:d4d9b436-f785-482e-9883-8df660bb3c84,"size == ""1""","isEmpty == ""True""","peek_obj_type == ""class java.lang.String""","push == ""True""","pop == ""False""","clear == ""False""","calledMethod == ""push""","size_p == ""0""",Yes
4741,1607899197514:ea49ea73-79db-40c6-ab5c-22866d0a37d1,1607899197514:d4d9b436-f785-482e-9883-8df660bb3c84,"size == ""1""","isEmpty == ""True""","peek_obj_type == ""class java.lang.String""","push == ""False""","pop == ""True""","clear == ""False""","calledMethod == ""pop""","size_p == ""1""",Yes
4743,1607899197514:d0987c42-cf95-4ba0-8510-7a416f21a89d,1607899197514:d241d1e4-ed27-4141-b7ce-23c899227cd7,"size == ""1""","isEmpty == ""True""","peek_obj_type == ""class java.lang.String""","push == ""True""","pop == ""False""","clear == ""False""","calledMethod == ""push""","size_p == ""0""",Yes
4744,1607899197514:d0987c42-cf95-4ba0-8510-7a416f21a89d,1607899197514:d241d1e4-ed27-4141-b7ce-23c899227cd7,"size == ""1""","isEmpty == ""True""","peek_obj_type == ""class java.lang.String""","push == ""False""","pop == ""True""","clear == ""False""","calledMethod == ""pop""","size_p == ""1""",Yes
4748,1607899197514:d0987c42-cf95-4ba0-8510-7a416f21a89d,1607899197514:64086a13-177a-471f-83c1-a3eb9a1ea66b,"size == ""1""","isEmpty == ""True""","peek_obj_type == ""class java.lang.String""","push == ""True""","pop == ""False""","clear == ""False""","calledMethod == ""push""","size_p == ""0""",Yes
4749,1607899197514:d0987c42-cf95-4ba0-8510-7a416f21a89d,1607899197514:64086a13-177a-471f-83c1-a3eb9a1ea66b,"size == ""1""","isEmpty == ""True""","peek_obj_type == ""class java.lang.String""","push == ""False""","pop == ""False""","clear == ""True""","calledMethod == ""clear""","size_p == ""1""",Yes
4750,1607899197514:d0987c42-cf95-4ba0-8510-7a416f21a89d,1607899197514:64086a13-177a-471f-83c1-a3eb9a1ea66b,"size == ""1""","isEmpty == ""True""","peek_obj_type == ""class java.lang.String""","push == ""False""","pop == ""False""","clear == ""True""","calledMethod == ""clear""","size_p == ""1""",Yes
4751,1607899197514:d0987c42-cf95-4ba0-8510-7a416f21a89d,1607899197514:64086a13-177a-471f-83c1-a3eb9a1ea66b,"size == ""1""","isEmpty == ""True""","peek_obj_type == ""class java.lang.String""","push == ""False""","pop == ""False""","clear == ""True""","calledMethod == ""clear""","size_p == ""1""",Yes
4753,1607899197514:d0987c42-cf95-4ba0-8510-7a416f21a89d,1607899197514:093d07c8-be48-4afb-8cd3-b6039e855957,"size == ""1""","isEmpty == ""True""","peek_obj_type == ""class java.lang.String""","push == ""True""","pop == ""False""","clear == ""False""","calledMethod == ""push""","size_p == ""0""",Yes
4755,1607899197514:30f1ee1d-fe30-42cb-a568-b038878f6b49,1607899197514:e95e7522-453c-48a4-a037-71e2b84ceaa1,"size == ""1""","isEmpty == ""True""","peek_obj_type == ""class java.lang.String""","push == ""True""","pop == ""False""","clear == ""False""","calledMethod == ""push""","size_p == ""0""",Yes
4756,1607899197514:30f1ee1d-fe30-42cb-a568-b038878f6b49,1607899197514:e95e7522-453c-48a4-a037-71e2b84ceaa1,"size == ""1""","isEmpty == ""True""","peek_obj_type == ""class java.lang.String""","push == ""False""","pop == ""True""","clear == ""False""","calledMethod == ""pop""","size_p == ""1""",Yes
4758,1607899197513:e59e93c9-b3b6-4368-9703-49c86772e089,1607899197513:6bb965e6-9c9e-4d00-a03d-efae982f9f9b,"size == ""1""","isEmpty == ""True""","peek_obj_type == ""class java.lang.String""","push == ""True""","pop == ""False""","clear == ""False""","calledMethod == ""push""","size_p == ""0""",Yes
4759,1607899197513:e59e93c9-b3b6-4368-9703-49c86772e089,1607899197513:6bb965e6-9c9e-4d00-a03d-efae982f9f9b,"size == ""1""","isEmpty == ""True""","peek_obj_type == ""class java.lang.String""","push == ""False""","pop == ""True""","clear == ""False""","calledMethod == ""pop""","size_p == ""1""",Yes
4761,1607899197513:a43c2987-d787-4d08-82e7-dbd3e7b41600,1607899197513:01b2af42-d51b-4912-8d42-73e112ece75e,"size == ""1""","isEmpty == ""True""","peek_obj_type == ""class java.lang.String""","push == ""True""","pop == ""False""","clear == ""False""","calledMethod == ""push""","size_p == ""0""",Yes
4762,1607899197513:a43c2987-d787-4d08-82e7-dbd3e7b41600,1607899197513:01b2af42-d51b-4912-8d42-73e112ece75e,"size == ""1""","isEmpty == ""True""","peek_obj_type == ""class java.lang.String""","push == ""False""","pop == ""True""","clear == ""False""","calledMethod == ""pop""","size_p == ""1""",Yes
4765,1607899197513:989e00ad-b131-415b-8c09-87f16ccbd15b,1607899197513:ee388db0-0854-485c-9bff-18f8e007d4f9,"size == ""1""","isEmpty == ""True""","peek_obj_type == ""class java.lang.String""","push == ""True""","pop == ""False""","clear == ""False""","calledMethod == ""push""","size_p == ""0""",Yes
4766,1607899197513:989e00ad-b131-415b-8c09-87f16ccbd15b,1607899197513:ee388db0-0854-485c-9bff-18f8e007d4f9,"size == ""1""","isEmpty == ""True""","peek_obj_type == ""class java.lang.String""","push == ""False""","pop == ""True""","clear == ""False""","calledMethod == ""pop""","size_p == ""1""",Yes
4768,1607899197513:3ad635c1-7d87-4ae2-861b-5b15606bfd1d,1607899197514:303eb73d-7f4b-4b36-942d-a6d7331c0bef,"size == ""1""","isEmpty == ""True""","peek_obj_type == ""class java.lang.String""","push == ""True""","pop == ""False""","clear == ""False""","calledMethod == ""push""","size_p == ""0""",Yes
4769,1607899197513:3ad635c1-7d87-4ae2-861b-5b15606bfd1d,1607899197514:303eb73d-7f4b-4b36-942d-a6d7331c0bef,"size == ""1""","isEmpty == ""True""","peek_obj_type == ""class java.lang.String""","push == ""False""","pop == ""True""","clear == ""False""","calledMethod == ""pop""","size_p == ""1""",Yes
4772,1607899197513:3ad635c1-7d87-4ae2-861b-5b15606bfd1d,1607899197513:55eae1c9-c748-44e9-8304-d078b5e4b2e1,"size == ""1""","isEmpty == ""True""","peek_obj_type == ""class java.lang.String""","push == ""True""","pop == ""False""","clear == ""False""","calledMethod == ""push""","size_p == ""0""",Yes
4773,1607899197513:3ad635c1-7d87-4ae2-861b-5b15606bfd1d,1607899197513:55eae1c9-c748-44e9-8304-d078b5e4b2e1,"size == ""1""","isEmpty == ""True""","peek_obj_type == ""class java.lang.String""","push == ""False""","pop == ""False""","clear == ""True""","calledMethod == ""clear""","size_p == ""1""",Yes
4775,1607899197512:d4e3b7ba-ed5a-4c20-8141-d4c6997e37be,1607899197512:dcbee4be-6208-412d-a6de-fcf7aaff5239,"size == ""1""","isEmpty == ""True""","peek_obj_type == ""class java.lang.String""","push == ""True""","pop == ""False""","clear == ""False""","calledMethod == ""push""","size_p == ""0""",Yes
4776,1607899197512:d4e3b7ba-ed5a-4c20-8141-d4c6997e37be,1607899197512:dcbee4be-6208-412d-a6de-fcf7aaff5239,"size == ""1""","isEmpty == ""True""","peek_obj_type == ""class java.lang.String""","push == ""False""","pop == ""True""","clear == ""False""","calledMethod == ""pop""","size_p == ""1""",Yes
4778,1607899197512:d4e3b7ba-ed5a-4c20-8141-d4c6997e37be,1607899197512:608c3a27-cf30-4d7c-b0b9-8dee1934afc1,"size == ""1""","isEmpty == ""True""","peek_obj_type == ""class java.lang.String""","push == ""True""","pop == ""False""","clear == ""False""","calledMethod == ""push""","size_p == ""0""",Yes
4779,1607899197512:d4e3b7ba-ed5a-4c20-8141-d4c6997e37be,1607899197512:608c3a27-cf30-4d7c-b0b9-8dee1934afc1,"size == ""2""","isEmpty == ""True""","peek_obj_type == ""class java.lang.String""","push == ""True""","pop == ""False""","clear == ""False""","calledMethod == ""push""","size_p == ""1""",Yes
4781,1607899197512:c0b7b706-d794-4fec-a60e-f48490d6bcb1,1607899197512:0787042f-c626-4da4-8cb2-3504d7262f40,"size == ""1""","isEmpty == ""True""","peek_obj_type == ""class java.lang.String""","push == ""True""","pop == ""False""","clear == ""False""","calledMethod == ""push""","size_p == ""0""",Yes
4782,1607899197512:c0b7b706-d794-4fec-a60e-f48490d6bcb1,1607899197512:0787042f-c626-4da4-8cb2-3504d7262f40,"size == ""1""","isEmpty == ""True""","peek_obj_type == ""class java.lang.String""","push == ""False""","pop == ""True""","clear == ""False""","calledMethod == ""pop""","size_p == ""1""",Yes
4784,1607899197512:adcf3d53-c58e-4c79-b3d8-db8abcb35875,1607899197512:b56fca6e-1205-4f6e-bf20-f65da76dc0ca,"size == ""1""","isEmpty == ""True""","peek_obj_type == ""class java.lang.String""","push == ""True""","pop == ""False""","clear == ""False""","calledMethod == ""push""","size_p == ""0""",Yes
4785,1607899197512:adcf3d53-c58e-4c79-b3d8-db8abcb35875,1607899197512:b56fca6e-1205-4f6e-bf20-f65da76dc0ca,"size == ""1""","isEmpty == ""True""","peek_obj_type == ""class java.lang.String""","push == ""False""","pop == ""True""","clear == ""False""","calledMethod == ""pop""","size_p == ""1""",Yes
4787,1607899197512:88f4b46c-a54c-4ca4-b13d-137736b3505d,1607899197513:61ee5a31-d211-4539-acbd-eb977ef4e66c,"size == ""1""","isEmpty == ""True""","peek_obj_type == ""class java.lang.String""","push == ""True""","pop == ""False""","clear == ""False""","calledMethod == ""push""","size_p == ""0""",Yes
4788,1607899197512:88f4b46c-a54c-4ca4-b13d-137736b3505d,1607899197513:61ee5a31-d211-4539-acbd-eb977ef4e66c,"size == ""1""","isEmpty == ""True""","peek_obj_type == ""class java.lang.String""","push == ""False""","pop == ""True""","clear == ""False""","calledMethod == ""pop""","size_p == ""1""",Yes
4791,1607899197512:88f4b46c-a54c-4ca4-b13d-137736b3505d,1607899197512:7c2aa7b7-b672-464f-93a1-4da79fce2413,"size == ""1""","isEmpty == ""True""","peek_obj_type == ""class java.lang.String""","push == ""True""","pop == ""False""","clear == ""False""","calledMethod == ""push""","size_p == ""0""",Yes
4792,1607899197512:88f4b46c-a54c-4ca4-b13d-137736b3505d,1607899197512:7c2aa7b7-b672-464f-93a1-4da79fce2413,"size == ""1""","isEmpty == ""True""","peek_obj_type == ""class java.lang.String""","push == ""False""","pop == ""False""","clear == ""True""","calledMethod == ""clear""","size_p == ""1""",Yes
4794,1607899197512:2ba9568e-d720-49b2-9757-4ef82c733731,1607899197512:27ca191f-baeb-4b2e-a940-7ed67a86004c,"size == ""1""","isEmpty == ""True""","peek_obj_type == ""class java.lang.String""","push == ""True""","pop == ""False""","clear == ""False""","calledMethod == ""push""","size_p == ""0""",Yes
4796,1607899197512:2ba9568e-d720-49b2-9757-4ef82c733731,1607899197512:015d1edc-447b-48b5-b021-5d7f57860e4d,"size == ""1""","isEmpty == ""True""","peek_obj_type == ""class java.lang.String""","push == ""True""","pop == ""False""","clear == ""False""","calledMethod == ""push""","size_p == ""0""",Yes
4797,1607899197512:2ba9568e-d720-49b2-9757-4ef82c733731,1607899197512:015d1edc-447b-48b5-b021-5d7f57860e4d,"size == ""1""","isEmpty == ""True""","peek_obj_type == ""class java.lang.String""","push == ""False""","pop == ""True""","clear == ""False""","calledMethod == ""pop""","size_p == ""1""",Yes
4799,1607899197511:c39b697a-591b-4ea9-a706-af966e83d591,1607899197511:f534a46d-8bb1-44fb-8a7f-dde0801bc4d6,"size == ""1""","isEmpty == ""True""","peek_obj_type == ""class java.lang.String""","push == ""True""","pop == ""False""","clear == ""False""","calledMethod == ""push""","size_p == ""0""",Yes
4800,1607899197511:c39b697a-591b-4ea9-a706-af966e83d591,1607899197511:f534a46d-8bb1-44fb-8a7f-dde0801bc4d6,"size == ""1""","isEmpty == ""True""","peek_obj_type == ""class java.lang.String""","push == ""False""","pop == ""True""","clear == ""False""","calledMethod == ""pop""","size_p == ""1""",Yes
4803,1607899197511:c39b697a-591b-4ea9-a706-af966e83d591,1607899197511:56aade4b-0587-4caf-8919-8f7b4965a18e,"size == ""1""","isEmpty == ""True""","peek_obj_type == ""class java.lang.String""","push == ""True""","pop == ""False""","clear == ""False""","calledMethod == ""push""","size_p == ""0""",Yes
4804,1607899197511:c39b697a-591b-4ea9-a706-af966e83d591,1607899197511:56aade4b-0587-4caf-8919-8f7b4965a18e,"size == ""1""","isEmpty == ""True""","peek_obj_type == ""class java.lang.String""","push == ""False""","pop == ""False""","clear == ""True""","calledMethod == ""clear""","size_p == ""1""",Yes
4805,1607899197511:c39b697a-591b-4ea9-a706-af966e83d591,1607899197511:56aade4b-0587-4caf-8919-8f7b4965a18e,"size == ""1""","isEmpty == ""True""","peek_obj_type == ""class java.lang.String""","push == ""False""","pop == ""False""","clear == ""True""","calledMethod == ""clear""","size_p == ""1""",Yes
4806,1607899197511:c39b697a-591b-4ea9-a706-af966e83d591,1607899197511:56aade4b-0587-4caf-8919-8f7b4965a18e,"size == ""1""","isEmpty == ""True""","peek_obj_type == ""class java.lang.String""","push == ""False""","pop == ""False""","clear == ""True""","calledMethod == ""clear""","size_p == ""1""",Yes
4808,1607899197511:9d9c077f-57c5-436a-8aad-9310008aee12,1607899197511:87edb9b9-cb0a-45ff-8f26-50bf417c0525,"size == ""1""","isEmpty == ""True""","peek_obj_type == ""class java.lang.String""","push == ""True""","pop == ""False""","clear == ""False""","calledMethod == ""push""","size_p == ""0""",Yes
4809,1607899197511:9d9c077f-57c5-436a-8aad-9310008aee12,1607899197511:87edb9b9-cb0a-45ff-8f26-50bf417c0525,"size == ""1""","isEmpty == ""True""","peek_obj_type == ""class java.lang.String""","push == ""False""","pop == ""True""","clear == ""False""","calledMethod == ""pop""","size_p == ""1""",Yes
4811,1607899197511:19179299-1e73-4027-a846-111c5ff201aa,1607899197511:acc63ca5-31c4-4d6a-a6b6-5da000fe1c0f,"size == ""1""","isEmpty == ""True""","peek_obj_type == ""class java.lang.String""","push == ""True""","pop == ""False""","clear == ""False""","calledMethod == ""push""","size_p == ""0""",Yes
4813,1607899197511:19179299-1e73-4027-a846-111c5ff201aa,1607899197511:7d218be7-31e8-4aac-99a7-4616de42eeba,"size == ""1""","isEmpty == ""True""","peek_obj_type == ""class java.lang.String""","push == ""True""","pop == ""False""","clear == ""False""","calledMethod == ""push""","size_p == ""0""",Yes
4814,1607899197511:19179299-1e73-4027-a846-111c5ff201aa,1607899197511:7d218be7-31e8-4aac-99a7-4616de42eeba,"size == ""1""","isEmpty == ""True""","peek_obj_type == ""class java.lang.String""","push == ""False""","pop == ""True""","clear == ""False""","calledMethod == ""pop""","size_p == ""1""",Yes
4816,1607899197510:c7807694-6f54-45ad-bf3c-cffa2826de8f,1607899197510:07657a71-b68f-48dc-9598-b7d9718b9930,"size == ""1""","isEmpty == ""True""","peek_obj_type == ""class java.lang.String""","push == ""True""","pop == ""False""","clear == ""False""","calledMethod == ""push""","size_p == ""0""",Yes
4817,1607899197510:c7807694-6f54-45ad-bf3c-cffa2826de8f,1607899197510:07657a71-b68f-48dc-9598-b7d9718b9930,"size == ""1""","isEmpty == ""True""","peek_obj_type == ""class java.lang.String""","push == ""False""","pop == ""True""","clear == ""False""","calledMethod == ""pop""","size_p == ""1""",Yes
4819,1607899197510:aa614122-8244-41b5-ad52-08e15f5eba8e,1607899197510:71d484d7-69e8-44fd-b7ce-0da743f90527,"size == ""1""","isEmpty == ""True""","peek_obj_type == ""class java.lang.String""","push == ""True""","pop == ""False""","clear == ""False""","calledMethod == ""push""","size_p == ""0""",Yes
4820,1607899197510:aa614122-8244-41b5-ad52-08e15f5eba8e,1607899197510:71d484d7-69e8-44fd-b7ce-0da743f90527,"size == ""1""","isEmpty == ""True""","peek_obj_type == ""class java.lang.String""","push == ""False""","pop == ""True""","clear == ""False""","calledMethod == ""pop""","size_p == ""1""",Yes
4822,1607899197510:6c2f0201-c393-479b-99b3-c20e492580a1,1607899197510:cf0f62f2-f4f6-45eb-b304-2d04267594b0,"size == ""1""","isEmpty == ""True""","peek_obj_type == ""class java.lang.String""","push == ""True""","pop == ""False""","clear == ""False""","calledMethod == ""push""","size_p == ""0""",Yes
4823,1607899197510:6c2f0201-c393-479b-99b3-c20e492580a1,1607899197510:cf0f62f2-f4f6-45eb-b304-2d04267594b0,"size == ""1""","isEmpty == ""True""","peek_obj_type == ""class java.lang.String""","push == ""False""","pop == ""True""","clear == ""False""","calledMethod == ""pop""","size_p == ""1""",Yes
4825,1607899197510:4988cf3d-fe1c-4063-96d4-133240efa45c,1607899197511:6b581350-ba2a-4fd4-a673-b9aa7e500736,"size == ""1""","isEmpty == ""True""","peek_obj_type == ""class java.lang.String""","push == ""True""","pop == ""False""","clear == ""False""","calledMethod == ""push""","size_p == ""0""",Yes
4826,1607899197510:4988cf3d-fe1c-4063-96d4-133240efa45c,1607899197511:6b581350-ba2a-4fd4-a673-b9aa7e500736,"size == ""1""","isEmpty == ""True""","peek_obj_type == ""class java.lang.String""","push == ""False""","pop == ""True""","clear == ""False""","calledMethod == ""pop""","size_p == ""1""",Yes
4828,1607899197510:334f8e85-1a79-46f2-b0c9-0559ac8aa4f0,1607899197510:e759e278-285e-4905-a641-d6eb7b5034f4,"size == ""1""","isEmpty == ""True""","peek_obj_type == ""class java.lang.String""","push == ""True""","pop == ""False""","clear == ""False""","calledMethod == ""push""","size_p == ""0""",Yes
4829,1607899197510:334f8e85-1a79-46f2-b0c9-0559ac8aa4f0,1607899197510:e759e278-285e-4905-a641-d6eb7b5034f4,"size == ""1""","isEmpty == ""True""","peek_obj_type == ""class java.lang.String""","push == ""False""","pop == ""True""","clear == ""False""","calledMethod == ""pop""","size_p == ""1""",Yes
4831,1607899197510:0871917c-d357-4840-90d5-67c6ad6a2839,1607899197510:6db5cefc-2062-4ca9-98a0-e21b6092809d,"size == ""1""","isEmpty == ""True""","peek_obj_type == ""class java.lang.String""","push == ""True""","pop == ""False""","clear == ""False""","calledMethod == ""push""","size_p == ""0""",Yes
4832,1607899197510:0871917c-d357-4840-90d5-67c6ad6a2839,1607899197510:6db5cefc-2062-4ca9-98a0-e21b6092809d,"size == ""1""","isEmpty == ""True""","peek_obj_type == ""class java.lang.String""","push == ""False""","pop == ""True""","clear == ""False""","calledMethod == ""pop""","size_p == ""1""",Yes
4834,1607899197509:e56c7a26-04cd-458f-bef0-9131c4946fdd,1607899197509:6ac4512e-40ee-41b6-8d4b-efcfd2170724,"size == ""1""","isEmpty == ""True""","peek_obj_type == ""class java.lang.String""","push == ""True""","pop == ""False""","clear == ""False""","calledMethod == ""push""","size_p == ""0""",Yes
4835,1607899197509:e56c7a26-04cd-458f-bef0-9131c4946fdd,1607899197509:6ac4512e-40ee-41b6-8d4b-efcfd2170724,"size == ""1""","isEmpty == ""True""","peek_obj_type == ""class java.lang.String""","push == ""False""","pop == ""True""","clear == ""False""","calledMethod == ""pop""","size_p == ""1""",Yes
4837,1607899197509:10d891f5-52a9-4f44-8a05-69ba92ad1dd7,1607899197509:b48a8f7f-5966-489a-831d-03ef87f56d7b,"size == ""1""","isEmpty == ""True""","peek_obj_type == ""class java.lang.String""","push == ""True""","pop == ""False""","clear == ""False""","calledMethod == ""push""","size_p == ""0""",Yes
4838,1607899197509:10d891f5-52a9-4f44-8a05-69ba92ad1dd7,1607899197509:b48a8f7f-5966-489a-831d-03ef87f56d7b,"size == ""2""","isEmpty == ""True""","peek_obj_type == ""class java.lang.String""","push == ""True""","pop == ""False""","clear == ""False""","calledMethod == ""push""","size_p == ""1""",Yes
4839,1607899197509:10d891f5-52a9-4f44-8a05-69ba92ad1dd7,1607899197509:b48a8f7f-5966-489a-831d-03ef87f56d7b,"size == ""3""","isEmpty == ""True""","peek_obj_type == ""class java.lang.String""","push == ""True""","pop == ""False""","clear == ""False""","calledMethod == ""push""","size_p == ""2""",Yes
4842,1607899197509:10d891f5-52a9-4f44-8a05-69ba92ad1dd7,1607899197509:90f23278-e172-4218-8eae-59bd394ed5f6,"size == ""1""","isEmpty == ""True""","peek_obj_type == ""class java.lang.String""","push == ""True""","pop == ""False""","clear == ""False""","calledMethod == ""push""","size_p == ""0""",Yes
4843,1607899197509:10d891f5-52a9-4f44-8a05-69ba92ad1dd7,1607899197509:90f23278-e172-4218-8eae-59bd394ed5f6,"size == ""1""","isEmpty == ""True""","peek_obj_type == ""class java.lang.String""","push == ""False""","pop == ""True""","clear == ""False""","calledMethod == ""pop""","size_p == ""1""",Yes
4846,1607899197508:c95ca301-f6e7-4c8d-82ed-175028f9ead0,1607899197508:49d9b340-05b5-4f6a-b6e8-3c027962b720,"size == ""1""","isEmpty == ""True""","peek_obj_type == ""class java.lang.String""","push == ""True""","pop == ""False""","clear == ""False""","calledMethod == ""push""","size_p == ""0""",Yes
4848,1607899197508:c95ca301-f6e7-4c8d-82ed-175028f9ead0,1607899197508:3d5f8aa8-1b61-4910-a130-e7663020e8d4,"size == ""1""","isEmpty == ""True""","peek_obj_type == ""class java.lang.String""","push == ""True""","pop == ""False""","clear == ""False""","calledMethod == ""push""","size_p == ""0""",Yes
4849,1607899197508:c95ca301-f6e7-4c8d-82ed-175028f9ead0,1607899197508:3d5f8aa8-1b61-4910-a130-e7663020e8d4,"size == ""1""","isEmpty == ""True""","peek_obj_type == ""class java.lang.String""","push == ""False""","pop == ""True""","clear == ""False""","calledMethod == ""pop""","size_p == ""1""",Yes
4851,1607899197508:9f2829fc-7630-4c98-9a6e-dc0a012fb286,1607899197508:3caa728f-e4b6-45bc-bf47-71af3df93f87,"size == ""1""","isEmpty == ""True""","peek_obj_type == ""class java.lang.String""","push == ""True""","pop == ""False""","clear == ""False""","calledMethod == ""push""","size_p == ""0""",Yes
4852,1607899197508:9f2829fc-7630-4c98-9a6e-dc0a012fb286,1607899197508:3caa728f-e4b6-45bc-bf47-71af3df93f87,"size == ""1""","isEmpty == ""True""","peek_obj_type == ""class java.lang.String""","push == ""False""","pop == ""True""","clear == ""False""","calledMethod == ""pop""","size_p == ""1""",Yes
4854,1607899197508:4ddb03ea-b462-4b0e-a6cd-32e24b40a59f,1607899197508:e1deb762-9cad-4c4c-bf5e-e749887c362a,"size == ""1""","isEmpty == ""True""","peek_obj_type == ""class java.lang.String""","push == ""True""","pop == ""False""","clear == ""False""","calledMethod == ""push""","size_p == ""0""",Yes
4855,1607899197508:4ddb03ea-b462-4b0e-a6cd-32e24b40a59f,1607899197508:e1deb762-9cad-4c4c-bf5e-e749887c362a,"size == ""1""","isEmpty == ""True""","peek_obj_type == ""class java.lang.String""","push == ""False""","pop == ""True""","clear == ""False""","calledMethod == ""pop""","size_p == ""1""",Yes
4857,1607899197508:19700562-baf5-488a-85e0-4d40b44c7f0e,1607899197509:b8b29b65-dd89-437e-be41-49d761abe29b,"size == ""1""","isEmpty == ""True""","peek_obj_type == ""class java.lang.String""","push == ""True""","pop == ""False""","clear == ""False""","calledMethod == ""push""","size_p == ""0""",Yes
4858,1607899197508:19700562-baf5-488a-85e0-4d40b44c7f0e,1607899197509:b8b29b65-dd89-437e-be41-49d761abe29b,"size == ""1""","isEmpty == ""True""","peek_obj_type == ""class java.lang.String""","push == ""False""","pop == ""True""","clear == ""False""","calledMethod == ""pop""","size_p == ""1""",Yes
4860,1607899197508:19700562-baf5-488a-85e0-4d40b44c7f0e,1607899197508:a8250141-0e5d-463e-aa10-2ba96d1d1928,"size == ""1""","isEmpty == ""True""","peek_obj_type == ""class java.lang.String""","push == ""True""","pop == ""False""","clear == ""False""","calledMethod == ""push""","size_p == ""0""",Yes
4861,1607899197508:19700562-baf5-488a-85e0-4d40b44c7f0e,1607899197508:a8250141-0e5d-463e-aa10-2ba96d1d1928,"size == ""2""","isEmpty == ""True""","peek_obj_type == ""class java.lang.String""","push == ""True""","pop == ""False""","clear == ""False""","calledMethod == ""push""","size_p == ""1""",Yes
4863,1607899197508:0e375024-c900-460d-8d04-b55e1a93f6e5,1607899197508:bd17e18f-1c5e-4661-b4bf-06e172342586,"size == ""1""","isEmpty == ""True""","peek_obj_type == ""class java.lang.String""","push == ""True""","pop == ""False""","clear == ""False""","calledMethod == ""push""","size_p == ""0""",Yes
4864,1607899197508:0e375024-c900-460d-8d04-b55e1a93f6e5,1607899197508:bd17e18f-1c5e-4661-b4bf-06e172342586,"size == ""1""","isEmpty == ""True""","peek_obj_type == ""class java.lang.String""","push == ""False""","pop == ""True""","clear == ""False""","calledMethod == ""pop""","size_p == ""1""",Yes
4866,1607899197507:86b5d101-9cd5-47de-ab3d-9fec045356a2,1607899197507:a8c84b8a-c040-4dc3-9011-a9d3d3cf047b,"size == ""1""","isEmpty == ""True""","peek_obj_type == ""class java.lang.String""","push == ""True""","pop == ""False""","clear == ""False""","calledMethod == ""push""","size_p == ""0""",Yes
4867,1607899197507:86b5d101-9cd5-47de-ab3d-9fec045356a2,1607899197507:a8c84b8a-c040-4dc3-9011-a9d3d3cf047b,"size == ""1""","isEmpty == ""True""","peek_obj_type == ""class java.lang.String""","push == ""False""","pop == ""True""","clear == ""False""","calledMethod == ""pop""","size_p == ""1""",Yes
4869,1607899197507:86b5d101-9cd5-47de-ab3d-9fec045356a2,1607899197507:6e23bd6f-ae26-4f4d-ad37-972fdab5c449,"size == ""1""","isEmpty == ""True""","peek_obj_type == ""class java.lang.String""","push == ""True""","pop == ""False""","clear == ""False""","calledMethod == ""push""","size_p == ""0""",Yes
4870,1607899197507:86b5d101-9cd5-47de-ab3d-9fec045356a2,1607899197507:6e23bd6f-ae26-4f4d-ad37-972fdab5c449,"size == ""2""","isEmpty == ""True""","peek_obj_type == ""class java.lang.String""","push == ""True""","pop == ""False""","clear == ""False""","calledMethod == ""push""","size_p == ""1""",Yes
4873,1607899197507:6e7800db-dc97-4d2e-bbf0-4a412a5a2263,1607899197507:9eb41c36-190e-471e-b3b3-d1dd05c83100,"size == ""1""","isEmpty == ""True""","peek_obj_type == ""class java.lang.String""","push == ""True""","pop == ""False""","clear == ""False""","calledMethod == ""push""","size_p == ""0""",Yes
4874,1607899197507:6e7800db-dc97-4d2e-bbf0-4a412a5a2263,1607899197507:9eb41c36-190e-471e-b3b3-d1dd05c83100,"size == ""1""","isEmpty == ""True""","peek_obj_type == ""class java.lang.String""","push == ""False""","pop == ""False""","clear == ""True""","calledMethod == ""clear""","size_p == ""1""",Yes
4875,1607899197507:6e7800db-dc97-4d2e-bbf0-4a412a5a2263,1607899197507:9eb41c36-190e-471e-b3b3-d1dd05c83100,"size == ""1""","isEmpty == ""True""","peek_obj_type == ""class java.lang.String""","push == ""False""","pop == ""False""","clear == ""True""","calledMethod == ""clear""","size_p == ""1""",Yes
4876,1607899197507:6e7800db-dc97-4d2e-bbf0-4a412a5a2263,1607899197507:9eb41c36-190e-471e-b3b3-d1dd05c83100,"size == ""1""","isEmpty == ""True""","peek_obj_type == ""class java.lang.String""","push == ""False""","pop == ""True""","clear == ""False""","calledMethod == ""pop""","size_p == ""1""",Yes
4878,1607899197507:2028f5c1-8c13-46f4-aa07-91bf4a14cf48,1607899197507:bbe56b2a-a27c-457f-86c6-104083e99e3c,"size == ""1""","isEmpty == ""True""","peek_obj_type == ""class java.lang.String""","push == ""True""","pop == ""False""","clear == ""False""","calledMethod == ""push""","size_p == ""0""",Yes
4879,1607899197507:2028f5c1-8c13-46f4-aa07-91bf4a14cf48,1607899197507:bbe56b2a-a27c-457f-86c6-104083e99e3c,"size == ""1""","isEmpty == ""True""","peek_obj_type == ""class java.lang.String""","push == ""False""","pop == ""True""","clear == ""False""","calledMethod == ""pop""","size_p == ""1""",Yes
4882,1607899197507:2028f5c1-8c13-46f4-aa07-91bf4a14cf48,1607899197507:4d7f57ae-1df5-4407-b2e7-bdaca8a5f702,"size == ""1""","isEmpty == ""True""","peek_obj_type == ""class java.lang.String""","push == ""True""","pop == ""False""","clear == ""False""","calledMethod == ""push""","size_p == ""0""",Yes
4884,1607899197507:1e55e605-2168-4600-a58f-1a0b4cd87553,1607899197507:78509539-8e36-4a42-b62f-cc77197442d4,"size == ""1""","isEmpty == ""True""","peek_obj_type == ""class java.lang.String""","push == ""True""","pop == ""False""","clear == ""False""","calledMethod == ""push""","size_p == ""0""",Yes
4885,1607899197507:1e55e605-2168-4600-a58f-1a0b4cd87553,1607899197507:78509539-8e36-4a42-b62f-cc77197442d4,"size == ""1""","isEmpty == ""True""","peek_obj_type == ""class java.lang.String""","push == ""False""","pop == ""True""","clear == ""False""","calledMethod == ""pop""","size_p == ""1""",Yes
4888,1607899197506:94bb1648-7b7f-4b2e-b9e9-b17ab56cc53f,1607899197506:b506e09f-58e9-4a5f-8e92-aea0a122b166,"size == ""1""","isEmpty == ""True""","peek_obj_type == ""class java.lang.String""","push == ""True""","pop == ""False""","clear == ""False""","calledMethod == ""push""","size_p == ""0""",Yes
4889,1607899197506:94bb1648-7b7f-4b2e-b9e9-b17ab56cc53f,1607899197506:b506e09f-58e9-4a5f-8e92-aea0a122b166,"size == ""1""","isEmpty == ""True""","peek_obj_type == ""class java.lang.String""","push == ""False""","pop == ""False""","clear == ""True""","calledMethod == ""clear""","size_p == ""1""",Yes
4890,1607899197506:94bb1648-7b7f-4b2e-b9e9-b17ab56cc53f,1607899197506:b506e09f-58e9-4a5f-8e92-aea0a122b166,"size == ""1""","isEmpty == ""True""","peek_obj_type == ""class java.lang.String""","push == ""False""","pop == ""False""","clear == ""True""","calledMethod == ""clear""","size_p == ""1""",Yes
4891,1607899197506:94bb1648-7b7f-4b2e-b9e9-b17ab56cc53f,1607899197506:b506e09f-58e9-4a5f-8e92-aea0a122b166,"size == ""1""","isEmpty == ""True""","peek_obj_type == ""class java.lang.String""","push == ""False""","pop == ""False""","clear == ""True""","calledMethod == ""clear""","size_p == ""1""",Yes
4893,1607899197506:94bb1648-7b7f-4b2e-b9e9-b17ab56cc53f,1607899197506:6eec664a-fea2-49be-b00e-212c4e1eab00,"size == ""1""","isEmpty == ""True""","peek_obj_type == ""class java.lang.String""","push == ""True""","pop == ""False""","clear == ""False""","calledMethod == ""push""","size_p == ""0""",Yes
4894,1607899197506:94bb1648-7b7f-4b2e-b9e9-b17ab56cc53f,1607899197506:6eec664a-fea2-49be-b00e-212c4e1eab00,"size == ""1""","isEmpty == ""True""","peek_obj_type == ""class java.lang.String""","push == ""False""","pop == ""True""","clear == ""False""","calledMethod == ""pop""","size_p == ""1""",Yes
4896,1607899197506:6923d547-4d59-49c2-82ce-c032e5afa6c7,1607899197506:12a40686-e59f-452b-a8d4-4d1f34c49c7e,"size == ""1""","isEmpty == ""True""","peek_obj_type == ""class java.lang.String""","push == ""True""","pop == ""False""","clear == ""False""","calledMethod == ""push""","size_p == ""0""",Yes
4897,1607899197506:6923d547-4d59-49c2-82ce-c032e5afa6c7,1607899197506:12a40686-e59f-452b-a8d4-4d1f34c49c7e,"size == ""1""","isEmpty == ""True""","peek_obj_type == ""class java.lang.String""","push == ""False""","pop == ""True""","clear == ""False""","calledMethod == ""pop""","size_p == ""1""",Yes
4900,1607899197506:636c4d78-d7a0-4de3-ba6d-a08c95426fca,1607899197506:42993d98-3d85-438b-99e2-d5314956b828,"size == ""1""","isEmpty == ""True""","peek_obj_type == ""class java.lang.String""","push == ""True""","pop == ""False""","clear == ""False""","calledMethod == ""push""","size_p == ""0""",Yes
4901,1607899197506:636c4d78-d7a0-4de3-ba6d-a08c95426fca,1607899197506:42993d98-3d85-438b-99e2-d5314956b828,"size == ""1""","isEmpty == ""True""","peek_obj_type == ""class java.lang.String""","push == ""False""","pop == ""False""","clear == ""True""","calledMethod == ""clear""","size_p == ""1""",Yes
4902,1607899197506:636c4d78-d7a0-4de3-ba6d-a08c95426fca,1607899197506:42993d98-3d85-438b-99e2-d5314956b828,"size == ""1""","isEmpty == ""True""","peek_obj_type == ""class java.lang.String""","push == ""False""","pop == ""False""","clear == ""True""","calledMethod == ""clear""","size_p == ""1""",Yes
4903,1607899197506:636c4d78-d7a0-4de3-ba6d-a08c95426fca,1607899197506:42993d98-3d85-438b-99e2-d5314956b828,"size == ""1""","isEmpty == ""True""","peek_obj_type == ""class java.lang.String""","push == ""False""","pop == ""False""","clear == ""True""","calledMethod == ""clear""","size_p == ""1""",Yes
4905,1607899197506:636c4d78-d7a0-4de3-ba6d-a08c95426fca,1607899197506:074c4dde-3729-4685-a746-2b8aaa158012,"size == ""1""","isEmpty == ""True""","peek_obj_type == ""class java.lang.String""","push == ""True""","pop == ""False""","clear == ""False""","calledMethod == ""push""","size_p == ""0""",Yes
4906,1607899197506:636c4d78-d7a0-4de3-ba6d-a08c95426fca,1607899197506:074c4dde-3729-4685-a746-2b8aaa158012,"size == ""1""","isEmpty == ""True""","peek_obj_type == ""class java.lang.String""","push == ""False""","pop == ""True""","clear == ""False""","calledMethod == ""pop""","size_p == ""1""",Yes
4909,1607899197505:f5a15796-7876-43f7-a2c1-2e95566ca715,1607899197505:cbe5d918-aec2-43c1-b210-671fcb0ac52d,"size == ""1""","isEmpty == ""True""","peek_obj_type == ""class java.lang.String""","push == ""True""","pop == ""False""","clear == ""False""","calledMethod == ""push""","size_p == ""0""",Yes
4910,1607899197505:f5a15796-7876-43f7-a2c1-2e95566ca715,1607899197505:cbe5d918-aec2-43c1-b210-671fcb0ac52d,"size == ""1""","isEmpty == ""True""","peek_obj_type == ""class java.lang.String""","push == ""False""","pop == ""True""","clear == ""False""","calledMethod == ""pop""","size_p == ""1""",Yes
4912,1607899197505:dcea4f15-d59e-4549-8160-3d70e89cbd7d,1607899197505:9ec2daed-406d-4b0c-bf5b-e1ac85415c1f,"size == ""1""","isEmpty == ""True""","peek_obj_type == ""class java.lang.String""","push == ""True""","pop == ""False""","clear == ""False""","calledMethod == ""push""","size_p == ""0""",Yes
4913,1607899197505:dcea4f15-d59e-4549-8160-3d70e89cbd7d,1607899197505:9ec2daed-406d-4b0c-bf5b-e1ac85415c1f,"size == ""1""","isEmpty == ""True""","peek_obj_type == ""class java.lang.String""","push == ""False""","pop == ""True""","clear == ""False""","calledMethod == ""pop""","size_p == ""1""",Yes
4916,1607899197505:8f5e8eb2-3497-4dd3-87d2-3bf18e9904fa,1607899197505:3beac811-b445-4f16-b691-142931d880b9,"size == ""1""","isEmpty == ""True""","peek_obj_type == ""class java.lang.String""","push == ""True""","pop == ""False""","clear == ""False""","calledMethod == ""push""","size_p == ""0""",Yes
4917,1607899197505:8f5e8eb2-3497-4dd3-87d2-3bf18e9904fa,1607899197505:3beac811-b445-4f16-b691-142931d880b9,"size == ""1""","isEmpty == ""True""","peek_obj_type == ""class java.lang.String""","push == ""False""","pop == ""False""","clear == ""True""","calledMethod == ""clear""","size_p == ""1""",Yes
4918,1607899197505:8f5e8eb2-3497-4dd3-87d2-3bf18e9904fa,1607899197505:3beac811-b445-4f16-b691-142931d880b9,"size == ""1""","isEmpty == ""True""","peek_obj_type == ""class java.lang.String""","push == ""False""","pop == ""False""","clear == ""True""","calledMethod == ""clear""","size_p == ""1""",Yes
4919,1607899197505:8f5e8eb2-3497-4dd3-87d2-3bf18e9904fa,1607899197505:3beac811-b445-4f16-b691-142931d880b9,"size == ""1""","isEmpty == ""True""","peek_obj_type == ""class java.lang.String""","push == ""False""","pop == ""False""","clear == ""True""","calledMethod == ""clear""","size_p == ""1""",Yes
4921,1607899197505:8f5e8eb2-3497-4dd3-87d2-3bf18e9904fa,1607899197505:13351f8b-3b02-49db-99ca-11263a8cd20c,"size == ""1""","isEmpty == ""True""","peek_obj_type == ""class java.lang.String""","push == ""True""","pop == ""False""","clear == ""False""","calledMethod == ""push""","size_p == ""0""",Yes
4922,1607899197505:8f5e8eb2-3497-4dd3-87d2-3bf18e9904fa,1607899197505:13351f8b-3b02-49db-99ca-11263a8cd20c,"size == ""1""","isEmpty == ""True""","peek_obj_type == ""class java.lang.String""","push == ""False""","pop == ""True""","clear == ""False""","calledMethod == ""pop""","size_p == ""1""",Yes
4924,1607899197505:57135fe8-04bd-4f1d-a1f9-50da33818557,1607899197505:89cf35e1-b69d-45ba-9341-aece27973f96,"size == ""1""","isEmpty == ""True""","peek_obj_type == ""class java.lang.String""","push == ""True""","pop == ""False""","clear == ""False""","calledMethod == ""push""","size_p == ""0""",Yes
4925,1607899197505:57135fe8-04bd-4f1d-a1f9-50da33818557,1607899197505:89cf35e1-b69d-45ba-9341-aece27973f96,"size == ""1""","isEmpty == ""True""","peek_obj_type == ""class java.lang.String""","push == ""False""","pop == ""True""","clear == ""False""","calledMethod == ""pop""","size_p == ""1""",Yes
4927,1607899197504:86f15bcc-d0a1-4d5c-b090-072de264bd3e,1607899197504:fc2b8e45-4ed3-4506-a1c1-e098d754d40a,"size == ""1""","isEmpty == ""True""","peek_obj_type == ""class java.lang.String""","push == ""True""","pop == ""False""","clear == ""False""","calledMethod == ""push""","size_p == ""0""",Yes
4928,1607899197504:86f15bcc-d0a1-4d5c-b090-072de264bd3e,1607899197504:fc2b8e45-4ed3-4506-a1c1-e098d754d40a,"size == ""2""","isEmpty == ""True""","peek_obj_type == ""class java.lang.String""","push == ""True""","pop == ""False""","clear == ""False""","calledMethod == ""push""","size_p == ""1""",Yes
4929,1607899197504:86f15bcc-d0a1-4d5c-b090-072de264bd3e,1607899197504:fc2b8e45-4ed3-4506-a1c1-e098d754d40a,"size == ""3""","isEmpty == ""True""","peek_obj_type == ""class java.lang.String""","push == ""True""","pop == ""False""","clear == ""False""","calledMethod == ""push""","size_p == ""2""",Yes
4931,1607899197504:86f15bcc-d0a1-4d5c-b090-072de264bd3e,1607899197504:20c22299-da06-4ebf-97a3-0f446384ce94,"size == ""1""","isEmpty == ""True""","peek_obj_type == ""class java.lang.String""","push == ""True""","pop == ""False""","clear == ""False""","calledMethod == ""push""","size_p == ""0""",Yes
4932,1607899197504:86f15bcc-d0a1-4d5c-b090-072de264bd3e,1607899197504:20c22299-da06-4ebf-97a3-0f446384ce94,"size == ""1""","isEmpty == ""True""","peek_obj_type == ""class java.lang.String""","push == ""False""","pop == ""True""","clear == ""False""","calledMethod == ""pop""","size_p == ""1""",Yes
4935,1607899197504:06e7a505-f5e7-4154-b734-b4ebe2d44c63,1607899197504:e67fb10c-e04b-4c52-b286-f0c3cb8c71d4,"size == ""1""","isEmpty == ""True""","peek_obj_type == ""class java.lang.String""","push == ""True""","pop == ""False""","clear == ""False""","calledMethod == ""push""","size_p == ""0""",Yes
4936,1607899197504:06e7a505-f5e7-4154-b734-b4ebe2d44c63,1607899197504:e67fb10c-e04b-4c52-b286-f0c3cb8c71d4,"size == ""1""","isEmpty == ""True""","peek_obj_type == ""class java.lang.String""","push == ""False""","pop == ""False""","clear == ""True""","calledMethod == ""clear""","size_p == ""1""",Yes
4937,1607899197504:06e7a505-f5e7-4154-b734-b4ebe2d44c63,1607899197504:e67fb10c-e04b-4c52-b286-f0c3cb8c71d4,"size == ""1""","isEmpty == ""True""","peek_obj_type == ""class java.lang.String""","push == ""False""","pop == ""False""","clear == ""True""","calledMethod == ""clear""","size_p == ""1""",Yes
4938,1607899197504:06e7a505-f5e7-4154-b734-b4ebe2d44c63,1607899197504:e67fb10c-e04b-4c52-b286-f0c3cb8c71d4,"size == ""1""","isEmpty == ""True""","peek_obj_type == ""class java.lang.String""","push == ""False""","pop == ""False""","clear == ""True""","calledMethod == ""clear""","size_p == ""1""",Yes
4940,1607899197504:06e7a505-f5e7-4154-b734-b4ebe2d44c63,1607899197504:cbd6f0af-d950-49c2-bf16-9487e4cdc1e4,"size == ""1""","isEmpty == ""True""","peek_obj_type == ""class java.lang.String""","push == ""True""","pop == ""False""","clear == ""False""","calledMethod == ""push""","size_p == ""0""",Yes
4941,1607899197504:06e7a505-f5e7-4154-b734-b4ebe2d44c63,1607899197504:cbd6f0af-d950-49c2-bf16-9487e4cdc1e4,"size == ""1""","isEmpty == ""True""","peek_obj_type == ""class java.lang.String""","push == ""False""","pop == ""True""","clear == ""False""","calledMethod == ""pop""","size_p == ""1""",Yes
4943,1607899197503:69a0a948-e2af-4d68-aebe-1e3c23c711b4,1607899197503:9fb959cb-8b88-41b8-89bc-c590ecf624b0,"size == ""1""","isEmpty == ""True""","peek_obj_type == ""class java.lang.String""","push == ""True""","pop == ""False""","clear == ""False""","calledMethod == ""push""","size_p == ""0""",Yes
4944,1607899197503:69a0a948-e2af-4d68-aebe-1e3c23c711b4,1607899197503:9fb959cb-8b88-41b8-89bc-c590ecf624b0,"size == ""2""","isEmpty == ""True""","peek_obj_type == ""class java.lang.String""","push == ""True""","pop == ""False""","clear == ""False""","calledMethod == ""push""","size_p == ""1""",Yes
4946,1607899197503:69a0a948-e2af-4d68-aebe-1e3c23c711b4,1607899197503:96d807ae-2ded-4dea-a00f-be1e0e20bcba,"size == ""1""","isEmpty == ""True""","peek_obj_type == ""class java.lang.String""","push == ""True""","pop == ""False""","clear == ""False""","calledMethod == ""push""","size_p == ""0""",Yes
4947,1607899197503:69a0a948-e2af-4d68-aebe-1e3c23c711b4,1607899197503:96d807ae-2ded-4dea-a00f-be1e0e20bcba,"size == ""1""","isEmpty == ""True""","peek_obj_type == ""class java.lang.String""","push == ""False""","pop == ""True""","clear == ""False""","calledMethod == ""pop""","size_p == ""1""",Yes
4949,1607899197503:685560d1-4456-45b1-a53d-23489ab5eeb3,1607899197503:c85431bd-6c72-4b8d-8ea0-d08cda1fd335,"size == ""1""","isEmpty == ""True""","peek_obj_type == ""class java.lang.String""","push == ""True""","pop == ""False""","clear == ""False""","calledMethod == ""push""","size_p == ""0""",Yes
4950,1607899197503:685560d1-4456-45b1-a53d-23489ab5eeb3,1607899197503:c85431bd-6c72-4b8d-8ea0-d08cda1fd335,"size == ""1""","isEmpty == ""True""","peek_obj_type == ""class java.lang.String""","push == ""False""","pop == ""True""","clear == ""False""","calledMethod == ""pop""","size_p == ""1""",Yes
4953,1607899197503:685560d1-4456-45b1-a53d-23489ab5eeb3,1607899197503:4d35c2ac-fc0f-4d26-b24c-fdd431739f60,"size == ""1""","isEmpty == ""True""","peek_obj_type == ""class java.lang.String""","push == ""True""","pop == ""False""","clear == ""False""","calledMethod == ""push""","size_p == ""0""",Yes
4954,1607899197503:685560d1-4456-45b1-a53d-23489ab5eeb3,1607899197503:4d35c2ac-fc0f-4d26-b24c-fdd431739f60,"size == ""1""","isEmpty == ""True""","peek_obj_type == ""class java.lang.String""","push == ""False""","pop == ""False""","clear == ""True""","calledMethod == ""clear""","size_p == ""1""",Yes
4956,1607899197503:5cdab877-80ca-4444-a973-2da1366f4c72,1607899197504:5891f1ba-9660-4b67-9358-086428d4a7b9,"size == ""1""","isEmpty == ""True""","peek_obj_type == ""class java.lang.String""","push == ""True""","pop == ""False""","clear == ""False""","calledMethod == ""push""","size_p == ""0""",Yes
4957,1607899197503:5cdab877-80ca-4444-a973-2da1366f4c72,1607899197504:5891f1ba-9660-4b67-9358-086428d4a7b9,"size == ""1""","isEmpty == ""True""","peek_obj_type == ""class java.lang.String""","push == ""False""","pop == ""True""","clear == ""False""","calledMethod == ""pop""","size_p == ""1""",Yes
4960,1607899197503:5cdab877-80ca-4444-a973-2da1366f4c72,1607899197503:67325f07-8b06-4dfb-807b-c8f5fb36992d,"size == ""1""","isEmpty == ""True""","peek_obj_type == ""class java.lang.String""","push == ""True""","pop == ""False""","clear == ""False""","calledMethod == ""push""","size_p == ""0""",Yes
4961,1607899197503:5cdab877-80ca-4444-a973-2da1366f4c72,1607899197503:67325f07-8b06-4dfb-807b-c8f5fb36992d,"size == ""1""","isEmpty == ""True""","peek_obj_type == ""class java.lang.String""","push == ""False""","pop == ""False""","clear == ""True""","calledMethod == ""clear""","size_p == ""1""",Yes
4962,1607899197503:5cdab877-80ca-4444-a973-2da1366f4c72,1607899197503:67325f07-8b06-4dfb-807b-c8f5fb36992d,"size == ""1""","isEmpty == ""True""","peek_obj_type == ""class java.lang.String""","push == ""False""","pop == ""False""","clear == ""True""","calledMethod == ""clear""","size_p == ""1""",Yes
4963,1607899197503:5cdab877-80ca-4444-a973-2da1366f4c72,1607899197503:67325f07-8b06-4dfb-807b-c8f5fb36992d,"size == ""1""","isEmpty == ""True""","peek_obj_type == ""class java.lang.String""","push == ""False""","pop == ""False""","clear == ""True""","calledMethod == ""clear""","size_p == ""1""",Yes
4965,1607899197503:284737ab-1e44-475e-aa68-ed9cb8f3c248,1607899197503:94e17c25-330e-4cb0-9910-c7c41100348a,"size == ""1""","isEmpty == ""True""","peek_obj_type == ""class java.lang.String""","push == ""True""","pop == ""False""","clear == ""False""","calledMethod == ""push""","size_p == ""0""",Yes
4966,1607899197503:284737ab-1e44-475e-aa68-ed9cb8f3c248,1607899197503:94e17c25-330e-4cb0-9910-c7c41100348a,"size == ""1""","isEmpty == ""True""","peek_obj_type == ""class java.lang.String""","push == ""False""","pop == ""True""","clear == ""False""","calledMethod == ""pop""","size_p == ""1""",Yes
4968,1607899197502:d8c51b83-0489-473e-983d-21af3849d7f8,1607899197502:e0105135-417a-47f5-9dc3-bc4b3cc23398,"size == ""1""","isEmpty == ""True""","peek_obj_type == ""class java.lang.String""","push == ""True""","pop == ""False""","clear == ""False""","calledMethod == ""push""","size_p == ""0""",Yes
4969,1607899197502:d8c51b83-0489-473e-983d-21af3849d7f8,1607899197502:e0105135-417a-47f5-9dc3-bc4b3cc23398,"size == ""2""","isEmpty == ""True""","peek_obj_type == ""class java.lang.String""","push == ""True""","pop == ""False""","clear == ""False""","calledMethod == ""push""","size_p == ""1""",Yes
4971,1607899197502:d8c51b83-0489-473e-983d-21af3849d7f8,1607899197502:37d6e452-ba6d-48bc-b0fa-09f35f532577,"size == ""1""","isEmpty == ""True""","peek_obj_type == ""class java.lang.String""","push == ""True""","pop == ""False""","clear == ""False""","calledMethod == ""push""","size_p == ""0""",Yes
4972,1607899197502:d8c51b83-0489-473e-983d-21af3849d7f8,1607899197502:37d6e452-ba6d-48bc-b0fa-09f35f532577,"size == ""1""","isEmpty == ""True""","peek_obj_type == ""class java.lang.String""","push == ""False""","pop == ""True""","clear == ""False""","calledMethod == ""pop""","size_p == ""1""",Yes
4975,1607899197502:c5b073a1-8b29-470a-bd67-9a45bc25d4af,1607899197502:4a70e48f-ab40-45f1-b999-0faec61f8851,"size == ""1""","isEmpty == ""True""","peek_obj_type == ""class java.lang.String""","push == ""True""","pop == ""False""","clear == ""False""","calledMethod == ""push""","size_p == ""0""",Yes
4976,1607899197502:c5b073a1-8b29-470a-bd67-9a45bc25d4af,1607899197502:4a70e48f-ab40-45f1-b999-0faec61f8851,"size == ""1""","isEmpty == ""True""","peek_obj_type == ""class java.lang.String""","push == ""False""","pop == ""True""","clear == ""False""","calledMethod == ""pop""","size_p == ""1""",Yes
4978,1607899197502:2bd69a20-781d-47db-af52-f64987a7eee9,1607899197502:29dc3193-5b5f-43af-92dd-dc4e359b687b,"size == ""1""","isEmpty == ""True""","peek_obj_type == ""class java.lang.String""","push == ""True""","pop == ""False""","clear == ""False""","calledMethod == ""push""","size_p == ""0""",Yes
4979,1607899197502:2bd69a20-781d-47db-af52-f64987a7eee9,1607899197502:29dc3193-5b5f-43af-92dd-dc4e359b687b,"size == ""1""","isEmpty == ""True""","peek_obj_type == ""class java.lang.String""","push == ""False""","pop == ""True""","clear == ""False""","calledMethod == ""pop""","size_p == ""1""",Yes
4982,1607899197502:2bd69a20-781d-47db-af52-f64987a7eee9,1607899197502:01139b68-487e-4b20-9264-1b43185a185e,"size == ""1""","isEmpty == ""True""","peek_obj_type == ""class java.lang.String""","push == ""True""","pop == ""False""","clear == ""False""","calledMethod == ""push""","size_p == ""0""",Yes
4983,1607899197502:2bd69a20-781d-47db-af52-f64987a7eee9,1607899197502:01139b68-487e-4b20-9264-1b43185a185e,"size == ""1""","isEmpty == ""True""","peek_obj_type == ""class java.lang.String""","push == ""False""","pop == ""False""","clear == ""True""","calledMethod == ""clear""","size_p == ""1""",Yes
4984,1607899197502:2bd69a20-781d-47db-af52-f64987a7eee9,1607899197502:01139b68-487e-4b20-9264-1b43185a185e,"size == ""1""","isEmpty == ""True""","peek_obj_type == ""class java.lang.String""","push == ""False""","pop == ""False""","clear == ""True""","calledMethod == ""clear""","size_p == ""1""",Yes
4985,1607899197502:2bd69a20-781d-47db-af52-f64987a7eee9,1607899197502:01139b68-487e-4b20-9264-1b43185a185e,"size == ""1""","isEmpty == ""True""","peek_obj_type == ""class java.lang.String""","push == ""False""","pop == ""False""","clear == ""True""","calledMethod == ""clear""","size_p == ""1""",Yes
4987,1607899197501:edad3cae-74cd-4958-b68c-7dd8e2487a93,1607899197501:f407bbc9-0124-4ead-a390-dc13cc72b7d7,"size == ""1""","isEmpty == ""True""","peek_obj_type == ""class java.lang.String""","push == ""True""","pop == ""False""","clear == ""False""","calledMethod == ""push""","size_p == ""0""",Yes
4988,1607899197501:edad3cae-74cd-4958-b68c-7dd8e2487a93,1607899197501:f407bbc9-0124-4ead-a390-dc13cc72b7d7,"size == ""2""","isEmpty == ""True""","peek_obj_type == ""class java.lang.String""","push == ""True""","pop == ""False""","clear == ""False""","calledMethod == ""push""","size_p == ""1""",Yes
4990,1607899197501:edad3cae-74cd-4958-b68c-7dd8e2487a93,1607899197501:1ea6fb76-ac28-48a9-9efc-8bef76d66b89,"size == ""1""","isEmpty == ""True""","peek_obj_type == ""class java.lang.String""","push == ""True""","pop == ""False""","clear == ""False""","calledMethod == ""push""","size_p == ""0""",Yes
4991,1607899197501:edad3cae-74cd-4958-b68c-7dd8e2487a93,1607899197501:1ea6fb76-ac28-48a9-9efc-8bef76d66b89,"size == ""1""","isEmpty == ""True""","peek_obj_type == ""class java.lang.String""","push == ""False""","pop == ""True""","clear == ""False""","calledMethod == ""pop""","size_p == ""1""",Yes
4993,1607899197501:e3e6088d-91ac-45f1-9aa0-1188b2977112,1607899197501:0218f7b7-c701-4ccc-a784-f494dd841018,"size == ""1""","isEmpty == ""True""","peek_obj_type == ""class java.lang.String""","push == ""True""","pop == ""False""","clear == ""False""","calledMethod == ""push""","size_p == ""0""",Yes
4994,1607899197501:e3e6088d-91ac-45f1-9aa0-1188b2977112,1607899197501:0218f7b7-c701-4ccc-a784-f494dd841018,"size == ""1""","isEmpty == ""True""","peek_obj_type == ""class java.lang.String""","push == ""False""","pop == ""True""","clear == ""False""","calledMethod == ""pop""","size_p == ""1""",Yes
4996,1607899197501:cefcc56f-4136-4717-b362-1093b4cb7ba8,1607899197502:1bd1d4ab-3848-4c1f-b164-0b84d3b66fb6,"size == ""1""","isEmpty == ""True""","peek_obj_type == ""class java.lang.String""","push == ""True""","pop == ""False""","clear == ""False""","calledMethod == ""push""","size_p == ""0""",Yes
4997,1607899197501:cefcc56f-4136-4717-b362-1093b4cb7ba8,1607899197502:1bd1d4ab-3848-4c1f-b164-0b84d3b66fb6,"size == ""1""","isEmpty == ""True""","peek_obj_type == ""class java.lang.String""","push == ""False""","pop == ""True""","clear == ""False""","calledMethod == ""pop""","size_p == ""1""",Yes
4999,1607899197501:cefcc56f-4136-4717-b362-1093b4cb7ba8,1607899197501:ae6c1bb5-f7b9-464a-a352-326dae8b2e8b,"size == ""1""","isEmpty == ""True""","peek_obj_type == ""class java.lang.String""","push == ""True""","pop == ""False""","clear == ""False""","calledMethod == ""push""","size_p == ""0""",Yes
5000,1607899197501:cefcc56f-4136-4717-b362-1093b4cb7ba8,1607899197501:ae6c1bb5-f7b9-464a-a352-326dae8b2e8b,"size == ""2""","isEmpty == ""True""","peek_obj_type == ""class java.lang.String""","push == ""True""","pop == ""False""","clear == ""False""","calledMethod == ""push""","size_p == ""1""",Yes
5003,1607899197501:c6208dce-ef7a-4dbf-9ffa-8c45d1cf3bbc,1607899197501:2efa5ffc-ed4d-4f75-b7da-22c8d29bc5eb,"size == ""1""","isEmpty == ""True""","peek_obj_type == ""class java.lang.String""","push == ""True""","pop == ""False""","clear == ""False""","calledMethod == ""push""","size_p == ""0""",Yes
5004,1607899197501:c6208dce-ef7a-4dbf-9ffa-8c45d1cf3bbc,1607899197501:2efa5ffc-ed4d-4f75-b7da-22c8d29bc5eb,"size == ""1""","isEmpty == ""True""","peek_obj_type == ""class java.lang.String""","push == ""False""","pop == ""True""","clear == ""False""","calledMethod == ""pop""","size_p == ""1""",Yes
5006,1607899197501:a9b6815c-22d5-4d67-a30c-be41f8634b6c,1607899197501:396bf15b-dc64-4d9d-bb51-0955954459c1,"size == ""1""","isEmpty == ""True""","peek_obj_type == ""class java.lang.String""","push == ""True""","pop == ""False""","clear == ""False""","calledMethod == ""push""","size_p == ""0""",Yes
5007,1607899197501:a9b6815c-22d5-4d67-a30c-be41f8634b6c,1607899197501:396bf15b-dc64-4d9d-bb51-0955954459c1,"size == ""1""","isEmpty == ""True""","peek_obj_type == ""class java.lang.String""","push == ""False""","pop == ""True""","clear == ""False""","calledMethod == ""pop""","size_p == ""1""",Yes
5009,1607899197500:d335502b-e32a-4031-a3bd-33791383ceaa,1607899197500:79a07d91-d4d6-4b67-adea-14d43ed3dd54,"size == ""1""","isEmpty == ""True""","peek_obj_type == ""class java.lang.String""","push == ""True""","pop == ""False""","clear == ""False""","calledMethod == ""push""","size_p == ""0""",Yes
5011,1607899197500:d335502b-e32a-4031-a3bd-33791383ceaa,1607899197500:75526a81-82bb-4f06-bb6f-9278d58a4c10,"size == ""1""","isEmpty == ""True""","peek_obj_type == ""class java.lang.String""","push == ""True""","pop == ""False""","clear == ""False""","calledMethod == ""push""","size_p == ""0""",Yes
5012,1607899197500:d335502b-e32a-4031-a3bd-33791383ceaa,1607899197500:75526a81-82bb-4f06-bb6f-9278d58a4c10,"size == ""1""","isEmpty == ""True""","peek_obj_type == ""class java.lang.String""","push == ""False""","pop == ""True""","clear == ""False""","calledMethod == ""pop""","size_p == ""1""",Yes
5014,1607899197500:500b9645-8a20-47b0-ad75-4cf3b96013fc,1607899197500:7c5f9d00-887d-4499-86d8-76ee2574a08d,"size == ""1""","isEmpty == ""True""","peek_obj_type == ""class java.lang.String""","push == ""True""","pop == ""False""","clear == ""False""","calledMethod == ""push""","size_p == ""0""",Yes
5015,1607899197500:500b9645-8a20-47b0-ad75-4cf3b96013fc,1607899197500:7c5f9d00-887d-4499-86d8-76ee2574a08d,"size == ""1""","isEmpty == ""True""","peek_obj_type == ""class java.lang.String""","push == ""False""","pop == ""True""","clear == ""False""","calledMethod == ""pop""","size_p == ""1""",Yes
5017,1607899197500:500b9645-8a20-47b0-ad75-4cf3b96013fc,1607899197500:69fe70e2-b8cf-4437-a291-77a4ac143188,"size == ""1""","isEmpty == ""True""","peek_obj_type == ""class java.lang.String""","push == ""True""","pop == ""False""","clear == ""False""","calledMethod == ""push""","size_p == ""0""",Yes
5018,1607899197500:500b9645-8a20-47b0-ad75-4cf3b96013fc,1607899197500:69fe70e2-b8cf-4437-a291-77a4ac143188,"size == ""2""","isEmpty == ""True""","peek_obj_type == ""class java.lang.String""","push == ""True""","pop == ""False""","clear == ""False""","calledMethod == ""push""","size_p == ""1""",Yes
5020,1607899197500:4976cf02-fdd9-49bf-bf73-74692e719695,1607899197500:6bc8afcd-23b4-46ca-892e-db942cf1a1d3,"size == ""1""","isEmpty == ""True""","peek_obj_type == ""class java.lang.String""","push == ""True""","pop == ""False""","clear == ""False""","calledMethod == ""push""","size_p == ""0""",Yes
5021,1607899197500:4976cf02-fdd9-49bf-bf73-74692e719695,1607899197500:6bc8afcd-23b4-46ca-892e-db942cf1a1d3,"size == ""1""","isEmpty == ""True""","peek_obj_type == ""class java.lang.String""","push == ""False""","pop == ""True""","clear == ""False""","calledMethod == ""pop""","size_p == ""1""",Yes
5023,1607899197500:418a1b87-b367-4dd8-a343-bde4c902f902,1607899197500:9b87b266-3acf-4277-90d4-6c6c191aa8cf,"size == ""1""","isEmpty == ""True""","peek_obj_type == ""class java.lang.String""","push == ""True""","pop == ""False""","clear == ""False""","calledMethod == ""push""","size_p == ""0""",Yes
5024,1607899197500:418a1b87-b367-4dd8-a343-bde4c902f902,1607899197500:9b87b266-3acf-4277-90d4-6c6c191aa8cf,"size == ""1""","isEmpty == ""True""","peek_obj_type == ""class java.lang.String""","push == ""False""","pop == ""True""","clear == ""False""","calledMethod == ""pop""","size_p == ""1""",Yes
5026,1607899197499:61929794-2261-4a69-926d-e9098674f7ee,1607899197499:c71bea3e-68f3-4cbb-ab82-7d3b245d55fc,"size == ""1""","isEmpty == ""True""","peek_obj_type == ""class java.lang.String""","push == ""True""","pop == ""False""","clear == ""False""","calledMethod == ""push""","size_p == ""0""",Yes
5027,1607899197499:61929794-2261-4a69-926d-e9098674f7ee,1607899197499:c71bea3e-68f3-4cbb-ab82-7d3b245d55fc,"size == ""2""","isEmpty == ""True""","peek_obj_type == ""class java.lang.String""","push == ""True""","pop == ""False""","clear == ""False""","calledMethod == ""push""","size_p == ""1""",Yes
5028,1607899197499:61929794-2261-4a69-926d-e9098674f7ee,1607899197499:c71bea3e-68f3-4cbb-ab82-7d3b245d55fc,"size == ""3""","isEmpty == ""True""","peek_obj_type == ""class java.lang.String""","push == ""True""","pop == ""False""","clear == ""False""","calledMethod == ""push""","size_p == ""2""",Yes
5029,1607899197499:61929794-2261-4a69-926d-e9098674f7ee,1607899197499:c71bea3e-68f3-4cbb-ab82-7d3b245d55fc,"size == ""3""","isEmpty == ""True""","peek_obj_type == ""class java.lang.String""","push == ""False""","pop == ""False""","clear == ""True""","calledMethod == ""clear""","size_p == ""3""",Yes
5031,1607899197499:61929794-2261-4a69-926d-e9098674f7ee,1607899197499:b0961544-23e3-4259-9789-fddfc8d1c93c,"size == ""1""","isEmpty == ""True""","peek_obj_type == ""class java.lang.String""","push == ""True""","pop == ""False""","clear == ""False""","calledMethod == ""push""","size_p == ""0""",Yes
5032,1607899197499:61929794-2261-4a69-926d-e9098674f7ee,1607899197499:b0961544-23e3-4259-9789-fddfc8d1c93c,"size == ""2""","isEmpty == ""True""","peek_obj_type == ""class java.lang.String""","push == ""True""","pop == ""False""","clear == ""False""","calledMethod == ""push""","size_p == ""1""",Yes
5034,1607899197499:61929794-2261-4a69-926d-e9098674f7ee,1607899197499:4c0b8b45-4a71-4004-a561-3a6eb4ae5b72,"size == ""1""","isEmpty == ""True""","peek_obj_type == ""class java.lang.String""","push == ""True""","pop == ""False""","clear == ""False""","calledMethod == ""push""","size_p == ""0""",Yes
5035,1607899197499:61929794-2261-4a69-926d-e9098674f7ee,1607899197499:4c0b8b45-4a71-4004-a561-3a6eb4ae5b72,"size == ""1""","isEmpty == ""True""","peek_obj_type == ""class java.lang.String""","push == ""False""","pop == ""True""","clear == ""False""","calledMethod == ""pop""","size_p == ""1""",Yes
5038,1607899197499:3026da54-4289-43e7-bd50-4b80c46246a5,1607899197499:99002261-c06f-4c75-b9c6-f73a6d60f3a7,"size == ""1""","isEmpty == ""True""","peek_obj_type == ""class java.lang.String""","push == ""True""","pop == ""False""","clear == ""False""","calledMethod == ""push""","size_p == ""0""",Yes
5039,1607899197499:3026da54-4289-43e7-bd50-4b80c46246a5,1607899197499:99002261-c06f-4c75-b9c6-f73a6d60f3a7,"size == ""1""","isEmpty == ""True""","peek_obj_type == ""class java.lang.String""","push == ""False""","pop == ""True""","clear == ""False""","calledMethod == ""pop""","size_p == ""1""",Yes
5041,1607899197499:3026da54-4289-43e7-bd50-4b80c46246a5,1607899197499:76d81f24-8d12-4731-91b3-0e86f0dec234,"size == ""1""","isEmpty == ""True""","peek_obj_type == ""class java.lang.String""","push == ""True""","pop == ""False""","clear == ""False""","calledMethod == ""push""","size_p == ""0""",Yes
5043,1607899197498:f2c40b1b-80a1-4c41-b80d-e1a8ed036988,1607899197499:bab6a94b-d122-41b1-83b7-e58cd5c489fc,"size == ""1""","isEmpty == ""True""","peek_obj_type == ""class java.lang.String""","push == ""True""","pop == ""False""","clear == ""False""","calledMethod == ""push""","size_p == ""0""",Yes
5044,1607899197498:f2c40b1b-80a1-4c41-b80d-e1a8ed036988,1607899197499:bab6a94b-d122-41b1-83b7-e58cd5c489fc,"size == ""1""","isEmpty == ""True""","peek_obj_type == ""class java.lang.String""","push == ""False""","pop == ""True""","clear == ""False""","calledMethod == ""pop""","size_p == ""1""",Yes
5047,1607899197498:f2c40b1b-80a1-4c41-b80d-e1a8ed036988,1607899197498:40a57a23-18ec-4fbd-8c6d-86bac22bda14,"size == ""1""","isEmpty == ""True""","peek_obj_type == ""class java.lang.String""","push == ""True""","pop == ""False""","clear == ""False""","calledMethod == ""push""","size_p == ""0""",Yes
5048,1607899197498:f2c40b1b-80a1-4c41-b80d-e1a8ed036988,1607899197498:40a57a23-18ec-4fbd-8c6d-86bac22bda14,"size == ""1""","isEmpty == ""True""","peek_obj_type == ""class java.lang.String""","push == ""False""","pop == ""False""","clear == ""True""","calledMethod == ""clear""","size_p == ""1""",Yes
5049,1607899197498:f2c40b1b-80a1-4c41-b80d-e1a8ed036988,1607899197498:40a57a23-18ec-4fbd-8c6d-86bac22bda14,"size == ""1""","isEmpty == ""True""","peek_obj_type == ""class java.lang.String""","push == ""False""","pop == ""False""","clear == ""True""","calledMethod == ""clear""","size_p == ""1""",Yes
5050,1607899197498:f2c40b1b-80a1-4c41-b80d-e1a8ed036988,1607899197498:40a57a23-18ec-4fbd-8c6d-86bac22bda14,"size == ""1""","isEmpty == ""True""","peek_obj_type == ""class java.lang.String""","push == ""False""","pop == ""False""","clear == ""True""","calledMethod == ""clear""","size_p == ""1""",Yes
5052,1607899197498:d6b50171-1b75-4a57-af7f-aceea8d95074,1607899197498:e3cee56a-e051-412d-a052-aa2f30a5a6f0,"size == ""1""","isEmpty == ""True""","peek_obj_type == ""class java.lang.String""","push == ""True""","pop == ""False""","clear == ""False""","calledMethod == ""push""","size_p == ""0""",Yes
5053,1607899197498:d6b50171-1b75-4a57-af7f-aceea8d95074,1607899197498:e3cee56a-e051-412d-a052-aa2f30a5a6f0,"size == ""1""","isEmpty == ""True""","peek_obj_type == ""class java.lang.String""","push == ""False""","pop == ""True""","clear == ""False""","calledMethod == ""pop""","size_p == ""1""",Yes
5055,1607899197498:808bc8c1-8db9-4626-8245-04fda835cf22,1607899197498:cf8e0bef-4cd2-4630-9dc4-c7021e7491af,"size == ""1""","isEmpty == ""True""","peek_obj_type == ""class java.lang.String""","push == ""True""","pop == ""False""","clear == ""False""","calledMethod == ""push""","size_p == ""0""",Yes
5056,1607899197498:808bc8c1-8db9-4626-8245-04fda835cf22,1607899197498:cf8e0bef-4cd2-4630-9dc4-c7021e7491af,"size == ""1""","isEmpty == ""True""","peek_obj_type == ""class java.lang.String""","push == ""False""","pop == ""True""","clear == ""False""","calledMethod == ""pop""","size_p == ""1""",Yes
5058,1607899197498:808bc8c1-8db9-4626-8245-04fda835cf22,1607899197498:ce20da85-60a0-4665-8a37-6e48f0c38564,"size == ""1""","isEmpty == ""True""","peek_obj_type == ""class java.lang.String""","push == ""True""","pop == ""False""","clear == ""False""","calledMethod == ""push""","size_p == ""0""",Yes
5061,1607899197498:70a19e51-e501-474c-8470-dd25da8e9216,1607899197498:815d78dd-a51b-4b36-ac2f-54a8b0544088,"size == ""1""","isEmpty == ""True""","peek_obj_type == ""class java.lang.String""","push == ""True""","pop == ""False""","clear == ""False""","calledMethod == ""push""","size_p == ""0""",Yes
5062,1607899197498:70a19e51-e501-474c-8470-dd25da8e9216,1607899197498:815d78dd-a51b-4b36-ac2f-54a8b0544088,"size == ""1""","isEmpty == ""True""","peek_obj_type == ""class java.lang.String""","push == ""False""","pop == ""False""","clear == ""True""","calledMethod == ""clear""","size_p == ""1""",Yes
5063,1607899197498:70a19e51-e501-474c-8470-dd25da8e9216,1607899197498:815d78dd-a51b-4b36-ac2f-54a8b0544088,"size == ""1""","isEmpty == ""True""","peek_obj_type == ""class java.lang.String""","push == ""False""","pop == ""False""","clear == ""True""","calledMethod == ""clear""","size_p == ""1""",Yes
5064,1607899197498:70a19e51-e501-474c-8470-dd25da8e9216,1607899197498:815d78dd-a51b-4b36-ac2f-54a8b0544088,"size == ""1""","isEmpty == ""True""","peek_obj_type == ""class java.lang.String""","push == ""False""","pop == ""False""","clear == ""True""","calledMethod == ""clear""","size_p == ""1""",Yes
5066,1607899197498:70a19e51-e501-474c-8470-dd25da8e9216,1607899197498:4d8e3067-f706-441e-8ac6-2a7679f501b4,"size == ""1""","isEmpty == ""True""","peek_obj_type == ""class java.lang.String""","push == ""True""","pop == ""False""","clear == ""False""","calledMethod == ""push""","size_p == ""0""",Yes
5067,1607899197498:70a19e51-e501-474c-8470-dd25da8e9216,1607899197498:4d8e3067-f706-441e-8ac6-2a7679f501b4,"size == ""1""","isEmpty == ""True""","peek_obj_type == ""class java.lang.String""","push == ""False""","pop == ""True""","clear == ""False""","calledMethod == ""pop""","size_p == ""1""",Yes
5070,1607899197497:d15a211d-e071-4fb2-8102-0b7c0e905c8d,1607899197497:4151c5a5-cd2d-4a9d-b0a8-2e409a9a654e,"size == ""1""","isEmpty == ""True""","peek_obj_type == ""class java.lang.String""","push == ""True""","pop == ""False""","clear == ""False""","calledMethod == ""push""","size_p == ""0""",Yes
5071,1607899197497:d15a211d-e071-4fb2-8102-0b7c0e905c8d,1607899197497:4151c5a5-cd2d-4a9d-b0a8-2e409a9a654e,"size == ""1""","isEmpty == ""True""","peek_obj_type == ""class java.lang.String""","push == ""False""","pop == ""True""","clear == ""False""","calledMethod == ""pop""","size_p == ""1""",Yes
5073,1607899197497:c6a4436d-3b88-4787-a7f8-305f29f8a3f6,1607899197497:ca34489d-8ece-4ebb-a20c-82a14e421103,"size == ""1""","isEmpty == ""True""","peek_obj_type == ""class java.lang.String""","push == ""True""","pop == ""False""","clear == ""False""","calledMethod == ""push""","size_p == ""0""",Yes
5074,1607899197497:c6a4436d-3b88-4787-a7f8-305f29f8a3f6,1607899197497:ca34489d-8ece-4ebb-a20c-82a14e421103,"size == ""1""","isEmpty == ""True""","peek_obj_type == ""class java.lang.String""","push == ""False""","pop == ""True""","clear == ""False""","calledMethod == ""pop""","size_p == ""1""",Yes
5076,1607899197497:c2d21f1e-8a82-408a-a4db-92a4ee2be143,1607899197497:e91c11a4-40ef-4cca-89cf-97084d5a5a99,"size == ""1""","isEmpty == ""True""","peek_obj_type == ""class java.lang.String""","push == ""True""","pop == ""False""","clear == ""False""","calledMethod == ""push""","size_p == ""0""",Yes
5077,1607899197497:c2d21f1e-8a82-408a-a4db-92a4ee2be143,1607899197497:e91c11a4-40ef-4cca-89cf-97084d5a5a99,"size == ""1""","isEmpty == ""True""","peek_obj_type == ""class java.lang.String""","push == ""False""","pop == ""True""","clear == ""False""","calledMethod == ""pop""","size_p == ""1""",Yes
5079,1607899197497:76871b05-cadc-44f9-90b7-152de4bf3efc,1607899197497:e7811949-0ac2-492e-8b3a-9176606f4cf1,"size == ""1""","isEmpty == ""True""","peek_obj_type == ""class java.lang.String""","push == ""True""","pop == ""False""","clear == ""False""","calledMethod == ""push""","size_p == ""0""",Yes
5080,1607899197497:76871b05-cadc-44f9-90b7-152de4bf3efc,1607899197497:e7811949-0ac2-492e-8b3a-9176606f4cf1,"size == ""1""","isEmpty == ""True""","peek_obj_type == ""class java.lang.String""","push == ""False""","pop == ""True""","clear == ""False""","calledMethod == ""pop""","size_p == ""1""",Yes
5082,1607899197496:c7af01d4-a55f-482f-8d71-f3a49c287868,1607899197496:d5d9088a-0080-433b-989e-d6386d20dca8,"size == ""1""","isEmpty == ""True""","peek_obj_type == ""class java.lang.String""","push == ""True""","pop == ""False""","clear == ""False""","calledMethod == ""push""","size_p == ""0""",Yes
5083,1607899197496:c7af01d4-a55f-482f-8d71-f3a49c287868,1607899197496:d5d9088a-0080-433b-989e-d6386d20dca8,"size == ""1""","isEmpty == ""True""","peek_obj_type == ""class java.lang.String""","push == ""False""","pop == ""True""","clear == ""False""","calledMethod == ""pop""","size_p == ""1""",Yes
5085,1607899197496:c7af01d4-a55f-482f-8d71-f3a49c287868,1607899197496:4c326298-ac29-4ba6-a2ef-b51cbb915688,"size == ""1""","isEmpty == ""True""","peek_obj_type == ""class java.lang.String""","push == ""True""","pop == ""False""","clear == ""False""","calledMethod == ""push""","size_p == ""0""",Yes
5086,1607899197496:c7af01d4-a55f-482f-8d71-f3a49c287868,1607899197496:4c326298-ac29-4ba6-a2ef-b51cbb915688,"size == ""2""","isEmpty == ""True""","peek_obj_type == ""class java.lang.String""","push == ""True""","pop == ""False""","clear == ""False""","calledMethod == ""push""","size_p == ""1""",Yes
5088,1607899197496:83f98f44-1873-42c5-b48f-f8673f3f7ff5,1607899197496:e3d12203-fc1b-43c3-9980-09a4a8705ecc,"size == ""1""","isEmpty == ""True""","peek_obj_type == ""class java.lang.String""","push == ""True""","pop == ""False""","clear == ""False""","calledMethod == ""push""","size_p == ""0""",Yes
5089,1607899197496:83f98f44-1873-42c5-b48f-f8673f3f7ff5,1607899197496:e3d12203-fc1b-43c3-9980-09a4a8705ecc,"size == ""1""","isEmpty == ""True""","peek_obj_type == ""class java.lang.String""","push == ""False""","pop == ""True""","clear == ""False""","calledMethod == ""pop""","size_p == ""1""",Yes
5092,1607899197496:83f98f44-1873-42c5-b48f-f8673f3f7ff5,1607899197496:991c62ea-9d71-4dbb-9b73-5fabbc97e55d,"size == ""1""","isEmpty == ""True""","peek_obj_type == ""class java.lang.String""","push == ""True""","pop == ""False""","clear == ""False""","calledMethod == ""push""","size_p == ""0""",Yes
5093,1607899197496:83f98f44-1873-42c5-b48f-f8673f3f7ff5,1607899197496:991c62ea-9d71-4dbb-9b73-5fabbc97e55d,"size == ""1""","isEmpty == ""True""","peek_obj_type == ""class java.lang.String""","push == ""False""","pop == ""False""","clear == ""True""","calledMethod == ""clear""","size_p == ""1""",Yes
5094,1607899197496:83f98f44-1873-42c5-b48f-f8673f3f7ff5,1607899197496:991c62ea-9d71-4dbb-9b73-5fabbc97e55d,"size == ""1""","isEmpty == ""True""","peek_obj_type == ""class java.lang.String""","push == ""False""","pop == ""False""","clear == ""True""","calledMethod == ""clear""","size_p == ""1""",Yes
5095,1607899197496:83f98f44-1873-42c5-b48f-f8673f3f7ff5,1607899197496:991c62ea-9d71-4dbb-9b73-5fabbc97e55d,"size == ""1""","isEmpty == ""True""","peek_obj_type == ""class java.lang.String""","push == ""False""","pop == ""False""","clear == ""True""","calledMethod == ""clear""","size_p == ""1""",Yes
5097,1607899197496:6aad9cfc-11e6-4672-a162-11608cacb0a0,1607899197497:cb98a655-106d-412f-9576-c864f3ca2323,"size == ""1""","isEmpty == ""True""","peek_obj_type == ""class java.lang.String""","push == ""True""","pop == ""False""","clear == ""False""","calledMethod == ""push""","size_p == ""0""",Yes
5098,1607899197496:6aad9cfc-11e6-4672-a162-11608cacb0a0,1607899197497:cb98a655-106d-412f-9576-c864f3ca2323,"size == ""1""","isEmpty == ""True""","peek_obj_type == ""class java.lang.String""","push == ""False""","pop == ""True""","clear == ""False""","calledMethod == ""pop""","size_p == ""1""",Yes
5100,1607899197496:6aad9cfc-11e6-4672-a162-11608cacb0a0,1607899197497:40083b50-0de2-4ade-805c-99ecf91424f6,"size == ""1""","isEmpty == ""True""","peek_obj_type == ""class java.lang.String""","push == ""True""","pop == ""False""","clear == ""False""","calledMethod == ""push""","size_p == ""0""",Yes
5103,1607899197495:c4aa9a35-2eec-44b5-9d14-e335d33a7497,1607899197495:19abbcee-d4e0-410d-a556-08a6d4e87d72,"size == ""1""","isEmpty == ""True""","peek_obj_type == ""class java.lang.String""","push == ""True""","pop == ""False""","clear == ""False""","calledMethod == ""push""","size_p == ""0""",Yes
5104,1607899197495:c4aa9a35-2eec-44b5-9d14-e335d33a7497,1607899197495:19abbcee-d4e0-410d-a556-08a6d4e87d72,"size == ""1""","isEmpty == ""True""","peek_obj_type == ""class java.lang.String""","push == ""False""","pop == ""True""","clear == ""False""","calledMethod == ""pop""","size_p == ""1""",Yes
5106,1607899197495:83537a9f-b3ad-44f4-9cc7-c949fc66eaee,1607899197496:90aad216-730b-4c8a-b8d1-3e90cfb1c41e,"size == ""1""","isEmpty == ""True""","peek_obj_type == ""class java.lang.String""","push == ""True""","pop == ""False""","clear == ""False""","calledMethod == ""push""","size_p == ""0""",Yes
5107,1607899197495:83537a9f-b3ad-44f4-9cc7-c949fc66eaee,1607899197496:90aad216-730b-4c8a-b8d1-3e90cfb1c41e,"size == ""1""","isEmpty == ""True""","peek_obj_type == ""class java.lang.String""","push == ""False""","pop == ""True""","clear == ""False""","calledMethod == ""pop""","size_p == ""1""",Yes
5110,1607899197495:83537a9f-b3ad-44f4-9cc7-c949fc66eaee,1607899197495:ef6463ab-eb8d-4ccc-9e75-83b022c370e8,"size == ""1""","isEmpty == ""True""","peek_obj_type == ""class java.lang.String""","push == ""True""","pop == ""False""","clear == ""False""","calledMethod == ""push""","size_p == ""0""",Yes
5111,1607899197495:83537a9f-b3ad-44f4-9cc7-c949fc66eaee,1607899197495:ef6463ab-eb8d-4ccc-9e75-83b022c370e8,"size == ""1""","isEmpty == ""True""","peek_obj_type == ""class java.lang.String""","push == ""False""","pop == ""False""","clear == ""True""","calledMethod == ""clear""","size_p == ""1""",Yes
5113,1607899197495:83537a9f-b3ad-44f4-9cc7-c949fc66eaee,1607899197495:e3960586-121d-45f0-9cfa-07f9b8462aa5,"size == ""1""","isEmpty == ""True""","peek_obj_type == ""class java.lang.String""","push == ""True""","pop == ""False""","clear == ""False""","calledMethod == ""push""","size_p == ""0""",Yes
5117,1607899197495:7b5f48b9-cabe-48eb-a566-fe245bfafb31,1607899197495:4ef61fe1-a0cd-4f68-8bd2-f4be4415c5c2,"size == ""1""","isEmpty == ""True""","peek_obj_type == ""class java.lang.String""","push == ""True""","pop == ""False""","clear == ""False""","calledMethod == ""push""","size_p == ""0""",Yes
5118,1607899197495:7b5f48b9-cabe-48eb-a566-fe245bfafb31,1607899197495:4ef61fe1-a0cd-4f68-8bd2-f4be4415c5c2,"size == ""1""","isEmpty == ""True""","peek_obj_type == ""class java.lang.String""","push == ""False""","pop == ""True""","clear == ""False""","calledMethod == ""pop""","size_p == ""1""",Yes
5120,1607899197495:06502cf6-9a1b-4fc9-b79a-ba8f899cbd25,1607899197495:f80019be-b234-468b-a450-235284f29ec4,"size == ""1""","isEmpty == ""True""","peek_obj_type == ""class java.lang.String""","push == ""True""","pop == ""False""","clear == ""False""","calledMethod == ""push""","size_p == ""0""",Yes
5121,1607899197495:06502cf6-9a1b-4fc9-b79a-ba8f899cbd25,1607899197495:f80019be-b234-468b-a450-235284f29ec4,"size == ""1""","isEmpty == ""True""","peek_obj_type == ""class java.lang.String""","push == ""False""","pop == ""True""","clear == ""False""","calledMethod == ""pop""","size_p == ""1""",Yes
5124,1607899197495:06502cf6-9a1b-4fc9-b79a-ba8f899cbd25,1607899197495:3b38f066-a749-4eab-a85e-d367547b82fa,"size == ""1""","isEmpty == ""True""","peek_obj_type == ""class java.lang.String""","push == ""True""","pop == ""False""","clear == ""False""","calledMethod == ""push""","size_p == ""0""",Yes
5125,1607899197495:06502cf6-9a1b-4fc9-b79a-ba8f899cbd25,1607899197495:3b38f066-a749-4eab-a85e-d367547b82fa,"size == ""1""","isEmpty == ""True""","peek_obj_type == ""class java.lang.String""","push == ""False""","pop == ""False""","clear == ""True""","calledMethod == ""clear""","size_p == ""1""",Yes
5126,1607899197495:06502cf6-9a1b-4fc9-b79a-ba8f899cbd25,1607899197495:3b38f066-a749-4eab-a85e-d367547b82fa,"size == ""1""","isEmpty == ""True""","peek_obj_type == ""class java.lang.String""","push == ""False""","pop == ""False""","clear == ""True""","calledMethod == ""clear""","size_p == ""1""",Yes
5127,1607899197495:06502cf6-9a1b-4fc9-b79a-ba8f899cbd25,1607899197495:3b38f066-a749-4eab-a85e-d367547b82fa,"size == ""1""","isEmpty == ""True""","peek_obj_type == ""class java.lang.String""","push == ""False""","pop == ""False""","clear == ""True""","calledMethod == ""clear""","size_p == ""1""",Yes
5129,1607899197494:e4ed70d9-5799-40c9-ae64-1fdc0640fc78,1607899197494:c9c2c0c4-c78e-4ca0-a40a-bb3809b84c12,"size == ""1""","isEmpty == ""True""","peek_obj_type == ""class java.lang.String""","push == ""True""","pop == ""False""","clear == ""False""","calledMethod == ""push""","size_p == ""0""",Yes
5130,1607899197494:e4ed70d9-5799-40c9-ae64-1fdc0640fc78,1607899197494:c9c2c0c4-c78e-4ca0-a40a-bb3809b84c12,"size == ""1""","isEmpty == ""True""","peek_obj_type == ""class java.lang.String""","push == ""False""","pop == ""True""","clear == ""False""","calledMethod == ""pop""","size_p == ""1""",Yes
5132,1607899197494:5eb6d4da-f76b-4dc9-a403-eb9850079bdf,1607899197494:441de602-d792-4980-bf47-ec85d10d7ee6,"size == ""1""","isEmpty == ""True""","peek_obj_type == ""class java.lang.String""","push == ""True""","pop == ""False""","clear == ""False""","calledMethod == ""push""","size_p == ""0""",Yes
5133,1607899197494:5eb6d4da-f76b-4dc9-a403-eb9850079bdf,1607899197494:441de602-d792-4980-bf47-ec85d10d7ee6,"size == ""1""","isEmpty == ""True""","peek_obj_type == ""class java.lang.String""","push == ""False""","pop == ""True""","clear == ""False""","calledMethod == ""pop""","size_p == ""1""",Yes
5135,1607899197494:5cc9c2af-f7b8-42d7-89df-8efed9da0896,1607899197494:43915606-4f2c-4caa-9553-54f3a8b7ac17,"size == ""1""","isEmpty == ""True""","peek_obj_type == ""class java.lang.String""","push == ""True""","pop == ""False""","clear == ""False""","calledMethod == ""push""","size_p == ""0""",Yes
5136,1607899197494:5cc9c2af-f7b8-42d7-89df-8efed9da0896,1607899197494:43915606-4f2c-4caa-9553-54f3a8b7ac17,"size == ""1""","isEmpty == ""True""","peek_obj_type == ""class java.lang.String""","push == ""False""","pop == ""True""","clear == ""False""","calledMethod == ""pop""","size_p == ""1""",Yes
5139,1607899197493:d6dfdbc6-8d78-47a3-8ffe-162cbb7d389b,1607899197493:9e1b34d6-731e-459e-8e67-181c40c4aa92,"size == ""1""","isEmpty == ""True""","peek_obj_type == ""class java.lang.String""","push == ""True""","pop == ""False""","clear == ""False""","calledMethod == ""push""","size_p == ""0""",Yes
5140,1607899197493:d6dfdbc6-8d78-47a3-8ffe-162cbb7d389b,1607899197493:9e1b34d6-731e-459e-8e67-181c40c4aa92,"size == ""1""","isEmpty == ""True""","peek_obj_type == ""class java.lang.String""","push == ""False""","pop == ""False""","clear == ""True""","calledMethod == ""clear""","size_p == ""1""",Yes
5141,1607899197493:d6dfdbc6-8d78-47a3-8ffe-162cbb7d389b,1607899197493:9e1b34d6-731e-459e-8e67-181c40c4aa92,"size == ""1""","isEmpty == ""True""","peek_obj_type == ""class java.lang.String""","push == ""False""","pop == ""False""","clear == ""True""","calledMethod == ""clear""","size_p == ""1""",Yes
5142,1607899197493:d6dfdbc6-8d78-47a3-8ffe-162cbb7d389b,1607899197493:9e1b34d6-731e-459e-8e67-181c40c4aa92,"size == ""1""","isEmpty == ""True""","peek_obj_type == ""class java.lang.String""","push == ""False""","pop == ""False""","clear == ""True""","calledMethod == ""clear""","size_p == ""1""",Yes
5144,1607899197493:d6dfdbc6-8d78-47a3-8ffe-162cbb7d389b,1607899197493:991824a7-144e-4255-a90b-53f3f29fe122,"size == ""1""","isEmpty == ""True""","peek_obj_type == ""class java.lang.String""","push == ""True""","pop == ""False""","clear == ""False""","calledMethod == ""push""","size_p == ""0""",Yes
5145,1607899197493:d6dfdbc6-8d78-47a3-8ffe-162cbb7d389b,1607899197493:991824a7-144e-4255-a90b-53f3f29fe122,"size == ""1""","isEmpty == ""True""","peek_obj_type == ""class java.lang.String""","push == ""False""","pop == ""True""","clear == ""False""","calledMethod == ""pop""","size_p == ""1""",Yes
5148,1607899197493:9b01cea4-9cda-4929-a796-fb41cb924727,1607899197493:f9ac3077-a3a5-4958-a010-d105585d4d7e,"size == ""1""","isEmpty == ""True""","peek_obj_type == ""class java.lang.String""","push == ""True""","pop == ""False""","clear == ""False""","calledMethod == ""push""","size_p == ""0""",Yes
5149,1607899197493:9b01cea4-9cda-4929-a796-fb41cb924727,1607899197493:f9ac3077-a3a5-4958-a010-d105585d4d7e,"size == ""1""","isEmpty == ""True""","peek_obj_type == ""class java.lang.String""","push == ""False""","pop == ""True""","clear == ""False""","calledMethod == ""pop""","size_p == ""1""",Yes
5151,1607899197493:8ddb30bf-b447-4577-a439-af9d6b5b2011,1607899197493:b25f64fc-b41b-4ba1-896f-a1bb0df2c229,"size == ""1""","isEmpty == ""True""","peek_obj_type == ""class java.lang.String""","push == ""True""","pop == ""False""","clear == ""False""","calledMethod == ""push""","size_p == ""0""",Yes
5152,1607899197493:8ddb30bf-b447-4577-a439-af9d6b5b2011,1607899197493:b25f64fc-b41b-4ba1-896f-a1bb0df2c229,"size == ""1""","isEmpty == ""True""","peek_obj_type == ""class java.lang.String""","push == ""False""","pop == ""True""","clear == ""False""","calledMethod == ""pop""","size_p == ""1""",Yes
5154,1607899197493:5454dd1e-eb61-4053-b3ce-390c153ebccd,1607899197493:7105cd06-5124-4c2a-bb51-3d3d4b5071e8,"size == ""1""","isEmpty == ""True""","peek_obj_type == ""class java.lang.String""","push == ""True""","pop == ""False""","clear == ""False""","calledMethod == ""push""","size_p == ""0""",Yes
5155,1607899197493:5454dd1e-eb61-4053-b3ce-390c153ebccd,1607899197493:7105cd06-5124-4c2a-bb51-3d3d4b5071e8,"size == ""1""","isEmpty == ""True""","peek_obj_type == ""class java.lang.String""","push == ""False""","pop == ""True""","clear == ""False""","calledMethod == ""pop""","size_p == ""1""",Yes
5158,1607899197492:e96dafac-da92-4e8b-b60c-d31c20db9874,1607899197492:1c197425-cefc-41dc-b192-fc2d38fb5f2c,"size == ""1""","isEmpty == ""True""","peek_obj_type == ""class java.lang.String""","push == ""True""","pop == ""False""","clear == ""False""","calledMethod == ""push""","size_p == ""0""",Yes
5159,1607899197492:e96dafac-da92-4e8b-b60c-d31c20db9874,1607899197492:1c197425-cefc-41dc-b192-fc2d38fb5f2c,"size == ""1""","isEmpty == ""True""","peek_obj_type == ""class java.lang.String""","push == ""False""","pop == ""True""","clear == ""False""","calledMethod == ""pop""","size_p == ""1""",Yes
5161,1607899197492:d22d5b24-b6ec-40bb-8894-c6bb57c4f119,1607899197492:a44f1923-10ae-4556-afad-deb740367224,"size == ""1""","isEmpty == ""True""","peek_obj_type == ""class java.lang.String""","push == ""True""","pop == ""False""","clear == ""False""","calledMethod == ""push""","size_p == ""0""",Yes
5162,1607899197492:d22d5b24-b6ec-40bb-8894-c6bb57c4f119,1607899197492:a44f1923-10ae-4556-afad-deb740367224,"size == ""1""","isEmpty == ""True""","peek_obj_type == ""class java.lang.String""","push == ""False""","pop == ""True""","clear == ""False""","calledMethod == ""pop""","size_p == ""1""",Yes
5164,1607899197492:d22d5b24-b6ec-40bb-8894-c6bb57c4f119,1607899197492:84c482a0-b6bc-4849-9430-14970c80adee,"size == ""1""","isEmpty == ""True""","peek_obj_type == ""class java.lang.String""","push == ""True""","pop == ""False""","clear == ""False""","calledMethod == ""push""","size_p == ""0""",Yes
5165,1607899197492:d22d5b24-b6ec-40bb-8894-c6bb57c4f119,1607899197492:84c482a0-b6bc-4849-9430-14970c80adee,"size == ""2""","isEmpty == ""True""","peek_obj_type == ""class java.lang.String""","push == ""True""","pop == ""False""","clear == ""False""","calledMethod == ""push""","size_p == ""1""",Yes
5166,1607899197492:d22d5b24-b6ec-40bb-8894-c6bb57c4f119,1607899197492:84c482a0-b6bc-4849-9430-14970c80adee,"size == ""2""","isEmpty == ""True""","peek_obj_type == ""class java.lang.String""","push == ""False""","pop == ""False""","clear == ""True""","calledMethod == ""clear""","size_p == ""2""",Yes
5168,1607899197492:a7970f20-2f67-463c-a65c-7d3cc453174f,1607899197492:c0da9aa5-7a9d-4d52-8fa9-4cdac3f71316,"size == ""1""","isEmpty == ""True""","peek_obj_type == ""class java.lang.String""","push == ""True""","pop == ""False""","clear == ""False""","calledMethod == ""push""","size_p == ""0""",Yes
5169,1607899197492:a7970f20-2f67-463c-a65c-7d3cc453174f,1607899197492:c0da9aa5-7a9d-4d52-8fa9-4cdac3f71316,"size == ""1""","isEmpty == ""True""","peek_obj_type == ""class java.lang.String""","push == ""False""","pop == ""True""","clear == ""False""","calledMethod == ""pop""","size_p == ""1""",Yes
5171,1607899197492:55ee51cb-e8ea-4516-9833-1bc4f17d3ca5,1607899197492:eae09c39-cc8e-435b-b1fb-bed952ae93ab,"size == ""1""","isEmpty == ""True""","peek_obj_type == ""class java.lang.String""","push == ""True""","pop == ""False""","clear == ""False""","calledMethod == ""push""","size_p == ""0""",Yes
5172,1607899197492:55ee51cb-e8ea-4516-9833-1bc4f17d3ca5,1607899197492:eae09c39-cc8e-435b-b1fb-bed952ae93ab,"size == ""1""","isEmpty == ""True""","peek_obj_type == ""class java.lang.String""","push == ""False""","pop == ""True""","clear == ""False""","calledMethod == ""pop""","size_p == ""1""",Yes
5174,1607899197492:4a644f05-7032-4d63-9af4-17a29fa8c40e,1607899197493:99f6ac1c-dc44-4e86-b485-7a5427b225d3,"size == ""1""","isEmpty == ""True""","peek_obj_type == ""class java.lang.String""","push == ""True""","pop == ""False""","clear == ""False""","calledMethod == ""push""","size_p == ""0""",Yes
5175,1607899197492:4a644f05-7032-4d63-9af4-17a29fa8c40e,1607899197493:99f6ac1c-dc44-4e86-b485-7a5427b225d3,"size == ""1""","isEmpty == ""True""","peek_obj_type == ""class java.lang.String""","push == ""False""","pop == ""True""","clear == ""False""","calledMethod == ""pop""","size_p == ""1""",Yes
5177,1607899197492:4a644f05-7032-4d63-9af4-17a29fa8c40e,1607899197492:2c7be2ab-a826-4ac7-9f4b-4c3e891f833b,"size == ""1""","isEmpty == ""True""","peek_obj_type == ""class java.lang.String""","push == ""True""","pop == ""False""","clear == ""False""","calledMethod == ""push""","size_p == ""0""",Yes
5179,1607899197491:e733ef00-fc97-4797-8c75-dfb2169fc039,1607899197491:dd5d0cd5-201d-4847-88cc-6bf4426af61d,"size == ""1""","isEmpty == ""True""","peek_obj_type == ""class java.lang.String""","push == ""True""","pop == ""False""","clear == ""False""","calledMethod == ""push""","size_p == ""0""",Yes
5180,1607899197491:e733ef00-fc97-4797-8c75-dfb2169fc039,1607899197491:dd5d0cd5-201d-4847-88cc-6bf4426af61d,"size == ""1""","isEmpty == ""True""","peek_obj_type == ""class java.lang.String""","push == ""False""","pop == ""True""","clear == ""False""","calledMethod == ""pop""","size_p == ""1""",Yes
5183,1607899197491:7593d479-ae44-484e-b7c3-ff9e37e8c3a8,1607899197491:6acaed8c-1900-4bd8-a704-3783174fc39c,"size == ""1""","isEmpty == ""True""","peek_obj_type == ""class java.lang.String""","push == ""True""","pop == ""False""","clear == ""False""","calledMethod == ""push""","size_p == ""0""",Yes
5184,1607899197491:7593d479-ae44-484e-b7c3-ff9e37e8c3a8,1607899197491:6acaed8c-1900-4bd8-a704-3783174fc39c,"size == ""1""","isEmpty == ""True""","peek_obj_type == ""class java.lang.String""","push == ""False""","pop == ""True""","clear == ""False""","calledMethod == ""pop""","size_p == ""1""",Yes
5186,1607899197491:7593d479-ae44-484e-b7c3-ff9e37e8c3a8,1607899197491:51afa50c-5e4b-4daa-83a9-46e583d45ff8,"size == ""1""","isEmpty == ""True""","peek_obj_type == ""class java.lang.String""","push == ""True""","pop == ""False""","clear == ""False""","calledMethod == ""push""","size_p == ""0""",Yes
5188,1607899197491:48496fce-26ed-46b1-bdab-ce1b3ae9b221,1607899197491:650aa35a-6b8e-4f9b-ab96-8021210e7b1b,"size == ""1""","isEmpty == ""True""","peek_obj_type == ""class java.lang.String""","push == ""True""","pop == ""False""","clear == ""False""","calledMethod == ""push""","size_p == ""0""",Yes
5189,1607899197491:48496fce-26ed-46b1-bdab-ce1b3ae9b221,1607899197491:650aa35a-6b8e-4f9b-ab96-8021210e7b1b,"size == ""1""","isEmpty == ""True""","peek_obj_type == ""class java.lang.String""","push == ""False""","pop == ""True""","clear == ""False""","calledMethod == ""pop""","size_p == ""1""",Yes
5191,1607899197491:309a676c-9abb-4b15-b354-9388fe0c7e1d,1607899197491:d0dbeb89-5ccd-4bbb-93b8-84158b48899f,"size == ""1""","isEmpty == ""True""","peek_obj_type == ""class java.lang.String""","push == ""True""","pop == ""False""","clear == ""False""","calledMethod == ""push""","size_p == ""0""",Yes
5192,1607899197491:309a676c-9abb-4b15-b354-9388fe0c7e1d,1607899197491:d0dbeb89-5ccd-4bbb-93b8-84158b48899f,"size == ""1""","isEmpty == ""True""","peek_obj_type == ""class java.lang.String""","push == ""False""","pop == ""True""","clear == ""False""","calledMethod == ""pop""","size_p == ""1""",Yes
5194,1607899197491:309a676c-9abb-4b15-b354-9388fe0c7e1d,1607899197491:5bca62ed-8885-40ec-a20c-6d90f5d57e1f,"size == ""1""","isEmpty == ""True""","peek_obj_type == ""class java.lang.String""","push == ""True""","pop == ""False""","clear == ""False""","calledMethod == ""push""","size_p == ""0""",Yes
5195,1607899197491:309a676c-9abb-4b15-b354-9388fe0c7e1d,1607899197491:5bca62ed-8885-40ec-a20c-6d90f5d57e1f,"size == ""2""","isEmpty == ""True""","peek_obj_type == ""class java.lang.String""","push == ""True""","pop == ""False""","clear == ""False""","calledMethod == ""push""","size_p == ""1""",Yes
5197,1607899197490:ac0301b4-b68a-424d-8174-3a0e4bcd44f1,1607899197490:c0159a9d-dfa2-42a3-b801-3cacde1416cf,"size == ""1""","isEmpty == ""True""","peek_obj_type == ""class java.lang.String""","push == ""True""","pop == ""False""","clear == ""False""","calledMethod == ""push""","size_p == ""0""",Yes
5198,1607899197490:ac0301b4-b68a-424d-8174-3a0e4bcd44f1,1607899197490:c0159a9d-dfa2-42a3-b801-3cacde1416cf,"size == ""1""","isEmpty == ""True""","peek_obj_type == ""class java.lang.String""","push == ""False""","pop == ""True""","clear == ""False""","calledMethod == ""pop""","size_p == ""1""",Yes
5200,1607899197489:e80b8bbf-9887-44c8-8eef-0026934683ad,1607899197489:b34993ae-20d4-444d-ae0e-129f33539f44,"size == ""1""","isEmpty == ""True""","peek_obj_type == ""class java.lang.String""","push == ""True""","pop == ""False""","clear == ""False""","calledMethod == ""push""","size_p == ""0""",Yes
5201,1607899197489:e80b8bbf-9887-44c8-8eef-0026934683ad,1607899197489:b34993ae-20d4-444d-ae0e-129f33539f44,"size == ""2""","isEmpty == ""True""","peek_obj_type == ""class java.lang.String""","push == ""True""","pop == ""False""","clear == ""False""","calledMethod == ""push""","size_p == ""1""",Yes
5203,1607899197489:e80b8bbf-9887-44c8-8eef-0026934683ad,1607899197489:a18bac76-223e-4675-9348-94ba3ef9a74a,"size == ""1""","isEmpty == ""True""","peek_obj_type == ""class java.lang.String""","push == ""True""","pop == ""False""","clear == ""False""","calledMethod == ""push""","size_p == ""0""",Yes
5204,1607899197489:e80b8bbf-9887-44c8-8eef-0026934683ad,1607899197489:a18bac76-223e-4675-9348-94ba3ef9a74a,"size == ""1""","isEmpty == ""True""","peek_obj_type == ""class java.lang.String""","push == ""False""","pop == ""True""","clear == ""False""","calledMethod == ""pop""","size_p == ""1""",Yes
5206,1607899197489:07b5f87b-59f0-4800-a4d2-5bb6a38559b9,1607899197489:242ca07d-471e-41ca-83fa-c1225826e6ba,"size == ""1""","isEmpty == ""True""","peek_obj_type == ""class java.lang.String""","push == ""True""","pop == ""False""","clear == ""False""","calledMethod == ""push""","size_p == ""0""",Yes
5208,1607899197489:07b5f87b-59f0-4800-a4d2-5bb6a38559b9,1607899197489:1250e679-22dc-43d2-b7d1-b4606f464d80,"size == ""1""","isEmpty == ""True""","peek_obj_type == ""class java.lang.String""","push == ""True""","pop == ""False""","clear == ""False""","calledMethod == ""push""","size_p == ""0""",Yes
5209,1607899197489:07b5f87b-59f0-4800-a4d2-5bb6a38559b9,1607899197489:1250e679-22dc-43d2-b7d1-b4606f464d80,"size == ""1""","isEmpty == ""True""","peek_obj_type == ""class java.lang.String""","push == ""False""","pop == ""True""","clear == ""False""","calledMethod == ""pop""","size_p == ""1""",Yes
5211,1607899197489:057ec8f9-a540-4e9c-a294-13bd68b5eafa,1607899197489:cb6e3212-6fd0-463b-8f25-7652f2893770,"size == ""1""","isEmpty == ""True""","peek_obj_type == ""class java.lang.String""","push == ""True""","pop == ""False""","clear == ""False""","calledMethod == ""push""","size_p == ""0""",Yes
5212,1607899197489:057ec8f9-a540-4e9c-a294-13bd68b5eafa,1607899197489:cb6e3212-6fd0-463b-8f25-7652f2893770,"size == ""1""","isEmpty == ""True""","peek_obj_type == ""class java.lang.String""","push == ""False""","pop == ""True""","clear == ""False""","calledMethod == ""pop""","size_p == ""1""",Yes
5215,1607899197489:057ec8f9-a540-4e9c-a294-13bd68b5eafa,1607899197489:7a78090c-4691-4b3b-9ed9-709f7b1c3cff,"size == ""1""","isEmpty == ""True""","peek_obj_type == ""class java.lang.String""","push == ""True""","pop == ""False""","clear == ""False""","calledMethod == ""push""","size_p == ""0""",Yes
5216,1607899197489:057ec8f9-a540-4e9c-a294-13bd68b5eafa,1607899197489:7a78090c-4691-4b3b-9ed9-709f7b1c3cff,"size == ""1""","isEmpty == ""True""","peek_obj_type == ""class java.lang.String""","push == ""False""","pop == ""False""","clear == ""True""","calledMethod == ""clear""","size_p == ""1""",Yes
5217,1607899197489:057ec8f9-a540-4e9c-a294-13bd68b5eafa,1607899197489:7a78090c-4691-4b3b-9ed9-709f7b1c3cff,"size == ""1""","isEmpty == ""True""","peek_obj_type == ""class java.lang.String""","push == ""False""","pop == ""False""","clear == ""True""","calledMethod == ""clear""","size_p == ""1""",Yes
5218,1607899197489:057ec8f9-a540-4e9c-a294-13bd68b5eafa,1607899197489:7a78090c-4691-4b3b-9ed9-709f7b1c3cff,"size == ""1""","isEmpty == ""True""","peek_obj_type == ""class java.lang.String""","push == ""False""","pop == ""False""","clear == ""True""","calledMethod == ""clear""","size_p == ""1""",Yes
5220,1607899197488:820eced6-b44d-47c5-9f42-54d2a0ee382c,1607899197488:9a052fb9-c87c-4486-b616-e95de5014964,"size == ""1""","isEmpty == ""True""","peek_obj_type == ""class java.lang.String""","push == ""True""","pop == ""False""","clear == ""False""","calledMethod == ""push""","size_p == ""0""",Yes
5224,1607899197488:820eced6-b44d-47c5-9f42-54d2a0ee382c,1607899197488:7c8cb2c8-44bc-4803-8a86-158ecb9e248e,"size == ""1""","isEmpty == ""True""","peek_obj_type == ""class java.lang.String""","push == ""True""","pop == ""False""","clear == ""False""","calledMethod == ""push""","size_p == ""0""",Yes
5225,1607899197488:820eced6-b44d-47c5-9f42-54d2a0ee382c,1607899197488:7c8cb2c8-44bc-4803-8a86-158ecb9e248e,"size == ""1""","isEmpty == ""True""","peek_obj_type == ""class java.lang.String""","push == ""False""","pop == ""False""","clear == ""True""","calledMethod == ""clear""","size_p == ""1""",Yes
5226,1607899197488:820eced6-b44d-47c5-9f42-54d2a0ee382c,1607899197488:7c8cb2c8-44bc-4803-8a86-158ecb9e248e,"size == ""1""","isEmpty == ""True""","peek_obj_type == ""class java.lang.String""","push == ""False""","pop == ""False""","clear == ""True""","calledMethod == ""clear""","size_p == ""1""",Yes
5227,1607899197488:820eced6-b44d-47c5-9f42-54d2a0ee382c,1607899197488:7c8cb2c8-44bc-4803-8a86-158ecb9e248e,"size == ""1""","isEmpty == ""True""","peek_obj_type == ""class java.lang.String""","push == ""False""","pop == ""False""","clear == ""True""","calledMethod == ""clear""","size_p == ""1""",Yes
5228,1607899197488:820eced6-b44d-47c5-9f42-54d2a0ee382c,1607899197488:7c8cb2c8-44bc-4803-8a86-158ecb9e248e,"size == ""1""","isEmpty == ""True""","peek_obj_type == ""class java.lang.String""","push == ""False""","pop == ""False""","clear == ""True""","calledMethod == ""clear""","size_p == ""1""",Yes
5230,1607899197488:820eced6-b44d-47c5-9f42-54d2a0ee382c,1607899197488:4de0d50f-1b44-4d0b-a656-12783f788ba4,"size == ""1""","isEmpty == ""True""","peek_obj_type == ""class java.lang.String""","push == ""True""","pop == ""False""","clear == ""False""","calledMethod == ""push""","size_p == ""0""",Yes
5231,1607899197488:820eced6-b44d-47c5-9f42-54d2a0ee382c,1607899197488:4de0d50f-1b44-4d0b-a656-12783f788ba4,"size == ""1""","isEmpty == ""True""","peek_obj_type == ""class java.lang.String""","push == ""False""","pop == ""True""","clear == ""False""","calledMethod == ""pop""","size_p == ""1""",Yes
5233,1607899197488:4d20d549-49c5-45b3-9538-91f677a3586f,1607899197488:ffd0c28c-7e1b-40c2-8c76-a3cbdcea92d8,"size == ""1""","isEmpty == ""True""","peek_obj_type == ""class java.lang.String""","push == ""True""","pop == ""False""","clear == ""False""","calledMethod == ""push""","size_p == ""0""",Yes
5234,1607899197488:4d20d549-49c5-45b3-9538-91f677a3586f,1607899197488:ffd0c28c-7e1b-40c2-8c76-a3cbdcea92d8,"size == ""1""","isEmpty == ""True""","peek_obj_type == ""class java.lang.String""","push == ""False""","pop == ""True""","clear == ""False""","calledMethod == ""pop""","size_p == ""1""",Yes
5237,1607899197488:0918a13e-bf2f-4f24-a0df-0d2ee1be785b,1607899197488:b3cfb13b-26e7-4847-a8a3-2211931440b2,"size == ""1""","isEmpty == ""True""","peek_obj_type == ""class java.lang.String""","push == ""True""","pop == ""False""","clear == ""False""","calledMethod == ""push""","size_p == ""0""",Yes
5238,1607899197488:0918a13e-bf2f-4f24-a0df-0d2ee1be785b,1607899197488:b3cfb13b-26e7-4847-a8a3-2211931440b2,"size == ""1""","isEmpty == ""True""","peek_obj_type == ""class java.lang.String""","push == ""False""","pop == ""False""","clear == ""True""","calledMethod == ""clear""","size_p == ""1""",Yes
5239,1607899197488:0918a13e-bf2f-4f24-a0df-0d2ee1be785b,1607899197488:b3cfb13b-26e7-4847-a8a3-2211931440b2,"size == ""1""","isEmpty == ""True""","peek_obj_type == ""class java.lang.String""","push == ""False""","pop == ""False""","clear == ""True""","calledMethod == ""clear""","size_p == ""1""",Yes
5240,1607899197488:0918a13e-bf2f-4f24-a0df-0d2ee1be785b,1607899197488:b3cfb13b-26e7-4847-a8a3-2211931440b2,"size == ""1""","isEmpty == ""True""","peek_obj_type == ""class java.lang.String""","push == ""False""","pop == ""False""","clear == ""True""","calledMethod == ""clear""","size_p == ""1""",Yes
5242,1607899197488:0918a13e-bf2f-4f24-a0df-0d2ee1be785b,1607899197488:40b1614b-935c-41ce-8714-90775ec8c3db,"size == ""1""","isEmpty == ""True""","peek_obj_type == ""class java.lang.String""","push == ""True""","pop == ""False""","clear == ""False""","calledMethod == ""push""","size_p == ""0""",Yes
5243,1607899197488:0918a13e-bf2f-4f24-a0df-0d2ee1be785b,1607899197488:40b1614b-935c-41ce-8714-90775ec8c3db,"size == ""1""","isEmpty == ""True""","peek_obj_type == ""class java.lang.String""","push == ""False""","pop == ""True""","clear == ""False""","calledMethod == ""pop""","size_p == ""1""",Yes
5245,1607899197487:6c70696b-5df6-4f09-a25e-446a34353c62,1607899197487:553220e9-8786-4c02-832c-7a5fff9e1b48,"size == ""1""","isEmpty == ""True""","peek_obj_type == ""class java.lang.String""","push == ""True""","pop == ""False""","clear == ""False""","calledMethod == ""push""","size_p == ""0""",Yes
5246,1607899197487:6c70696b-5df6-4f09-a25e-446a34353c62,1607899197487:553220e9-8786-4c02-832c-7a5fff9e1b48,"size == ""1""","isEmpty == ""True""","peek_obj_type == ""class java.lang.String""","push == ""False""","pop == ""True""","clear == ""False""","calledMethod == ""pop""","size_p == ""1""",Yes
5248,1607899197487:437b253a-4990-4967-87a3-2cd4d3327a5b,1607899197487:5f5356a7-7835-4feb-a3b2-7a2fd26f3487,"size == ""1""","isEmpty == ""True""","peek_obj_type == ""class java.lang.String""","push == ""True""","pop == ""False""","clear == ""False""","calledMethod == ""push""","size_p == ""0""",Yes
5249,1607899197487:437b253a-4990-4967-87a3-2cd4d3327a5b,1607899197487:5f5356a7-7835-4feb-a3b2-7a2fd26f3487,"size == ""2""","isEmpty == ""True""","peek_obj_type == ""class java.lang.String""","push == ""True""","pop == ""False""","clear == ""False""","calledMethod == ""push""","size_p == ""1""",Yes
5251,1607899197487:437b253a-4990-4967-87a3-2cd4d3327a5b,1607899197487:4cb5eb91-bbb3-4c0c-9e55-424513782f78,"size == ""1""","isEmpty == ""True""","peek_obj_type == ""class java.lang.String""","push == ""True""","pop == ""False""","clear == ""False""","calledMethod == ""push""","size_p == ""0""",Yes
5252,1607899197487:437b253a-4990-4967-87a3-2cd4d3327a5b,1607899197487:4cb5eb91-bbb3-4c0c-9e55-424513782f78,"size == ""1""","isEmpty == ""True""","peek_obj_type == ""class java.lang.String""","push == ""False""","pop == ""True""","clear == ""False""","calledMethod == ""pop""","size_p == ""1""",Yes
5255,1607899197487:36c09706-8bec-4d1e-b2a1-e2211fac8705,1607899197487:c04d1356-2f9d-4738-94b2-a283a53adf5f,"size == ""1""","isEmpty == ""True""","peek_obj_type == ""class java.lang.String""","push == ""True""","pop == ""False""","clear == ""False""","calledMethod == ""push""","size_p == ""0""",Yes
5256,1607899197487:36c09706-8bec-4d1e-b2a1-e2211fac8705,1607899197487:c04d1356-2f9d-4738-94b2-a283a53adf5f,"size == ""1""","isEmpty == ""True""","peek_obj_type == ""class java.lang.String""","push == ""False""","pop == ""True""","clear == ""False""","calledMethod == ""pop""","size_p == ""1""",Yes
5258,1607899197487:36c09706-8bec-4d1e-b2a1-e2211fac8705,1607899197487:782cd491-43ce-41c7-b805-b024903fc4d5,"size == ""1""","isEmpty == ""True""","peek_obj_type == ""class java.lang.String""","push == ""True""","pop == ""False""","clear == ""False""","calledMethod == ""push""","size_p == ""0""",Yes
5259,1607899197487:36c09706-8bec-4d1e-b2a1-e2211fac8705,1607899197487:782cd491-43ce-41c7-b805-b024903fc4d5,"size == ""2""","isEmpty == ""True""","peek_obj_type == ""class java.lang.String""","push == ""True""","pop == ""False""","clear == ""False""","calledMethod == ""push""","size_p == ""1""",Yes
5260,1607899197487:36c09706-8bec-4d1e-b2a1-e2211fac8705,1607899197487:782cd491-43ce-41c7-b805-b024903fc4d5,"size == ""3""","isEmpty == ""True""","peek_obj_type == ""class java.lang.String""","push == ""True""","pop == ""False""","clear == ""False""","calledMethod == ""push""","size_p == ""2""",Yes
5263,1607899197486:d8e01d53-54ae-4464-b9e8-7ef2d2f000ad,1607899197486:c062c96a-6b7e-4388-a07e-0dc0b6f983e7,"size == ""1""","isEmpty == ""True""","peek_obj_type == ""class java.lang.String""","push == ""True""","pop == ""False""","clear == ""False""","calledMethod == ""push""","size_p == ""0""",Yes
5264,1607899197486:d8e01d53-54ae-4464-b9e8-7ef2d2f000ad,1607899197486:c062c96a-6b7e-4388-a07e-0dc0b6f983e7,"size == ""1""","isEmpty == ""True""","peek_obj_type == ""class java.lang.String""","push == ""False""","pop == ""False""","clear == ""True""","calledMethod == ""clear""","size_p == ""1""",Yes
5266,1607899197486:d8e01d53-54ae-4464-b9e8-7ef2d2f000ad,1607899197486:0e9306da-a089-461d-b2f5-39418a9b8951,"size == ""1""","isEmpty == ""True""","peek_obj_type == ""class java.lang.String""","push == ""True""","pop == ""False""","clear == ""False""","calledMethod == ""push""","size_p == ""0""",Yes
5267,1607899197486:d8e01d53-54ae-4464-b9e8-7ef2d2f000ad,1607899197486:0e9306da-a089-461d-b2f5-39418a9b8951,"size == ""1""","isEmpty == ""True""","peek_obj_type == ""class java.lang.String""","push == ""False""","pop == ""True""","clear == ""False""","calledMethod == ""pop""","size_p == ""1""",Yes
5269,1607899197486:ba1b5b6a-db16-4562-8be3-d44036e18252,1607899197487:eb6b2d63-ffe3-446e-9661-9b5599b12cec,"size == ""1""","isEmpty == ""True""","peek_obj_type == ""class java.lang.String""","push == ""True""","pop == ""False""","clear == ""False""","calledMethod == ""push""","size_p == ""0""",Yes
5270,1607899197486:ba1b5b6a-db16-4562-8be3-d44036e18252,1607899197487:eb6b2d63-ffe3-446e-9661-9b5599b12cec,"size == ""1""","isEmpty == ""True""","peek_obj_type == ""class java.lang.String""","push == ""False""","pop == ""True""","clear == ""False""","calledMethod == ""pop""","size_p == ""1""",Yes
5272,1607899197486:ba1b5b6a-db16-4562-8be3-d44036e18252,1607899197486:2e7558ff-c2ed-4248-82a5-ef6aa86d4747,"size == ""1""","isEmpty == ""True""","peek_obj_type == ""class java.lang.String""","push == ""True""","pop == ""False""","clear == ""False""","calledMethod == ""push""","size_p == ""0""",Yes
5273,1607899197486:ba1b5b6a-db16-4562-8be3-d44036e18252,1607899197486:2e7558ff-c2ed-4248-82a5-ef6aa86d4747,"size == ""2""","isEmpty == ""True""","peek_obj_type == ""class java.lang.String""","push == ""True""","pop == ""False""","clear == ""False""","calledMethod == ""push""","size_p == ""1""",Yes
5274,1607899197486:ba1b5b6a-db16-4562-8be3-d44036e18252,1607899197486:2e7558ff-c2ed-4248-82a5-ef6aa86d4747,"size == ""3""","isEmpty == ""True""","peek_obj_type == ""class java.lang.String""","push == ""True""","pop == ""False""","clear == ""False""","calledMethod == ""push""","size_p == ""2""",Yes
5276,1607899197486:0fc499c3-76b7-4022-92bd-30789101800d,1607899197486:700410c9-c151-499e-a262-517a0a18c9d3,"size == ""1""","isEmpty == ""True""","peek_obj_type == ""class java.lang.String""","push == ""True""","pop == ""False""","clear == ""False""","calledMethod == ""push""","size_p == ""0""",Yes
5277,1607899197486:0fc499c3-76b7-4022-92bd-30789101800d,1607899197486:700410c9-c151-499e-a262-517a0a18c9d3,"size == ""1""","isEmpty == ""True""","peek_obj_type == ""class java.lang.String""","push == ""False""","pop == ""True""","clear == ""False""","calledMethod == ""pop""","size_p == ""1""",Yes
5279,1607899197486:0fc499c3-76b7-4022-92bd-30789101800d,1607899197486:3313f612-b8ec-4d9f-ad70-1f73d901544f,"size == ""1""","isEmpty == ""True""","peek_obj_type == ""class java.lang.String""","push == ""True""","pop == ""False""","clear == ""False""","calledMethod == ""push""","size_p == ""0""",Yes
5280,1607899197486:0fc499c3-76b7-4022-92bd-30789101800d,1607899197486:3313f612-b8ec-4d9f-ad70-1f73d901544f,"size == ""2""","isEmpty == ""True""","peek_obj_type == ""class java.lang.String""","push == ""True""","pop == ""False""","clear == ""False""","calledMethod == ""push""","size_p == ""1""",Yes
5282,1607899197485:513010e6-8ce4-42b4-918e-dbcddfde88bb,1607899197485:a9b913c8-4a16-46fb-b3a7-da7f31ccf622,"size == ""1""","isEmpty == ""True""","peek_obj_type == ""class java.lang.String""","push == ""True""","pop == ""False""","clear == ""False""","calledMethod == ""push""","size_p == ""0""",Yes
5284,1607899197485:513010e6-8ce4-42b4-918e-dbcddfde88bb,1607899197485:8d1da9c5-af11-4265-ba0c-70e078f946bf,"size == ""1""","isEmpty == ""True""","peek_obj_type == ""class java.lang.String""","push == ""True""","pop == ""False""","clear == ""False""","calledMethod == ""push""","size_p == ""0""",Yes
5285,1607899197485:513010e6-8ce4-42b4-918e-dbcddfde88bb,1607899197485:8d1da9c5-af11-4265-ba0c-70e078f946bf,"size == ""2""","isEmpty == ""True""","peek_obj_type == ""class java.lang.String""","push == ""True""","pop == ""False""","clear == ""False""","calledMethod == ""push""","size_p == ""1""",Yes
5286,1607899197485:513010e6-8ce4-42b4-918e-dbcddfde88bb,1607899197485:8d1da9c5-af11-4265-ba0c-70e078f946bf,"size == ""3""","isEmpty == ""True""","peek_obj_type == ""class java.lang.String""","push == ""True""","pop == ""False""","clear == ""False""","calledMethod == ""push""","size_p == ""2""",Yes
5287,1607899197485:513010e6-8ce4-42b4-918e-dbcddfde88bb,1607899197485:8d1da9c5-af11-4265-ba0c-70e078f946bf,"size == ""3""","isEmpty == ""True""","peek_obj_type == ""class java.lang.String""","push == ""False""","pop == ""False""","clear == ""True""","calledMethod == ""clear""","size_p == ""3""",Yes
5289,1607899197485:513010e6-8ce4-42b4-918e-dbcddfde88bb,1607899197485:3a885feb-5ecd-4f81-b179-12daad84cfd5,"size == ""1""","isEmpty == ""True""","peek_obj_type == ""class java.lang.String""","push == ""True""","pop == ""False""","clear == ""False""","calledMethod == ""push""","size_p == ""0""",Yes
5290,1607899197485:513010e6-8ce4-42b4-918e-dbcddfde88bb,1607899197485:3a885feb-5ecd-4f81-b179-12daad84cfd5,"size == ""1""","isEmpty == ""True""","peek_obj_type == ""class java.lang.String""","push == ""False""","pop == ""True""","clear == ""False""","calledMethod == ""pop""","size_p == ""1""",Yes
5292,1607899197485:241a6cb1-376b-4ea3-a927-dd30887bcf81,1607899197486:b48c90d2-97ef-4b26-9c2a-4f66d804ad16,"size == ""1""","isEmpty == ""True""","peek_obj_type == ""class java.lang.String""","push == ""True""","pop == ""False""","clear == ""False""","calledMethod == ""push""","size_p == ""0""",Yes
5293,1607899197485:241a6cb1-376b-4ea3-a927-dd30887bcf81,1607899197486:b48c90d2-97ef-4b26-9c2a-4f66d804ad16,"size == ""1""","isEmpty == ""True""","peek_obj_type == ""class java.lang.String""","push == ""False""","pop == ""True""","clear == ""False""","calledMethod == ""pop""","size_p == ""1""",Yes
5296,1607899197485:241a6cb1-376b-4ea3-a927-dd30887bcf81,1607899197485:07625075-e75f-477d-976f-55915ba23a96,"size == ""1""","isEmpty == ""True""","peek_obj_type == ""class java.lang.String""","push == ""True""","pop == ""False""","clear == ""False""","calledMethod == ""push""","size_p == ""0""",Yes
5297,1607899197485:241a6cb1-376b-4ea3-a927-dd30887bcf81,1607899197485:07625075-e75f-477d-976f-55915ba23a96,"size == ""1""","isEmpty == ""True""","peek_obj_type == ""class java.lang.String""","push == ""False""","pop == ""False""","clear == ""True""","calledMethod == ""clear""","size_p == ""1""",Yes
5298,1607899197485:241a6cb1-376b-4ea3-a927-dd30887bcf81,1607899197485:07625075-e75f-477d-976f-55915ba23a96,"size == ""1""","isEmpty == ""True""","peek_obj_type == ""class java.lang.String""","push == ""False""","pop == ""False""","clear == ""True""","calledMethod == ""clear""","size_p == ""1""",Yes
5299,1607899197485:241a6cb1-376b-4ea3-a927-dd30887bcf81,1607899197485:07625075-e75f-477d-976f-55915ba23a96,"size == ""1""","isEmpty == ""True""","peek_obj_type == ""class java.lang.String""","push == ""False""","pop == ""False""","clear == ""True""","calledMethod == ""clear""","size_p == ""1""",Yes
5301,1607899197484:6f63e508-683d-4bd2-aa85-6da99eb93165,1607899197484:9c6bad17-dfed-4ddf-8c39-f2dd1bc14287,"size == ""1""","isEmpty == ""True""","peek_obj_type == ""class java.lang.String""","push == ""True""","pop == ""False""","clear == ""False""","calledMethod == ""push""","size_p == ""0""",Yes
5302,1607899197484:6f63e508-683d-4bd2-aa85-6da99eb93165,1607899197484:9c6bad17-dfed-4ddf-8c39-f2dd1bc14287,"size == ""1""","isEmpty == ""True""","peek_obj_type == ""class java.lang.String""","push == ""False""","pop == ""True""","clear == ""False""","calledMethod == ""pop""","size_p == ""1""",Yes
5304,1607899197484:45fba3b4-3e4a-45c8-8d22-d925cafc2895,1607899197484:4812a4c9-0d48-498c-b10a-757e0e2f250a,"size == ""1""","isEmpty == ""True""","peek_obj_type == ""class java.lang.String""","push == ""True""","pop == ""False""","clear == ""False""","calledMethod == ""push""","size_p == ""0""",Yes
5306,1607899197484:45fba3b4-3e4a-45c8-8d22-d925cafc2895,1607899197484:41df8408-a631-48e1-b46e-455ca7537d81,"size == ""1""","isEmpty == ""True""","peek_obj_type == ""class java.lang.String""","push == ""True""","pop == ""False""","clear == ""False""","calledMethod == ""push""","size_p == ""0""",Yes
5307,1607899197484:45fba3b4-3e4a-45c8-8d22-d925cafc2895,1607899197484:41df8408-a631-48e1-b46e-455ca7537d81,"size == ""1""","isEmpty == ""True""","peek_obj_type == ""class java.lang.String""","push == ""False""","pop == ""True""","clear == ""False""","calledMethod == ""pop""","size_p == ""1""",Yes
5309,1607899197484:45fba3b4-3e4a-45c8-8d22-d925cafc2895,1607899197484:311d874a-d661-4ec0-8971-f95bd2129093,"size == ""1""","isEmpty == ""True""","peek_obj_type == ""class java.lang.String""","push == ""True""","pop == ""False""","clear == ""False""","calledMethod == ""push""","size_p == ""0""",Yes
5310,1607899197484:45fba3b4-3e4a-45c8-8d22-d925cafc2895,1607899197484:311d874a-d661-4ec0-8971-f95bd2129093,"size == ""2""","isEmpty == ""True""","peek_obj_type == ""class java.lang.String""","push == ""True""","pop == ""False""","clear == ""False""","calledMethod == ""push""","size_p == ""1""",Yes
5312,1607899197483:883712eb-8bbc-4e40-86d4-2fc2466e3fe9,1607899197483:edc74ea9-a451-42e6-b6ac-6a8059bfba4f,"size == ""1""","isEmpty == ""True""","peek_obj_type == ""class java.lang.String""","push == ""True""","pop == ""False""","clear == ""False""","calledMethod == ""push""","size_p == ""0""",Yes
5313,1607899197483:883712eb-8bbc-4e40-86d4-2fc2466e3fe9,1607899197483:edc74ea9-a451-42e6-b6ac-6a8059bfba4f,"size == ""1""","isEmpty == ""True""","peek_obj_type == ""class java.lang.String""","push == ""False""","pop == ""True""","clear == ""False""","calledMethod == ""pop""","size_p == ""1""",Yes
5315,1607899197483:6b93b8d9-f766-4b07-b204-daf33c57a302,1607899197483:b7c69e34-7cb0-4f31-8b55-cc2e4ef7c373,"size == ""1""","isEmpty == ""True""","peek_obj_type == ""class java.lang.String""","push == ""True""","pop == ""False""","clear == ""False""","calledMethod == ""push""","size_p == ""0""",Yes
5316,1607899197483:6b93b8d9-f766-4b07-b204-daf33c57a302,1607899197483:b7c69e34-7cb0-4f31-8b55-cc2e4ef7c373,"size == ""1""","isEmpty == ""True""","peek_obj_type == ""class java.lang.String""","push == ""False""","pop == ""True""","clear == ""False""","calledMethod == ""pop""","size_p == ""1""",Yes
5318,1607899197483:6b93b8d9-f766-4b07-b204-daf33c57a302,1607899197483:39b479a5-b88b-408c-8984-5da7626069dd,"size == ""1""","isEmpty == ""True""","peek_obj_type == ""class java.lang.String""","push == ""True""","pop == ""False""","clear == ""False""","calledMethod == ""push""","size_p == ""0""",Yes
5319,1607899197483:6b93b8d9-f766-4b07-b204-daf33c57a302,1607899197483:39b479a5-b88b-408c-8984-5da7626069dd,"size == ""2""","isEmpty == ""True""","peek_obj_type == ""class java.lang.String""","push == ""True""","pop == ""False""","clear == ""False""","calledMethod == ""push""","size_p == ""1""",Yes
5321,1607899197483:6ad8a957-5693-47b9-a2c1-e27da161abdd,1607899197484:51320940-0e81-42ae-a2bc-fb2d533ba7c3,"size == ""1""","isEmpty == ""True""","peek_obj_type == ""class java.lang.String""","push == ""True""","pop == ""False""","clear == ""False""","calledMethod == ""push""","size_p == ""0""",Yes
5322,1607899197483:6ad8a957-5693-47b9-a2c1-e27da161abdd,1607899197484:51320940-0e81-42ae-a2bc-fb2d533ba7c3,"size == ""1""","isEmpty == ""True""","peek_obj_type == ""class java.lang.String""","push == ""False""","pop == ""True""","clear == ""False""","calledMethod == ""pop""","size_p == ""1""",Yes
5325,1607899197483:6ad8a957-5693-47b9-a2c1-e27da161abdd,1607899197483:d1329196-bdb6-4a6a-ba01-528f015f0956,"size == ""1""","isEmpty == ""True""","peek_obj_type == ""class java.lang.String""","push == ""True""","pop == ""False""","clear == ""False""","calledMethod == ""push""","size_p == ""0""",Yes
5326,1607899197483:6ad8a957-5693-47b9-a2c1-e27da161abdd,1607899197483:d1329196-bdb6-4a6a-ba01-528f015f0956,"size == ""1""","isEmpty == ""True""","peek_obj_type == ""class java.lang.String""","push == ""False""","pop == ""False""","clear == ""True""","calledMethod == ""clear""","size_p == ""1""",Yes
5327,1607899197483:6ad8a957-5693-47b9-a2c1-e27da161abdd,1607899197483:d1329196-bdb6-4a6a-ba01-528f015f0956,"size == ""1""","isEmpty == ""True""","peek_obj_type == ""class java.lang.String""","push == ""False""","pop == ""False""","clear == ""True""","calledMethod == ""clear""","size_p == ""1""",Yes
5328,1607899197483:6ad8a957-5693-47b9-a2c1-e27da161abdd,1607899197483:d1329196-bdb6-4a6a-ba01-528f015f0956,"size == ""1""","isEmpty == ""True""","peek_obj_type == ""class java.lang.String""","push == ""False""","pop == ""False""","clear == ""True""","calledMethod == ""clear""","size_p == ""1""",Yes
5330,1607899197483:36b49eff-07f7-49b3-af7e-e9af98275ac4,1607899197483:8ff2a8b6-bedb-4cbf-9fd2-647d410638f3,"size == ""1""","isEmpty == ""True""","peek_obj_type == ""class java.lang.String""","push == ""True""","pop == ""False""","clear == ""False""","calledMethod == ""push""","size_p == ""0""",Yes
5331,1607899197483:36b49eff-07f7-49b3-af7e-e9af98275ac4,1607899197483:8ff2a8b6-bedb-4cbf-9fd2-647d410638f3,"size == ""1""","isEmpty == ""True""","peek_obj_type == ""class java.lang.String""","push == ""False""","pop == ""True""","clear == ""False""","calledMethod == ""pop""","size_p == ""1""",Yes
5334,1607899197483:36b49eff-07f7-49b3-af7e-e9af98275ac4,1607899197483:0a511c99-2506-4d95-9cf5-83da5928ca5d,"size == ""1""","isEmpty == ""True""","peek_obj_type == ""class java.lang.String""","push == ""True""","pop == ""False""","clear == ""False""","calledMethod == ""push""","size_p == ""0""",Yes
5336,1607899197482:9ee1804e-8b02-4b77-9fbf-87ec865dcfbf,1607899197482:68654ff5-1244-49a8-a179-d10956a5eb30,"size == ""1""","isEmpty == ""True""","peek_obj_type == ""class java.lang.String""","push == ""True""","pop == ""False""","clear == ""False""","calledMethod == ""push""","size_p == ""0""",Yes
5337,1607899197482:9ee1804e-8b02-4b77-9fbf-87ec865dcfbf,1607899197482:68654ff5-1244-49a8-a179-d10956a5eb30,"size == ""1""","isEmpty == ""True""","peek_obj_type == ""class java.lang.String""","push == ""False""","pop == ""True""","clear == ""False""","calledMethod == ""pop""","size_p == ""1""",Yes
5339,1607899197482:9ee1804e-8b02-4b77-9fbf-87ec865dcfbf,1607899197482:58217826-4aa8-4d00-9018-6490829e734a,"size == ""1""","isEmpty == ""True""","peek_obj_type == ""class java.lang.String""","push == ""True""","pop == ""False""","clear == ""False""","calledMethod == ""push""","size_p == ""0""",Yes
5340,1607899197482:9ee1804e-8b02-4b77-9fbf-87ec865dcfbf,1607899197482:58217826-4aa8-4d00-9018-6490829e734a,"size == ""2""","isEmpty == ""True""","peek_obj_type == ""class java.lang.String""","push == ""True""","pop == ""False""","clear == ""False""","calledMethod == ""push""","size_p == ""1""",Yes
5342,1607899197482:787028f5-1f92-49fa-9597-de7a4620f2e4,1607899197482:4588dbae-6c45-4468-8786-d241a6fded59,"size == ""1""","isEmpty == ""True""","peek_obj_type == ""class java.lang.String""","push == ""True""","pop == ""False""","clear == ""False""","calledMethod == ""push""","size_p == ""0""",Yes
5343,1607899197482:787028f5-1f92-49fa-9597-de7a4620f2e4,1607899197482:4588dbae-6c45-4468-8786-d241a6fded59,"size == ""1""","isEmpty == ""True""","peek_obj_type == ""class java.lang.String""","push == ""False""","pop == ""True""","clear == ""False""","calledMethod == ""pop""","size_p == ""1""",Yes
5346,1607899197482:534a0795-cb48-432f-99c8-d4a39516b0b6,1607899197482:8cc60a9e-f8f8-4fcd-8d23-c316db3a15a9,"size == ""1""","isEmpty == ""True""","peek_obj_type == ""class java.lang.String""","push == ""True""","pop == ""False""","clear == ""False""","calledMethod == ""push""","size_p == ""0""",Yes
5347,1607899197482:534a0795-cb48-432f-99c8-d4a39516b0b6,1607899197482:8cc60a9e-f8f8-4fcd-8d23-c316db3a15a9,"size == ""1""","isEmpty == ""True""","peek_obj_type == ""class java.lang.String""","push == ""False""","pop == ""False""","clear == ""True""","calledMethod == ""clear""","size_p == ""1""",Yes
5348,1607899197482:534a0795-cb48-432f-99c8-d4a39516b0b6,1607899197482:8cc60a9e-f8f8-4fcd-8d23-c316db3a15a9,"size == ""1""","isEmpty == ""True""","peek_obj_type == ""class java.lang.String""","push == ""False""","pop == ""False""","clear == ""True""","calledMethod == ""clear""","size_p == ""1""",Yes
5349,1607899197482:534a0795-cb48-432f-99c8-d4a39516b0b6,1607899197482:8cc60a9e-f8f8-4fcd-8d23-c316db3a15a9,"size == ""1""","isEmpty == ""True""","peek_obj_type == ""class java.lang.String""","push == ""False""","pop == ""False""","clear == ""True""","calledMethod == ""clear""","size_p == ""1""",Yes
5351,1607899197482:534a0795-cb48-432f-99c8-d4a39516b0b6,1607899197482:2f57ef2b-5e36-40a8-85d6-f3d33fad1b4f,"size == ""1""","isEmpty == ""True""","peek_obj_type == ""class java.lang.String""","push == ""True""","pop == ""False""","clear == ""False""","calledMethod == ""push""","size_p == ""0""",Yes
5352,1607899197482:534a0795-cb48-432f-99c8-d4a39516b0b6,1607899197482:2f57ef2b-5e36-40a8-85d6-f3d33fad1b4f,"size == ""1""","isEmpty == ""True""","peek_obj_type == ""class java.lang.String""","push == ""False""","pop == ""True""","clear == ""False""","calledMethod == ""pop""","size_p == ""1""",Yes
5355,1607899197482:0d006af6-0c58-4178-b3b9-07f6124f8b4a,1607899197482:2f871d93-b877-497c-9b04-e9e47ac94709,"size == ""1""","isEmpty == ""True""","peek_obj_type == ""class java.lang.String""","push == ""True""","pop == ""False""","clear == ""False""","calledMethod == ""push""","size_p == ""0""",Yes
5356,1607899197482:0d006af6-0c58-4178-b3b9-07f6124f8b4a,1607899197482:2f871d93-b877-497c-9b04-e9e47ac94709,"size == ""1""","isEmpty == ""True""","peek_obj_type == ""class java.lang.String""","push == ""False""","pop == ""True""","clear == ""False""","calledMethod == ""pop""","size_p == ""1""",Yes
5358,1607899197481:dfea4046-1b37-4812-ba8e-ace14cb26d24,1607899197481:99a00b0e-5e97-4a50-8469-2239b4b9210d,"size == ""1""","isEmpty == ""True""","peek_obj_type == ""class java.lang.String""","push == ""True""","pop == ""False""","clear == ""False""","calledMethod == ""push""","size_p == ""0""",Yes
5359,1607899197481:dfea4046-1b37-4812-ba8e-ace14cb26d24,1607899197481:99a00b0e-5e97-4a50-8469-2239b4b9210d,"size == ""1""","isEmpty == ""True""","peek_obj_type == ""class java.lang.String""","push == ""False""","pop == ""True""","clear == ""False""","calledMethod == ""pop""","size_p == ""1""",Yes
5361,1607899197481:def556d4-76df-439c-af6d-17bbb341b3ec,1607899197481:76fe69c1-68d6-400d-8144-499090c063cb,"size == ""1""","isEmpty == ""True""","peek_obj_type == ""class java.lang.String""","push == ""True""","pop == ""False""","clear == ""False""","calledMethod == ""push""","size_p == ""0""",Yes
5362,1607899197481:def556d4-76df-439c-af6d-17bbb341b3ec,1607899197481:76fe69c1-68d6-400d-8144-499090c063cb,"size == ""2""","isEmpty == ""True""","peek_obj_type == ""class java.lang.String""","push == ""True""","pop == ""False""","clear == ""False""","calledMethod == ""push""","size_p == ""1""",Yes
5364,1607899197481:def556d4-76df-439c-af6d-17bbb341b3ec,1607899197481:0d488bfb-d50e-41b4-bcf9-09dc14555f91,"size == ""1""","isEmpty == ""True""","peek_obj_type == ""class java.lang.String""","push == ""True""","pop == ""False""","clear == ""False""","calledMethod == ""push""","size_p == ""0""",Yes
5365,1607899197481:def556d4-76df-439c-af6d-17bbb341b3ec,1607899197481:0d488bfb-d50e-41b4-bcf9-09dc14555f91,"size == ""1""","isEmpty == ""True""","peek_obj_type == ""class java.lang.String""","push == ""False""","pop == ""True""","clear == ""False""","calledMethod == ""pop""","size_p == ""1""",Yes
5367,1607899197481:6c7f24d5-17ba-48a8-9104-9ef1908f71cf,1607899197481:5f04e7cc-19f3-4c51-98bd-85d9fb43a026,"size == ""1""","isEmpty == ""True""","peek_obj_type == ""class java.lang.String""","push == ""True""","pop == ""False""","clear == ""False""","calledMethod == ""push""","size_p == ""0""",Yes
5368,1607899197481:6c7f24d5-17ba-48a8-9104-9ef1908f71cf,1607899197481:5f04e7cc-19f3-4c51-98bd-85d9fb43a026,"size == ""1""","isEmpty == ""True""","peek_obj_type == ""class java.lang.String""","push == ""False""","pop == ""True""","clear == ""False""","calledMethod == ""pop""","size_p == ""1""",Yes
5370,1607899197481:608b1962-02ec-49c5-8c02-e0ebd8be0e6b,1607899197481:edc123d9-90ad-41b2-bb3b-c441e505e240,"size == ""1""","isEmpty == ""True""","peek_obj_type == ""class java.lang.String""","push == ""True""","pop == ""False""","clear == ""False""","calledMethod == ""push""","size_p == ""0""",Yes
5371,1607899197481:608b1962-02ec-49c5-8c02-e0ebd8be0e6b,1607899197481:edc123d9-90ad-41b2-bb3b-c441e505e240,"size == ""1""","isEmpty == ""True""","peek_obj_type == ""class java.lang.String""","push == ""False""","pop == ""True""","clear == ""False""","calledMethod == ""pop""","size_p == ""1""",Yes
5373,1607899197481:608b1962-02ec-49c5-8c02-e0ebd8be0e6b,1607899197481:a87710a9-adf6-4b04-ac73-255399501e90,"size == ""1""","isEmpty == ""True""","peek_obj_type == ""class java.lang.String""","push == ""True""","pop == ""False""","clear == ""False""","calledMethod == ""push""","size_p == ""0""",Yes
5374,1607899197481:608b1962-02ec-49c5-8c02-e0ebd8be0e6b,1607899197481:a87710a9-adf6-4b04-ac73-255399501e90,"size == ""2""","isEmpty == ""True""","peek_obj_type == ""class java.lang.String""","push == ""True""","pop == ""False""","clear == ""False""","calledMethod == ""push""","size_p == ""1""",Yes
5376,1607899197480:d5fb3ac3-5de0-49e9-b1b4-be0e095d6cd0,1607899197480:23dd43ee-076a-46e6-9733-021d2feaf341,"size == ""1""","isEmpty == ""True""","peek_obj_type == ""class java.lang.String""","push == ""True""","pop == ""False""","clear == ""False""","calledMethod == ""push""","size_p == ""0""",Yes
5377,1607899197480:d5fb3ac3-5de0-49e9-b1b4-be0e095d6cd0,1607899197480:23dd43ee-076a-46e6-9733-021d2feaf341,"size == ""1""","isEmpty == ""True""","peek_obj_type == ""class java.lang.String""","push == ""False""","pop == ""True""","clear == ""False""","calledMethod == ""pop""","size_p == ""1""",Yes
5380,1607899197480:2cb561ec-9ae7-4f3e-bcfd-0c155c45f453,1607899197480:ae09048b-8fc8-4321-9bb0-cbf20d77c737,"size == ""1""","isEmpty == ""True""","peek_obj_type == ""class java.lang.String""","push == ""True""","pop == ""False""","clear == ""False""","calledMethod == ""push""","size_p == ""0""",Yes
5381,1607899197480:2cb561ec-9ae7-4f3e-bcfd-0c155c45f453,1607899197480:ae09048b-8fc8-4321-9bb0-cbf20d77c737,"size == ""1""","isEmpty == ""True""","peek_obj_type == ""class java.lang.String""","push == ""False""","pop == ""False""","clear == ""True""","calledMethod == ""clear""","size_p == ""1""",Yes
5382,1607899197480:2cb561ec-9ae7-4f3e-bcfd-0c155c45f453,1607899197480:ae09048b-8fc8-4321-9bb0-cbf20d77c737,"size == ""1""","isEmpty == ""True""","peek_obj_type == ""class java.lang.String""","push == ""False""","pop == ""False""","clear == ""True""","calledMethod == ""clear""","size_p == ""1""",Yes
5383,1607899197480:2cb561ec-9ae7-4f3e-bcfd-0c155c45f453,1607899197480:ae09048b-8fc8-4321-9bb0-cbf20d77c737,"size == ""1""","isEmpty == ""True""","peek_obj_type == ""class java.lang.String""","push == ""False""","pop == ""False""","clear == ""True""","calledMethod == ""clear""","size_p == ""1""",Yes
5385,1607899197480:2cb561ec-9ae7-4f3e-bcfd-0c155c45f453,1607899197480:6ba65bf6-ca0c-4650-a9d3-f91eaf5056bc,"size == ""1""","isEmpty == ""True""","peek_obj_type == ""class java.lang.String""","push == ""True""","pop == ""False""","clear == ""False""","calledMethod == ""push""","size_p == ""0""",Yes
5386,1607899197480:2cb561ec-9ae7-4f3e-bcfd-0c155c45f453,1607899197480:6ba65bf6-ca0c-4650-a9d3-f91eaf5056bc,"size == ""1""","isEmpty == ""True""","peek_obj_type == ""class java.lang.String""","push == ""False""","pop == ""True""","clear == ""False""","calledMethod == ""pop""","size_p == ""1""",Yes
5388,1607899197480:01e4c693-e506-4518-bd50-832b6756ce69,1607899197481:2d38e93e-4da1-46b8-87cf-b978e4afe3ea,"size == ""1""","isEmpty == ""True""","peek_obj_type == ""class java.lang.String""","push == ""True""","pop == ""False""","clear == ""False""","calledMethod == ""push""","size_p == ""0""",Yes
5389,1607899197480:01e4c693-e506-4518-bd50-832b6756ce69,1607899197481:2d38e93e-4da1-46b8-87cf-b978e4afe3ea,"size == ""1""","isEmpty == ""True""","peek_obj_type == ""class java.lang.String""","push == ""False""","pop == ""True""","clear == ""False""","calledMethod == ""pop""","size_p == ""1""",Yes
5391,1607899197480:01e4c693-e506-4518-bd50-832b6756ce69,1607899197480:50028575-dedb-48f2-866d-c8f651d7aab6,"size == ""1""","isEmpty == ""True""","peek_obj_type == ""class java.lang.String""","push == ""True""","pop == ""False""","clear == ""False""","calledMethod == ""push""","size_p == ""0""",Yes
5395,1607899197479:6b99eec8-b7b8-45a1-b000-353d220d9c2a,1607899197479:b41ed9bd-381e-4602-a8b1-e4a9eae57fea,"size == ""1""","isEmpty == ""True""","peek_obj_type == ""class java.lang.String""","push == ""True""","pop == ""False""","clear == ""False""","calledMethod == ""push""","size_p == ""0""",Yes
5396,1607899197479:6b99eec8-b7b8-45a1-b000-353d220d9c2a,1607899197479:b41ed9bd-381e-4602-a8b1-e4a9eae57fea,"size == ""1""","isEmpty == ""True""","peek_obj_type == ""class java.lang.String""","push == ""False""","pop == ""False""","clear == ""True""","calledMethod == ""clear""","size_p == ""1""",Yes
5397,1607899197479:6b99eec8-b7b8-45a1-b000-353d220d9c2a,1607899197479:b41ed9bd-381e-4602-a8b1-e4a9eae57fea,"size == ""1""","isEmpty == ""True""","peek_obj_type == ""class java.lang.String""","push == ""False""","pop == ""False""","clear == ""True""","calledMethod == ""clear""","size_p == ""1""",Yes
5398,1607899197479:6b99eec8-b7b8-45a1-b000-353d220d9c2a,1607899197479:b41ed9bd-381e-4602-a8b1-e4a9eae57fea,"size == ""1""","isEmpty == ""True""","peek_obj_type == ""class java.lang.String""","push == ""False""","pop == ""False""","clear == ""True""","calledMethod == ""clear""","size_p == ""1""",Yes
5400,1607899197479:6b99eec8-b7b8-45a1-b000-353d220d9c2a,1607899197479:895e40c9-4574-4e22-8160-1f06cf2de654,"size == ""1""","isEmpty == ""True""","peek_obj_type == ""class java.lang.String""","push == ""True""","pop == ""False""","clear == ""False""","calledMethod == ""push""","size_p == ""0""",Yes
5401,1607899197479:6b99eec8-b7b8-45a1-b000-353d220d9c2a,1607899197479:895e40c9-4574-4e22-8160-1f06cf2de654,"size == ""1""","isEmpty == ""True""","peek_obj_type == ""class java.lang.String""","push == ""False""","pop == ""True""","clear == ""False""","calledMethod == ""pop""","size_p == ""1""",Yes
5404,1607899197479:5d09bf7c-e215-4441-8969-fa3df6307732,1607899197480:71cf3318-4060-45f0-9c37-ad68df7ed2a2,"size == ""1""","isEmpty == ""True""","peek_obj_type == ""class java.lang.String""","push == ""True""","pop == ""False""","clear == ""False""","calledMethod == ""push""","size_p == ""0""",Yes
5405,1607899197479:5d09bf7c-e215-4441-8969-fa3df6307732,1607899197480:71cf3318-4060-45f0-9c37-ad68df7ed2a2,"size == ""1""","isEmpty == ""True""","peek_obj_type == ""class java.lang.String""","push == ""False""","pop == ""False""","clear == ""True""","calledMethod == ""clear""","size_p == ""1""",Yes
5406,1607899197479:5d09bf7c-e215-4441-8969-fa3df6307732,1607899197480:71cf3318-4060-45f0-9c37-ad68df7ed2a2,"size == ""1""","isEmpty == ""True""","peek_obj_type == ""class java.lang.String""","push == ""False""","pop == ""False""","clear == ""True""","calledMethod == ""clear""","size_p == ""1""",Yes
5407,1607899197479:5d09bf7c-e215-4441-8969-fa3df6307732,1607899197480:71cf3318-4060-45f0-9c37-ad68df7ed2a2,"size == ""1""","isEmpty == ""True""","peek_obj_type == ""class java.lang.String""","push == ""False""","pop == ""False""","clear == ""True""","calledMethod == ""clear""","size_p == ""1""",Yes
5409,1607899197479:5d09bf7c-e215-4441-8969-fa3df6307732,1607899197480:23dc19c8-beb3-438f-bb80-84218068a3a8,"size == ""1""","isEmpty == ""True""","peek_obj_type == ""class java.lang.String""","push == ""True""","pop == ""False""","clear == ""False""","calledMethod == ""push""","size_p == ""0""",Yes
5410,1607899197479:5d09bf7c-e215-4441-8969-fa3df6307732,1607899197480:23dc19c8-beb3-438f-bb80-84218068a3a8,"size == ""1""","isEmpty == ""True""","peek_obj_type == ""class java.lang.String""","push == ""False""","pop == ""True""","clear == ""False""","calledMethod == ""pop""","size_p == ""1""",Yes
5412,1607899197479:5d09bf7c-e215-4441-8969-fa3df6307732,1607899197479:827b8d22-4172-4c18-9c1e-9dfa12265ebd,"size == ""1""","isEmpty == ""True""","peek_obj_type == ""class java.lang.String""","push == ""True""","pop == ""False""","clear == ""False""","calledMethod == ""push""","size_p == ""0""",Yes
5413,1607899197479:5d09bf7c-e215-4441-8969-fa3df6307732,1607899197479:827b8d22-4172-4c18-9c1e-9dfa12265ebd,"size == ""2""","isEmpty == ""True""","peek_obj_type == ""class java.lang.String""","push == ""True""","pop == ""False""","clear == ""False""","calledMethod == ""push""","size_p == ""1""",Yes
5415,1607899197479:0f9b2de3-6990-4be7-918c-fee86a394525,1607899197479:d6325f61-b3f8-456b-8720-50058f32775f,"size == ""1""","isEmpty == ""True""","peek_obj_type == ""class java.lang.String""","push == ""True""","pop == ""False""","clear == ""False""","calledMethod == ""push""","size_p == ""0""",Yes
5417,1607899197479:0f9b2de3-6990-4be7-918c-fee86a394525,1607899197479:acb4e5df-7fbd-493e-ac41-3aa53249db08,"size == ""1""","isEmpty == ""True""","peek_obj_type == ""class java.lang.String""","push == ""True""","pop == ""False""","clear == ""False""","calledMethod == ""push""","size_p == ""0""",Yes
5418,1607899197479:0f9b2de3-6990-4be7-918c-fee86a394525,1607899197479:acb4e5df-7fbd-493e-ac41-3aa53249db08,"size == ""1""","isEmpty == ""True""","peek_obj_type == ""class java.lang.String""","push == ""False""","pop == ""True""","clear == ""False""","calledMethod == ""pop""","size_p == ""1""",Yes
5421,1607899197478:b7efa610-14b6-44a3-9e53-4a3631de6e04,1607899197478:ed629023-d9c8-4415-a2f5-52aef72d2743,"size == ""1""","isEmpty == ""True""","peek_obj_type == ""class java.lang.String""","push == ""True""","pop == ""False""","clear == ""False""","calledMethod == ""push""","size_p == ""0""",Yes
5422,1607899197478:b7efa610-14b6-44a3-9e53-4a3631de6e04,1607899197478:ed629023-d9c8-4415-a2f5-52aef72d2743,"size == ""1""","isEmpty == ""True""","peek_obj_type == ""class java.lang.String""","push == ""False""","pop == ""True""","clear == ""False""","calledMethod == ""pop""","size_p == ""1""",Yes
5424,1607899197478:ac061d97-2fdb-4c83-a251-13a1d09a646a,1607899197478:895d22ca-14be-485e-9af6-02172b58bcbe,"size == ""1""","isEmpty == ""True""","peek_obj_type == ""class java.lang.String""","push == ""True""","pop == ""False""","clear == ""False""","calledMethod == ""push""","size_p == ""0""",Yes
5425,1607899197478:ac061d97-2fdb-4c83-a251-13a1d09a646a,1607899197478:895d22ca-14be-485e-9af6-02172b58bcbe,"size == ""2""","isEmpty == ""True""","peek_obj_type == ""class java.lang.String""","push == ""True""","pop == ""False""","clear == ""False""","calledMethod == ""push""","size_p == ""1""",Yes
5426,1607899197478:ac061d97-2fdb-4c83-a251-13a1d09a646a,1607899197478:895d22ca-14be-485e-9af6-02172b58bcbe,"size == ""3""","isEmpty == ""True""","peek_obj_type == ""class java.lang.String""","push == ""True""","pop == ""False""","clear == ""False""","calledMethod == ""push""","size_p == ""2""",Yes
5428,1607899197478:ac061d97-2fdb-4c83-a251-13a1d09a646a,1607899197478:0bbc64f2-51b7-4665-a3d3-2142852006a4,"size == ""1""","isEmpty == ""True""","peek_obj_type == ""class java.lang.String""","push == ""True""","pop == ""False""","clear == ""False""","calledMethod == ""push""","size_p == ""0""",Yes
5429,1607899197478:ac061d97-2fdb-4c83-a251-13a1d09a646a,1607899197478:0bbc64f2-51b7-4665-a3d3-2142852006a4,"size == ""1""","isEmpty == ""True""","peek_obj_type == ""class java.lang.String""","push == ""False""","pop == ""True""","clear == ""False""","calledMethod == ""pop""","size_p == ""1""",Yes
5431,1607899197478:6e8efbe6-e2c4-4059-9f0b-c55deb633776,1607899197478:d2e7c4e2-d319-44f3-9a5d-877e1e3f52d6,"size == ""1""","isEmpty == ""True""","peek_obj_type == ""class java.lang.String""","push == ""True""","pop == ""False""","clear == ""False""","calledMethod == ""push""","size_p == ""0""",Yes
5432,1607899197478:6e8efbe6-e2c4-4059-9f0b-c55deb633776,1607899197478:d2e7c4e2-d319-44f3-9a5d-877e1e3f52d6,"size == ""1""","isEmpty == ""True""","peek_obj_type == ""class java.lang.String""","push == ""False""","pop == ""True""","clear == ""False""","calledMethod == ""pop""","size_p == ""1""",Yes
5435,1607899197478:6e8efbe6-e2c4-4059-9f0b-c55deb633776,1607899197478:d2943be6-4a83-4afe-a710-d5f69091bf4a,"size == ""1""","isEmpty == ""True""","peek_obj_type == ""class java.lang.String""","push == ""True""","pop == ""False""","clear == ""False""","calledMethod == ""push""","size_p == ""0""",Yes
5436,1607899197478:6e8efbe6-e2c4-4059-9f0b-c55deb633776,1607899197478:d2943be6-4a83-4afe-a710-d5f69091bf4a,"size == ""1""","isEmpty == ""True""","peek_obj_type == ""class java.lang.String""","push == ""False""","pop == ""False""","clear == ""True""","calledMethod == ""clear""","size_p == ""1""",Yes
5437,1607899197478:6e8efbe6-e2c4-4059-9f0b-c55deb633776,1607899197478:d2943be6-4a83-4afe-a710-d5f69091bf4a,"size == ""1""","isEmpty == ""True""","peek_obj_type == ""class java.lang.String""","push == ""False""","pop == ""False""","clear == ""True""","calledMethod == ""clear""","size_p == ""1""",Yes
5438,1607899197478:6e8efbe6-e2c4-4059-9f0b-c55deb633776,1607899197478:d2943be6-4a83-4afe-a710-d5f69091bf4a,"size == ""1""","isEmpty == ""True""","peek_obj_type == ""class java.lang.String""","push == ""False""","pop == ""False""","clear == ""True""","calledMethod == ""clear""","size_p == ""1""",Yes
5440,1607899197477:edfbacd7-2285-414d-aafc-1902fc6fe6fb,1607899197477:5682f023-fb13-4939-bee9-be4302edf866,"size == ""1""","isEmpty == ""True""","peek_obj_type == ""class java.lang.String""","push == ""True""","pop == ""False""","clear == ""False""","calledMethod == ""push""","size_p == ""0""",Yes
5441,1607899197477:edfbacd7-2285-414d-aafc-1902fc6fe6fb,1607899197477:5682f023-fb13-4939-bee9-be4302edf866,"size == ""1""","isEmpty == ""True""","peek_obj_type == ""class java.lang.String""","push == ""False""","pop == ""True""","clear == ""False""","calledMethod == ""pop""","size_p == ""1""",Yes
5444,1607899197477:d88cc3db-e0c5-427c-ad28-0b66fcc370d0,1607899197477:db867f72-dfd1-4101-9b7c-9a65ede9935f,"size == ""1""","isEmpty == ""True""","peek_obj_type == ""class java.lang.String""","push == ""True""","pop == ""False""","clear == ""False""","calledMethod == ""push""","size_p == ""0""",Yes
5445,1607899197477:d88cc3db-e0c5-427c-ad28-0b66fcc370d0,1607899197477:db867f72-dfd1-4101-9b7c-9a65ede9935f,"size == ""1""","isEmpty == ""True""","peek_obj_type == ""class java.lang.String""","push == ""False""","pop == ""False""","clear == ""True""","calledMethod == ""clear""","size_p == ""1""",Yes
5446,1607899197477:d88cc3db-e0c5-427c-ad28-0b66fcc370d0,1607899197477:db867f72-dfd1-4101-9b7c-9a65ede9935f,"size == ""1""","isEmpty == ""True""","peek_obj_type == ""class java.lang.String""","push == ""False""","pop == ""False""","clear == ""True""","calledMethod == ""clear""","size_p == ""1""",Yes
5447,1607899197477:d88cc3db-e0c5-427c-ad28-0b66fcc370d0,1607899197477:db867f72-dfd1-4101-9b7c-9a65ede9935f,"size == ""1""","isEmpty == ""True""","peek_obj_type == ""class java.lang.String""","push == ""False""","pop == ""False""","clear == ""True""","calledMethod == ""clear""","size_p == ""1""",Yes
5449,1607899197477:d88cc3db-e0c5-427c-ad28-0b66fcc370d0,1607899197477:7736a1ae-bebc-4003-abbd-8f2b26d3e30e,"size == ""1""","isEmpty == ""True""","peek_obj_type == ""class java.lang.String""","push == ""True""","pop == ""False""","clear == ""False""","calledMethod == ""push""","size_p == ""0""",Yes
5450,1607899197477:d88cc3db-e0c5-427c-ad28-0b66fcc370d0,1607899197477:7736a1ae-bebc-4003-abbd-8f2b26d3e30e,"size == ""1""","isEmpty == ""True""","peek_obj_type == ""class java.lang.String""","push == ""False""","pop == ""True""","clear == ""False""","calledMethod == ""pop""","size_p == ""1""",Yes
5452,1607899197477:bb03e990-5c23-4aeb-a832-75910005f66a,1607899197477:eb2e42cb-4ad6-434d-8814-035293b7e4b0,"size == ""1""","isEmpty == ""True""","peek_obj_type == ""class java.lang.String""","push == ""True""","pop == ""False""","clear == ""False""","calledMethod == ""push""","size_p == ""0""",Yes
5453,1607899197477:bb03e990-5c23-4aeb-a832-75910005f66a,1607899197477:eb2e42cb-4ad6-434d-8814-035293b7e4b0,"size == ""2""","isEmpty == ""True""","peek_obj_type == ""class java.lang.String""","push == ""True""","pop == ""False""","clear == ""False""","calledMethod == ""push""","size_p == ""1""",Yes
5455,1607899197477:bb03e990-5c23-4aeb-a832-75910005f66a,1607899197477:28944a39-333e-494b-aceb-6f74c6567a10,"size == ""1""","isEmpty == ""True""","peek_obj_type == ""class java.lang.String""","push == ""True""","pop == ""False""","clear == ""False""","calledMethod == ""push""","size_p == ""0""",Yes
5456,1607899197477:bb03e990-5c23-4aeb-a832-75910005f66a,1607899197477:28944a39-333e-494b-aceb-6f74c6567a10,"size == ""1""","isEmpty == ""True""","peek_obj_type == ""class java.lang.String""","push == ""False""","pop == ""True""","clear == ""False""","calledMethod == ""pop""","size_p == ""1""",Yes
5458,1607899197477:8d7df7ea-36d7-4dc4-a9b5-86a915145c20,1607899197477:d0d6f9b7-e4fe-4308-a9c6-c964858bcfaa,"size == ""1""","isEmpty == ""True""","peek_obj_type == ""class java.lang.String""","push == ""True""","pop == ""False""","clear == ""False""","calledMethod == ""push""","size_p == ""0""",Yes
5459,1607899197477:8d7df7ea-36d7-4dc4-a9b5-86a915145c20,1607899197477:d0d6f9b7-e4fe-4308-a9c6-c964858bcfaa,"size == ""1""","isEmpty == ""True""","peek_obj_type == ""class java.lang.String""","push == ""False""","pop == ""True""","clear == ""False""","calledMethod == ""pop""","size_p == ""1""",Yes
5461,1607899197477:8d7df7ea-36d7-4dc4-a9b5-86a915145c20,1607899197477:9ed582f7-b75f-409a-a83f-f0aa17c90716,"size == ""1""","isEmpty == ""True""","peek_obj_type == ""class java.lang.String""","push == ""True""","pop == ""False""","clear == ""False""","calledMethod == ""push""","size_p == ""0""",Yes
5463,1607899197477:89474e45-d449-4cbb-b9e6-24ab98542aeb,1607899197477:ed544535-f2f7-4dd5-ba36-f8c14c0e324a,"size == ""1""","isEmpty == ""True""","peek_obj_type == ""class java.lang.String""","push == ""True""","pop == ""False""","clear == ""False""","calledMethod == ""push""","size_p == ""0""",Yes
5464,1607899197477:89474e45-d449-4cbb-b9e6-24ab98542aeb,1607899197477:ed544535-f2f7-4dd5-ba36-f8c14c0e324a,"size == ""1""","isEmpty == ""True""","peek_obj_type == ""class java.lang.String""","push == ""False""","pop == ""True""","clear == ""False""","calledMethod == ""pop""","size_p == ""1""",Yes
5466,1607899197477:49f44af8-b42b-4914-b7a1-563e9502fe01,1607899197478:ae069609-e15f-4d71-a2e1-f7fb68d80ae4,"size == ""1""","isEmpty == ""True""","peek_obj_type == ""class java.lang.String""","push == ""True""","pop == ""False""","clear == ""False""","calledMethod == ""push""","size_p == ""0""",Yes
5467,1607899197477:49f44af8-b42b-4914-b7a1-563e9502fe01,1607899197478:ae069609-e15f-4d71-a2e1-f7fb68d80ae4,"size == ""1""","isEmpty == ""True""","peek_obj_type == ""class java.lang.String""","push == ""False""","pop == ""True""","clear == ""False""","calledMethod == ""pop""","size_p == ""1""",Yes
5469,1607899197476:9943d745-ec94-44a3-b7d3-42af61d9cc9a,1607899197476:c08ca0f4-d5d4-4b0e-9ef9-0b12e4bed88c,"size == ""1""","isEmpty == ""True""","peek_obj_type == ""class java.lang.String""","push == ""True""","pop == ""False""","clear == ""False""","calledMethod == ""push""","size_p == ""0""",Yes
5470,1607899197476:9943d745-ec94-44a3-b7d3-42af61d9cc9a,1607899197476:c08ca0f4-d5d4-4b0e-9ef9-0b12e4bed88c,"size == ""1""","isEmpty == ""True""","peek_obj_type == ""class java.lang.String""","push == ""False""","pop == ""True""","clear == ""False""","calledMethod == ""pop""","size_p == ""1""",Yes
5472,1607899197476:85020f85-8a08-43e4-825e-de4d8aa7df5e,1607899197477:43e2e82e-8bfa-4858-a09a-d69dccc013d3,"size == ""1""","isEmpty == ""True""","peek_obj_type == ""class java.lang.String""","push == ""True""","pop == ""False""","clear == ""False""","calledMethod == ""push""","size_p == ""0""",Yes
5473,1607899197476:85020f85-8a08-43e4-825e-de4d8aa7df5e,1607899197477:43e2e82e-8bfa-4858-a09a-d69dccc013d3,"size == ""1""","isEmpty == ""True""","peek_obj_type == ""class java.lang.String""","push == ""False""","pop == ""True""","clear == ""False""","calledMethod == ""pop""","size_p == ""1""",Yes
5476,1607899197476:85020f85-8a08-43e4-825e-de4d8aa7df5e,1607899197476:2f2060e1-f99b-43fa-bef9-abbc751ded52,"size == ""1""","isEmpty == ""True""","peek_obj_type == ""class java.lang.String""","push == ""True""","pop == ""False""","clear == ""False""","calledMethod == ""push""","size_p == ""0""",Yes
5478,1607899197476:7179d7b5-101c-4e8b-af1c-65fd87719a2c,1607899197476:a655313a-c685-40de-a21d-5190f9734545,"size == ""1""","isEmpty == ""True""","peek_obj_type == ""class java.lang.String""","push == ""True""","pop == ""False""","clear == ""False""","calledMethod == ""push""","size_p == ""0""",Yes
5479,1607899197476:7179d7b5-101c-4e8b-af1c-65fd87719a2c,1607899197476:a655313a-c685-40de-a21d-5190f9734545,"size == ""1""","isEmpty == ""True""","peek_obj_type == ""class java.lang.String""","push == ""False""","pop == ""True""","clear == ""False""","calledMethod == ""pop""","size_p == ""1""",Yes
5481,1607899197476:6c837964-744c-4e77-9e16-9547e08c115d,1607899197476:e901dcd2-561e-4a23-a7cd-4772998578cc,"size == ""1""","isEmpty == ""True""","peek_obj_type == ""class java.lang.String""","push == ""True""","pop == ""False""","clear == ""False""","calledMethod == ""push""","size_p == ""0""",Yes
5482,1607899197476:6c837964-744c-4e77-9e16-9547e08c115d,1607899197476:e901dcd2-561e-4a23-a7cd-4772998578cc,"size == ""1""","isEmpty == ""True""","peek_obj_type == ""class java.lang.String""","push == ""False""","pop == ""True""","clear == ""False""","calledMethod == ""pop""","size_p == ""1""",Yes
5484,1607899197476:6c837964-744c-4e77-9e16-9547e08c115d,1607899197476:48d80a37-f304-4926-b3d0-764aa2f9e8a9,"size == ""1""","isEmpty == ""True""","peek_obj_type == ""class java.lang.String""","push == ""True""","pop == ""False""","clear == ""False""","calledMethod == ""push""","size_p == ""0""",Yes
5485,1607899197476:6c837964-744c-4e77-9e16-9547e08c115d,1607899197476:48d80a37-f304-4926-b3d0-764aa2f9e8a9,"size == ""2""","isEmpty == ""True""","peek_obj_type == ""class java.lang.String""","push == ""True""","pop == ""False""","clear == ""False""","calledMethod == ""push""","size_p == ""1""",Yes
5487,1607899197476:310556c5-78ae-4468-8475-b08310ab473e,1607899197476:cd634cc7-fb2b-478e-a8db-569e29e52dc5,"size == ""1""","isEmpty == ""True""","peek_obj_type == ""class java.lang.String""","push == ""True""","pop == ""False""","clear == ""False""","calledMethod == ""push""","size_p == ""0""",Yes
5488,1607899197476:310556c5-78ae-4468-8475-b08310ab473e,1607899197476:cd634cc7-fb2b-478e-a8db-569e29e52dc5,"size == ""1""","isEmpty == ""True""","peek_obj_type == ""class java.lang.String""","push == ""False""","pop == ""True""","clear == ""False""","calledMethod == ""pop""","size_p == ""1""",Yes
5490,1607899197476:0c7735db-17aa-4c4b-85e6-d3e35a8eefa9,1607899197476:556dae12-e57a-4045-9e2c-a859cabde1d9,"size == ""1""","isEmpty == ""True""","peek_obj_type == ""class java.lang.String""","push == ""True""","pop == ""False""","clear == ""False""","calledMethod == ""push""","size_p == ""0""",Yes
5491,1607899197476:0c7735db-17aa-4c4b-85e6-d3e35a8eefa9,1607899197476:556dae12-e57a-4045-9e2c-a859cabde1d9,"size == ""1""","isEmpty == ""True""","peek_obj_type == ""class java.lang.String""","push == ""False""","pop == ""True""","clear == ""False""","calledMethod == ""pop""","size_p == ""1""",Yes
5494,1607899197476:037fef27-8ccd-47bb-82f1-92c88cfff46e,1607899197476:a83b0e42-36fd-4006-976b-8b583c707575,"size == ""1""","isEmpty == ""True""","peek_obj_type == ""class java.lang.String""","push == ""True""","pop == ""False""","clear == ""False""","calledMethod == ""push""","size_p == ""0""",Yes
5495,1607899197476:037fef27-8ccd-47bb-82f1-92c88cfff46e,1607899197476:a83b0e42-36fd-4006-976b-8b583c707575,"size == ""1""","isEmpty == ""True""","peek_obj_type == ""class java.lang.String""","push == ""False""","pop == ""False""","clear == ""True""","calledMethod == ""clear""","size_p == ""1""",Yes
5496,1607899197476:037fef27-8ccd-47bb-82f1-92c88cfff46e,1607899197476:a83b0e42-36fd-4006-976b-8b583c707575,"size == ""1""","isEmpty == ""True""","peek_obj_type == ""class java.lang.String""","push == ""False""","pop == ""False""","clear == ""True""","calledMethod == ""clear""","size_p == ""1""",Yes
5497,1607899197476:037fef27-8ccd-47bb-82f1-92c88cfff46e,1607899197476:a83b0e42-36fd-4006-976b-8b583c707575,"size == ""1""","isEmpty == ""True""","peek_obj_type == ""class java.lang.String""","push == ""False""","pop == ""False""","clear == ""True""","calledMethod == ""clear""","size_p == ""1""",Yes
5499,1607899197476:037fef27-8ccd-47bb-82f1-92c88cfff46e,1607899197476:28cf9c71-3b17-4cc9-9606-92131310c93e,"size == ""1""","isEmpty == ""True""","peek_obj_type == ""class java.lang.String""","push == ""True""","pop == ""False""","clear == ""False""","calledMethod == ""push""","size_p == ""0""",Yes
5500,1607899197476:037fef27-8ccd-47bb-82f1-92c88cfff46e,1607899197476:28cf9c71-3b17-4cc9-9606-92131310c93e,"size == ""1""","isEmpty == ""True""","peek_obj_type == ""class java.lang.String""","push == ""False""","pop == ""True""","clear == ""False""","calledMethod == ""pop""","size_p == ""1""",Yes
5502,1607899197475:d2b0a7fd-85b9-4169-b282-f534ed54190c,1607899197475:ea385143-d61c-414f-8000-6089849bb8fb,"size == ""1""","isEmpty == ""True""","peek_obj_type == ""class java.lang.String""","push == ""True""","pop == ""False""","clear == ""False""","calledMethod == ""push""","size_p == ""0""",Yes
5503,1607899197475:d2b0a7fd-85b9-4169-b282-f534ed54190c,1607899197475:ea385143-d61c-414f-8000-6089849bb8fb,"size == ""1""","isEmpty == ""True""","peek_obj_type == ""class java.lang.String""","push == ""False""","pop == ""True""","clear == ""False""","calledMethod == ""pop""","size_p == ""1""",Yes
5505,1607899197475:d2b0a7fd-85b9-4169-b282-f534ed54190c,1607899197475:8b785466-28e4-42d6-b219-f3ac6a8d8585,"size == ""1""","isEmpty == ""True""","peek_obj_type == ""class java.lang.String""","push == ""True""","pop == ""False""","clear == ""False""","calledMethod == ""push""","size_p == ""0""",Yes
5508,1607899197475:7315a5b3-8700-4576-ba87-9db9216dfaf0,1607899197475:94ea2eb7-eea5-43da-897d-dea0d5d4691d,"size == ""1""","isEmpty == ""True""","peek_obj_type == ""class java.lang.String""","push == ""True""","pop == ""False""","clear == ""False""","calledMethod == ""push""","size_p == ""0""",Yes
5510,1607899197475:7315a5b3-8700-4576-ba87-9db9216dfaf0,1607899197475:7db1bb6b-94b4-401c-b314-e99cf4db2d3e,"size == ""1""","isEmpty == ""True""","peek_obj_type == ""class java.lang.String""","push == ""True""","pop == ""False""","clear == ""False""","calledMethod == ""push""","size_p == ""0""",Yes
5511,1607899197475:7315a5b3-8700-4576-ba87-9db9216dfaf0,1607899197475:7db1bb6b-94b4-401c-b314-e99cf4db2d3e,"size == ""1""","isEmpty == ""True""","peek_obj_type == ""class java.lang.String""","push == ""False""","pop == ""True""","clear == ""False""","calledMethod == ""pop""","size_p == ""1""",Yes
5513,1607899197475:3caad46a-7b3e-471c-ab6d-34d64d3cf287,1607899197475:deb0a0a1-3714-4b04-b132-d8164e5da87a,"size == ""1""","isEmpty == ""True""","peek_obj_type == ""class java.lang.String""","push == ""True""","pop == ""False""","clear == ""False""","calledMethod == ""push""","size_p == ""0""",Yes
5514,1607899197475:3caad46a-7b3e-471c-ab6d-34d64d3cf287,1607899197475:deb0a0a1-3714-4b04-b132-d8164e5da87a,"size == ""1""","isEmpty == ""True""","peek_obj_type == ""class java.lang.String""","push == ""False""","pop == ""True""","clear == ""False""","calledMethod == ""pop""","size_p == ""1""",Yes
5516,1607899197475:2245c166-a38c-4a94-b097-d9eb4b6ceeb0,1607899197475:2e01547d-0e14-46fb-a932-a4ec05c57835,"size == ""1""","isEmpty == ""True""","peek_obj_type == ""class java.lang.String""","push == ""True""","pop == ""False""","clear == ""False""","calledMethod == ""push""","size_p == ""0""",Yes
5517,1607899197475:2245c166-a38c-4a94-b097-d9eb4b6ceeb0,1607899197475:2e01547d-0e14-46fb-a932-a4ec05c57835,"size == ""1""","isEmpty == ""True""","peek_obj_type == ""class java.lang.String""","push == ""False""","pop == ""True""","clear == ""False""","calledMethod == ""pop""","size_p == ""1""",Yes
5519,1607899197475:015ee75c-82c7-43c8-956d-ab578f19c533,1607899197475:44d831a1-5cda-4abd-ac73-c6d0755f772d,"size == ""1""","isEmpty == ""True""","peek_obj_type == ""class java.lang.String""","push == ""True""","pop == ""False""","clear == ""False""","calledMethod == ""push""","size_p == ""0""",Yes
5520,1607899197475:015ee75c-82c7-43c8-956d-ab578f19c533,1607899197475:44d831a1-5cda-4abd-ac73-c6d0755f772d,"size == ""1""","isEmpty == ""True""","peek_obj_type == ""class java.lang.String""","push == ""False""","pop == ""True""","clear == ""False""","calledMethod == ""pop""","size_p == ""1""",Yes
5523,1607899197475:015ee75c-82c7-43c8-956d-ab578f19c533,1607899197475:30f45e79-cd85-4973-9222-823b1c43b54e,"size == ""1""","isEmpty == ""True""","peek_obj_type == ""class java.lang.String""","push == ""True""","pop == ""False""","clear == ""False""","calledMethod == ""push""","size_p == ""0""",Yes
5524,1607899197475:015ee75c-82c7-43c8-956d-ab578f19c533,1607899197475:30f45e79-cd85-4973-9222-823b1c43b54e,"size == ""1""","isEmpty == ""True""","peek_obj_type == ""class java.lang.String""","push == ""False""","pop == ""False""","clear == ""True""","calledMethod == ""clear""","size_p == ""1""",Yes
5525,1607899197475:015ee75c-82c7-43c8-956d-ab578f19c533,1607899197475:30f45e79-cd85-4973-9222-823b1c43b54e,"size == ""1""","isEmpty == ""True""","peek_obj_type == ""class java.lang.String""","push == ""False""","pop == ""False""","clear == ""True""","calledMethod == ""clear""","size_p == ""1""",Yes
5526,1607899197475:015ee75c-82c7-43c8-956d-ab578f19c533,1607899197475:30f45e79-cd85-4973-9222-823b1c43b54e,"size == ""1""","isEmpty == ""True""","peek_obj_type == ""class java.lang.String""","push == ""False""","pop == ""False""","clear == ""True""","calledMethod == ""clear""","size_p == ""1""",Yes
5528,1607899197474:eb493237-8054-4959-9d28-ac15232e77c1,1607899197474:7613e44a-01e6-4391-94c0-78047b76599e,"size == ""1""","isEmpty == ""True""","peek_obj_type == ""class java.lang.String""","push == ""True""","pop == ""False""","clear == ""False""","calledMethod == ""push""","size_p == ""0""",Yes
5529,1607899197474:eb493237-8054-4959-9d28-ac15232e77c1,1607899197474:7613e44a-01e6-4391-94c0-78047b76599e,"size == ""1""","isEmpty == ""True""","peek_obj_type == ""class java.lang.String""","push == ""False""","pop == ""True""","clear == ""False""","calledMethod == ""pop""","size_p == ""1""",Yes
5531,1607899197474:b0956578-a9e7-4360-8b31-8935a1ab290c,1607899197474:244eee0e-3c54-49ee-b05b-5e3e83db015f,"size == ""1""","isEmpty == ""True""","peek_obj_type == ""class java.lang.String""","push == ""True""","pop == ""False""","clear == ""False""","calledMethod == ""push""","size_p == ""0""",Yes
5532,1607899197474:b0956578-a9e7-4360-8b31-8935a1ab290c,1607899197474:244eee0e-3c54-49ee-b05b-5e3e83db015f,"size == ""1""","isEmpty == ""True""","peek_obj_type == ""class java.lang.String""","push == ""False""","pop == ""True""","clear == ""False""","calledMethod == ""pop""","size_p == ""1""",Yes
5534,1607899197474:a959bceb-7f58-4051-892e-3030f5e9c618,1607899197474:21ccf313-0498-45ad-b3a6-af7bdfdc1122,"size == ""1""","isEmpty == ""True""","peek_obj_type == ""class java.lang.String""","push == ""True""","pop == ""False""","clear == ""False""","calledMethod == ""push""","size_p == ""0""",Yes
5535,1607899197474:a959bceb-7f58-4051-892e-3030f5e9c618,1607899197474:21ccf313-0498-45ad-b3a6-af7bdfdc1122,"size == ""1""","isEmpty == ""True""","peek_obj_type == ""class java.lang.String""","push == ""False""","pop == ""True""","clear == ""False""","calledMethod == ""pop""","size_p == ""1""",Yes
5537,1607899197474:9bdbfbe9-e0ec-4ffe-8776-f1d24d5294b3,1607899197474:cd4bc1e1-83f0-45fe-bdaf-2d44f04cb7a5,"size == ""1""","isEmpty == ""True""","peek_obj_type == ""class java.lang.String""","push == ""True""","pop == ""False""","clear == ""False""","calledMethod == ""push""","size_p == ""0""",Yes
5538,1607899197474:9bdbfbe9-e0ec-4ffe-8776-f1d24d5294b3,1607899197474:cd4bc1e1-83f0-45fe-bdaf-2d44f04cb7a5,"size == ""1""","isEmpty == ""True""","peek_obj_type == ""class java.lang.String""","push == ""False""","pop == ""True""","clear == ""False""","calledMethod == ""pop""","size_p == ""1""",Yes
5540,1607899197474:993c84fe-62f4-4d55-afc9-dfef5008ddb6,1607899197474:ead537f0-c474-4a05-b22c-0faa4d294d42,"size == ""1""","isEmpty == ""True""","peek_obj_type == ""class java.lang.String""","push == ""True""","pop == ""False""","clear == ""False""","calledMethod == ""push""","size_p == ""0""",Yes
5541,1607899197474:993c84fe-62f4-4d55-afc9-dfef5008ddb6,1607899197474:ead537f0-c474-4a05-b22c-0faa4d294d42,"size == ""1""","isEmpty == ""True""","peek_obj_type == ""class java.lang.String""","push == ""False""","pop == ""True""","clear == ""False""","calledMethod == ""pop""","size_p == ""1""",Yes
5543,1607899197474:993c84fe-62f4-4d55-afc9-dfef5008ddb6,1607899197474:b056e488-1bbf-4cfa-80db-610f93c06631,"size == ""1""","isEmpty == ""True""","peek_obj_type == ""class java.lang.String""","push == ""True""","pop == ""False""","clear == ""False""","calledMethod == ""push""","size_p == ""0""",Yes
5545,1607899197474:962168fc-796c-46dc-a36c-c143b4c26576,1607899197474:71748b27-c4b2-4898-9216-c6dc85b7a3a5,"size == ""1""","isEmpty == ""True""","peek_obj_type == ""class java.lang.String""","push == ""True""","pop == ""False""","clear == ""False""","calledMethod == ""push""","size_p == ""0""",Yes
5546,1607899197474:962168fc-796c-46dc-a36c-c143b4c26576,1607899197474:71748b27-c4b2-4898-9216-c6dc85b7a3a5,"size == ""1""","isEmpty == ""True""","peek_obj_type == ""class java.lang.String""","push == ""False""","pop == ""True""","clear == ""False""","calledMethod == ""pop""","size_p == ""1""",Yes
5548,1607899197474:4c1e9e0a-44c7-456f-a42a-7fa1e3d43d8e,1607899197474:7a83f051-a633-4865-9d85-89dfad428252,"size == ""1""","isEmpty == ""True""","peek_obj_type == ""class java.lang.String""","push == ""True""","pop == ""False""","clear == ""False""","calledMethod == ""push""","size_p == ""0""",Yes
5549,1607899197474:4c1e9e0a-44c7-456f-a42a-7fa1e3d43d8e,1607899197474:7a83f051-a633-4865-9d85-89dfad428252,"size == ""1""","isEmpty == ""True""","peek_obj_type == ""class java.lang.String""","push == ""False""","pop == ""True""","clear == ""False""","calledMethod == ""pop""","size_p == ""1""",Yes
5551,1607899197474:4c1e9e0a-44c7-456f-a42a-7fa1e3d43d8e,1607899197474:585a85d8-291e-4ea5-81f0-d9ac9700cf98,"size == ""1""","isEmpty == ""True""","peek_obj_type == ""class java.lang.String""","push == ""True""","pop == ""False""","clear == ""False""","calledMethod == ""push""","size_p == ""0""",Yes
5552,1607899197474:4c1e9e0a-44c7-456f-a42a-7fa1e3d43d8e,1607899197474:585a85d8-291e-4ea5-81f0-d9ac9700cf98,"size == ""2""","isEmpty == ""True""","peek_obj_type == ""class java.lang.String""","push == ""True""","pop == ""False""","clear == ""False""","calledMethod == ""push""","size_p == ""1""",Yes
5554,1607899197474:00c38810-2c0e-4dc9-a457-9fc251d0bb01,1607899197474:5bb3b008-5452-4e0e-a76d-df8cef9841f6,"size == ""1""","isEmpty == ""True""","peek_obj_type == ""class java.lang.String""","push == ""True""","pop == ""False""","clear == ""False""","calledMethod == ""push""","size_p == ""0""",Yes
5555,1607899197474:00c38810-2c0e-4dc9-a457-9fc251d0bb01,1607899197474:5bb3b008-5452-4e0e-a76d-df8cef9841f6,"size == ""1""","isEmpty == ""True""","peek_obj_type == ""class java.lang.String""","push == ""False""","pop == ""True""","clear == ""False""","calledMethod == ""pop""","size_p == ""1""",Yes
5557,1607899197473:fb099f74-4009-4c3b-9788-cf41b8fa809f,1607899197473:7fde6c74-d30b-467d-a749-e526e669d267,"size == ""1""","isEmpty == ""True""","peek_obj_type == ""class java.lang.String""","push == ""True""","pop == ""False""","clear == ""False""","calledMethod == ""push""","size_p == ""0""",Yes
5558,1607899197473:fb099f74-4009-4c3b-9788-cf41b8fa809f,1607899197473:7fde6c74-d30b-467d-a749-e526e669d267,"size == ""1""","isEmpty == ""True""","peek_obj_type == ""class java.lang.String""","push == ""False""","pop == ""True""","clear == ""False""","calledMethod == ""pop""","size_p == ""1""",Yes
5560,1607899197473:fb099f74-4009-4c3b-9788-cf41b8fa809f,1607899197473:065b37fa-3c8b-4a12-9944-ec2d02db84f3,"size == ""1""","isEmpty == ""True""","peek_obj_type == ""class java.lang.String""","push == ""True""","pop == ""False""","clear == ""False""","calledMethod == ""push""","size_p == ""0""",Yes
5561,1607899197473:fb099f74-4009-4c3b-9788-cf41b8fa809f,1607899197473:065b37fa-3c8b-4a12-9944-ec2d02db84f3,"size == ""2""","isEmpty == ""True""","peek_obj_type == ""class java.lang.String""","push == ""True""","pop == ""False""","clear == ""False""","calledMethod == ""push""","size_p == ""1""",Yes
5563,1607899197473:eb86174d-dc06-41c7-9739-771e4c97d3dc,1607899197473:79d99bbd-a5e9-4aca-92c2-b2be99ce5617,"size == ""1""","isEmpty == ""True""","peek_obj_type == ""class java.lang.String""","push == ""True""","pop == ""False""","clear == ""False""","calledMethod == ""push""","size_p == ""0""",Yes
5564,1607899197473:eb86174d-dc06-41c7-9739-771e4c97d3dc,1607899197473:79d99bbd-a5e9-4aca-92c2-b2be99ce5617,"size == ""1""","isEmpty == ""True""","peek_obj_type == ""class java.lang.String""","push == ""False""","pop == ""True""","clear == ""False""","calledMethod == ""pop""","size_p == ""1""",Yes
5567,1607899197473:c17b8083-ed88-4002-a116-3a3449846c39,1607899197473:e7c694ea-67bb-4719-91e8-63b6d1ff315d,"size == ""1""","isEmpty == ""True""","peek_obj_type == ""class java.lang.String""","push == ""True""","pop == ""False""","clear == ""False""","calledMethod == ""push""","size_p == ""0""",Yes
5568,1607899197473:c17b8083-ed88-4002-a116-3a3449846c39,1607899197473:e7c694ea-67bb-4719-91e8-63b6d1ff315d,"size == ""1""","isEmpty == ""True""","peek_obj_type == ""class java.lang.String""","push == ""False""","pop == ""False""","clear == ""True""","calledMethod == ""clear""","size_p == ""1""",Yes
5569,1607899197473:c17b8083-ed88-4002-a116-3a3449846c39,1607899197473:e7c694ea-67bb-4719-91e8-63b6d1ff315d,"size == ""1""","isEmpty == ""True""","peek_obj_type == ""class java.lang.String""","push == ""False""","pop == ""False""","clear == ""True""","calledMethod == ""clear""","size_p == ""1""",Yes
5570,1607899197473:c17b8083-ed88-4002-a116-3a3449846c39,1607899197473:e7c694ea-67bb-4719-91e8-63b6d1ff315d,"size == ""1""","isEmpty == ""True""","peek_obj_type == ""class java.lang.String""","push == ""False""","pop == ""False""","clear == ""True""","calledMethod == ""clear""","size_p == ""1""",Yes
5571,1607899197473:c17b8083-ed88-4002-a116-3a3449846c39,1607899197473:e7c694ea-67bb-4719-91e8-63b6d1ff315d,"size == ""1""","isEmpty == ""True""","peek_obj_type == ""class java.lang.String""","push == ""False""","pop == ""False""","clear == ""True""","calledMethod == ""clear""","size_p == ""1""",Yes
5572,1607899197473:c17b8083-ed88-4002-a116-3a3449846c39,1607899197473:e7c694ea-67bb-4719-91e8-63b6d1ff315d,"size == ""1""","isEmpty == ""True""","peek_obj_type == ""class java.lang.String""","push == ""False""","pop == ""False""","clear == ""True""","calledMethod == ""clear""","size_p == ""1""",Yes
5575,1607899197473:c17b8083-ed88-4002-a116-3a3449846c39,1607899197473:3af09f7a-ac1f-4126-80ec-3271ff556568,"size == ""1""","isEmpty == ""True""","peek_obj_type == ""class java.lang.String""","push == ""True""","pop == ""False""","clear == ""False""","calledMethod == ""push""","size_p == ""0""",Yes
5576,1607899197473:c17b8083-ed88-4002-a116-3a3449846c39,1607899197473:3af09f7a-ac1f-4126-80ec-3271ff556568,"size == ""1""","isEmpty == ""True""","peek_obj_type == ""class java.lang.String""","push == ""False""","pop == ""False""","clear == ""True""","calledMethod == ""clear""","size_p == ""1""",Yes
5577,1607899197473:c17b8083-ed88-4002-a116-3a3449846c39,1607899197473:3af09f7a-ac1f-4126-80ec-3271ff556568,"size == ""1""","isEmpty == ""True""","peek_obj_type == ""class java.lang.String""","push == ""False""","pop == ""False""","clear == ""True""","calledMethod == ""clear""","size_p == ""1""",Yes
5578,1607899197473:c17b8083-ed88-4002-a116-3a3449846c39,1607899197473:3af09f7a-ac1f-4126-80ec-3271ff556568,"size == ""1""","isEmpty == ""True""","peek_obj_type == ""class java.lang.String""","push == ""False""","pop == ""False""","clear == ""True""","calledMethod == ""clear""","size_p == ""1""",Yes
5580,1607899197473:c17b8083-ed88-4002-a116-3a3449846c39,1607899197473:04927fe5-86cd-4390-9968-c0ab07aaa9b7,"size == ""1""","isEmpty == ""True""","peek_obj_type == ""class java.lang.String""","push == ""True""","pop == ""False""","clear == ""False""","calledMethod == ""push""","size_p == ""0""",Yes
5581,1607899197473:c17b8083-ed88-4002-a116-3a3449846c39,1607899197473:04927fe5-86cd-4390-9968-c0ab07aaa9b7,"size == ""1""","isEmpty == ""True""","peek_obj_type == ""class java.lang.String""","push == ""False""","pop == ""True""","clear == ""False""","calledMethod == ""pop""","size_p == ""1""",Yes
5583,1607899197473:26b7e4f3-4dca-4e58-99b1-c8697db4471e,1607899197473:5b778273-24bf-4b2a-9d85-891555b19577,"size == ""1""","isEmpty == ""True""","peek_obj_type == ""class java.lang.String""","push == ""True""","pop == ""False""","clear == ""False""","calledMethod == ""push""","size_p == ""0""",Yes
5584,1607899197473:26b7e4f3-4dca-4e58-99b1-c8697db4471e,1607899197473:5b778273-24bf-4b2a-9d85-891555b19577,"size == ""1""","isEmpty == ""True""","peek_obj_type == ""class java.lang.String""","push == ""False""","pop == ""True""","clear == ""False""","calledMethod == ""pop""","size_p == ""1""",Yes
5587,1607899197473:26b7e4f3-4dca-4e58-99b1-c8697db4471e,1607899197473:1162f947-7f7b-4d11-a68b-b1805b8216f9,"size == ""1""","isEmpty == ""True""","peek_obj_type == ""class java.lang.String""","push == ""True""","pop == ""False""","clear == ""False""","calledMethod == ""push""","size_p == ""0""",Yes
5588,1607899197473:26b7e4f3-4dca-4e58-99b1-c8697db4471e,1607899197473:1162f947-7f7b-4d11-a68b-b1805b8216f9,"size == ""1""","isEmpty == ""True""","peek_obj_type == ""class java.lang.String""","push == ""False""","pop == ""False""","clear == ""True""","calledMethod == ""clear""","size_p == ""1""",Yes
5589,1607899197473:26b7e4f3-4dca-4e58-99b1-c8697db4471e,1607899197473:1162f947-7f7b-4d11-a68b-b1805b8216f9,"size == ""1""","isEmpty == ""True""","peek_obj_type == ""class java.lang.String""","push == ""False""","pop == ""False""","clear == ""True""","calledMethod == ""clear""","size_p == ""1""",Yes
5590,1607899197473:26b7e4f3-4dca-4e58-99b1-c8697db4471e,1607899197473:1162f947-7f7b-4d11-a68b-b1805b8216f9,"size == ""1""","isEmpty == ""True""","peek_obj_type == ""class java.lang.String""","push == ""False""","pop == ""False""","clear == ""True""","calledMethod == ""clear""","size_p == ""1""",Yes
5592,1607899197472:f5275daa-3936-4f80-ad38-62a66b2ab4c9,1607899197472:a880d725-70b3-48d3-b728-50c5a4187b89,"size == ""1""","isEmpty == ""True""","peek_obj_type == ""class java.lang.String""","push == ""True""","pop == ""False""","clear == ""False""","calledMethod == ""push""","size_p == ""0""",Yes
5593,1607899197472:f5275daa-3936-4f80-ad38-62a66b2ab4c9,1607899197472:a880d725-70b3-48d3-b728-50c5a4187b89,"size == ""1""","isEmpty == ""True""","peek_obj_type == ""class java.lang.String""","push == ""False""","pop == ""True""","clear == ""False""","calledMethod == ""pop""","size_p == ""1""",Yes
5595,1607899197472:f5275daa-3936-4f80-ad38-62a66b2ab4c9,1607899197472:9373998d-d6eb-4a0a-b6b1-01ccd2cee354,"size == ""1""","isEmpty == ""True""","peek_obj_type == ""class java.lang.String""","push == ""True""","pop == ""False""","clear == ""False""","calledMethod == ""push""","size_p == ""0""",Yes
5596,1607899197472:f5275daa-3936-4f80-ad38-62a66b2ab4c9,1607899197472:9373998d-d6eb-4a0a-b6b1-01ccd2cee354,"size == ""2""","isEmpty == ""True""","peek_obj_type == ""class java.lang.String""","push == ""True""","pop == ""False""","clear == ""False""","calledMethod == ""push""","size_p == ""1""",Yes
5598,1607899197472:751eaa9c-0993-4788-82a2-5733ac520adc,1607899197472:4e8bd7d5-55b1-4d62-b515-f8b56c7e79d9,"size == ""1""","isEmpty == ""True""","peek_obj_type == ""class java.lang.String""","push == ""True""","pop == ""False""","clear == ""False""","calledMethod == ""push""","size_p == ""0""",Yes
5599,1607899197472:751eaa9c-0993-4788-82a2-5733ac520adc,1607899197472:4e8bd7d5-55b1-4d62-b515-f8b56c7e79d9,"size == ""1""","isEmpty == ""True""","peek_obj_type == ""class java.lang.String""","push == ""False""","pop == ""True""","clear == ""False""","calledMethod == ""pop""","size_p == ""1""",Yes
5602,1607899197472:5f6fcef8-a0d1-4425-89bd-2cbba0b794a2,1607899197472:45a7dbcc-aa98-419d-a3fb-896f70e2f1d4,"size == ""1""","isEmpty == ""True""","peek_obj_type == ""class java.lang.String""","push == ""True""","pop == ""False""","clear == ""False""","calledMethod == ""push""","size_p == ""0""",Yes
5604,1607899197472:5f6fcef8-a0d1-4425-89bd-2cbba0b794a2,1607899197472:3a0095b9-7742-450e-a879-1a872d929177,"size == ""1""","isEmpty == ""True""","peek_obj_type == ""class java.lang.String""","push == ""True""","pop == ""False""","clear == ""False""","calledMethod == ""push""","size_p == ""0""",Yes
5605,1607899197472:5f6fcef8-a0d1-4425-89bd-2cbba0b794a2,1607899197472:3a0095b9-7742-450e-a879-1a872d929177,"size == ""1""","isEmpty == ""True""","peek_obj_type == ""class java.lang.String""","push == ""False""","pop == ""True""","clear == ""False""","calledMethod == ""pop""","size_p == ""1""",Yes
5607,1607899197472:5eb37860-cf99-475d-a704-a6a3b767bf09,1607899197472:edde10ba-ca62-426e-b6a3-70aa9af058e7,"size == ""1""","isEmpty == ""True""","peek_obj_type == ""class java.lang.String""","push == ""True""","pop == ""False""","clear == ""False""","calledMethod == ""push""","size_p == ""0""",Yes
5608,1607899197472:5eb37860-cf99-475d-a704-a6a3b767bf09,1607899197472:edde10ba-ca62-426e-b6a3-70aa9af058e7,"size == ""1""","isEmpty == ""True""","peek_obj_type == ""class java.lang.String""","push == ""False""","pop == ""True""","clear == ""False""","calledMethod == ""pop""","size_p == ""1""",Yes
5610,1607899197472:2f43cbbe-35aa-4641-a5fc-d899fce15acd,1607899197472:d50a9be8-911a-4dbd-8bca-0735445c1c8b,"size == ""1""","isEmpty == ""True""","peek_obj_type == ""class java.lang.String""","push == ""True""","pop == ""False""","clear == ""False""","calledMethod == ""push""","size_p == ""0""",Yes
5611,1607899197472:2f43cbbe-35aa-4641-a5fc-d899fce15acd,1607899197472:d50a9be8-911a-4dbd-8bca-0735445c1c8b,"size == ""2""","isEmpty == ""True""","peek_obj_type == ""class java.lang.String""","push == ""True""","pop == ""False""","clear == ""False""","calledMethod == ""push""","size_p == ""1""",Yes
5613,1607899197472:2f43cbbe-35aa-4641-a5fc-d899fce15acd,1607899197472:79affda9-dc8b-48f4-96ec-8a2ef927e094,"size == ""1""","isEmpty == ""True""","peek_obj_type == ""class java.lang.String""","push == ""True""","pop == ""False""","clear == ""False""","calledMethod == ""push""","size_p == ""0""",Yes
5614,1607899197472:2f43cbbe-35aa-4641-a5fc-d899fce15acd,1607899197472:79affda9-dc8b-48f4-96ec-8a2ef927e094,"size == ""1""","isEmpty == ""True""","peek_obj_type == ""class java.lang.String""","push == ""False""","pop == ""True""","clear == ""False""","calledMethod == ""pop""","size_p == ""1""",Yes
5617,1607899197472:2072be88-d9ab-432a-98f6-9b0b1d2a76a3,1607899197472:912b2558-dcb7-4d66-a363-74a21735d3b9,"size == ""1""","isEmpty == ""True""","peek_obj_type == ""class java.lang.String""","push == ""True""","pop == ""False""","clear == ""False""","calledMethod == ""push""","size_p == ""0""",Yes
5618,1607899197472:2072be88-d9ab-432a-98f6-9b0b1d2a76a3,1607899197472:912b2558-dcb7-4d66-a363-74a21735d3b9,"size == ""1""","isEmpty == ""True""","peek_obj_type == ""class java.lang.String""","push == ""False""","pop == ""True""","clear == ""False""","calledMethod == ""pop""","size_p == ""1""",Yes
5620,1607899197471:e31aa6bc-bf90-4413-b069-9e992808e2cf,1607899197471:fd23ca8d-9534-43f3-98e5-d1f7927ad2b0,"size == ""1""","isEmpty == ""True""","peek_obj_type == ""class java.lang.String""","push == ""True""","pop == ""False""","clear == ""False""","calledMethod == ""push""","size_p == ""0""",Yes
5621,1607899197471:e31aa6bc-bf90-4413-b069-9e992808e2cf,1607899197471:fd23ca8d-9534-43f3-98e5-d1f7927ad2b0,"size == ""1""","isEmpty == ""True""","peek_obj_type == ""class java.lang.String""","push == ""False""","pop == ""True""","clear == ""False""","calledMethod == ""pop""","size_p == ""1""",Yes
5623,1607899197471:9f2086f3-bf1d-41eb-8629-ad9b8bddee0d,1607899197471:fd3b7b4a-1a1a-4a7f-81b8-7a539d995498,"size == ""1""","isEmpty == ""True""","peek_obj_type == ""class java.lang.String""","push == ""True""","pop == ""False""","clear == ""False""","calledMethod == ""push""","size_p == ""0""",Yes
5624,1607899197471:9f2086f3-bf1d-41eb-8629-ad9b8bddee0d,1607899197471:fd3b7b4a-1a1a-4a7f-81b8-7a539d995498,"size == ""1""","isEmpty == ""True""","peek_obj_type == ""class java.lang.String""","push == ""False""","pop == ""True""","clear == ""False""","calledMethod == ""pop""","size_p == ""1""",Yes
5626,1607899197471:9f2086f3-bf1d-41eb-8629-ad9b8bddee0d,1607899197471:c95e4531-97a2-419c-8c56-7926ac4ecf2e,"size == ""1""","isEmpty == ""True""","peek_obj_type == ""class java.lang.String""","push == ""True""","pop == ""False""","clear == ""False""","calledMethod == ""push""","size_p == ""0""",Yes
5629,1607899197471:9da719fe-459a-4462-82dc-f13a5f0ac040,1607899197471:1f947c38-8575-4092-89ea-088f159bec8d,"size == ""1""","isEmpty == ""True""","peek_obj_type == ""class java.lang.String""","push == ""True""","pop == ""False""","clear == ""False""","calledMethod == ""push""","size_p == ""0""",Yes
5630,1607899197471:9da719fe-459a-4462-82dc-f13a5f0ac040,1607899197471:1f947c38-8575-4092-89ea-088f159bec8d,"size == ""1""","isEmpty == ""True""","peek_obj_type == ""class java.lang.String""","push == ""False""","pop == ""True""","clear == ""False""","calledMethod == ""pop""","size_p == ""1""",Yes
5632,1607899197471:6b3f600f-0fe7-488a-97a6-472fef2088a2,1607899197471:9de278e0-94a7-479b-947e-dfdeafbabdde,"size == ""1""","isEmpty == ""True""","peek_obj_type == ""class java.lang.String""","push == ""True""","pop == ""False""","clear == ""False""","calledMethod == ""push""","size_p == ""0""",Yes
5633,1607899197471:6b3f600f-0fe7-488a-97a6-472fef2088a2,1607899197471:9de278e0-94a7-479b-947e-dfdeafbabdde,"size == ""1""","isEmpty == ""True""","peek_obj_type == ""class java.lang.String""","push == ""False""","pop == ""True""","clear == ""False""","calledMethod == ""pop""","size_p == ""1""",Yes
5635,1607899197471:689e9ffa-151b-4860-87c5-166b224d6362,1607899197471:5adde3b0-472f-432d-800c-53d09c2adf31,"size == ""1""","isEmpty == ""True""","peek_obj_type == ""class java.lang.String""","push == ""True""","pop == ""False""","clear == ""False""","calledMethod == ""push""","size_p == ""0""",Yes
5636,1607899197471:689e9ffa-151b-4860-87c5-166b224d6362,1607899197471:5adde3b0-472f-432d-800c-53d09c2adf31,"size == ""1""","isEmpty == ""True""","peek_obj_type == ""class java.lang.String""","push == ""False""","pop == ""True""","clear == ""False""","calledMethod == ""pop""","size_p == ""1""",Yes
5638,1607899197471:689e9ffa-151b-4860-87c5-166b224d6362,1607899197471:2668754b-b6ad-48d6-9e25-56d1fa3ff840,"size == ""1""","isEmpty == ""True""","peek_obj_type == ""class java.lang.String""","push == ""True""","pop == ""False""","clear == ""False""","calledMethod == ""push""","size_p == ""0""",Yes
5639,1607899197471:689e9ffa-151b-4860-87c5-166b224d6362,1607899197471:2668754b-b6ad-48d6-9e25-56d1fa3ff840,"size == ""2""","isEmpty == ""True""","peek_obj_type == ""class java.lang.String""","push == ""True""","pop == ""False""","clear == ""False""","calledMethod == ""push""","size_p == ""1""",Yes
5640,1607899197471:689e9ffa-151b-4860-87c5-166b224d6362,1607899197471:2668754b-b6ad-48d6-9e25-56d1fa3ff840,"size == ""3""","isEmpty == ""True""","peek_obj_type == ""class java.lang.String""","push == ""True""","pop == ""False""","clear == ""False""","calledMethod == ""push""","size_p == ""2""",Yes
5642,1607899197470:c03665ed-c76e-48fc-a26e-34f726b26ec4,1607899197471:7f80b11a-baa2-4843-807f-23622d1b107a,"size == ""1""","isEmpty == ""True""","peek_obj_type == ""class java.lang.String""","push == ""True""","pop == ""False""","clear == ""False""","calledMethod == ""push""","size_p == ""0""",Yes
5643,1607899197470:c03665ed-c76e-48fc-a26e-34f726b26ec4,1607899197471:7f80b11a-baa2-4843-807f-23622d1b107a,"size == ""1""","isEmpty == ""True""","peek_obj_type == ""class java.lang.String""","push == ""False""","pop == ""True""","clear == ""False""","calledMethod == ""pop""","size_p == ""1""",Yes
5645,1607899197470:c03665ed-c76e-48fc-a26e-34f726b26ec4,1607899197470:fe03de6d-19f4-4d59-86f7-d4d9705dc646,"size == ""1""","isEmpty == ""True""","peek_obj_type == ""class java.lang.String""","push == ""True""","pop == ""False""","clear == ""False""","calledMethod == ""push""","size_p == ""0""",Yes
5648,1607899197470:95740c5b-125d-481f-9914-ffcdecf5b078,1607899197470:4edb6335-e0df-4e92-b40d-9f3d87a9a33a,"size == ""1""","isEmpty == ""True""","peek_obj_type == ""class java.lang.String""","push == ""True""","pop == ""False""","clear == ""False""","calledMethod == ""push""","size_p == ""0""",Yes
5650,1607899197470:95740c5b-125d-481f-9914-ffcdecf5b078,1607899197470:1bf05403-95c4-4461-9308-d6dde3b9d781,"size == ""1""","isEmpty == ""True""","peek_obj_type == ""class java.lang.String""","push == ""True""","pop == ""False""","clear == ""False""","calledMethod == ""push""","size_p == ""0""",Yes
5651,1607899197470:95740c5b-125d-481f-9914-ffcdecf5b078,1607899197470:1bf05403-95c4-4461-9308-d6dde3b9d781,"size == ""1""","isEmpty == ""True""","peek_obj_type == ""class java.lang.String""","push == ""False""","pop == ""True""","clear == ""False""","calledMethod == ""pop""","size_p == ""1""",Yes
5653,1607899197470:32e6b9df-f4b8-4bdf-9984-d5ed70dbaa5d,1607899197470:49391dc9-b0b2-44f6-8a47-6fcf9967539a,"size == ""1""","isEmpty == ""True""","peek_obj_type == ""class java.lang.String""","push == ""True""","pop == ""False""","clear == ""False""","calledMethod == ""push""","size_p == ""0""",Yes
5654,1607899197470:32e6b9df-f4b8-4bdf-9984-d5ed70dbaa5d,1607899197470:49391dc9-b0b2-44f6-8a47-6fcf9967539a,"size == ""1""","isEmpty == ""True""","peek_obj_type == ""class java.lang.String""","push == ""False""","pop == ""True""","clear == ""False""","calledMethod == ""pop""","size_p == ""1""",Yes
5656,1607899197470:1eea5d7a-976b-4168-b888-e489d794113c,1607899197470:8c896fdb-ce15-4a7a-ab0f-24f233c392dd,"size == ""1""","isEmpty == ""True""","peek_obj_type == ""class java.lang.String""","push == ""True""","pop == ""False""","clear == ""False""","calledMethod == ""push""","size_p == ""0""",Yes
5657,1607899197470:1eea5d7a-976b-4168-b888-e489d794113c,1607899197470:8c896fdb-ce15-4a7a-ab0f-24f233c392dd,"size == ""1""","isEmpty == ""True""","peek_obj_type == ""class java.lang.String""","push == ""False""","pop == ""True""","clear == ""False""","calledMethod == ""pop""","size_p == ""1""",Yes
5659,1607899197470:1c61cf82-cf1b-443c-8ab6-65f348960ef7,1607899197470:c06d93c2-d499-4af3-85d8-8572dd03fbcf,"size == ""1""","isEmpty == ""True""","peek_obj_type == ""class java.lang.String""","push == ""True""","pop == ""False""","clear == ""False""","calledMethod == ""push""","size_p == ""0""",Yes
5660,1607899197470:1c61cf82-cf1b-443c-8ab6-65f348960ef7,1607899197470:c06d93c2-d499-4af3-85d8-8572dd03fbcf,"size == ""1""","isEmpty == ""True""","peek_obj_type == ""class java.lang.String""","push == ""False""","pop == ""True""","clear == ""False""","calledMethod == ""pop""","size_p == ""1""",Yes
5662,1607899197470:1c61cf82-cf1b-443c-8ab6-65f348960ef7,1607899197470:53abf089-99dd-4fcc-ad79-3d66ff92c6e6,"size == ""1""","isEmpty == ""True""","peek_obj_type == ""class java.lang.String""","push == ""True""","pop == ""False""","clear == ""False""","calledMethod == ""push""","size_p == ""0""",Yes
5664,1607899197470:08d79ce9-d9db-4a6e-9b1e-bc1d888e9ca1,1607899197470:d242fc72-8f81-4f35-a470-f54e52029ead,"size == ""1""","isEmpty == ""True""","peek_obj_type == ""class java.lang.String""","push == ""True""","pop == ""False""","clear == ""False""","calledMethod == ""push""","size_p == ""0""",Yes
5665,1607899197470:08d79ce9-d9db-4a6e-9b1e-bc1d888e9ca1,1607899197470:d242fc72-8f81-4f35-a470-f54e52029ead,"size == ""1""","isEmpty == ""True""","peek_obj_type == ""class java.lang.String""","push == ""False""","pop == ""True""","clear == ""False""","calledMethod == ""pop""","size_p == ""1""",Yes
5668,1607899197470:08d79ce9-d9db-4a6e-9b1e-bc1d888e9ca1,1607899197470:68399c41-dbbb-4d1a-a266-1f886947fb6a,"size == ""1""","isEmpty == ""True""","peek_obj_type == ""class java.lang.String""","push == ""True""","pop == ""False""","clear == ""False""","calledMethod == ""push""","size_p == ""0""",Yes
5669,1607899197470:08d79ce9-d9db-4a6e-9b1e-bc1d888e9ca1,1607899197470:68399c41-dbbb-4d1a-a266-1f886947fb6a,"size == ""1""","isEmpty == ""True""","peek_obj_type == ""class java.lang.String""","push == ""False""","pop == ""False""","clear == ""True""","calledMethod == ""clear""","size_p == ""1""",Yes
5671,1607899197469:9a0b10cc-87c2-4900-90df-6645515c3866,1607899197469:e6506f5b-0928-47e6-a45a-7d10c6503864,"size == ""1""","isEmpty == ""True""","peek_obj_type == ""class java.lang.String""","push == ""True""","pop == ""False""","clear == ""False""","calledMethod == ""push""","size_p == ""0""",Yes
5673,1607899197469:9a0b10cc-87c2-4900-90df-6645515c3866,1607899197469:794eb311-80a6-4c3a-96d3-ab42984b3fb7,"size == ""1""","isEmpty == ""True""","peek_obj_type == ""class java.lang.String""","push == ""True""","pop == ""False""","clear == ""False""","calledMethod == ""push""","size_p == ""0""",Yes
5674,1607899197469:9a0b10cc-87c2-4900-90df-6645515c3866,1607899197469:794eb311-80a6-4c3a-96d3-ab42984b3fb7,"size == ""1""","isEmpty == ""True""","peek_obj_type == ""class java.lang.String""","push == ""False""","pop == ""True""","clear == ""False""","calledMethod == ""pop""","size_p == ""1""",Yes
5676,1607899197469:61975328-08d5-430f-9e92-e5511ad26bc6,1607899197469:d90b5487-9b89-48f2-ab49-0c71abe21846,"size == ""1""","isEmpty == ""True""","peek_obj_type == ""class java.lang.String""","push == ""True""","pop == ""False""","clear == ""False""","calledMethod == ""push""","size_p == ""0""",Yes
5677,1607899197469:61975328-08d5-430f-9e92-e5511ad26bc6,1607899197469:d90b5487-9b89-48f2-ab49-0c71abe21846,"size == ""2""","isEmpty == ""True""","peek_obj_type == ""class java.lang.String""","push == ""True""","pop == ""False""","clear == ""False""","calledMethod == ""push""","size_p == ""1""",Yes
5679,1607899197469:61975328-08d5-430f-9e92-e5511ad26bc6,1607899197469:c691fe52-1b10-4145-8972-82aae99d0385,"size == ""1""","isEmpty == ""True""","peek_obj_type == ""class java.lang.String""","push == ""True""","pop == ""False""","clear == ""False""","calledMethod == ""push""","size_p == ""0""",Yes
5680,1607899197469:61975328-08d5-430f-9e92-e5511ad26bc6,1607899197469:c691fe52-1b10-4145-8972-82aae99d0385,"size == ""1""","isEmpty == ""True""","peek_obj_type == ""class java.lang.String""","push == ""False""","pop == ""True""","clear == ""False""","calledMethod == ""pop""","size_p == ""1""",Yes
5682,1607899197469:4d83ac2d-d15a-4635-ab13-4dc2a0fd472f,1607899197469:e5fd503d-38c4-4078-a5ef-9389ad176e81,"size == ""1""","isEmpty == ""True""","peek_obj_type == ""class java.lang.String""","push == ""True""","pop == ""False""","clear == ""False""","calledMethod == ""push""","size_p == ""0""",Yes
5683,1607899197469:4d83ac2d-d15a-4635-ab13-4dc2a0fd472f,1607899197469:e5fd503d-38c4-4078-a5ef-9389ad176e81,"size == ""1""","isEmpty == ""True""","peek_obj_type == ""class java.lang.String""","push == ""False""","pop == ""True""","clear == ""False""","calledMethod == ""pop""","size_p == ""1""",Yes
5685,1607899197469:472979e9-8810-4b96-a203-f0ad99a73548,1607899197469:867c91c4-8396-41cd-8549-cd7cc450ba1b,"size == ""1""","isEmpty == ""True""","peek_obj_type == ""class java.lang.String""","push == ""True""","pop == ""False""","clear == ""False""","calledMethod == ""push""","size_p == ""0""",Yes
5686,1607899197469:472979e9-8810-4b96-a203-f0ad99a73548,1607899197469:867c91c4-8396-41cd-8549-cd7cc450ba1b,"size == ""1""","isEmpty == ""True""","peek_obj_type == ""class java.lang.String""","push == ""False""","pop == ""True""","clear == ""False""","calledMethod == ""pop""","size_p == ""1""",Yes
5688,1607899197469:42b71187-42b8-4a4f-90c1-aab4f509396d,1607899197469:59f4f5da-e904-4286-ae66-d2c06084f2e4,"size == ""1""","isEmpty == ""True""","peek_obj_type == ""class java.lang.String""","push == ""True""","pop == ""False""","clear == ""False""","calledMethod == ""push""","size_p == ""0""",Yes
5689,1607899197469:42b71187-42b8-4a4f-90c1-aab4f509396d,1607899197469:59f4f5da-e904-4286-ae66-d2c06084f2e4,"size == ""1""","isEmpty == ""True""","peek_obj_type == ""class java.lang.String""","push == ""False""","pop == ""True""","clear == ""False""","calledMethod == ""pop""","size_p == ""1""",Yes
5691,1607899197469:42b71187-42b8-4a4f-90c1-aab4f509396d,1607899197469:0d5fee9f-9729-4d29-b9f0-0f2caa112f2c,"size == ""1""","isEmpty == ""True""","peek_obj_type == ""class java.lang.String""","push == ""True""","pop == ""False""","clear == ""False""","calledMethod == ""push""","size_p == ""0""",Yes
5693,1607899197468:dc52813e-c6c3-45d1-b30b-ff688aabd1b1,1607899197468:92b3e6b2-18d7-456c-9a4f-b78184c5998a,"size == ""1""","isEmpty == ""True""","peek_obj_type == ""class java.lang.String""","push == ""True""","pop == ""False""","clear == ""False""","calledMethod == ""push""","size_p == ""0""",Yes
5694,1607899197468:dc52813e-c6c3-45d1-b30b-ff688aabd1b1,1607899197468:92b3e6b2-18d7-456c-9a4f-b78184c5998a,"size == ""1""","isEmpty == ""True""","peek_obj_type == ""class java.lang.String""","push == ""False""","pop == ""True""","clear == ""False""","calledMethod == ""pop""","size_p == ""1""",Yes
5696,1607899197468:dc52813e-c6c3-45d1-b30b-ff688aabd1b1,1607899197468:65eac73b-20e6-4258-9385-21642c207ace,"size == ""1""","isEmpty == ""True""","peek_obj_type == ""class java.lang.String""","push == ""True""","pop == ""False""","clear == ""False""","calledMethod == ""push""","size_p == ""0""",Yes
5697,1607899197468:dc52813e-c6c3-45d1-b30b-ff688aabd1b1,1607899197468:65eac73b-20e6-4258-9385-21642c207ace,"size == ""2""","isEmpty == ""True""","peek_obj_type == ""class java.lang.String""","push == ""True""","pop == ""False""","clear == ""False""","calledMethod == ""push""","size_p == ""1""",Yes
5699,1607899197468:99d8db3d-ad5e-447c-9b45-2308e58e2909,1607899197468:840d9b77-eb1b-47a8-9962-62eca195f700,"size == ""1""","isEmpty == ""True""","peek_obj_type == ""class java.lang.String""","push == ""True""","pop == ""False""","clear == ""False""","calledMethod == ""push""","size_p == ""0""",Yes
5700,1607899197468:99d8db3d-ad5e-447c-9b45-2308e58e2909,1607899197468:840d9b77-eb1b-47a8-9962-62eca195f700,"size == ""2""","isEmpty == ""True""","peek_obj_type == ""class java.lang.String""","push == ""True""","pop == ""False""","clear == ""False""","calledMethod == ""push""","size_p == ""1""",Yes
5702,1607899197468:99d8db3d-ad5e-447c-9b45-2308e58e2909,1607899197468:162088c9-f8a1-4b7a-a50d-ac6156d8e55f,"size == ""1""","isEmpty == ""True""","peek_obj_type == ""class java.lang.String""","push == ""True""","pop == ""False""","clear == ""False""","calledMethod == ""push""","size_p == ""0""",Yes
5703,1607899197468:99d8db3d-ad5e-447c-9b45-2308e58e2909,1607899197468:162088c9-f8a1-4b7a-a50d-ac6156d8e55f,"size == ""1""","isEmpty == ""True""","peek_obj_type == ""class java.lang.String""","push == ""False""","pop == ""True""","clear == ""False""","calledMethod == ""pop""","size_p == ""1""",Yes
5705,1607899197468:53090640-34f5-44cd-b92f-cf4f8d234e1c,1607899197468:00a55e32-2547-4c89-bbff-1e05d80a2c5a,"size == ""1""","isEmpty == ""True""","peek_obj_type == ""class java.lang.String""","push == ""True""","pop == ""False""","clear == ""False""","calledMethod == ""push""","size_p == ""0""",Yes
5706,1607899197468:53090640-34f5-44cd-b92f-cf4f8d234e1c,1607899197468:00a55e32-2547-4c89-bbff-1e05d80a2c5a,"size == ""1""","isEmpty == ""True""","peek_obj_type == ""class java.lang.String""","push == ""False""","pop == ""True""","clear == ""False""","calledMethod == ""pop""","size_p == ""1""",Yes
5708,1607899197468:4b202e25-8b30-4c94-bb79-c699b700efd7,1607899197468:ecb9b9c6-3b45-48df-95b5-32a2ea567084,"size == ""1""","isEmpty == ""True""","peek_obj_type == ""class java.lang.String""","push == ""True""","pop == ""False""","clear == ""False""","calledMethod == ""push""","size_p == ""0""",Yes
5710,1607899197468:4b202e25-8b30-4c94-bb79-c699b700efd7,1607899197468:d9c2423d-6e10-4156-b333-cb0ea952a11b,"size == ""1""","isEmpty == ""True""","peek_obj_type == ""class java.lang.String""","push == ""True""","pop == ""False""","clear == ""False""","calledMethod == ""push""","size_p == ""0""",Yes
5711,1607899197468:4b202e25-8b30-4c94-bb79-c699b700efd7,1607899197468:d9c2423d-6e10-4156-b333-cb0ea952a11b,"size == ""1""","isEmpty == ""True""","peek_obj_type == ""class java.lang.String""","push == ""False""","pop == ""True""","clear == ""False""","calledMethod == ""pop""","size_p == ""1""",Yes
5714,1607899197468:4b202e25-8b30-4c94-bb79-c699b700efd7,1607899197468:c1c1358e-4046-44f8-8352-cc963a648617,"size == ""1""","isEmpty == ""True""","peek_obj_type == ""class java.lang.String""","push == ""True""","pop == ""False""","clear == ""False""","calledMethod == ""push""","size_p == ""0""",Yes
5715,1607899197468:4b202e25-8b30-4c94-bb79-c699b700efd7,1607899197468:c1c1358e-4046-44f8-8352-cc963a648617,"size == ""1""","isEmpty == ""True""","peek_obj_type == ""class java.lang.String""","push == ""False""","pop == ""False""","clear == ""True""","calledMethod == ""clear""","size_p == ""1""",Yes
5716,1607899197468:4b202e25-8b30-4c94-bb79-c699b700efd7,1607899197468:c1c1358e-4046-44f8-8352-cc963a648617,"size == ""1""","isEmpty == ""True""","peek_obj_type == ""class java.lang.String""","push == ""False""","pop == ""False""","clear == ""True""","calledMethod == ""clear""","size_p == ""1""",Yes
5717,1607899197468:4b202e25-8b30-4c94-bb79-c699b700efd7,1607899197468:c1c1358e-4046-44f8-8352-cc963a648617,"size == ""1""","isEmpty == ""True""","peek_obj_type == ""class java.lang.String""","push == ""False""","pop == ""False""","clear == ""True""","calledMethod == ""clear""","size_p == ""1""",Yes
5719,1607899197468:2c0815c7-6738-4dbd-882a-f965fe0a23a7,1607899197468:644cb386-dc5a-45a7-9ef2-35c4ecfa065f,"size == ""1""","isEmpty == ""True""","peek_obj_type == ""class java.lang.String""","push == ""True""","pop == ""False""","clear == ""False""","calledMethod == ""push""","size_p == ""0""",Yes
5720,1607899197468:2c0815c7-6738-4dbd-882a-f965fe0a23a7,1607899197468:644cb386-dc5a-45a7-9ef2-35c4ecfa065f,"size == ""1""","isEmpty == ""True""","peek_obj_type == ""class java.lang.String""","push == ""False""","pop == ""True""","clear == ""False""","calledMethod == ""pop""","size_p == ""1""",Yes
5722,1607899197467:e6830c65-8192-4693-ad5c-fb1b404962d3,1607899197467:23457d42-11c7-44f8-b5f4-fe2037e89e0a,"size == ""1""","isEmpty == ""True""","peek_obj_type == ""class java.lang.String""","push == ""True""","pop == ""False""","clear == ""False""","calledMethod == ""push""","size_p == ""0""",Yes
5724,1607899197467:e6830c65-8192-4693-ad5c-fb1b404962d3,1607899197467:1b57373e-36b5-4f7b-89b1-67f4e665026d,"size == ""1""","isEmpty == ""True""","peek_obj_type == ""class java.lang.String""","push == ""True""","pop == ""False""","clear == ""False""","calledMethod == ""push""","size_p == ""0""",Yes
5725,1607899197467:e6830c65-8192-4693-ad5c-fb1b404962d3,1607899197467:1b57373e-36b5-4f7b-89b1-67f4e665026d,"size == ""1""","isEmpty == ""True""","peek_obj_type == ""class java.lang.String""","push == ""False""","pop == ""True""","clear == ""False""","calledMethod == ""pop""","size_p == ""1""",Yes
5727,1607899197467:abb59dd8-5afe-456f-a731-26914a49ab50,1607899197467:3a4a7b75-8c1d-4c7f-b711-d9832cd187c0,"size == ""1""","isEmpty == ""True""","peek_obj_type == ""class java.lang.String""","push == ""True""","pop == ""False""","clear == ""False""","calledMethod == ""push""","size_p == ""0""",Yes
5728,1607899197467:abb59dd8-5afe-456f-a731-26914a49ab50,1607899197467:3a4a7b75-8c1d-4c7f-b711-d9832cd187c0,"size == ""2""","isEmpty == ""True""","peek_obj_type == ""class java.lang.String""","push == ""True""","pop == ""False""","clear == ""False""","calledMethod == ""push""","size_p == ""1""",Yes
5729,1607899197467:abb59dd8-5afe-456f-a731-26914a49ab50,1607899197467:3a4a7b75-8c1d-4c7f-b711-d9832cd187c0,"size == ""3""","isEmpty == ""True""","peek_obj_type == ""class java.lang.String""","push == ""True""","pop == ""False""","clear == ""False""","calledMethod == ""push""","size_p == ""2""",Yes
5730,1607899197467:abb59dd8-5afe-456f-a731-26914a49ab50,1607899197467:3a4a7b75-8c1d-4c7f-b711-d9832cd187c0,"size == ""3""","isEmpty == ""True""","peek_obj_type == ""class java.lang.String""","push == ""False""","pop == ""True""","clear == ""False""","calledMethod == ""pop""","size_p == ""3""",Yes
5732,1607899197467:86090d1d-2a20-4bac-a474-ad3026b99951,1607899197467:1859a419-e6cb-48d2-a8d0-99c79ddce0d1,"size == ""1""","isEmpty == ""True""","peek_obj_type == ""class java.lang.String""","push == ""True""","pop == ""False""","clear == ""False""","calledMethod == ""push""","size_p == ""0""",Yes
5733,1607899197467:86090d1d-2a20-4bac-a474-ad3026b99951,1607899197467:1859a419-e6cb-48d2-a8d0-99c79ddce0d1,"size == ""2""","isEmpty == ""True""","peek_obj_type == ""class java.lang.String""","push == ""True""","pop == ""False""","clear == ""False""","calledMethod == ""push""","size_p == ""1""",Yes
5734,1607899197467:86090d1d-2a20-4bac-a474-ad3026b99951,1607899197467:1859a419-e6cb-48d2-a8d0-99c79ddce0d1,"size == ""3""","isEmpty == ""True""","peek_obj_type == ""class java.lang.String""","push == ""True""","pop == ""False""","clear == ""False""","calledMethod == ""push""","size_p == ""2""",Yes
5735,1607899197467:86090d1d-2a20-4bac-a474-ad3026b99951,1607899197467:1859a419-e6cb-48d2-a8d0-99c79ddce0d1,"size == ""3""","isEmpty == ""True""","peek_obj_type == ""class java.lang.String""","push == ""False""","pop == ""True""","clear == ""False""","calledMethod == ""pop""","size_p == ""3""",Yes
5737,1607899197467:5eee323b-4652-42e0-b876-2d0ce88fb4f5,1607899197467:a17d0d15-b640-46d2-b397-4585604c17db,"size == ""1""","isEmpty == ""True""","peek_obj_type == ""class java.lang.String""","push == ""True""","pop == ""False""","clear == ""False""","calledMethod == ""push""","size_p == ""0""",Yes
5738,1607899197467:5eee323b-4652-42e0-b876-2d0ce88fb4f5,1607899197467:a17d0d15-b640-46d2-b397-4585604c17db,"size == ""2""","isEmpty == ""True""","peek_obj_type == ""class java.lang.String""","push == ""True""","pop == ""False""","clear == ""False""","calledMethod == ""push""","size_p == ""1""",Yes
5740,1607899197467:5eee323b-4652-42e0-b876-2d0ce88fb4f5,1607899197467:8168fdfb-8ab8-4c66-a461-c9ac7f7a427a,"size == ""1""","isEmpty == ""True""","peek_obj_type == ""class java.lang.String""","push == ""True""","pop == ""False""","clear == ""False""","calledMethod == ""push""","size_p == ""0""",Yes
5741,1607899197467:5eee323b-4652-42e0-b876-2d0ce88fb4f5,1607899197467:8168fdfb-8ab8-4c66-a461-c9ac7f7a427a,"size == ""1""","isEmpty == ""True""","peek_obj_type == ""class java.lang.String""","push == ""False""","pop == ""True""","clear == ""False""","calledMethod == ""pop""","size_p == ""1""",Yes
5743,1607899197467:16e3a15c-0b93-4bfb-973b-f4f83db0ddd1,1607899197467:e488e021-5754-43a6-96c2-4ff52ce08f6c,"size == ""1""","isEmpty == ""True""","peek_obj_type == ""class java.lang.String""","push == ""True""","pop == ""False""","clear == ""False""","calledMethod == ""push""","size_p == ""0""",Yes
5744,1607899197467:16e3a15c-0b93-4bfb-973b-f4f83db0ddd1,1607899197467:e488e021-5754-43a6-96c2-4ff52ce08f6c,"size == ""1""","isEmpty == ""True""","peek_obj_type == ""class java.lang.String""","push == ""False""","pop == ""True""","clear == ""False""","calledMethod == ""pop""","size_p == ""1""",Yes
5746,1607899197467:16e3a15c-0b93-4bfb-973b-f4f83db0ddd1,1607899197467:6c659374-6e98-49b2-a947-060a7cde6747,"size == ""1""","isEmpty == ""True""","peek_obj_type == ""class java.lang.String""","push == ""True""","pop == ""False""","clear == ""False""","calledMethod == ""push""","size_p == ""0""",Yes
5749,1607899197466:cc2c3162-9448-45f3-82fb-14ed919bf4ab,1607899197466:62136c03-bcd4-4e37-9226-95bbc5a81148,"size == ""1""","isEmpty == ""True""","peek_obj_type == ""class java.lang.String""","push == ""True""","pop == ""False""","clear == ""False""","calledMethod == ""push""","size_p == ""0""",Yes
5750,1607899197466:cc2c3162-9448-45f3-82fb-14ed919bf4ab,1607899197466:62136c03-bcd4-4e37-9226-95bbc5a81148,"size == ""1""","isEmpty == ""True""","peek_obj_type == ""class java.lang.String""","push == ""False""","pop == ""True""","clear == ""False""","calledMethod == ""pop""","size_p == ""1""",Yes
5752,1607899197466:806bf54c-6ce9-40a0-b07a-56305f34ae73,1607899197466:89e7ec66-5cab-4b53-a90c-eebc6c42fd4e,"size == ""1""","isEmpty == ""True""","peek_obj_type == ""class java.lang.String""","push == ""True""","pop == ""False""","clear == ""False""","calledMethod == ""push""","size_p == ""0""",Yes
5753,1607899197466:806bf54c-6ce9-40a0-b07a-56305f34ae73,1607899197466:89e7ec66-5cab-4b53-a90c-eebc6c42fd4e,"size == ""1""","isEmpty == ""True""","peek_obj_type == ""class java.lang.String""","push == ""False""","pop == ""True""","clear == ""False""","calledMethod == ""pop""","size_p == ""1""",Yes
5755,1607899197466:4f59f77f-707d-4868-a342-1d1be2502282,1607899197466:9766896c-bd87-4d5d-9f41-e3302a10526f,"size == ""1""","isEmpty == ""True""","peek_obj_type == ""class java.lang.String""","push == ""True""","pop == ""False""","clear == ""False""","calledMethod == ""push""","size_p == ""0""",Yes
5756,1607899197466:4f59f77f-707d-4868-a342-1d1be2502282,1607899197466:9766896c-bd87-4d5d-9f41-e3302a10526f,"size == ""1""","isEmpty == ""True""","peek_obj_type == ""class java.lang.String""","push == ""False""","pop == ""True""","clear == ""False""","calledMethod == ""pop""","size_p == ""1""",Yes
5758,1607899197466:1cb673ec-7b05-45b4-b7c4-6a2e1085a234,1607899197466:ccb5a223-bc00-499e-ae11-42af8056f665,"size == ""1""","isEmpty == ""True""","peek_obj_type == ""class java.lang.String""","push == ""True""","pop == ""False""","clear == ""False""","calledMethod == ""push""","size_p == ""0""",Yes
5759,1607899197466:1cb673ec-7b05-45b4-b7c4-6a2e1085a234,1607899197466:ccb5a223-bc00-499e-ae11-42af8056f665,"size == ""1""","isEmpty == ""True""","peek_obj_type == ""class java.lang.String""","push == ""False""","pop == ""True""","clear == ""False""","calledMethod == ""pop""","size_p == ""1""",Yes
5761,1607899197466:1cb673ec-7b05-45b4-b7c4-6a2e1085a234,1607899197466:5d4d100e-aa26-4bd0-865d-be270a14448c,"size == ""1""","isEmpty == ""True""","peek_obj_type == ""class java.lang.String""","push == ""True""","pop == ""False""","clear == ""False""","calledMethod == ""push""","size_p == ""0""",Yes
5763,1607899197465:e3fb673e-9a15-4df5-b1ca-52cfb7f9101c,1607899197465:21f0d873-4c1c-4b5c-a822-37bf56db187c,"size == ""1""","isEmpty == ""True""","peek_obj_type == ""class java.lang.String""","push == ""True""","pop == ""False""","clear == ""False""","calledMethod == ""push""","size_p == ""0""",Yes
5764,1607899197465:e3fb673e-9a15-4df5-b1ca-52cfb7f9101c,1607899197465:21f0d873-4c1c-4b5c-a822-37bf56db187c,"size == ""1""","isEmpty == ""True""","peek_obj_type == ""class java.lang.String""","push == ""False""","pop == ""True""","clear == ""False""","calledMethod == ""pop""","size_p == ""1""",Yes
5766,1607899197465:8a262613-3128-48e0-ae81-5da1848108e1,1607899197465:673ad010-7eea-44ec-8d2e-edc177e40ede,"size == ""1""","isEmpty == ""True""","peek_obj_type == ""class java.lang.String""","push == ""True""","pop == ""False""","clear == ""False""","calledMethod == ""push""","size_p == ""0""",Yes
5767,1607899197465:8a262613-3128-48e0-ae81-5da1848108e1,1607899197465:673ad010-7eea-44ec-8d2e-edc177e40ede,"size == ""1""","isEmpty == ""True""","peek_obj_type == ""class java.lang.String""","push == ""False""","pop == ""True""","clear == ""False""","calledMethod == ""pop""","size_p == ""1""",Yes
5769,1607899197465:1cfa8f51-20d6-44c4-b4af-917d737f3fe5,1607899197465:7bf2117f-7c30-4480-a485-ee0586639474,"size == ""1""","isEmpty == ""True""","peek_obj_type == ""class java.lang.String""","push == ""True""","pop == ""False""","clear == ""False""","calledMethod == ""push""","size_p == ""0""",Yes
5770,1607899197465:1cfa8f51-20d6-44c4-b4af-917d737f3fe5,1607899197465:7bf2117f-7c30-4480-a485-ee0586639474,"size == ""2""","isEmpty == ""True""","peek_obj_type == ""class java.lang.String""","push == ""True""","pop == ""False""","clear == ""False""","calledMethod == ""push""","size_p == ""1""",Yes
5772,1607899197465:1cfa8f51-20d6-44c4-b4af-917d737f3fe5,1607899197465:797646e1-5656-44e5-9a12-4bc04beaa34a,"size == ""1""","isEmpty == ""True""","peek_obj_type == ""class java.lang.String""","push == ""True""","pop == ""False""","clear == ""False""","calledMethod == ""push""","size_p == ""0""",Yes
5773,1607899197465:1cfa8f51-20d6-44c4-b4af-917d737f3fe5,1607899197465:797646e1-5656-44e5-9a12-4bc04beaa34a,"size == ""1""","isEmpty == ""True""","peek_obj_type == ""class java.lang.String""","push == ""False""","pop == ""True""","clear == ""False""","calledMethod == ""pop""","size_p == ""1""",Yes
5775,1607899197465:09304646-1a14-4ecb-922e-3bf16fa8d6c2,1607899197465:1af83367-ea16-4411-88cc-2b928beac9a4,"size == ""1""","isEmpty == ""True""","peek_obj_type == ""class java.lang.String""","push == ""True""","pop == ""False""","clear == ""False""","calledMethod == ""push""","size_p == ""0""",Yes
5776,1607899197465:09304646-1a14-4ecb-922e-3bf16fa8d6c2,1607899197465:1af83367-ea16-4411-88cc-2b928beac9a4,"size == ""1""","isEmpty == ""True""","peek_obj_type == ""class java.lang.String""","push == ""False""","pop == ""True""","clear == ""False""","calledMethod == ""pop""","size_p == ""1""",Yes
5778,1607899197464:e1e16430-3167-4249-950a-45436aedea02,1607899197464:8aeb4d98-05f8-4b56-b7dc-64c19e748a31,"size == ""1""","isEmpty == ""True""","peek_obj_type == ""class java.lang.String""","push == ""True""","pop == ""False""","clear == ""False""","calledMethod == ""push""","size_p == ""0""",Yes
5779,1607899197464:e1e16430-3167-4249-950a-45436aedea02,1607899197464:8aeb4d98-05f8-4b56-b7dc-64c19e748a31,"size == ""1""","isEmpty == ""True""","peek_obj_type == ""class java.lang.String""","push == ""False""","pop == ""True""","clear == ""False""","calledMethod == ""pop""","size_p == ""1""",Yes
5781,1607899197464:d5e75a33-78f6-4491-a28d-6a47b623bec3,1607899197464:d3e65d51-c606-48fa-86c4-1a864bf661d4,"size == ""1""","isEmpty == ""True""","peek_obj_type == ""class java.lang.String""","push == ""True""","pop == ""False""","clear == ""False""","calledMethod == ""push""","size_p == ""0""",Yes
5782,1607899197464:d5e75a33-78f6-4491-a28d-6a47b623bec3,1607899197464:d3e65d51-c606-48fa-86c4-1a864bf661d4,"size == ""1""","isEmpty == ""True""","peek_obj_type == ""class java.lang.String""","push == ""False""","pop == ""True""","clear == ""False""","calledMethod == ""pop""","size_p == ""1""",Yes
5785,1607899197464:ad21ec93-fa18-42be-9e80-631f751a4fa4,1607899197464:56812319-8a61-45d2-aea5-83c96a575324,"size == ""1""","isEmpty == ""True""","peek_obj_type == ""class java.lang.String""","push == ""True""","pop == ""False""","clear == ""False""","calledMethod == ""push""","size_p == ""0""",Yes
5787,1607899197464:ad21ec93-fa18-42be-9e80-631f751a4fa4,1607899197464:19aca9fe-5c13-4233-b26b-5628fc065642,"size == ""1""","isEmpty == ""True""","peek_obj_type == ""class java.lang.String""","push == ""True""","pop == ""False""","clear == ""False""","calledMethod == ""push""","size_p == ""0""",Yes
5788,1607899197464:ad21ec93-fa18-42be-9e80-631f751a4fa4,1607899197464:19aca9fe-5c13-4233-b26b-5628fc065642,"size == ""1""","isEmpty == ""True""","peek_obj_type == ""class java.lang.String""","push == ""False""","pop == ""True""","clear == ""False""","calledMethod == ""pop""","size_p == ""1""",Yes
5790,1607899197464:1aacffb3-ec5f-43dc-9993-c806551f2df9,1607899197464:b0fa0514-980e-4130-adff-eb6743f6a323,"size == ""1""","isEmpty == ""True""","peek_obj_type == ""class java.lang.String""","push == ""True""","pop == ""False""","clear == ""False""","calledMethod == ""push""","size_p == ""0""",Yes
5791,1607899197464:1aacffb3-ec5f-43dc-9993-c806551f2df9,1607899197464:b0fa0514-980e-4130-adff-eb6743f6a323,"size == ""1""","isEmpty == ""True""","peek_obj_type == ""class java.lang.String""","push == ""False""","pop == ""True""","clear == ""False""","calledMethod == ""pop""","size_p == ""1""",Yes
5793,1607899197464:1aacffb3-ec5f-43dc-9993-c806551f2df9,1607899197464:a11ed387-5aba-43ff-90a4-ac9200498f28,"size == ""1""","isEmpty == ""True""","peek_obj_type == ""class java.lang.String""","push == ""True""","pop == ""False""","clear == ""False""","calledMethod == ""push""","size_p == ""0""",Yes
5794,1607899197464:1aacffb3-ec5f-43dc-9993-c806551f2df9,1607899197464:a11ed387-5aba-43ff-90a4-ac9200498f28,"size == ""2""","isEmpty == ""True""","peek_obj_type == ""class java.lang.String""","push == ""True""","pop == ""False""","clear == ""False""","calledMethod == ""push""","size_p == ""1""",Yes
5796,1607899197463:e944984f-54e5-4260-b0ca-12e96daf03e0,1607899197463:60176652-35f1-41ca-82da-a3ef8bd07cb0,"size == ""1""","isEmpty == ""True""","peek_obj_type == ""class java.lang.String""","push == ""True""","pop == ""False""","clear == ""False""","calledMethod == ""push""","size_p == ""0""",Yes
5797,1607899197463:e944984f-54e5-4260-b0ca-12e96daf03e0,1607899197463:60176652-35f1-41ca-82da-a3ef8bd07cb0,"size == ""1""","isEmpty == ""True""","peek_obj_type == ""class java.lang.String""","push == ""False""","pop == ""True""","clear == ""False""","calledMethod == ""pop""","size_p == ""1""",Yes
5799,1607899197463:e944984f-54e5-4260-b0ca-12e96daf03e0,1607899197463:1b3faab2-176b-47ca-83e6-f6124785201d,"size == ""1""","isEmpty == ""True""","peek_obj_type == ""class java.lang.String""","push == ""True""","pop == ""False""","clear == ""False""","calledMethod == ""push""","size_p == ""0""",Yes
5801,1607899197463:9287dd33-16c0-4e19-bfe5-4ff9aa70edc2,1607899197463:b00e912a-be81-4360-b306-5d38c80842ac,"size == ""1""","isEmpty == ""True""","peek_obj_type == ""class java.lang.String""","push == ""True""","pop == ""False""","clear == ""False""","calledMethod == ""push""","size_p == ""0""",Yes
5802,1607899197463:9287dd33-16c0-4e19-bfe5-4ff9aa70edc2,1607899197463:b00e912a-be81-4360-b306-5d38c80842ac,"size == ""1""","isEmpty == ""True""","peek_obj_type == ""class java.lang.String""","push == ""False""","pop == ""True""","clear == ""False""","calledMethod == ""pop""","size_p == ""1""",Yes
5804,1607899197463:7dc9647c-dec8-4a28-ac4b-f00e30ddb409,1607899197463:84ff8e23-4c45-4c02-8bb5-1542bff13efd,"size == ""1""","isEmpty == ""True""","peek_obj_type == ""class java.lang.String""","push == ""True""","pop == ""False""","clear == ""False""","calledMethod == ""push""","size_p == ""0""",Yes
5805,1607899197463:7dc9647c-dec8-4a28-ac4b-f00e30ddb409,1607899197463:84ff8e23-4c45-4c02-8bb5-1542bff13efd,"size == ""1""","isEmpty == ""True""","peek_obj_type == ""class java.lang.String""","push == ""False""","pop == ""True""","clear == ""False""","calledMethod == ""pop""","size_p == ""1""",Yes
5807,1607899197463:7dc9647c-dec8-4a28-ac4b-f00e30ddb409,1607899197463:0fe8a115-5fa8-49ca-b23b-ac8b196ec7c7,"size == ""1""","isEmpty == ""True""","peek_obj_type == ""class java.lang.String""","push == ""True""","pop == ""False""","clear == ""False""","calledMethod == ""push""","size_p == ""0""",Yes
5808,1607899197463:7dc9647c-dec8-4a28-ac4b-f00e30ddb409,1607899197463:0fe8a115-5fa8-49ca-b23b-ac8b196ec7c7,"size == ""2""","isEmpty == ""True""","peek_obj_type == ""class java.lang.String""","push == ""True""","pop == ""False""","clear == ""False""","calledMethod == ""push""","size_p == ""1""",Yes
5810,1607899197462:de4d568d-ce0d-454b-b2f3-e1872949a548,1607899197462:55b81b03-8a49-4f0b-9057-4e27a8608501,"size == ""1""","isEmpty == ""True""","peek_obj_type == ""class java.lang.String""","push == ""True""","pop == ""False""","clear == ""False""","calledMethod == ""push""","size_p == ""0""",Yes
5812,1607899197462:de4d568d-ce0d-454b-b2f3-e1872949a548,1607899197462:3053cd72-4d3a-4716-b388-996fe1ba6da3,"size == ""1""","isEmpty == ""True""","peek_obj_type == ""class java.lang.String""","push == ""True""","pop == ""False""","clear == ""False""","calledMethod == ""push""","size_p == ""0""",Yes
5813,1607899197462:de4d568d-ce0d-454b-b2f3-e1872949a548,1607899197462:3053cd72-4d3a-4716-b388-996fe1ba6da3,"size == ""1""","isEmpty == ""True""","peek_obj_type == ""class java.lang.String""","push == ""False""","pop == ""True""","clear == ""False""","calledMethod == ""pop""","size_p == ""1""",Yes
5815,1607899197462:8f46d6f9-a1f2-4de6-8be5-d6e9245d3262,1607899197462:c1fc7ce0-e689-40de-9984-67e5b2e2e356,"size == ""1""","isEmpty == ""True""","peek_obj_type == ""class java.lang.String""","push == ""True""","pop == ""False""","clear == ""False""","calledMethod == ""push""","size_p == ""0""",Yes
5816,1607899197462:8f46d6f9-a1f2-4de6-8be5-d6e9245d3262,1607899197462:c1fc7ce0-e689-40de-9984-67e5b2e2e356,"size == ""1""","isEmpty == ""True""","peek_obj_type == ""class java.lang.String""","push == ""False""","pop == ""True""","clear == ""False""","calledMethod == ""pop""","size_p == ""1""",Yes
5818,1607899197462:8f46d6f9-a1f2-4de6-8be5-d6e9245d3262,1607899197462:233b7038-4df9-4d4b-befa-605ce11316a2,"size == ""1""","isEmpty == ""True""","peek_obj_type == ""class java.lang.String""","push == ""True""","pop == ""False""","clear == ""False""","calledMethod == ""push""","size_p == ""0""",Yes
5820,1607899197462:62d2bea8-2e33-44ba-96f1-de06ab431c14,1607899197462:4f68e1d6-dbbc-4e43-8402-065284118120,"size == ""1""","isEmpty == ""True""","peek_obj_type == ""class java.lang.String""","push == ""True""","pop == ""False""","clear == ""False""","calledMethod == ""push""","size_p == ""0""",Yes
5822,1607899197462:62d2bea8-2e33-44ba-96f1-de06ab431c14,1607899197462:04b94623-a285-4ba6-8390-d1e3b8b2c4e6,"size == ""1""","isEmpty == ""True""","peek_obj_type == ""class java.lang.String""","push == ""True""","pop == ""False""","clear == ""False""","calledMethod == ""push""","size_p == ""0""",Yes
5823,1607899197462:62d2bea8-2e33-44ba-96f1-de06ab431c14,1607899197462:04b94623-a285-4ba6-8390-d1e3b8b2c4e6,"size == ""1""","isEmpty == ""True""","peek_obj_type == ""class java.lang.String""","push == ""False""","pop == ""True""","clear == ""False""","calledMethod == ""pop""","size_p == ""1""",Yes
5825,1607899197461:e3a72867-1fa3-4f2c-9421-46c54d8258a5,1607899197461:3b38bdd1-6ef7-4fe5-b18b-f432adeea882,"size == ""1""","isEmpty == ""True""","peek_obj_type == ""class java.lang.String""","push == ""True""","pop == ""False""","clear == ""False""","calledMethod == ""push""","size_p == ""0""",Yes
5826,1607899197461:e3a72867-1fa3-4f2c-9421-46c54d8258a5,1607899197461:3b38bdd1-6ef7-4fe5-b18b-f432adeea882,"size == ""1""","isEmpty == ""True""","peek_obj_type == ""class java.lang.String""","push == ""False""","pop == ""True""","clear == ""False""","calledMethod == ""pop""","size_p == ""1""",Yes
5828,1607899197461:e2cc4ae6-d59f-464d-9dc0-4274cacbecea,1607899197461:cc391537-6e9e-43ab-81d8-f7219341b402,"size == ""1""","isEmpty == ""True""","peek_obj_type == ""class java.lang.String""","push == ""True""","pop == ""False""","clear == ""False""","calledMethod == ""push""","size_p == ""0""",Yes
5829,1607899197461:e2cc4ae6-d59f-464d-9dc0-4274cacbecea,1607899197461:cc391537-6e9e-43ab-81d8-f7219341b402,"size == ""1""","isEmpty == ""True""","peek_obj_type == ""class java.lang.String""","push == ""False""","pop == ""True""","clear == ""False""","calledMethod == ""pop""","size_p == ""1""",Yes
5831,1607899197461:dd955d41-9fcd-4a95-a8d1-97af4d91fefd,1607899197461:9c2eb61b-cb52-423c-ba21-1373067ec662,"size == ""1""","isEmpty == ""True""","peek_obj_type == ""class java.lang.String""","push == ""True""","pop == ""False""","clear == ""False""","calledMethod == ""push""","size_p == ""0""",Yes
5832,1607899197461:dd955d41-9fcd-4a95-a8d1-97af4d91fefd,1607899197461:9c2eb61b-cb52-423c-ba21-1373067ec662,"size == ""2""","isEmpty == ""True""","peek_obj_type == ""class java.lang.String""","push == ""True""","pop == ""False""","clear == ""False""","calledMethod == ""push""","size_p == ""1""",Yes
5834,1607899197461:dd955d41-9fcd-4a95-a8d1-97af4d91fefd,1607899197461:2a03b059-5073-4467-8bc9-d27f233b5399,"size == ""1""","isEmpty == ""True""","peek_obj_type == ""class java.lang.String""","push == ""True""","pop == ""False""","clear == ""False""","calledMethod == ""push""","size_p == ""0""",Yes
5835,1607899197461:dd955d41-9fcd-4a95-a8d1-97af4d91fefd,1607899197461:2a03b059-5073-4467-8bc9-d27f233b5399,"size == ""1""","isEmpty == ""True""","peek_obj_type == ""class java.lang.String""","push == ""False""","pop == ""True""","clear == ""False""","calledMethod == ""pop""","size_p == ""1""",Yes
5837,1607899197461:dad877a1-f43d-4143-88d2-b4fe9fda95d9,1607899197461:62df1d3c-a95b-408c-900e-1347aba133a9,"size == ""1""","isEmpty == ""True""","peek_obj_type == ""class java.lang.String""","push == ""True""","pop == ""False""","clear == ""False""","calledMethod == ""push""","size_p == ""0""",Yes
5838,1607899197461:dad877a1-f43d-4143-88d2-b4fe9fda95d9,1607899197461:62df1d3c-a95b-408c-900e-1347aba133a9,"size == ""1""","isEmpty == ""True""","peek_obj_type == ""class java.lang.String""","push == ""False""","pop == ""True""","clear == ""False""","calledMethod == ""pop""","size_p == ""1""",Yes
5840,1607899197461:dad877a1-f43d-4143-88d2-b4fe9fda95d9,1607899197461:1af13186-7f59-4fb7-9571-501c073cea82,"size == ""1""","isEmpty == ""True""","peek_obj_type == ""class java.lang.String""","push == ""True""","pop == ""False""","clear == ""False""","calledMethod == ""push""","size_p == ""0""",Yes
5841,1607899197461:dad877a1-f43d-4143-88d2-b4fe9fda95d9,1607899197461:1af13186-7f59-4fb7-9571-501c073cea82,"size == ""2""","isEmpty == ""True""","peek_obj_type == ""class java.lang.String""","push == ""True""","pop == ""False""","clear == ""False""","calledMethod == ""push""","size_p == ""1""",Yes
5843,1607899197461:9cbcd443-fe08-4a27-b10a-b194910ac88e,1607899197462:bbe9301a-d814-451b-9f18-f12ece02dfc5,"size == ""1""","isEmpty == ""True""","peek_obj_type == ""class java.lang.String""","push == ""True""","pop == ""False""","clear == ""False""","calledMethod == ""push""","size_p == ""0""",Yes
5844,1607899197461:9cbcd443-fe08-4a27-b10a-b194910ac88e,1607899197462:bbe9301a-d814-451b-9f18-f12ece02dfc5,"size == ""1""","isEmpty == ""True""","peek_obj_type == ""class java.lang.String""","push == ""False""","pop == ""True""","clear == ""False""","calledMethod == ""pop""","size_p == ""1""",Yes
5847,1607899197461:9cbcd443-fe08-4a27-b10a-b194910ac88e,1607899197461:8b1d323c-2f98-4b43-a313-274caecc0701,"size == ""1""","isEmpty == ""True""","peek_obj_type == ""class java.lang.String""","push == ""True""","pop == ""False""","clear == ""False""","calledMethod == ""push""","size_p == ""0""",Yes
5848,1607899197461:9cbcd443-fe08-4a27-b10a-b194910ac88e,1607899197461:8b1d323c-2f98-4b43-a313-274caecc0701,"size == ""1""","isEmpty == ""True""","peek_obj_type == ""class java.lang.String""","push == ""False""","pop == ""False""","clear == ""True""","calledMethod == ""clear""","size_p == ""1""",Yes
5849,1607899197461:9cbcd443-fe08-4a27-b10a-b194910ac88e,1607899197461:8b1d323c-2f98-4b43-a313-274caecc0701,"size == ""1""","isEmpty == ""True""","peek_obj_type == ""class java.lang.String""","push == ""False""","pop == ""False""","clear == ""True""","calledMethod == ""clear""","size_p == ""1""",Yes
5850,1607899197461:9cbcd443-fe08-4a27-b10a-b194910ac88e,1607899197461:8b1d323c-2f98-4b43-a313-274caecc0701,"size == ""1""","isEmpty == ""True""","peek_obj_type == ""class java.lang.String""","push == ""False""","pop == ""False""","clear == ""True""","calledMethod == ""clear""","size_p == ""1""",Yes
5852,1607899197461:9244f488-52f6-4f63-ab16-5cb8491b9672,1607899197461:40d78378-b3f8-49ee-9027-159a7e88c6a1,"size == ""1""","isEmpty == ""True""","peek_obj_type == ""class java.lang.String""","push == ""True""","pop == ""False""","clear == ""False""","calledMethod == ""push""","size_p == ""0""",Yes
5853,1607899197461:9244f488-52f6-4f63-ab16-5cb8491b9672,1607899197461:40d78378-b3f8-49ee-9027-159a7e88c6a1,"size == ""1""","isEmpty == ""True""","peek_obj_type == ""class java.lang.String""","push == ""False""","pop == ""True""","clear == ""False""","calledMethod == ""pop""","size_p == ""1""",Yes
5855,1607899197460:f394247f-1fa6-4cf0-b971-5f8bc29dcf0e,1607899197460:ae653c9b-cbe7-4e16-a989-e2a6c75e119c,"size == ""1""","isEmpty == ""True""","peek_obj_type == ""class java.lang.String""","push == ""True""","pop == ""False""","clear == ""False""","calledMethod == ""push""","size_p == ""0""",Yes
5856,1607899197460:f394247f-1fa6-4cf0-b971-5f8bc29dcf0e,1607899197460:ae653c9b-cbe7-4e16-a989-e2a6c75e119c,"size == ""2""","isEmpty == ""True""","peek_obj_type == ""class java.lang.String""","push == ""True""","pop == ""False""","clear == ""False""","calledMethod == ""push""","size_p == ""1""",Yes
5858,1607899197460:f394247f-1fa6-4cf0-b971-5f8bc29dcf0e,1607899197460:aa43d42c-8171-4be5-907d-3bb0bf3eb6dc,"size == ""1""","isEmpty == ""True""","peek_obj_type == ""class java.lang.String""","push == ""True""","pop == ""False""","clear == ""False""","calledMethod == ""push""","size_p == ""0""",Yes
5859,1607899197460:f394247f-1fa6-4cf0-b971-5f8bc29dcf0e,1607899197460:aa43d42c-8171-4be5-907d-3bb0bf3eb6dc,"size == ""1""","isEmpty == ""True""","peek_obj_type == ""class java.lang.String""","push == ""False""","pop == ""True""","clear == ""False""","calledMethod == ""pop""","size_p == ""1""",Yes
5861,1607899197460:e694a031-1183-4259-b845-8bed0d1dc3bf,1607899197460:fca8ec77-e902-4738-95d0-7c45472d21c7,"size == ""1""","isEmpty == ""True""","peek_obj_type == ""class java.lang.String""","push == ""True""","pop == ""False""","clear == ""False""","calledMethod == ""push""","size_p == ""0""",Yes
5862,1607899197460:e694a031-1183-4259-b845-8bed0d1dc3bf,1607899197460:fca8ec77-e902-4738-95d0-7c45472d21c7,"size == ""1""","isEmpty == ""True""","peek_obj_type == ""class java.lang.String""","push == ""False""","pop == ""True""","clear == ""False""","calledMethod == ""pop""","size_p == ""1""",Yes
5864,1607899197460:c5494632-e60b-41c5-a6ef-0475ccc70f9a,1607899197460:dbc4d2dc-c3b0-4fb9-b00e-0b44c4bebc25,"size == ""1""","isEmpty == ""True""","peek_obj_type == ""class java.lang.String""","push == ""True""","pop == ""False""","clear == ""False""","calledMethod == ""push""","size_p == ""0""",Yes
5865,1607899197460:c5494632-e60b-41c5-a6ef-0475ccc70f9a,1607899197460:dbc4d2dc-c3b0-4fb9-b00e-0b44c4bebc25,"size == ""1""","isEmpty == ""True""","peek_obj_type == ""class java.lang.String""","push == ""False""","pop == ""True""","clear == ""False""","calledMethod == ""pop""","size_p == ""1""",Yes
5867,1607899197460:c1a22070-a3f6-45b9-b6b7-c8fb567bb4fd,1607899197460:800d56a5-603f-4bc9-bdd7-1fdc7253ae7a,"size == ""1""","isEmpty == ""True""","peek_obj_type == ""class java.lang.String""","push == ""True""","pop == ""False""","clear == ""False""","calledMethod == ""push""","size_p == ""0""",Yes
5868,1607899197460:c1a22070-a3f6-45b9-b6b7-c8fb567bb4fd,1607899197460:800d56a5-603f-4bc9-bdd7-1fdc7253ae7a,"size == ""1""","isEmpty == ""True""","peek_obj_type == ""class java.lang.String""","push == ""False""","pop == ""True""","clear == ""False""","calledMethod == ""pop""","size_p == ""1""",Yes
5871,1607899197460:9df2e023-dfab-4b4c-8c16-8e7dd6814022,1607899197460:d118607f-d628-4a77-9ec2-c7788dddf414,"size == ""1""","isEmpty == ""True""","peek_obj_type == ""class java.lang.String""","push == ""True""","pop == ""False""","clear == ""False""","calledMethod == ""push""","size_p == ""0""",Yes
5872,1607899197460:9df2e023-dfab-4b4c-8c16-8e7dd6814022,1607899197460:d118607f-d628-4a77-9ec2-c7788dddf414,"size == ""1""","isEmpty == ""True""","peek_obj_type == ""class java.lang.String""","push == ""False""","pop == ""True""","clear == ""False""","calledMethod == ""pop""","size_p == ""1""",Yes
5874,1607899197460:1efaa318-b0a8-40c3-9bcd-eb6bf4b310b5,1607899197460:fe94ecc8-7cae-4723-ab78-0531b1d6f748,"size == ""1""","isEmpty == ""True""","peek_obj_type == ""class java.lang.String""","push == ""True""","pop == ""False""","clear == ""False""","calledMethod == ""push""","size_p == ""0""",Yes
5875,1607899197460:1efaa318-b0a8-40c3-9bcd-eb6bf4b310b5,1607899197460:fe94ecc8-7cae-4723-ab78-0531b1d6f748,"size == ""1""","isEmpty == ""True""","peek_obj_type == ""class java.lang.String""","push == ""False""","pop == ""True""","clear == ""False""","calledMethod == ""pop""","size_p == ""1""",Yes
5877,1607899197460:1ea2433e-b7c4-499f-89d9-7d942919307f,1607899197460:b4ac481c-489d-4136-960e-644f3eb3c69f,"size == ""1""","isEmpty == ""True""","peek_obj_type == ""class java.lang.String""","push == ""True""","pop == ""False""","clear == ""False""","calledMethod == ""push""","size_p == ""0""",Yes
5879,1607899197460:1ea2433e-b7c4-499f-89d9-7d942919307f,1607899197460:8fd5a1e6-6601-40d6-bff3-5c29170b606f,"size == ""1""","isEmpty == ""True""","peek_obj_type == ""class java.lang.String""","push == ""True""","pop == ""False""","clear == ""False""","calledMethod == ""push""","size_p == ""0""",Yes
5880,1607899197460:1ea2433e-b7c4-499f-89d9-7d942919307f,1607899197460:8fd5a1e6-6601-40d6-bff3-5c29170b606f,"size == ""1""","isEmpty == ""True""","peek_obj_type == ""class java.lang.String""","push == ""False""","pop == ""True""","clear == ""False""","calledMethod == ""pop""","size_p == ""1""",Yes
5882,1607899197460:1ea2433e-b7c4-499f-89d9-7d942919307f,1607899197460:1632300e-c384-4515-9cfb-d8a4d61c58a1,"size == ""1""","isEmpty == ""True""","peek_obj_type == ""class java.lang.String""","push == ""True""","pop == ""False""","clear == ""False""","calledMethod == ""push""","size_p == ""0""",Yes
5883,1607899197460:1ea2433e-b7c4-499f-89d9-7d942919307f,1607899197460:1632300e-c384-4515-9cfb-d8a4d61c58a1,"size == ""2""","isEmpty == ""True""","peek_obj_type == ""class java.lang.String""","push == ""True""","pop == ""False""","clear == ""False""","calledMethod == ""push""","size_p == ""1""",Yes
5885,1607899197459:b5ef295f-1f90-4844-8989-5b24f19e003d,1607899197459:b15023de-6835-46eb-8533-65e94061e134,"size == ""1""","isEmpty == ""True""","peek_obj_type == ""class java.lang.String""","push == ""True""","pop == ""False""","clear == ""False""","calledMethod == ""push""","size_p == ""0""",Yes
5886,1607899197459:b5ef295f-1f90-4844-8989-5b24f19e003d,1607899197459:b15023de-6835-46eb-8533-65e94061e134,"size == ""2""","isEmpty == ""True""","peek_obj_type == ""class java.lang.String""","push == ""True""","pop == ""False""","clear == ""False""","calledMethod == ""push""","size_p == ""1""",Yes
5888,1607899197459:b5ef295f-1f90-4844-8989-5b24f19e003d,1607899197459:68b5faac-c26d-40be-89fa-fba139b08357,"size == ""1""","isEmpty == ""True""","peek_obj_type == ""class java.lang.String""","push == ""True""","pop == ""False""","clear == ""False""","calledMethod == ""push""","size_p == ""0""",Yes
5889,1607899197459:b5ef295f-1f90-4844-8989-5b24f19e003d,1607899197459:68b5faac-c26d-40be-89fa-fba139b08357,"size == ""1""","isEmpty == ""True""","peek_obj_type == ""class java.lang.String""","push == ""False""","pop == ""True""","clear == ""False""","calledMethod == ""pop""","size_p == ""1""",Yes
5892,1607899197459:848405e5-183e-42d3-909a-997eba7145f3,1607899197459:7cca2199-5365-4985-86f4-056e38ec324c,"size == ""1""","isEmpty == ""True""","peek_obj_type == ""class java.lang.String""","push == ""True""","pop == ""False""","clear == ""False""","calledMethod == ""push""","size_p == ""0""",Yes
5893,1607899197459:848405e5-183e-42d3-909a-997eba7145f3,1607899197459:7cca2199-5365-4985-86f4-056e38ec324c,"size == ""1""","isEmpty == ""True""","peek_obj_type == ""class java.lang.String""","push == ""False""","pop == ""True""","clear == ""False""","calledMethod == ""pop""","size_p == ""1""",Yes
5895,1607899197459:848405e5-183e-42d3-909a-997eba7145f3,1607899197459:6e172d51-4875-46ef-8110-a3c699a65171,"size == ""1""","isEmpty == ""True""","peek_obj_type == ""class java.lang.String""","push == ""True""","pop == ""False""","clear == ""False""","calledMethod == ""push""","size_p == ""0""",Yes
5897,1607899197459:6482d8b6-cbd4-4c82-b8cd-19449c2d0355,1607899197459:ca09c34f-a65c-421f-a3ac-ff3747c38337,"size == ""1""","isEmpty == ""True""","peek_obj_type == ""class java.lang.String""","push == ""True""","pop == ""False""","clear == ""False""","calledMethod == ""push""","size_p == ""0""",Yes
5898,1607899197459:6482d8b6-cbd4-4c82-b8cd-19449c2d0355,1607899197459:ca09c34f-a65c-421f-a3ac-ff3747c38337,"size == ""2""","isEmpty == ""True""","peek_obj_type == ""class java.lang.String""","push == ""True""","pop == ""False""","clear == ""False""","calledMethod == ""push""","size_p == ""1""",Yes
5899,1607899197459:6482d8b6-cbd4-4c82-b8cd-19449c2d0355,1607899197459:ca09c34f-a65c-421f-a3ac-ff3747c38337,"size == ""3""","isEmpty == ""True""","peek_obj_type == ""class java.lang.String""","push == ""True""","pop == ""False""","clear == ""False""","calledMethod == ""push""","size_p == ""2""",Yes
5900,1607899197459:6482d8b6-cbd4-4c82-b8cd-19449c2d0355,1607899197459:ca09c34f-a65c-421f-a3ac-ff3747c38337,"size == ""3""","isEmpty == ""True""","peek_obj_type == ""class java.lang.String""","push == ""False""","pop == ""False""","clear == ""True""","calledMethod == ""clear""","size_p == ""3""",Yes
5902,1607899197459:6482d8b6-cbd4-4c82-b8cd-19449c2d0355,1607899197459:7010bf25-0722-4325-af4a-1c60e89c4d89,"size == ""1""","isEmpty == ""True""","peek_obj_type == ""class java.lang.String""","push == ""True""","pop == ""False""","clear == ""False""","calledMethod == ""push""","size_p == ""0""",Yes
5904,1607899197459:6482d8b6-cbd4-4c82-b8cd-19449c2d0355,1607899197459:390f0ab3-de86-4d71-9740-7b989b009c43,"size == ""1""","isEmpty == ""True""","peek_obj_type == ""class java.lang.String""","push == ""True""","pop == ""False""","clear == ""False""","calledMethod == ""push""","size_p == ""0""",Yes
5905,1607899197459:6482d8b6-cbd4-4c82-b8cd-19449c2d0355,1607899197459:390f0ab3-de86-4d71-9740-7b989b009c43,"size == ""1""","isEmpty == ""True""","peek_obj_type == ""class java.lang.String""","push == ""False""","pop == ""True""","clear == ""False""","calledMethod == ""pop""","size_p == ""1""",Yes
5908,1607899197459:3dfc323c-f7ac-492e-b643-e235ff3d6dfb,1607899197459:fa329b0c-b886-4d45-a86f-a43241aabe58,"size == ""1""","isEmpty == ""True""","peek_obj_type == ""class java.lang.String""","push == ""True""","pop == ""False""","clear == ""False""","calledMethod == ""push""","size_p == ""0""",Yes
5909,1607899197459:3dfc323c-f7ac-492e-b643-e235ff3d6dfb,1607899197459:fa329b0c-b886-4d45-a86f-a43241aabe58,"size == ""1""","isEmpty == ""True""","peek_obj_type == ""class java.lang.String""","push == ""False""","pop == ""True""","clear == ""False""","calledMethod == ""pop""","size_p == ""1""",Yes
5911,1607899197459:3cd689d5-b977-470b-9c75-84c7b83f81a3,1607899197459:9819cca2-5ce0-44b4-ba37-b761a752e77e,"size == ""1""","isEmpty == ""True""","peek_obj_type == ""class java.lang.String""","push == ""True""","pop == ""False""","clear == ""False""","calledMethod == ""push""","size_p == ""0""",Yes
5912,1607899197459:3cd689d5-b977-470b-9c75-84c7b83f81a3,1607899197459:9819cca2-5ce0-44b4-ba37-b761a752e77e,"size == ""1""","isEmpty == ""True""","peek_obj_type == ""class java.lang.String""","push == ""False""","pop == ""True""","clear == ""False""","calledMethod == ""pop""","size_p == ""1""",Yes
5915,1607899197458:c4117a00-4324-4bba-9313-6d3561ab1b9a,1607899197458:eba37d99-f0fe-4740-8690-683d3866f0b3,"size == ""1""","isEmpty == ""True""","peek_obj_type == ""class java.lang.String""","push == ""True""","pop == ""False""","clear == ""False""","calledMethod == ""push""","size_p == ""0""",Yes
5916,1607899197458:c4117a00-4324-4bba-9313-6d3561ab1b9a,1607899197458:eba37d99-f0fe-4740-8690-683d3866f0b3,"size == ""1""","isEmpty == ""True""","peek_obj_type == ""class java.lang.String""","push == ""False""","pop == ""False""","clear == ""True""","calledMethod == ""clear""","size_p == ""1""",Yes
5917,1607899197458:c4117a00-4324-4bba-9313-6d3561ab1b9a,1607899197458:eba37d99-f0fe-4740-8690-683d3866f0b3,"size == ""1""","isEmpty == ""True""","peek_obj_type == ""class java.lang.String""","push == ""False""","pop == ""False""","clear == ""True""","calledMethod == ""clear""","size_p == ""1""",Yes
5918,1607899197458:c4117a00-4324-4bba-9313-6d3561ab1b9a,1607899197458:eba37d99-f0fe-4740-8690-683d3866f0b3,"size == ""1""","isEmpty == ""True""","peek_obj_type == ""class java.lang.String""","push == ""False""","pop == ""False""","clear == ""True""","calledMethod == ""clear""","size_p == ""1""",Yes
5920,1607899197458:c4117a00-4324-4bba-9313-6d3561ab1b9a,1607899197458:847201ad-a793-46d5-981a-6cfb30baa58f,"size == ""1""","isEmpty == ""True""","peek_obj_type == ""class java.lang.String""","push == ""True""","pop == ""False""","clear == ""False""","calledMethod == ""push""","size_p == ""0""",Yes
5921,1607899197458:c4117a00-4324-4bba-9313-6d3561ab1b9a,1607899197458:847201ad-a793-46d5-981a-6cfb30baa58f,"size == ""1""","isEmpty == ""True""","peek_obj_type == ""class java.lang.String""","push == ""False""","pop == ""True""","clear == ""False""","calledMethod == ""pop""","size_p == ""1""",Yes
5924,1607899197458:c4117a00-4324-4bba-9313-6d3561ab1b9a,1607899197458:3155d9af-bc2d-4464-b5bf-c458077df5ce,"size == ""1""","isEmpty == ""True""","peek_obj_type == ""class java.lang.String""","push == ""True""","pop == ""False""","clear == ""False""","calledMethod == ""push""","size_p == ""0""",Yes
5925,1607899197458:c4117a00-4324-4bba-9313-6d3561ab1b9a,1607899197458:3155d9af-bc2d-4464-b5bf-c458077df5ce,"size == ""1""","isEmpty == ""True""","peek_obj_type == ""class java.lang.String""","push == ""False""","pop == ""False""","clear == ""True""","calledMethod == ""clear""","size_p == ""1""",Yes
5926,1607899197458:c4117a00-4324-4bba-9313-6d3561ab1b9a,1607899197458:3155d9af-bc2d-4464-b5bf-c458077df5ce,"size == ""1""","isEmpty == ""True""","peek_obj_type == ""class java.lang.String""","push == ""False""","pop == ""False""","clear == ""True""","calledMethod == ""clear""","size_p == ""1""",Yes
5927,1607899197458:c4117a00-4324-4bba-9313-6d3561ab1b9a,1607899197458:3155d9af-bc2d-4464-b5bf-c458077df5ce,"size == ""1""","isEmpty == ""True""","peek_obj_type == ""class java.lang.String""","push == ""False""","pop == ""False""","clear == ""True""","calledMethod == ""clear""","size_p == ""1""",Yes
5928,1607899197458:c4117a00-4324-4bba-9313-6d3561ab1b9a,1607899197458:3155d9af-bc2d-4464-b5bf-c458077df5ce,"size == ""1""","isEmpty == ""True""","peek_obj_type == ""class java.lang.String""","push == ""False""","pop == ""False""","clear == ""True""","calledMethod == ""clear""","size_p == ""1""",Yes
5929,1607899197458:c4117a00-4324-4bba-9313-6d3561ab1b9a,1607899197458:3155d9af-bc2d-4464-b5bf-c458077df5ce,"size == ""1""","isEmpty == ""True""","peek_obj_type == ""class java.lang.String""","push == ""False""","pop == ""False""","clear == ""True""","calledMethod == ""clear""","size_p == ""1""",Yes
5931,1607899197458:a5d2d1f1-ecca-4193-9260-ccb265c89f47,1607899197458:f0bb1aec-2c03-4342-a39b-0c959b065217,"size == ""1""","isEmpty == ""True""","peek_obj_type == ""class java.lang.String""","push == ""True""","pop == ""False""","clear == ""False""","calledMethod == ""push""","size_p == ""0""",Yes
5932,1607899197458:a5d2d1f1-ecca-4193-9260-ccb265c89f47,1607899197458:f0bb1aec-2c03-4342-a39b-0c959b065217,"size == ""1""","isEmpty == ""True""","peek_obj_type == ""class java.lang.String""","push == ""False""","pop == ""True""","clear == ""False""","calledMethod == ""pop""","size_p == ""1""",Yes
5934,1607899197458:a1e85384-3e74-4e9c-96e5-45a6217db40c,1607899197458:fab682eb-7e05-4d4c-81c0-3adc9fc809fa,"size == ""1""","isEmpty == ""True""","peek_obj_type == ""class java.lang.String""","push == ""True""","pop == ""False""","clear == ""False""","calledMethod == ""push""","size_p == ""0""",Yes
5935,1607899197458:a1e85384-3e74-4e9c-96e5-45a6217db40c,1607899197458:fab682eb-7e05-4d4c-81c0-3adc9fc809fa,"size == ""2""","isEmpty == ""True""","peek_obj_type == ""class java.lang.String""","push == ""True""","pop == ""False""","clear == ""False""","calledMethod == ""push""","size_p == ""1""",Yes
5937,1607899197458:a1e85384-3e74-4e9c-96e5-45a6217db40c,1607899197458:08048680-19af-40e9-aca4-90fd00948e71,"size == ""1""","isEmpty == ""True""","peek_obj_type == ""class java.lang.String""","push == ""True""","pop == ""False""","clear == ""False""","calledMethod == ""push""","size_p == ""0""",Yes
5938,1607899197458:a1e85384-3e74-4e9c-96e5-45a6217db40c,1607899197458:08048680-19af-40e9-aca4-90fd00948e71,"size == ""1""","isEmpty == ""True""","peek_obj_type == ""class java.lang.String""","push == ""False""","pop == ""True""","clear == ""False""","calledMethod == ""pop""","size_p == ""1""",Yes
5940,1607899197458:627e080b-5f17-4997-a944-fb6ae8e44a10,1607899197458:280dcab5-f11b-4a01-b3cd-3abcdc1bc5eb,"size == ""1""","isEmpty == ""True""","peek_obj_type == ""class java.lang.String""","push == ""True""","pop == ""False""","clear == ""False""","calledMethod == ""push""","size_p == ""0""",Yes
5941,1607899197458:627e080b-5f17-4997-a944-fb6ae8e44a10,1607899197458:280dcab5-f11b-4a01-b3cd-3abcdc1bc5eb,"size == ""1""","isEmpty == ""True""","peek_obj_type == ""class java.lang.String""","push == ""False""","pop == ""True""","clear == ""False""","calledMethod == ""pop""","size_p == ""1""",Yes
5943,1607899197458:27517042-0ca6-405b-9af8-f6661a986fe7,1607899197458:3e700f5b-d0b8-4a93-a1f6-45b0ac7f6d3f,"size == ""1""","isEmpty == ""True""","peek_obj_type == ""class java.lang.String""","push == ""True""","pop == ""False""","clear == ""False""","calledMethod == ""push""","size_p == ""0""",Yes
5945,1607899197458:27517042-0ca6-405b-9af8-f6661a986fe7,1607899197458:22f71c10-db3e-4482-9c99-8dd867adc3b4,"size == ""1""","isEmpty == ""True""","peek_obj_type == ""class java.lang.String""","push == ""True""","pop == ""False""","clear == ""False""","calledMethod == ""push""","size_p == ""0""",Yes
5946,1607899197458:27517042-0ca6-405b-9af8-f6661a986fe7,1607899197458:22f71c10-db3e-4482-9c99-8dd867adc3b4,"size == ""1""","isEmpty == ""True""","peek_obj_type == ""class java.lang.String""","push == ""False""","pop == ""True""","clear == ""False""","calledMethod == ""pop""","size_p == ""1""",Yes
5949,1607899197457:dc26399a-eddd-4127-8357-afadfea79c58,1607899197457:87658320-5dff-48c0-b3b5-7d6bd3b531ed,"size == ""1""","isEmpty == ""True""","peek_obj_type == ""class java.lang.String""","push == ""True""","pop == ""False""","clear == ""False""","calledMethod == ""push""","size_p == ""0""",Yes
5950,1607899197457:dc26399a-eddd-4127-8357-afadfea79c58,1607899197457:87658320-5dff-48c0-b3b5-7d6bd3b531ed,"size == ""1""","isEmpty == ""True""","peek_obj_type == ""class java.lang.String""","push == ""False""","pop == ""True""","clear == ""False""","calledMethod == ""pop""","size_p == ""1""",Yes
5952,1607899197457:ca495346-e00f-4605-be93-cbc7aacf2ecd,1607899197457:e6f0d471-62fe-4859-b85e-ac2d1fe3ae48,"size == ""1""","isEmpty == ""True""","peek_obj_type == ""class java.lang.String""","push == ""True""","pop == ""False""","clear == ""False""","calledMethod == ""push""","size_p == ""0""",Yes
5953,1607899197457:ca495346-e00f-4605-be93-cbc7aacf2ecd,1607899197457:e6f0d471-62fe-4859-b85e-ac2d1fe3ae48,"size == ""1""","isEmpty == ""True""","peek_obj_type == ""class java.lang.String""","push == ""False""","pop == ""True""","clear == ""False""","calledMethod == ""pop""","size_p == ""1""",Yes
5956,1607899197457:bdb90976-88e9-411f-b1ac-db4129f52e30,1607899197457:0db5ce48-5770-4a61-bcde-b793383731a7,"size == ""1""","isEmpty == ""True""","peek_obj_type == ""class java.lang.String""","push == ""True""","pop == ""False""","clear == ""False""","calledMethod == ""push""","size_p == ""0""",Yes
5957,1607899197457:bdb90976-88e9-411f-b1ac-db4129f52e30,1607899197457:0db5ce48-5770-4a61-bcde-b793383731a7,"size == ""1""","isEmpty == ""True""","peek_obj_type == ""class java.lang.String""","push == ""False""","pop == ""True""","clear == ""False""","calledMethod == ""pop""","size_p == ""1""",Yes
5959,1607899197457:a8ab59bf-f5c1-4f0b-9309-6353722fa41b,1607899197457:4cfa6851-f9db-4685-80f9-a091e6fe219c,"size == ""1""","isEmpty == ""True""","peek_obj_type == ""class java.lang.String""","push == ""True""","pop == ""False""","clear == ""False""","calledMethod == ""push""","size_p == ""0""",Yes
5960,1607899197457:a8ab59bf-f5c1-4f0b-9309-6353722fa41b,1607899197457:4cfa6851-f9db-4685-80f9-a091e6fe219c,"size == ""1""","isEmpty == ""True""","peek_obj_type == ""class java.lang.String""","push == ""False""","pop == ""True""","clear == ""False""","calledMethod == ""pop""","size_p == ""1""",Yes
5963,1607899197457:a374546a-7fea-428b-9b70-d008ba716c06,1607899197457:6a63b3b4-d85a-49bb-910b-5b9f9697253e,"size == ""1""","isEmpty == ""True""","peek_obj_type == ""class java.lang.String""","push == ""True""","pop == ""False""","clear == ""False""","calledMethod == ""push""","size_p == ""0""",Yes
5964,1607899197457:a374546a-7fea-428b-9b70-d008ba716c06,1607899197457:6a63b3b4-d85a-49bb-910b-5b9f9697253e,"size == ""1""","isEmpty == ""True""","peek_obj_type == ""class java.lang.String""","push == ""False""","pop == ""True""","clear == ""False""","calledMethod == ""pop""","size_p == ""1""",Yes
5966,1607899197457:a365e68a-bb92-49f2-8c47-5ea454a9e06d,1607899197457:4e0bece8-0752-4665-bfee-626db006672a,"size == ""1""","isEmpty == ""True""","peek_obj_type == ""class java.lang.String""","push == ""True""","pop == ""False""","clear == ""False""","calledMethod == ""push""","size_p == ""0""",Yes
5967,1607899197457:a365e68a-bb92-49f2-8c47-5ea454a9e06d,1607899197457:4e0bece8-0752-4665-bfee-626db006672a,"size == ""1""","isEmpty == ""True""","peek_obj_type == ""class java.lang.String""","push == ""False""","pop == ""True""","clear == ""False""","calledMethod == ""pop""","size_p == ""1""",Yes
5969,1607899197457:65983042-4f50-424d-afbc-9adbd5b3229f,1607899197457:76720031-f3b0-45a5-bde3-c71eedfd0ad2,"size == ""1""","isEmpty == ""True""","peek_obj_type == ""class java.lang.String""","push == ""True""","pop == ""False""","clear == ""False""","calledMethod == ""push""","size_p == ""0""",Yes
5970,1607899197457:65983042-4f50-424d-afbc-9adbd5b3229f,1607899197457:76720031-f3b0-45a5-bde3-c71eedfd0ad2,"size == ""1""","isEmpty == ""True""","peek_obj_type == ""class java.lang.String""","push == ""False""","pop == ""True""","clear == ""False""","calledMethod == ""pop""","size_p == ""1""",Yes
5972,1607899197456:d287f6ed-0c7d-40eb-b048-3e9598de1545,1607899197456:f8863f2e-3c7c-4968-a3af-66c2e1d386da,"size == ""1""","isEmpty == ""True""","peek_obj_type == ""class java.lang.String""","push == ""True""","pop == ""False""","clear == ""False""","calledMethod == ""push""","size_p == ""0""",Yes
5973,1607899197456:d287f6ed-0c7d-40eb-b048-3e9598de1545,1607899197456:f8863f2e-3c7c-4968-a3af-66c2e1d386da,"size == ""1""","isEmpty == ""True""","peek_obj_type == ""class java.lang.String""","push == ""False""","pop == ""True""","clear == ""False""","calledMethod == ""pop""","size_p == ""1""",Yes
5975,1607899197456:b9b8a875-f2b1-45f7-89e8-3c73f6e3cb14,1607899197456:9289cd0d-74b6-4274-b8af-52df1db47084,"size == ""1""","isEmpty == ""True""","peek_obj_type == ""class java.lang.String""","push == ""True""","pop == ""False""","clear == ""False""","calledMethod == ""push""","size_p == ""0""",Yes
5976,1607899197456:b9b8a875-f2b1-45f7-89e8-3c73f6e3cb14,1607899197456:9289cd0d-74b6-4274-b8af-52df1db47084,"size == ""1""","isEmpty == ""True""","peek_obj_type == ""class java.lang.String""","push == ""False""","pop == ""True""","clear == ""False""","calledMethod == ""pop""","size_p == ""1""",Yes
5979,1607899197456:b9b8a875-f2b1-45f7-89e8-3c73f6e3cb14,1607899197456:7974c632-8c81-4718-80ba-8d763ed86f24,"size == ""1""","isEmpty == ""True""","peek_obj_type == ""class java.lang.String""","push == ""True""","pop == ""False""","clear == ""False""","calledMethod == ""push""","size_p == ""0""",Yes
5980,1607899197456:b9b8a875-f2b1-45f7-89e8-3c73f6e3cb14,1607899197456:7974c632-8c81-4718-80ba-8d763ed86f24,"size == ""1""","isEmpty == ""True""","peek_obj_type == ""class java.lang.String""","push == ""False""","pop == ""False""","clear == ""True""","calledMethod == ""clear""","size_p == ""1""",Yes
5981,1607899197456:b9b8a875-f2b1-45f7-89e8-3c73f6e3cb14,1607899197456:7974c632-8c81-4718-80ba-8d763ed86f24,"size == ""1""","isEmpty == ""True""","peek_obj_type == ""class java.lang.String""","push == ""False""","pop == ""False""","clear == ""True""","calledMethod == ""clear""","size_p == ""1""",Yes
5982,1607899197456:b9b8a875-f2b1-45f7-89e8-3c73f6e3cb14,1607899197456:7974c632-8c81-4718-80ba-8d763ed86f24,"size == ""1""","isEmpty == ""True""","peek_obj_type == ""class java.lang.String""","push == ""False""","pop == ""False""","clear == ""True""","calledMethod == ""clear""","size_p == ""1""",Yes
5984,1607899197456:9f381293-3447-44f4-8bdb-244feae51808,1607899197456:6eb6a22f-165d-4d1b-a8a8-82ddab2b2ca1,"size == ""1""","isEmpty == ""True""","peek_obj_type == ""class java.lang.String""","push == ""True""","pop == ""False""","clear == ""False""","calledMethod == ""push""","size_p == ""0""",Yes
5985,1607899197456:9f381293-3447-44f4-8bdb-244feae51808,1607899197456:6eb6a22f-165d-4d1b-a8a8-82ddab2b2ca1,"size == ""1""","isEmpty == ""True""","peek_obj_type == ""class java.lang.String""","push == ""False""","pop == ""True""","clear == ""False""","calledMethod == ""pop""","size_p == ""1""",Yes
5987,1607899197456:933f7d09-c496-4c69-95f3-07789387aff1,1607899197456:60b62f73-6ffb-445e-abdf-1359362b7cd5,"size == ""1""","isEmpty == ""True""","peek_obj_type == ""class java.lang.String""","push == ""True""","pop == ""False""","clear == ""False""","calledMethod == ""push""","size_p == ""0""",Yes
5988,1607899197456:933f7d09-c496-4c69-95f3-07789387aff1,1607899197456:60b62f73-6ffb-445e-abdf-1359362b7cd5,"size == ""1""","isEmpty == ""True""","peek_obj_type == ""class java.lang.String""","push == ""False""","pop == ""True""","clear == ""False""","calledMethod == ""pop""","size_p == ""1""",Yes
5990,1607899197456:8cece17b-68a2-44a1-8481-a82ad6e3a476,1607899197456:7243933e-ad5f-4393-b7dc-e758828d6a92,"size == ""1""","isEmpty == ""True""","peek_obj_type == ""class java.lang.String""","push == ""True""","pop == ""False""","clear == ""False""","calledMethod == ""push""","size_p == ""0""",Yes
5992,1607899197456:8cece17b-68a2-44a1-8481-a82ad6e3a476,1607899197456:19add38b-7c1e-48e9-8891-03fa875ad51a,"size == ""1""","isEmpty == ""True""","peek_obj_type == ""class java.lang.String""","push == ""True""","pop == ""False""","clear == ""False""","calledMethod == ""push""","size_p == ""0""",Yes
5993,1607899197456:8cece17b-68a2-44a1-8481-a82ad6e3a476,1607899197456:19add38b-7c1e-48e9-8891-03fa875ad51a,"size == ""1""","isEmpty == ""True""","peek_obj_type == ""class java.lang.String""","push == ""False""","pop == ""True""","clear == ""False""","calledMethod == ""pop""","size_p == ""1""",Yes
5995,1607899197456:52e1fa3f-3369-4b7c-b725-e850eea90a94,1607899197457:bf678c48-8f96-45ae-9a12-2522ee12e98d,"size == ""1""","isEmpty == ""True""","peek_obj_type == ""class java.lang.String""","push == ""True""","pop == ""False""","clear == ""False""","calledMethod == ""push""","size_p == ""0""",Yes
5996,1607899197456:52e1fa3f-3369-4b7c-b725-e850eea90a94,1607899197457:bf678c48-8f96-45ae-9a12-2522ee12e98d,"size == ""1""","isEmpty == ""True""","peek_obj_type == ""class java.lang.String""","push == ""False""","pop == ""True""","clear == ""False""","calledMethod == ""pop""","size_p == ""1""",Yes
5998,1607899197456:52e1fa3f-3369-4b7c-b725-e850eea90a94,1607899197456:552cc950-15fa-4709-b20f-fdf15240cc95,"size == ""1""","isEmpty == ""True""","peek_obj_type == ""class java.lang.String""","push == ""True""","pop == ""False""","clear == ""False""","calledMethod == ""push""","size_p == ""0""",Yes
5999,1607899197456:52e1fa3f-3369-4b7c-b725-e850eea90a94,1607899197456:552cc950-15fa-4709-b20f-fdf15240cc95,"size == ""2""","isEmpty == ""True""","peek_obj_type == ""class java.lang.String""","push == ""True""","pop == ""False""","clear == ""False""","calledMethod == ""push""","size_p == ""1""",Yes
6001,1607899197456:4f310167-b981-4913-91ba-bf17761d29ca,1607899197456:e86e2bc5-d224-4d32-a979-8d89a3ef5c7e,"size == ""1""","isEmpty == ""True""","peek_obj_type == ""class java.lang.String""","push == ""True""","pop == ""False""","clear == ""False""","calledMethod == ""push""","size_p == ""0""",Yes
6002,1607899197456:4f310167-b981-4913-91ba-bf17761d29ca,1607899197456:e86e2bc5-d224-4d32-a979-8d89a3ef5c7e,"size == ""1""","isEmpty == ""True""","peek_obj_type == ""class java.lang.String""","push == ""False""","pop == ""True""","clear == ""False""","calledMethod == ""pop""","size_p == ""1""",Yes
6004,1607899197455:eb04ad91-1516-4b77-9238-a49def615579,1607899197455:976dbb6f-eb0c-48d4-a819-4d80ae74301a,"size == ""1""","isEmpty == ""True""","peek_obj_type == ""class java.lang.String""","push == ""True""","pop == ""False""","clear == ""False""","calledMethod == ""push""","size_p == ""0""",Yes
6005,1607899197455:eb04ad91-1516-4b77-9238-a49def615579,1607899197455:976dbb6f-eb0c-48d4-a819-4d80ae74301a,"size == ""1""","isEmpty == ""True""","peek_obj_type == ""class java.lang.String""","push == ""False""","pop == ""True""","clear == ""False""","calledMethod == ""pop""","size_p == ""1""",Yes
6007,1607899197455:a12ef9ad-c47a-4c48-86bd-32cdc8c7ef89,1607899197455:c897d340-4836-4e1b-8f49-26e5fdb4b6c9,"size == ""1""","isEmpty == ""True""","peek_obj_type == ""class java.lang.String""","push == ""True""","pop == ""False""","clear == ""False""","calledMethod == ""push""","size_p == ""0""",Yes
6008,1607899197455:a12ef9ad-c47a-4c48-86bd-32cdc8c7ef89,1607899197455:c897d340-4836-4e1b-8f49-26e5fdb4b6c9,"size == ""1""","isEmpty == ""True""","peek_obj_type == ""class java.lang.String""","push == ""False""","pop == ""True""","clear == ""False""","calledMethod == ""pop""","size_p == ""1""",Yes
6010,1607899197455:88ad8e5b-5707-42b0-a312-186667e965b1,1607899197455:fd6d4bba-fe85-4362-a5ab-5913c3a2c787,"size == ""1""","isEmpty == ""True""","peek_obj_type == ""class java.lang.String""","push == ""True""","pop == ""False""","clear == ""False""","calledMethod == ""push""","size_p == ""0""",Yes
6011,1607899197455:88ad8e5b-5707-42b0-a312-186667e965b1,1607899197455:fd6d4bba-fe85-4362-a5ab-5913c3a2c787,"size == ""1""","isEmpty == ""True""","peek_obj_type == ""class java.lang.String""","push == ""False""","pop == ""True""","clear == ""False""","calledMethod == ""pop""","size_p == ""1""",Yes
6013,1607899197455:84bbfe8c-38d3-4823-8144-5ee530f86a63,1607899197455:c16cbb42-79c5-4e37-ad46-c0167eb35384,"size == ""1""","isEmpty == ""True""","peek_obj_type == ""class java.lang.String""","push == ""True""","pop == ""False""","clear == ""False""","calledMethod == ""push""","size_p == ""0""",Yes
6015,1607899197455:84bbfe8c-38d3-4823-8144-5ee530f86a63,1607899197455:2757808e-0f39-473d-93e4-981e582fa3b5,"size == ""1""","isEmpty == ""True""","peek_obj_type == ""class java.lang.String""","push == ""True""","pop == ""False""","clear == ""False""","calledMethod == ""push""","size_p == ""0""",Yes
6016,1607899197455:84bbfe8c-38d3-4823-8144-5ee530f86a63,1607899197455:2757808e-0f39-473d-93e4-981e582fa3b5,"size == ""1""","isEmpty == ""True""","peek_obj_type == ""class java.lang.String""","push == ""False""","pop == ""True""","clear == ""False""","calledMethod == ""pop""","size_p == ""1""",Yes
6018,1607899197455:4ed20cd9-7310-4b02-9b13-88051a803494,1607899197455:6cc21e55-ce68-4da8-85b5-c56a700a6fec,"size == ""1""","isEmpty == ""True""","peek_obj_type == ""class java.lang.String""","push == ""True""","pop == ""False""","clear == ""False""","calledMethod == ""push""","size_p == ""0""",Yes
6019,1607899197455:4ed20cd9-7310-4b02-9b13-88051a803494,1607899197455:6cc21e55-ce68-4da8-85b5-c56a700a6fec,"size == ""1""","isEmpty == ""True""","peek_obj_type == ""class java.lang.String""","push == ""False""","pop == ""True""","clear == ""False""","calledMethod == ""pop""","size_p == ""1""",Yes
6021,1607899197455:2523602f-0054-4474-afdc-2986a9d021bb,1607899197455:8402f73a-d223-4d08-8ecc-041cfa35864a,"size == ""1""","isEmpty == ""True""","peek_obj_type == ""class java.lang.String""","push == ""True""","pop == ""False""","clear == ""False""","calledMethod == ""push""","size_p == ""0""",Yes
6022,1607899197455:2523602f-0054-4474-afdc-2986a9d021bb,1607899197455:8402f73a-d223-4d08-8ecc-041cfa35864a,"size == ""1""","isEmpty == ""True""","peek_obj_type == ""class java.lang.String""","push == ""False""","pop == ""True""","clear == ""False""","calledMethod == ""pop""","size_p == ""1""",Yes
6025,1607899197455:2523602f-0054-4474-afdc-2986a9d021bb,1607899197455:59f6a9bb-35a4-4731-a8ad-7415d40eea3e,"size == ""1""","isEmpty == ""True""","peek_obj_type == ""class java.lang.String""","push == ""True""","pop == ""False""","clear == ""False""","calledMethod == ""push""","size_p == ""0""",Yes
6026,1607899197455:2523602f-0054-4474-afdc-2986a9d021bb,1607899197455:59f6a9bb-35a4-4731-a8ad-7415d40eea3e,"size == ""1""","isEmpty == ""True""","peek_obj_type == ""class java.lang.String""","push == ""False""","pop == ""False""","clear == ""True""","calledMethod == ""clear""","size_p == ""1""",Yes
6027,1607899197455:2523602f-0054-4474-afdc-2986a9d021bb,1607899197455:59f6a9bb-35a4-4731-a8ad-7415d40eea3e,"size == ""1""","isEmpty == ""True""","peek_obj_type == ""class java.lang.String""","push == ""False""","pop == ""False""","clear == ""True""","calledMethod == ""clear""","size_p == ""1""",Yes
6028,1607899197455:2523602f-0054-4474-afdc-2986a9d021bb,1607899197455:59f6a9bb-35a4-4731-a8ad-7415d40eea3e,"size == ""1""","isEmpty == ""True""","peek_obj_type == ""class java.lang.String""","push == ""False""","pop == ""False""","clear == ""True""","calledMethod == ""clear""","size_p == ""1""",Yes
6030,1607899197454:d899e6c8-fe65-42b5-93e4-71b54882ba6d,1607899197454:6a390777-0841-465c-9ca1-5c3d1c99aa18,"size == ""1""","isEmpty == ""True""","peek_obj_type == ""class java.lang.String""","push == ""True""","pop == ""False""","clear == ""False""","calledMethod == ""push""","size_p == ""0""",Yes
6031,1607899197454:d899e6c8-fe65-42b5-93e4-71b54882ba6d,1607899197454:6a390777-0841-465c-9ca1-5c3d1c99aa18,"size == ""1""","isEmpty == ""True""","peek_obj_type == ""class java.lang.String""","push == ""False""","pop == ""True""","clear == ""False""","calledMethod == ""pop""","size_p == ""1""",Yes
6034,1607899197454:d899e6c8-fe65-42b5-93e4-71b54882ba6d,1607899197454:16cf6451-e6c5-4824-a6e7-93027613c913,"size == ""1""","isEmpty == ""True""","peek_obj_type == ""class java.lang.String""","push == ""True""","pop == ""False""","clear == ""False""","calledMethod == ""push""","size_p == ""0""",Yes
6035,1607899197454:d899e6c8-fe65-42b5-93e4-71b54882ba6d,1607899197454:16cf6451-e6c5-4824-a6e7-93027613c913,"size == ""1""","isEmpty == ""True""","peek_obj_type == ""class java.lang.String""","push == ""False""","pop == ""False""","clear == ""True""","calledMethod == ""clear""","size_p == ""1""",Yes
6036,1607899197454:d899e6c8-fe65-42b5-93e4-71b54882ba6d,1607899197454:16cf6451-e6c5-4824-a6e7-93027613c913,"size == ""1""","isEmpty == ""True""","peek_obj_type == ""class java.lang.String""","push == ""False""","pop == ""False""","clear == ""True""","calledMethod == ""clear""","size_p == ""1""",Yes
6037,1607899197454:d899e6c8-fe65-42b5-93e4-71b54882ba6d,1607899197454:16cf6451-e6c5-4824-a6e7-93027613c913,"size == ""1""","isEmpty == ""True""","peek_obj_type == ""class java.lang.String""","push == ""False""","pop == ""False""","clear == ""True""","calledMethod == ""clear""","size_p == ""1""",Yes
6039,1607899197454:d10549fa-2fe4-429a-8f7c-a1d490287e6f,1607899197454:d473add5-351b-4820-8665-a15867f7d7e6,"size == ""1""","isEmpty == ""True""","peek_obj_type == ""class java.lang.String""","push == ""True""","pop == ""False""","clear == ""False""","calledMethod == ""push""","size_p == ""0""",Yes
6040,1607899197454:d10549fa-2fe4-429a-8f7c-a1d490287e6f,1607899197454:d473add5-351b-4820-8665-a15867f7d7e6,"size == ""1""","isEmpty == ""True""","peek_obj_type == ""class java.lang.String""","push == ""False""","pop == ""True""","clear == ""False""","calledMethod == ""pop""","size_p == ""1""",Yes
6042,1607899197454:b69c4639-0648-4e40-b5dd-44994c866e29,1607899197454:f38a5447-14e8-4c53-b252-78df4d8a6a8c,"size == ""1""","isEmpty == ""True""","peek_obj_type == ""class java.lang.String""","push == ""True""","pop == ""False""","clear == ""False""","calledMethod == ""push""","size_p == ""0""",Yes
6044,1607899197454:b69c4639-0648-4e40-b5dd-44994c866e29,1607899197454:11b0c835-52f1-40e5-ae94-b6f4976c573a,"size == ""1""","isEmpty == ""True""","peek_obj_type == ""class java.lang.String""","push == ""True""","pop == ""False""","clear == ""False""","calledMethod == ""push""","size_p == ""0""",Yes
6045,1607899197454:b69c4639-0648-4e40-b5dd-44994c866e29,1607899197454:11b0c835-52f1-40e5-ae94-b6f4976c573a,"size == ""1""","isEmpty == ""True""","peek_obj_type == ""class java.lang.String""","push == ""False""","pop == ""True""","clear == ""False""","calledMethod == ""pop""","size_p == ""1""",Yes
6047,1607899197454:2877965f-8a8f-4060-8a1f-c4aaf051407c,1607899197454:ee604f41-487e-47c5-bf7f-b41a53c31ba7,"size == ""1""","isEmpty == ""True""","peek_obj_type == ""class java.lang.String""","push == ""True""","pop == ""False""","clear == ""False""","calledMethod == ""push""","size_p == ""0""",Yes
6049,1607899197454:2877965f-8a8f-4060-8a1f-c4aaf051407c,1607899197454:7cf6df92-862c-4707-a88e-325a5f431da8,"size == ""1""","isEmpty == ""True""","peek_obj_type == ""class java.lang.String""","push == ""True""","pop == ""False""","clear == ""False""","calledMethod == ""push""","size_p == ""0""",Yes
6050,1607899197454:2877965f-8a8f-4060-8a1f-c4aaf051407c,1607899197454:7cf6df92-862c-4707-a88e-325a5f431da8,"size == ""1""","isEmpty == ""True""","peek_obj_type == ""class java.lang.String""","push == ""False""","pop == ""True""","clear == ""False""","calledMethod == ""pop""","size_p == ""1""",Yes
6053,1607899197454:212d53ed-eb99-42e9-af3c-666bfd7a316e,1607899197454:5a3497ea-b9f9-4404-85ed-e1e8154d0776,"size == ""1""","isEmpty == ""True""","peek_obj_type == ""class java.lang.String""","push == ""True""","pop == ""False""","clear == ""False""","calledMethod == ""push""","size_p == ""0""",Yes
6054,1607899197454:212d53ed-eb99-42e9-af3c-666bfd7a316e,1607899197454:5a3497ea-b9f9-4404-85ed-e1e8154d0776,"size == ""1""","isEmpty == ""True""","peek_obj_type == ""class java.lang.String""","push == ""False""","pop == ""False""","clear == ""True""","calledMethod == ""clear""","size_p == ""1""",Yes
6055,1607899197454:212d53ed-eb99-42e9-af3c-666bfd7a316e,1607899197454:5a3497ea-b9f9-4404-85ed-e1e8154d0776,"size == ""1""","isEmpty == ""True""","peek_obj_type == ""class java.lang.String""","push == ""False""","pop == ""False""","clear == ""True""","calledMethod == ""clear""","size_p == ""1""",Yes
6056,1607899197454:212d53ed-eb99-42e9-af3c-666bfd7a316e,1607899197454:5a3497ea-b9f9-4404-85ed-e1e8154d0776,"size == ""1""","isEmpty == ""True""","peek_obj_type == ""class java.lang.String""","push == ""False""","pop == ""False""","clear == ""True""","calledMethod == ""clear""","size_p == ""1""",Yes
6058,1607899197454:212d53ed-eb99-42e9-af3c-666bfd7a316e,1607899197454:00aff8a7-b86a-4b4b-9259-1a6563e164b2,"size == ""1""","isEmpty == ""True""","peek_obj_type == ""class java.lang.String""","push == ""True""","pop == ""False""","clear == ""False""","calledMethod == ""push""","size_p == ""0""",Yes
6059,1607899197454:212d53ed-eb99-42e9-af3c-666bfd7a316e,1607899197454:00aff8a7-b86a-4b4b-9259-1a6563e164b2,"size == ""1""","isEmpty == ""True""","peek_obj_type == ""class java.lang.String""","push == ""False""","pop == ""True""","clear == ""False""","calledMethod == ""pop""","size_p == ""1""",Yes
6062,1607899197453:f188d7e3-28a7-4526-a705-a4fdd02e47a4,1607899197453:38e55e36-6eb3-4d63-ae92-46f83cc2a545,"size == ""1""","isEmpty == ""True""","peek_obj_type == ""class java.lang.String""","push == ""True""","pop == ""False""","clear == ""False""","calledMethod == ""push""","size_p == ""0""",Yes
6063,1607899197453:f188d7e3-28a7-4526-a705-a4fdd02e47a4,1607899197453:38e55e36-6eb3-4d63-ae92-46f83cc2a545,"size == ""1""","isEmpty == ""True""","peek_obj_type == ""class java.lang.String""","push == ""False""","pop == ""True""","clear == ""False""","calledMethod == ""pop""","size_p == ""1""",Yes
6065,1607899197453:3f973a08-71f7-47ab-adbf-83ddfcb31646,1607899197453:b27b9c0f-80d6-43aa-8e71-41eacb4837ee,"size == ""1""","isEmpty == ""True""","peek_obj_type == ""class java.lang.String""","push == ""True""","pop == ""False""","clear == ""False""","calledMethod == ""push""","size_p == ""0""",Yes
6066,1607899197453:3f973a08-71f7-47ab-adbf-83ddfcb31646,1607899197453:b27b9c0f-80d6-43aa-8e71-41eacb4837ee,"size == ""2""","isEmpty == ""True""","peek_obj_type == ""class java.lang.String""","push == ""True""","pop == ""False""","clear == ""False""","calledMethod == ""push""","size_p == ""1""",Yes
6067,1607899197453:3f973a08-71f7-47ab-adbf-83ddfcb31646,1607899197453:b27b9c0f-80d6-43aa-8e71-41eacb4837ee,"size == ""2""","isEmpty == ""True""","peek_obj_type == ""class java.lang.String""","push == ""False""","pop == ""False""","clear == ""True""","calledMethod == ""clear""","size_p == ""2""",Yes
6068,1607899197453:3f973a08-71f7-47ab-adbf-83ddfcb31646,1607899197453:b27b9c0f-80d6-43aa-8e71-41eacb4837ee,"size == ""2""","isEmpty == ""True""","peek_obj_type == ""class java.lang.String""","push == ""False""","pop == ""False""","clear == ""True""","calledMethod == ""clear""","size_p == ""2""",Yes
6071,1607899197453:3f973a08-71f7-47ab-adbf-83ddfcb31646,1607899197453:89c8f5d5-d196-4ae8-80ea-57d1b1be77f1,"size == ""1""","isEmpty == ""True""","peek_obj_type == ""class java.lang.String""","push == ""True""","pop == ""False""","clear == ""False""","calledMethod == ""push""","size_p == ""0""",Yes
6072,1607899197453:3f973a08-71f7-47ab-adbf-83ddfcb31646,1607899197453:89c8f5d5-d196-4ae8-80ea-57d1b1be77f1,"size == ""1""","isEmpty == ""True""","peek_obj_type == ""class java.lang.String""","push == ""False""","pop == ""True""","clear == ""False""","calledMethod == ""pop""","size_p == ""1""",Yes
6075,1607899197453:1bacb2a7-de4b-4b4b-8a18-4b3ac861d2d5,1607899197453:8decccf8-40c9-4c9e-a499-4d2374e7c270,"size == ""1""","isEmpty == ""True""","peek_obj_type == ""class java.lang.String""","push == ""True""","pop == ""False""","clear == ""False""","calledMethod == ""push""","size_p == ""0""",Yes
6076,1607899197453:1bacb2a7-de4b-4b4b-8a18-4b3ac861d2d5,1607899197453:8decccf8-40c9-4c9e-a499-4d2374e7c270,"size == ""1""","isEmpty == ""True""","peek_obj_type == ""class java.lang.String""","push == ""False""","pop == ""False""","clear == ""True""","calledMethod == ""clear""","size_p == ""1""",Yes
6078,1607899197453:1bacb2a7-de4b-4b4b-8a18-4b3ac861d2d5,1607899197453:6ed68012-39fd-49f5-9091-9ad5b778195a,"size == ""1""","isEmpty == ""True""","peek_obj_type == ""class java.lang.String""","push == ""True""","pop == ""False""","clear == ""False""","calledMethod == ""push""","size_p == ""0""",Yes
6079,1607899197453:1bacb2a7-de4b-4b4b-8a18-4b3ac861d2d5,1607899197453:6ed68012-39fd-49f5-9091-9ad5b778195a,"size == ""1""","isEmpty == ""True""","peek_obj_type == ""class java.lang.String""","push == ""False""","pop == ""True""","clear == ""False""","calledMethod == ""pop""","size_p == ""1""",Yes
6081,1607899197453:14950912-f95b-4ba1-ade9-31e8aae76264,1607899197453:7e5b06ef-4bf2-4a07-803d-47567c3e52ff,"size == ""1""","isEmpty == ""True""","peek_obj_type == ""class java.lang.String""","push == ""True""","pop == ""False""","clear == ""False""","calledMethod == ""push""","size_p == ""0""",Yes
6082,1607899197453:14950912-f95b-4ba1-ade9-31e8aae76264,1607899197453:7e5b06ef-4bf2-4a07-803d-47567c3e52ff,"size == ""1""","isEmpty == ""True""","peek_obj_type == ""class java.lang.String""","push == ""False""","pop == ""True""","clear == ""False""","calledMethod == ""pop""","size_p == ""1""",Yes
6084,1607899197453:085cb959-ddf4-43f9-8f6c-b8999b7a2102,1607899197453:108faed8-6116-4677-ba42-e00c41634136,"size == ""1""","isEmpty == ""True""","peek_obj_type == ""class java.lang.String""","push == ""True""","pop == ""False""","clear == ""False""","calledMethod == ""push""","size_p == ""0""",Yes
6085,1607899197453:085cb959-ddf4-43f9-8f6c-b8999b7a2102,1607899197453:108faed8-6116-4677-ba42-e00c41634136,"size == ""1""","isEmpty == ""True""","peek_obj_type == ""class java.lang.String""","push == ""False""","pop == ""True""","clear == ""False""","calledMethod == ""pop""","size_p == ""1""",Yes
6088,1607899197452:9a66764c-dedb-4518-8743-53dc50029151,1607899197452:81b762b9-ec58-41bd-8c5f-aec21e2f0176,"size == ""1""","isEmpty == ""True""","peek_obj_type == ""class java.lang.String""","push == ""True""","pop == ""False""","clear == ""False""","calledMethod == ""push""","size_p == ""0""",Yes
6089,1607899197452:9a66764c-dedb-4518-8743-53dc50029151,1607899197452:81b762b9-ec58-41bd-8c5f-aec21e2f0176,"size == ""1""","isEmpty == ""True""","peek_obj_type == ""class java.lang.String""","push == ""False""","pop == ""False""","clear == ""True""","calledMethod == ""clear""","size_p == ""1""",Yes
6090,1607899197452:9a66764c-dedb-4518-8743-53dc50029151,1607899197452:81b762b9-ec58-41bd-8c5f-aec21e2f0176,"size == ""1""","isEmpty == ""True""","peek_obj_type == ""class java.lang.String""","push == ""False""","pop == ""False""","clear == ""True""","calledMethod == ""clear""","size_p == ""1""",Yes
6091,1607899197452:9a66764c-dedb-4518-8743-53dc50029151,1607899197452:81b762b9-ec58-41bd-8c5f-aec21e2f0176,"size == ""1""","isEmpty == ""True""","peek_obj_type == ""class java.lang.String""","push == ""False""","pop == ""False""","clear == ""True""","calledMethod == ""clear""","size_p == ""1""",Yes
6093,1607899197452:9a66764c-dedb-4518-8743-53dc50029151,1607899197452:048e561d-5dff-4d76-bf86-1cd7f65ba0fa,"size == ""1""","isEmpty == ""True""","peek_obj_type == ""class java.lang.String""","push == ""True""","pop == ""False""","clear == ""False""","calledMethod == ""push""","size_p == ""0""",Yes
6094,1607899197452:9a66764c-dedb-4518-8743-53dc50029151,1607899197452:048e561d-5dff-4d76-bf86-1cd7f65ba0fa,"size == ""1""","isEmpty == ""True""","peek_obj_type == ""class java.lang.String""","push == ""False""","pop == ""True""","clear == ""False""","calledMethod == ""pop""","size_p == ""1""",Yes
6097,1607899197452:8b05bab4-c0c5-4f16-a36c-7a412d9e1394,1607899197452:4d237488-c8ae-4b0a-9245-ba15091abf34,"size == ""1""","isEmpty == ""True""","peek_obj_type == ""class java.lang.String""","push == ""True""","pop == ""False""","clear == ""False""","calledMethod == ""push""","size_p == ""0""",Yes
6098,1607899197452:8b05bab4-c0c5-4f16-a36c-7a412d9e1394,1607899197452:4d237488-c8ae-4b0a-9245-ba15091abf34,"size == ""1""","isEmpty == ""True""","peek_obj_type == ""class java.lang.String""","push == ""False""","pop == ""True""","clear == ""False""","calledMethod == ""pop""","size_p == ""1""",Yes
6101,1607899197452:7f6fb17f-d99b-44c0-9624-867aa30ebbbe,1607899197452:dce9a47c-6a5c-4c5c-8685-e299f7d5b7c9,"size == ""1""","isEmpty == ""True""","peek_obj_type == ""class java.lang.String""","push == ""True""","pop == ""False""","clear == ""False""","calledMethod == ""push""","size_p == ""0""",Yes
6102,1607899197452:7f6fb17f-d99b-44c0-9624-867aa30ebbbe,1607899197452:dce9a47c-6a5c-4c5c-8685-e299f7d5b7c9,"size == ""1""","isEmpty == ""True""","peek_obj_type == ""class java.lang.String""","push == ""False""","pop == ""True""","clear == ""False""","calledMethod == ""pop""","size_p == ""1""",Yes
6104,1607899197452:7f6fb17f-d99b-44c0-9624-867aa30ebbbe,1607899197452:83fb0684-7033-4b1c-b3ff-2b6ee66163f0,"size == ""1""","isEmpty == ""True""","peek_obj_type == ""class java.lang.String""","push == ""True""","pop == ""False""","clear == ""False""","calledMethod == ""push""","size_p == ""0""",Yes
6105,1607899197452:7f6fb17f-d99b-44c0-9624-867aa30ebbbe,1607899197452:83fb0684-7033-4b1c-b3ff-2b6ee66163f0,"size == ""2""","isEmpty == ""True""","peek_obj_type == ""class java.lang.String""","push == ""True""","pop == ""False""","clear == ""False""","calledMethod == ""push""","size_p == ""1""",Yes
6106,1607899197452:7f6fb17f-d99b-44c0-9624-867aa30ebbbe,1607899197452:83fb0684-7033-4b1c-b3ff-2b6ee66163f0,"size == ""3""","isEmpty == ""True""","peek_obj_type == ""class java.lang.String""","push == ""True""","pop == ""False""","clear == ""False""","calledMethod == ""push""","size_p == ""2""",Yes
6108,1607899197452:61ac8898-a277-4b20-9397-8bb28d99684a,1607899197452:759828d7-3ba2-4881-ae3d-36153fa6a201,"size == ""1""","isEmpty == ""True""","peek_obj_type == ""class java.lang.String""","push == ""True""","pop == ""False""","clear == ""False""","calledMethod == ""push""","size_p == ""0""",Yes
6109,1607899197452:61ac8898-a277-4b20-9397-8bb28d99684a,1607899197452:759828d7-3ba2-4881-ae3d-36153fa6a201,"size == ""1""","isEmpty == ""True""","peek_obj_type == ""class java.lang.String""","push == ""False""","pop == ""True""","clear == ""False""","calledMethod == ""pop""","size_p == ""1""",Yes
6111,1607899197452:61ac8898-a277-4b20-9397-8bb28d99684a,1607899197452:25e15cce-456b-4fd3-b85f-ab0f880eb64a,"size == ""1""","isEmpty == ""True""","peek_obj_type == ""class java.lang.String""","push == ""True""","pop == ""False""","clear == ""False""","calledMethod == ""push""","size_p == ""0""",Yes
6112,1607899197452:61ac8898-a277-4b20-9397-8bb28d99684a,1607899197452:25e15cce-456b-4fd3-b85f-ab0f880eb64a,"size == ""2""","isEmpty == ""True""","peek_obj_type == ""class java.lang.String""","push == ""True""","pop == ""False""","clear == ""False""","calledMethod == ""push""","size_p == ""1""",Yes
6114,1607899197452:47dbfdb1-44ab-4d82-ae62-ad74d6770e2a,1607899197453:aee4b05d-b70c-4c5e-ad78-480311cab94f,"size == ""1""","isEmpty == ""True""","peek_obj_type == ""class java.lang.String""","push == ""True""","pop == ""False""","clear == ""False""","calledMethod == ""push""","size_p == ""0""",Yes
6115,1607899197452:47dbfdb1-44ab-4d82-ae62-ad74d6770e2a,1607899197453:aee4b05d-b70c-4c5e-ad78-480311cab94f,"size == ""1""","isEmpty == ""True""","peek_obj_type == ""class java.lang.String""","push == ""False""","pop == ""True""","clear == ""False""","calledMethod == ""pop""","size_p == ""1""",Yes
6117,1607899197452:47dbfdb1-44ab-4d82-ae62-ad74d6770e2a,1607899197453:110469d2-79c2-41df-88a2-f2975ad86590,"size == ""1""","isEmpty == ""True""","peek_obj_type == ""class java.lang.String""","push == ""True""","pop == ""False""","clear == ""False""","calledMethod == ""push""","size_p == ""0""",Yes
6119,1607899197452:40d30458-b11a-46f6-ae3a-74bff8a7ac35,1607899197452:c5f4ebcf-1161-4099-9e80-15460818f433,"size == ""1""","isEmpty == ""True""","peek_obj_type == ""class java.lang.String""","push == ""True""","pop == ""False""","clear == ""False""","calledMethod == ""push""","size_p == ""0""",Yes
6120,1607899197452:40d30458-b11a-46f6-ae3a-74bff8a7ac35,1607899197452:c5f4ebcf-1161-4099-9e80-15460818f433,"size == ""1""","isEmpty == ""True""","peek_obj_type == ""class java.lang.String""","push == ""False""","pop == ""True""","clear == ""False""","calledMethod == ""pop""","size_p == ""1""",Yes
6122,1607899197451:edc70cd2-6810-42e0-9f4d-f43e5db96394,1607899197451:f91c75b8-097c-4ec6-9a8e-ad7c8ee1953b,"size == ""1""","isEmpty == ""True""","peek_obj_type == ""class java.lang.String""","push == ""True""","pop == ""False""","clear == ""False""","calledMethod == ""push""","size_p == ""0""",Yes
6123,1607899197451:edc70cd2-6810-42e0-9f4d-f43e5db96394,1607899197451:f91c75b8-097c-4ec6-9a8e-ad7c8ee1953b,"size == ""1""","isEmpty == ""True""","peek_obj_type == ""class java.lang.String""","push == ""False""","pop == ""True""","clear == ""False""","calledMethod == ""pop""","size_p == ""1""",Yes
6125,1607899197451:edc70cd2-6810-42e0-9f4d-f43e5db96394,1607899197451:80d7a3ad-1cba-4503-a31a-8e94e29dc4d2,"size == ""1""","isEmpty == ""True""","peek_obj_type == ""class java.lang.String""","push == ""True""","pop == ""False""","clear == ""False""","calledMethod == ""push""","size_p == ""0""",Yes
6126,1607899197451:edc70cd2-6810-42e0-9f4d-f43e5db96394,1607899197451:80d7a3ad-1cba-4503-a31a-8e94e29dc4d2,"size == ""2""","isEmpty == ""True""","peek_obj_type == ""class java.lang.String""","push == ""True""","pop == ""False""","clear == ""False""","calledMethod == ""push""","size_p == ""1""",Yes
6127,1607899197451:edc70cd2-6810-42e0-9f4d-f43e5db96394,1607899197451:80d7a3ad-1cba-4503-a31a-8e94e29dc4d2,"size == ""3""","isEmpty == ""True""","peek_obj_type == ""class java.lang.String""","push == ""True""","pop == ""False""","clear == ""False""","calledMethod == ""push""","size_p == ""2""",Yes
6130,1607899197451:9350f298-16da-4ae6-a079-611aa7026750,1607899197451:8f70fbc7-a412-4765-8fda-2e3b2e3a2c61,"size == ""1""","isEmpty == ""True""","peek_obj_type == ""class java.lang.String""","push == ""True""","pop == ""False""","clear == ""False""","calledMethod == ""push""","size_p == ""0""",Yes
6131,1607899197451:9350f298-16da-4ae6-a079-611aa7026750,1607899197451:8f70fbc7-a412-4765-8fda-2e3b2e3a2c61,"size == ""1""","isEmpty == ""True""","peek_obj_type == ""class java.lang.String""","push == ""False""","pop == ""False""","clear == ""True""","calledMethod == ""clear""","size_p == ""1""",Yes
6133,1607899197451:9350f298-16da-4ae6-a079-611aa7026750,1607899197451:61a67663-e6d1-4f1c-a225-6e8d4bd062b4,"size == ""1""","isEmpty == ""True""","peek_obj_type == ""class java.lang.String""","push == ""True""","pop == ""False""","clear == ""False""","calledMethod == ""push""","size_p == ""0""",Yes
6134,1607899197451:9350f298-16da-4ae6-a079-611aa7026750,1607899197451:61a67663-e6d1-4f1c-a225-6e8d4bd062b4,"size == ""1""","isEmpty == ""True""","peek_obj_type == ""class java.lang.String""","push == ""False""","pop == ""True""","clear == ""False""","calledMethod == ""pop""","size_p == ""1""",Yes
6136,1607899197451:7e78773e-d3eb-4719-99bd-8b5d663cc60b,1607899197451:cb159789-ce73-4dab-a51a-789ef28633cb,"size == ""1""","isEmpty == ""True""","peek_obj_type == ""class java.lang.String""","push == ""True""","pop == ""False""","clear == ""False""","calledMethod == ""push""","size_p == ""0""",Yes
6137,1607899197451:7e78773e-d3eb-4719-99bd-8b5d663cc60b,1607899197451:cb159789-ce73-4dab-a51a-789ef28633cb,"size == ""1""","isEmpty == ""True""","peek_obj_type == ""class java.lang.String""","push == ""False""","pop == ""True""","clear == ""False""","calledMethod == ""pop""","size_p == ""1""",Yes
6139,1607899197451:465722ee-d1b2-4b3b-973a-e7c265ab7d4a,1607899197451:ccb428d0-b486-458b-b5c1-36c6adf7fbdd,"size == ""1""","isEmpty == ""True""","peek_obj_type == ""class java.lang.String""","push == ""True""","pop == ""False""","clear == ""False""","calledMethod == ""push""","size_p == ""0""",Yes
6140,1607899197451:465722ee-d1b2-4b3b-973a-e7c265ab7d4a,1607899197451:ccb428d0-b486-458b-b5c1-36c6adf7fbdd,"size == ""1""","isEmpty == ""True""","peek_obj_type == ""class java.lang.String""","push == ""False""","pop == ""True""","clear == ""False""","calledMethod == ""pop""","size_p == ""1""",Yes
6143,1607899197451:465722ee-d1b2-4b3b-973a-e7c265ab7d4a,1607899197451:a4e6c5d6-101f-4dca-8d1e-c6ad6c69cf42,"size == ""1""","isEmpty == ""True""","peek_obj_type == ""class java.lang.String""","push == ""True""","pop == ""False""","clear == ""False""","calledMethod == ""push""","size_p == ""0""",Yes
6144,1607899197451:465722ee-d1b2-4b3b-973a-e7c265ab7d4a,1607899197451:a4e6c5d6-101f-4dca-8d1e-c6ad6c69cf42,"size == ""1""","isEmpty == ""True""","peek_obj_type == ""class java.lang.String""","push == ""False""","pop == ""False""","clear == ""True""","calledMethod == ""clear""","size_p == ""1""",Yes
6145,1607899197451:465722ee-d1b2-4b3b-973a-e7c265ab7d4a,1607899197451:a4e6c5d6-101f-4dca-8d1e-c6ad6c69cf42,"size == ""1""","isEmpty == ""True""","peek_obj_type == ""class java.lang.String""","push == ""False""","pop == ""False""","clear == ""True""","calledMethod == ""clear""","size_p == ""1""",Yes
6146,1607899197451:465722ee-d1b2-4b3b-973a-e7c265ab7d4a,1607899197451:a4e6c5d6-101f-4dca-8d1e-c6ad6c69cf42,"size == ""1""","isEmpty == ""True""","peek_obj_type == ""class java.lang.String""","push == ""False""","pop == ""False""","clear == ""True""","calledMethod == ""clear""","size_p == ""1""",Yes
6149,1607899197451:3214c6a1-dbe8-4e5b-a8a1-402632ec61ca,1607899197451:d8c37a60-7f2b-4725-bd84-aeab5440e620,"size == ""1""","isEmpty == ""True""","peek_obj_type == ""class java.lang.String""","push == ""True""","pop == ""False""","clear == ""False""","calledMethod == ""push""","size_p == ""0""",Yes
6150,1607899197451:3214c6a1-dbe8-4e5b-a8a1-402632ec61ca,1607899197451:d8c37a60-7f2b-4725-bd84-aeab5440e620,"size == ""1""","isEmpty == ""True""","peek_obj_type == ""class java.lang.String""","push == ""False""","pop == ""True""","clear == ""False""","calledMethod == ""pop""","size_p == ""1""",Yes
6152,1607899197450:e1edb1a1-8a0f-4b11-ba24-74e42d98352a,1607899197450:7644493a-4f9c-4944-8d3b-fc1db657f5ff,"size == ""1""","isEmpty == ""True""","peek_obj_type == ""class java.lang.String""","push == ""True""","pop == ""False""","clear == ""False""","calledMethod == ""push""","size_p == ""0""",Yes
6153,1607899197450:e1edb1a1-8a0f-4b11-ba24-74e42d98352a,1607899197450:7644493a-4f9c-4944-8d3b-fc1db657f5ff,"size == ""1""","isEmpty == ""True""","peek_obj_type == ""class java.lang.String""","push == ""False""","pop == ""True""","clear == ""False""","calledMethod == ""pop""","size_p == ""1""",Yes
6155,1607899197450:a2933b49-b35d-423d-8325-7dd55a7cd2fa,1607899197450:7550fa99-1fe8-4cb4-9935-5bfd6b47779f,"size == ""1""","isEmpty == ""True""","peek_obj_type == ""class java.lang.String""","push == ""True""","pop == ""False""","clear == ""False""","calledMethod == ""push""","size_p == ""0""",Yes
6156,1607899197450:a2933b49-b35d-423d-8325-7dd55a7cd2fa,1607899197450:7550fa99-1fe8-4cb4-9935-5bfd6b47779f,"size == ""1""","isEmpty == ""True""","peek_obj_type == ""class java.lang.String""","push == ""False""","pop == ""True""","clear == ""False""","calledMethod == ""pop""","size_p == ""1""",Yes
6158,1607899197450:66023d91-0315-466c-a89b-db8b111b5559,1607899197450:9d8d3953-68d5-4f02-aa49-145b21f5a438,"size == ""1""","isEmpty == ""True""","peek_obj_type == ""class java.lang.String""","push == ""True""","pop == ""False""","clear == ""False""","calledMethod == ""push""","size_p == ""0""",Yes
6159,1607899197450:66023d91-0315-466c-a89b-db8b111b5559,1607899197450:9d8d3953-68d5-4f02-aa49-145b21f5a438,"size == ""1""","isEmpty == ""True""","peek_obj_type == ""class java.lang.String""","push == ""False""","pop == ""True""","clear == ""False""","calledMethod == ""pop""","size_p == ""1""",Yes
6161,1607899197450:156e68aa-8607-444b-95bb-cb8b21858f5b,1607899197450:32b5a29a-6b17-46c6-90a3-5b1533e4cd60,"size == ""1""","isEmpty == ""True""","peek_obj_type == ""class java.lang.String""","push == ""True""","pop == ""False""","clear == ""False""","calledMethod == ""push""","size_p == ""0""",Yes
6162,1607899197450:156e68aa-8607-444b-95bb-cb8b21858f5b,1607899197450:32b5a29a-6b17-46c6-90a3-5b1533e4cd60,"size == ""1""","isEmpty == ""True""","peek_obj_type == ""class java.lang.String""","push == ""False""","pop == ""True""","clear == ""False""","calledMethod == ""pop""","size_p == ""1""",Yes
6164,1607899197450:019a93cf-cdb6-4ef8-8e3b-a9d206177e47,1607899197450:ecfdf4ed-dfd1-44c1-9655-792054adefb3,"size == ""1""","isEmpty == ""True""","peek_obj_type == ""class java.lang.String""","push == ""True""","pop == ""False""","clear == ""False""","calledMethod == ""push""","size_p == ""0""",Yes
6166,1607899197450:019a93cf-cdb6-4ef8-8e3b-a9d206177e47,1607899197450:baa508fd-c9ce-452f-bfa2-6c23d692cfae,"size == ""1""","isEmpty == ""True""","peek_obj_type == ""class java.lang.String""","push == ""True""","pop == ""False""","clear == ""False""","calledMethod == ""push""","size_p == ""0""",Yes
6167,1607899197450:019a93cf-cdb6-4ef8-8e3b-a9d206177e47,1607899197450:baa508fd-c9ce-452f-bfa2-6c23d692cfae,"size == ""1""","isEmpty == ""True""","peek_obj_type == ""class java.lang.String""","push == ""False""","pop == ""True""","clear == ""False""","calledMethod == ""pop""","size_p == ""1""",Yes
6169,1607899197450:019a93cf-cdb6-4ef8-8e3b-a9d206177e47,1607899197450:430aeedf-1cd4-42a3-88d3-3cb5c035c952,"size == ""1""","isEmpty == ""True""","peek_obj_type == ""class java.lang.String""","push == ""True""","pop == ""False""","clear == ""False""","calledMethod == ""push""","size_p == ""0""",Yes
6170,1607899197450:019a93cf-cdb6-4ef8-8e3b-a9d206177e47,1607899197450:430aeedf-1cd4-42a3-88d3-3cb5c035c952,"size == ""2""","isEmpty == ""True""","peek_obj_type == ""class java.lang.String""","push == ""True""","pop == ""False""","clear == ""False""","calledMethod == ""push""","size_p == ""1""",Yes
6171,1607899197450:019a93cf-cdb6-4ef8-8e3b-a9d206177e47,1607899197450:430aeedf-1cd4-42a3-88d3-3cb5c035c952,"size == ""3""","isEmpty == ""True""","peek_obj_type == ""class java.lang.String""","push == ""True""","pop == ""False""","clear == ""False""","calledMethod == ""push""","size_p == ""2""",Yes
6172,1607899197450:019a93cf-cdb6-4ef8-8e3b-a9d206177e47,1607899197450:430aeedf-1cd4-42a3-88d3-3cb5c035c952,"size == ""3""","isEmpty == ""True""","peek_obj_type == ""class java.lang.String""","push == ""False""","pop == ""False""","clear == ""True""","calledMethod == ""clear""","size_p == ""3""",Yes
6174,1607899197449:f7228ca6-6080-441b-af8b-25dc850891a5,1607899197449:3eb93fff-f205-43eb-91de-52f343d01a0b,"size == ""1""","isEmpty == ""True""","peek_obj_type == ""class java.lang.String""","push == ""True""","pop == ""False""","clear == ""False""","calledMethod == ""push""","size_p == ""0""",Yes
6175,1607899197449:f7228ca6-6080-441b-af8b-25dc850891a5,1607899197449:3eb93fff-f205-43eb-91de-52f343d01a0b,"size == ""1""","isEmpty == ""True""","peek_obj_type == ""class java.lang.String""","push == ""False""","pop == ""True""","clear == ""False""","calledMethod == ""pop""","size_p == ""1""",Yes
6178,1607899197449:f6dde1b1-9333-4fd4-8c0a-fd68f8f2f267,1607899197449:05888b0f-7455-4293-a5a4-e37e16a9a7a5,"size == ""1""","isEmpty == ""True""","peek_obj_type == ""class java.lang.String""","push == ""True""","pop == ""False""","clear == ""False""","calledMethod == ""push""","size_p == ""0""",Yes
6179,1607899197449:f6dde1b1-9333-4fd4-8c0a-fd68f8f2f267,1607899197449:05888b0f-7455-4293-a5a4-e37e16a9a7a5,"size == ""1""","isEmpty == ""True""","peek_obj_type == ""class java.lang.String""","push == ""False""","pop == ""True""","clear == ""False""","calledMethod == ""pop""","size_p == ""1""",Yes
6181,1607899197449:f519340a-8375-4626-ae65-103520800be4,1607899197449:4ad23a5f-c4f3-48bf-a285-e320205ee3c1,"size == ""1""","isEmpty == ""True""","peek_obj_type == ""class java.lang.String""","push == ""True""","pop == ""False""","clear == ""False""","calledMethod == ""push""","size_p == ""0""",Yes
6182,1607899197449:f519340a-8375-4626-ae65-103520800be4,1607899197449:4ad23a5f-c4f3-48bf-a285-e320205ee3c1,"size == ""1""","isEmpty == ""True""","peek_obj_type == ""class java.lang.String""","push == ""False""","pop == ""True""","clear == ""False""","calledMethod == ""pop""","size_p == ""1""",Yes
6184,1607899197449:f022ebaf-645d-4c1a-a45d-601065e5ea03,1607899197450:40792bc9-320e-4d8b-9627-b8785fca30b0,"size == ""1""","isEmpty == ""True""","peek_obj_type == ""class java.lang.String""","push == ""True""","pop == ""False""","clear == ""False""","calledMethod == ""push""","size_p == ""0""",Yes
6185,1607899197449:f022ebaf-645d-4c1a-a45d-601065e5ea03,1607899197450:40792bc9-320e-4d8b-9627-b8785fca30b0,"size == ""1""","isEmpty == ""True""","peek_obj_type == ""class java.lang.String""","push == ""False""","pop == ""True""","clear == ""False""","calledMethod == ""pop""","size_p == ""1""",Yes
6187,1607899197449:f022ebaf-645d-4c1a-a45d-601065e5ea03,1607899197449:e68318bd-7a7c-47aa-a4dd-5152eb36e71e,"size == ""1""","isEmpty == ""True""","peek_obj_type == ""class java.lang.String""","push == ""True""","pop == ""False""","clear == ""False""","calledMethod == ""push""","size_p == ""0""",Yes
6188,1607899197449:f022ebaf-645d-4c1a-a45d-601065e5ea03,1607899197449:e68318bd-7a7c-47aa-a4dd-5152eb36e71e,"size == ""2""","isEmpty == ""True""","peek_obj_type == ""class java.lang.String""","push == ""True""","pop == ""False""","clear == ""False""","calledMethod == ""push""","size_p == ""1""",Yes
6190,1607899197449:e0ccc763-b6df-448d-96af-cc01cab5be4f,1607899197449:ead5b79e-5c37-4cdf-bed7-32373f54f0f4,"size == ""1""","isEmpty == ""True""","peek_obj_type == ""class java.lang.String""","push == ""True""","pop == ""False""","clear == ""False""","calledMethod == ""push""","size_p == ""0""",Yes
6191,1607899197449:e0ccc763-b6df-448d-96af-cc01cab5be4f,1607899197449:ead5b79e-5c37-4cdf-bed7-32373f54f0f4,"size == ""1""","isEmpty == ""True""","peek_obj_type == ""class java.lang.String""","push == ""False""","pop == ""True""","clear == ""False""","calledMethod == ""pop""","size_p == ""1""",Yes
6193,1607899197449:d73588c9-4cf1-402a-b033-acff254fff9b,1607899197449:cc31ea93-6111-4ad4-83f6-fc04af331f62,"size == ""1""","isEmpty == ""True""","peek_obj_type == ""class java.lang.String""","push == ""True""","pop == ""False""","clear == ""False""","calledMethod == ""push""","size_p == ""0""",Yes
6194,1607899197449:d73588c9-4cf1-402a-b033-acff254fff9b,1607899197449:cc31ea93-6111-4ad4-83f6-fc04af331f62,"size == ""1""","isEmpty == ""True""","peek_obj_type == ""class java.lang.String""","push == ""False""","pop == ""True""","clear == ""False""","calledMethod == ""pop""","size_p == ""1""",Yes
6197,1607899197449:004acd48-33f4-4d82-9d0a-aa6dcbf458a8,1607899197449:699fba72-c433-4e9e-a35f-20f4b93ac306,"size == ""1""","isEmpty == ""True""","peek_obj_type == ""class java.lang.String""","push == ""True""","pop == ""False""","clear == ""False""","calledMethod == ""push""","size_p == ""0""",Yes
6198,1607899197449:004acd48-33f4-4d82-9d0a-aa6dcbf458a8,1607899197449:699fba72-c433-4e9e-a35f-20f4b93ac306,"size == ""1""","isEmpty == ""True""","peek_obj_type == ""class java.lang.String""","push == ""False""","pop == ""False""","clear == ""True""","calledMethod == ""clear""","size_p == ""1""",Yes
6199,1607899197449:004acd48-33f4-4d82-9d0a-aa6dcbf458a8,1607899197449:699fba72-c433-4e9e-a35f-20f4b93ac306,"size == ""1""","isEmpty == ""True""","peek_obj_type == ""class java.lang.String""","push == ""False""","pop == ""False""","clear == ""True""","calledMethod == ""clear""","size_p == ""1""",Yes
6200,1607899197449:004acd48-33f4-4d82-9d0a-aa6dcbf458a8,1607899197449:699fba72-c433-4e9e-a35f-20f4b93ac306,"size == ""1""","isEmpty == ""True""","peek_obj_type == ""class java.lang.String""","push == ""False""","pop == ""False""","clear == ""True""","calledMethod == ""clear""","size_p == ""1""",Yes
6202,1607899197449:004acd48-33f4-4d82-9d0a-aa6dcbf458a8,1607899197449:0595fa25-d0ab-470a-a219-0a913d667ca4,"size == ""1""","isEmpty == ""True""","peek_obj_type == ""class java.lang.String""","push == ""True""","pop == ""False""","clear == ""False""","calledMethod == ""push""","size_p == ""0""",Yes
6203,1607899197449:004acd48-33f4-4d82-9d0a-aa6dcbf458a8,1607899197449:0595fa25-d0ab-470a-a219-0a913d667ca4,"size == ""1""","isEmpty == ""True""","peek_obj_type == ""class java.lang.String""","push == ""False""","pop == ""True""","clear == ""False""","calledMethod == ""pop""","size_p == ""1""",Yes
6205,1607899197448:82886467-5ebf-4b85-8ad0-be248fd44c4c,1607899197448:6da878a0-5ddd-4890-8d67-ff29133b8435,"size == ""1""","isEmpty == ""True""","peek_obj_type == ""class java.lang.String""","push == ""True""","pop == ""False""","clear == ""False""","calledMethod == ""push""","size_p == ""0""",Yes
6206,1607899197448:82886467-5ebf-4b85-8ad0-be248fd44c4c,1607899197448:6da878a0-5ddd-4890-8d67-ff29133b8435,"size == ""1""","isEmpty == ""True""","peek_obj_type == ""class java.lang.String""","push == ""False""","pop == ""True""","clear == ""False""","calledMethod == ""pop""","size_p == ""1""",Yes
6209,1607899197448:75d1f657-a87c-4476-9c6a-4cab3ea46365,1607899197448:c94935d9-ee25-4a60-861d-76c844ff47c2,"size == ""1""","isEmpty == ""True""","peek_obj_type == ""class java.lang.String""","push == ""True""","pop == ""False""","clear == ""False""","calledMethod == ""push""","size_p == ""0""",Yes
6210,1607899197448:75d1f657-a87c-4476-9c6a-4cab3ea46365,1607899197448:c94935d9-ee25-4a60-861d-76c844ff47c2,"size == ""1""","isEmpty == ""True""","peek_obj_type == ""class java.lang.String""","push == ""False""","pop == ""False""","clear == ""True""","calledMethod == ""clear""","size_p == ""1""",Yes
6211,1607899197448:75d1f657-a87c-4476-9c6a-4cab3ea46365,1607899197448:c94935d9-ee25-4a60-861d-76c844ff47c2,"size == ""1""","isEmpty == ""True""","peek_obj_type == ""class java.lang.String""","push == ""False""","pop == ""False""","clear == ""True""","calledMethod == ""clear""","size_p == ""1""",Yes
6212,1607899197448:75d1f657-a87c-4476-9c6a-4cab3ea46365,1607899197448:c94935d9-ee25-4a60-861d-76c844ff47c2,"size == ""1""","isEmpty == ""True""","peek_obj_type == ""class java.lang.String""","push == ""False""","pop == ""False""","clear == ""True""","calledMethod == ""clear""","size_p == ""1""",Yes
6214,1607899197448:75d1f657-a87c-4476-9c6a-4cab3ea46365,1607899197448:a543af2a-3630-4b34-8e2a-6f863c388906,"size == ""1""","isEmpty == ""True""","peek_obj_type == ""class java.lang.String""","push == ""True""","pop == ""False""","clear == ""False""","calledMethod == ""push""","size_p == ""0""",Yes
6215,1607899197448:75d1f657-a87c-4476-9c6a-4cab3ea46365,1607899197448:a543af2a-3630-4b34-8e2a-6f863c388906,"size == ""1""","isEmpty == ""True""","peek_obj_type == ""class java.lang.String""","push == ""False""","pop == ""True""","clear == ""False""","calledMethod == ""pop""","size_p == ""1""",Yes
6218,1607899197448:75d1f657-a87c-4476-9c6a-4cab3ea46365,1607899197448:1a856625-aa41-4e4f-821f-bd9c34269591,"size == ""1""","isEmpty == ""True""","peek_obj_type == ""class java.lang.String""","push == ""True""","pop == ""False""","clear == ""False""","calledMethod == ""push""","size_p == ""0""",Yes
6219,1607899197448:75d1f657-a87c-4476-9c6a-4cab3ea46365,1607899197448:1a856625-aa41-4e4f-821f-bd9c34269591,"size == ""1""","isEmpty == ""True""","peek_obj_type == ""class java.lang.String""","push == ""False""","pop == ""False""","clear == ""True""","calledMethod == ""clear""","size_p == ""1""",Yes
6220,1607899197448:75d1f657-a87c-4476-9c6a-4cab3ea46365,1607899197448:1a856625-aa41-4e4f-821f-bd9c34269591,"size == ""1""","isEmpty == ""True""","peek_obj_type == ""class java.lang.String""","push == ""False""","pop == ""False""","clear == ""True""","calledMethod == ""clear""","size_p == ""1""",Yes
6221,1607899197448:75d1f657-a87c-4476-9c6a-4cab3ea46365,1607899197448:1a856625-aa41-4e4f-821f-bd9c34269591,"size == ""1""","isEmpty == ""True""","peek_obj_type == ""class java.lang.String""","push == ""False""","pop == ""False""","clear == ""True""","calledMethod == ""clear""","size_p == ""1""",Yes
6224,1607899197448:63d70089-a8f6-44e3-9fd7-a0ee936f7e59,1607899197448:cd223743-e6ed-4e30-8932-78784c341493,"size == ""1""","isEmpty == ""True""","peek_obj_type == ""class java.lang.String""","push == ""True""","pop == ""False""","clear == ""False""","calledMethod == ""push""","size_p == ""0""",Yes
6225,1607899197448:63d70089-a8f6-44e3-9fd7-a0ee936f7e59,1607899197448:cd223743-e6ed-4e30-8932-78784c341493,"size == ""1""","isEmpty == ""True""","peek_obj_type == ""class java.lang.String""","push == ""False""","pop == ""True""","clear == ""False""","calledMethod == ""pop""","size_p == ""1""",Yes
6227,1607899197448:441f64a3-01b1-4fe0-a237-ede613ad8b5e,1607899197448:67a5fc9d-3e71-4054-b7ad-4d17ab5f3062,"size == ""1""","isEmpty == ""True""","peek_obj_type == ""class java.lang.String""","push == ""True""","pop == ""False""","clear == ""False""","calledMethod == ""push""","size_p == ""0""",Yes
6228,1607899197448:441f64a3-01b1-4fe0-a237-ede613ad8b5e,1607899197448:67a5fc9d-3e71-4054-b7ad-4d17ab5f3062,"size == ""2""","isEmpty == ""True""","peek_obj_type == ""class java.lang.String""","push == ""True""","pop == ""False""","clear == ""False""","calledMethod == ""push""","size_p == ""1""",Yes
6230,1607899197448:441f64a3-01b1-4fe0-a237-ede613ad8b5e,1607899197448:0584b2c1-17f7-436a-a654-e8d78788431b,"size == ""1""","isEmpty == ""True""","peek_obj_type == ""class java.lang.String""","push == ""True""","pop == ""False""","clear == ""False""","calledMethod == ""push""","size_p == ""0""",Yes
6231,1607899197448:441f64a3-01b1-4fe0-a237-ede613ad8b5e,1607899197448:0584b2c1-17f7-436a-a654-e8d78788431b,"size == ""1""","isEmpty == ""True""","peek_obj_type == ""class java.lang.String""","push == ""False""","pop == ""True""","clear == ""False""","calledMethod == ""pop""","size_p == ""1""",Yes
6233,1607899197448:3be1967b-8205-41f1-9151-1e9e5f65bdcb,1607899197448:289a4c2e-ec22-4db0-a445-7eef794aa2db,"size == ""1""","isEmpty == ""True""","peek_obj_type == ""class java.lang.String""","push == ""True""","pop == ""False""","clear == ""False""","calledMethod == ""push""","size_p == ""0""",Yes
6234,1607899197448:3be1967b-8205-41f1-9151-1e9e5f65bdcb,1607899197448:289a4c2e-ec22-4db0-a445-7eef794aa2db,"size == ""1""","isEmpty == ""True""","peek_obj_type == ""class java.lang.String""","push == ""False""","pop == ""True""","clear == ""False""","calledMethod == ""pop""","size_p == ""1""",Yes
6236,1607899197447:751e77fa-e909-4e48-bb7f-00b474cb9323,1607899197447:e85a05c1-9a04-4149-9d7b-41354959cbd4,"size == ""1""","isEmpty == ""True""","peek_obj_type == ""class java.lang.String""","push == ""True""","pop == ""False""","clear == ""False""","calledMethod == ""push""","size_p == ""0""",Yes
6239,1607899197447:751e77fa-e909-4e48-bb7f-00b474cb9323,1607899197447:98ad1cf8-3002-4d82-8920-027dc13bdf93,"size == ""1""","isEmpty == ""True""","peek_obj_type == ""class java.lang.String""","push == ""True""","pop == ""False""","clear == ""False""","calledMethod == ""push""","size_p == ""0""",Yes
6240,1607899197447:751e77fa-e909-4e48-bb7f-00b474cb9323,1607899197447:98ad1cf8-3002-4d82-8920-027dc13bdf93,"size == ""1""","isEmpty == ""True""","peek_obj_type == ""class java.lang.String""","push == ""False""","pop == ""True""","clear == ""False""","calledMethod == ""pop""","size_p == ""1""",Yes
6242,1607899197447:268bee91-07e8-41cd-8eff-bb08627d3b1f,1607899197447:d9c665f4-007c-4e03-9c21-3077ec84693c,"size == ""1""","isEmpty == ""True""","peek_obj_type == ""class java.lang.String""","push == ""True""","pop == ""False""","clear == ""False""","calledMethod == ""push""","size_p == ""0""",Yes
6243,1607899197447:268bee91-07e8-41cd-8eff-bb08627d3b1f,1607899197447:d9c665f4-007c-4e03-9c21-3077ec84693c,"size == ""2""","isEmpty == ""True""","peek_obj_type == ""class java.lang.String""","push == ""True""","pop == ""False""","clear == ""False""","calledMethod == ""push""","size_p == ""1""",Yes
6244,1607899197447:268bee91-07e8-41cd-8eff-bb08627d3b1f,1607899197447:d9c665f4-007c-4e03-9c21-3077ec84693c,"size == ""2""","isEmpty == ""True""","peek_obj_type == ""class java.lang.String""","push == ""False""","pop == ""False""","clear == ""True""","calledMethod == ""clear""","size_p == ""2""",Yes
6245,1607899197447:268bee91-07e8-41cd-8eff-bb08627d3b1f,1607899197447:d9c665f4-007c-4e03-9c21-3077ec84693c,"size == ""2""","isEmpty == ""True""","peek_obj_type == ""class java.lang.String""","push == ""False""","pop == ""False""","clear == ""True""","calledMethod == ""clear""","size_p == ""2""",Yes
6246,1607899197447:268bee91-07e8-41cd-8eff-bb08627d3b1f,1607899197447:d9c665f4-007c-4e03-9c21-3077ec84693c,"size == ""2""","isEmpty == ""True""","peek_obj_type == ""class java.lang.String""","push == ""False""","pop == ""False""","clear == ""True""","calledMethod == ""clear""","size_p == ""2""",Yes
6248,1607899197447:1f3ac379-19f4-4b36-b06f-190c3b68d8f6,1607899197447:defb47da-9fd0-48a0-bf86-5a5cb8706c68,"size == ""1""","isEmpty == ""True""","peek_obj_type == ""class java.lang.String""","push == ""True""","pop == ""False""","clear == ""False""","calledMethod == ""push""","size_p == ""0""",Yes
6249,1607899197447:1f3ac379-19f4-4b36-b06f-190c3b68d8f6,1607899197447:defb47da-9fd0-48a0-bf86-5a5cb8706c68,"size == ""1""","isEmpty == ""True""","peek_obj_type == ""class java.lang.String""","push == ""False""","pop == ""True""","clear == ""False""","calledMethod == ""pop""","size_p == ""1""",Yes
6252,1607899197447:1f3ac379-19f4-4b36-b06f-190c3b68d8f6,1607899197447:015edfd5-e2ea-4cbe-85c6-be7f9300b37d,"size == ""1""","isEmpty == ""True""","peek_obj_type == ""class java.lang.String""","push == ""True""","pop == ""False""","clear == ""False""","calledMethod == ""push""","size_p == ""0""",Yes
6253,1607899197447:1f3ac379-19f4-4b36-b06f-190c3b68d8f6,1607899197447:015edfd5-e2ea-4cbe-85c6-be7f9300b37d,"size == ""1""","isEmpty == ""True""","peek_obj_type == ""class java.lang.String""","push == ""False""","pop == ""False""","clear == ""True""","calledMethod == ""clear""","size_p == ""1""",Yes
6254,1607899197447:1f3ac379-19f4-4b36-b06f-190c3b68d8f6,1607899197447:015edfd5-e2ea-4cbe-85c6-be7f9300b37d,"size == ""1""","isEmpty == ""True""","peek_obj_type == ""class java.lang.String""","push == ""False""","pop == ""False""","clear == ""True""","calledMethod == ""clear""","size_p == ""1""",Yes
6255,1607899197447:1f3ac379-19f4-4b36-b06f-190c3b68d8f6,1607899197447:015edfd5-e2ea-4cbe-85c6-be7f9300b37d,"size == ""1""","isEmpty == ""True""","peek_obj_type == ""class java.lang.String""","push == ""False""","pop == ""False""","clear == ""True""","calledMethod == ""clear""","size_p == ""1""",Yes
6258,1607899197446:d6ad9c93-9565-40db-bb23-7f1cf08c6725,1607899197446:562476a5-029e-46a2-a9d0-2bbe6a1dab16,"size == ""1""","isEmpty == ""True""","peek_obj_type == ""class java.lang.String""","push == ""True""","pop == ""False""","clear == ""False""","calledMethod == ""push""","size_p == ""0""",Yes
6259,1607899197446:d6ad9c93-9565-40db-bb23-7f1cf08c6725,1607899197446:562476a5-029e-46a2-a9d0-2bbe6a1dab16,"size == ""1""","isEmpty == ""True""","peek_obj_type == ""class java.lang.String""","push == ""False""","pop == ""True""","clear == ""False""","calledMethod == ""pop""","size_p == ""1""",Yes
6262,1607899197446:a52038ee-1c17-4515-ab10-14e649f7e8a1,1607899197446:28745fe2-15fb-4303-a5f2-5472f2e32da4,"size == ""1""","isEmpty == ""True""","peek_obj_type == ""class java.lang.String""","push == ""True""","pop == ""False""","clear == ""False""","calledMethod == ""push""","size_p == ""0""",Yes
6264,1607899197446:660ca294-f81a-4cf7-bc83-8d953e00ae77,1607899197446:1ae76f0d-3407-4d30-a07d-44b7312965d0,"size == ""1""","isEmpty == ""True""","peek_obj_type == ""class java.lang.String""","push == ""True""","pop == ""False""","clear == ""False""","calledMethod == ""push""","size_p == ""0""",Yes
6265,1607899197446:660ca294-f81a-4cf7-bc83-8d953e00ae77,1607899197446:1ae76f0d-3407-4d30-a07d-44b7312965d0,"size == ""1""","isEmpty == ""True""","peek_obj_type == ""class java.lang.String""","push == ""False""","pop == ""True""","clear == ""False""","calledMethod == ""pop""","size_p == ""1""",Yes
6268,1607899197446:415cb172-479d-432e-83ea-47c372616315,1607899197446:305c6a2b-7bc4-46ad-8edd-14c0003d6cf5,"size == ""1""","isEmpty == ""True""","peek_obj_type == ""class java.lang.String""","push == ""True""","pop == ""False""","clear == ""False""","calledMethod == ""push""","size_p == ""0""",Yes
6269,1607899197446:415cb172-479d-432e-83ea-47c372616315,1607899197446:305c6a2b-7bc4-46ad-8edd-14c0003d6cf5,"size == ""1""","isEmpty == ""True""","peek_obj_type == ""class java.lang.String""","push == ""False""","pop == ""False""","clear == ""True""","calledMethod == ""clear""","size_p == ""1""",Yes
6271,1607899197446:415cb172-479d-432e-83ea-47c372616315,1607899197446:20e13d0a-c8fa-45ed-bedd-0ee752a5e282,"size == ""1""","isEmpty == ""True""","peek_obj_type == ""class java.lang.String""","push == ""True""","pop == ""False""","clear == ""False""","calledMethod == ""push""","size_p == ""0""",Yes
6272,1607899197446:415cb172-479d-432e-83ea-47c372616315,1607899197446:20e13d0a-c8fa-45ed-bedd-0ee752a5e282,"size == ""1""","isEmpty == ""True""","peek_obj_type == ""class java.lang.String""","push == ""False""","pop == ""True""","clear == ""False""","calledMethod == ""pop""","size_p == ""1""",Yes
6274,1607899197446:127786b1-45c1-4d6f-b529-26705435218d,1607899197446:bc0e555a-7524-4e0e-99e9-6c1fc8b4d419,"size == ""1""","isEmpty == ""True""","peek_obj_type == ""class java.lang.String""","push == ""True""","pop == ""False""","clear == ""False""","calledMethod == ""push""","size_p == ""0""",Yes
6275,1607899197446:127786b1-45c1-4d6f-b529-26705435218d,1607899197446:bc0e555a-7524-4e0e-99e9-6c1fc8b4d419,"size == ""1""","isEmpty == ""True""","peek_obj_type == ""class java.lang.String""","push == ""False""","pop == ""True""","clear == ""False""","calledMethod == ""pop""","size_p == ""1""",Yes
6277,1607899197446:127786b1-45c1-4d6f-b529-26705435218d,1607899197446:65b5f753-5b04-4842-9cff-4fb5612ddbff,"size == ""1""","isEmpty == ""True""","peek_obj_type == ""class java.lang.String""","push == ""True""","pop == ""False""","clear == ""False""","calledMethod == ""push""","size_p == ""0""",Yes
6279,1607899197445:d8609071-cdac-4518-a1af-1938dbd362d4,1607899197445:bf5095de-d389-4413-8c24-02ef310b4554,"size == ""1""","isEmpty == ""True""","peek_obj_type == ""class java.lang.String""","push == ""True""","pop == ""False""","clear == ""False""","calledMethod == ""push""","size_p == ""0""",Yes
6280,1607899197445:d8609071-cdac-4518-a1af-1938dbd362d4,1607899197445:bf5095de-d389-4413-8c24-02ef310b4554,"size == ""1""","isEmpty == ""True""","peek_obj_type == ""class java.lang.String""","push == ""False""","pop == ""True""","clear == ""False""","calledMethod == ""pop""","size_p == ""1""",Yes
6282,1607899197445:d8609071-cdac-4518-a1af-1938dbd362d4,1607899197445:a7824b68-e4a8-4769-8e33-26076cb5e0a6,"size == ""1""","isEmpty == ""True""","peek_obj_type == ""class java.lang.String""","push == ""True""","pop == ""False""","clear == ""False""","calledMethod == ""push""","size_p == ""0""",Yes
6284,1607899197445:b9accee1-f14b-42ca-93cc-2db74249bbe0,1607899197445:d62fab2e-31a8-4e12-8884-198b1ed0ce71,"size == ""1""","isEmpty == ""True""","peek_obj_type == ""class java.lang.String""","push == ""True""","pop == ""False""","clear == ""False""","calledMethod == ""push""","size_p == ""0""",Yes
6285,1607899197445:b9accee1-f14b-42ca-93cc-2db74249bbe0,1607899197445:d62fab2e-31a8-4e12-8884-198b1ed0ce71,"size == ""1""","isEmpty == ""True""","peek_obj_type == ""class java.lang.String""","push == ""False""","pop == ""True""","clear == ""False""","calledMethod == ""pop""","size_p == ""1""",Yes
6288,1607899197445:b9accee1-f14b-42ca-93cc-2db74249bbe0,1607899197445:bd3213ab-5b14-44bd-94b9-21cbed8c0dac,"size == ""1""","isEmpty == ""True""","peek_obj_type == ""class java.lang.String""","push == ""True""","pop == ""False""","clear == ""False""","calledMethod == ""push""","size_p == ""0""",Yes
6289,1607899197445:b9accee1-f14b-42ca-93cc-2db74249bbe0,1607899197445:bd3213ab-5b14-44bd-94b9-21cbed8c0dac,"size == ""1""","isEmpty == ""True""","peek_obj_type == ""class java.lang.String""","push == ""False""","pop == ""False""","clear == ""True""","calledMethod == ""clear""","size_p == ""1""",Yes
6290,1607899197445:b9accee1-f14b-42ca-93cc-2db74249bbe0,1607899197445:bd3213ab-5b14-44bd-94b9-21cbed8c0dac,"size == ""1""","isEmpty == ""True""","peek_obj_type == ""class java.lang.String""","push == ""False""","pop == ""False""","clear == ""True""","calledMethod == ""clear""","size_p == ""1""",Yes
6291,1607899197445:b9accee1-f14b-42ca-93cc-2db74249bbe0,1607899197445:bd3213ab-5b14-44bd-94b9-21cbed8c0dac,"size == ""1""","isEmpty == ""True""","peek_obj_type == ""class java.lang.String""","push == ""False""","pop == ""False""","clear == ""True""","calledMethod == ""clear""","size_p == ""1""",Yes
6294,1607899197445:61e28360-bce5-4d9c-9a66-5a55234c1c24,1607899197446:9ca57e14-4146-4089-b178-ffc5ddd8f98c,"size == ""1""","isEmpty == ""True""","peek_obj_type == ""class java.lang.String""","push == ""True""","pop == ""False""","clear == ""False""","calledMethod == ""push""","size_p == ""0""",Yes
6295,1607899197445:61e28360-bce5-4d9c-9a66-5a55234c1c24,1607899197446:9ca57e14-4146-4089-b178-ffc5ddd8f98c,"size == ""1""","isEmpty == ""True""","peek_obj_type == ""class java.lang.String""","push == ""False""","pop == ""True""","clear == ""False""","calledMethod == ""pop""","size_p == ""1""",Yes
6297,1607899197445:61e28360-bce5-4d9c-9a66-5a55234c1c24,1607899197445:530c44cf-c1e5-4419-917b-9f6617f2665d,"size == ""1""","isEmpty == ""True""","peek_obj_type == ""class java.lang.String""","push == ""True""","pop == ""False""","clear == ""False""","calledMethod == ""push""","size_p == ""0""",Yes
6298,1607899197445:61e28360-bce5-4d9c-9a66-5a55234c1c24,1607899197445:530c44cf-c1e5-4419-917b-9f6617f2665d,"size == ""2""","isEmpty == ""True""","peek_obj_type == ""class java.lang.String""","push == ""True""","pop == ""False""","clear == ""False""","calledMethod == ""push""","size_p == ""1""",Yes
6299,1607899197445:61e28360-bce5-4d9c-9a66-5a55234c1c24,1607899197445:530c44cf-c1e5-4419-917b-9f6617f2665d,"size == ""3""","isEmpty == ""True""","peek_obj_type == ""class java.lang.String""","push == ""True""","pop == ""False""","clear == ""False""","calledMethod == ""push""","size_p == ""2""",Yes
6301,1607899197445:619296dc-40be-4410-b4ae-946c7797712f,1607899197445:62e88fa4-10bb-45d9-967e-5ecd84fab97d,"size == ""1""","isEmpty == ""True""","peek_obj_type == ""class java.lang.String""","push == ""True""","pop == ""False""","clear == ""False""","calledMethod == ""push""","size_p == ""0""",Yes
6302,1607899197445:619296dc-40be-4410-b4ae-946c7797712f,1607899197445:62e88fa4-10bb-45d9-967e-5ecd84fab97d,"size == ""1""","isEmpty == ""True""","peek_obj_type == ""class java.lang.String""","push == ""False""","pop == ""True""","clear == ""False""","calledMethod == ""pop""","size_p == ""1""",Yes
6304,1607899197445:619296dc-40be-4410-b4ae-946c7797712f,1607899197445:17cc6fab-d953-4491-9726-5696e8e2e417,"size == ""1""","isEmpty == ""True""","peek_obj_type == ""class java.lang.String""","push == ""True""","pop == ""False""","clear == ""False""","calledMethod == ""push""","size_p == ""0""",Yes
6305,1607899197445:619296dc-40be-4410-b4ae-946c7797712f,1607899197445:17cc6fab-d953-4491-9726-5696e8e2e417,"size == ""2""","isEmpty == ""True""","peek_obj_type == ""class java.lang.String""","push == ""True""","pop == ""False""","clear == ""False""","calledMethod == ""push""","size_p == ""1""",Yes
6307,1607899197445:2c8c732c-c0cb-466b-a4a8-b7ff02ea2510,1607899197445:f6c370c0-6f09-4646-889b-5d728cb8d956,"size == ""1""","isEmpty == ""True""","peek_obj_type == ""class java.lang.String""","push == ""True""","pop == ""False""","clear == ""False""","calledMethod == ""push""","size_p == ""0""",Yes
6309,1607899197445:2c8c732c-c0cb-466b-a4a8-b7ff02ea2510,1607899197445:ad7038c3-e86b-4cd8-9c98-33fbb79d5ff0,"size == ""1""","isEmpty == ""True""","peek_obj_type == ""class java.lang.String""","push == ""True""","pop == ""False""","clear == ""False""","calledMethod == ""push""","size_p == ""0""",Yes
6310,1607899197445:2c8c732c-c0cb-466b-a4a8-b7ff02ea2510,1607899197445:ad7038c3-e86b-4cd8-9c98-33fbb79d5ff0,"size == ""1""","isEmpty == ""True""","peek_obj_type == ""class java.lang.String""","push == ""False""","pop == ""True""","clear == ""False""","calledMethod == ""pop""","size_p == ""1""",Yes
6313,1607899197444:bee397e6-5eb6-4398-80c9-28bc3314b1b2,1607899197444:3b5a2d58-5b4a-4c9b-ac5d-4a2a030e0d42,"size == ""1""","isEmpty == ""True""","peek_obj_type == ""class java.lang.String""","push == ""True""","pop == ""False""","clear == ""False""","calledMethod == ""push""","size_p == ""0""",Yes
6314,1607899197444:bee397e6-5eb6-4398-80c9-28bc3314b1b2,1607899197444:3b5a2d58-5b4a-4c9b-ac5d-4a2a030e0d42,"size == ""1""","isEmpty == ""True""","peek_obj_type == ""class java.lang.String""","push == ""False""","pop == ""True""","clear == ""False""","calledMethod == ""pop""","size_p == ""1""",Yes
6316,1607899197444:9a9db420-9d59-43e3-8785-34a9dbe8089d,1607899197444:2217fddd-16b0-4330-bd82-fd929340b87e,"size == ""1""","isEmpty == ""True""","peek_obj_type == ""class java.lang.String""","push == ""True""","pop == ""False""","clear == ""False""","calledMethod == ""push""","size_p == ""0""",Yes
6317,1607899197444:9a9db420-9d59-43e3-8785-34a9dbe8089d,1607899197444:2217fddd-16b0-4330-bd82-fd929340b87e,"size == ""1""","isEmpty == ""True""","peek_obj_type == ""class java.lang.String""","push == ""False""","pop == ""True""","clear == ""False""","calledMethod == ""pop""","size_p == ""1""",Yes
6320,1607899197444:61e47402-8ee0-4b1f-b4ed-66bae591fbb4,1607899197444:cd047dcb-a601-4e27-9cca-b070c225552b,"size == ""1""","isEmpty == ""True""","peek_obj_type == ""class java.lang.String""","push == ""True""","pop == ""False""","clear == ""False""","calledMethod == ""push""","size_p == ""0""",Yes
6322,1607899197444:61e47402-8ee0-4b1f-b4ed-66bae591fbb4,1607899197444:2f4cf38b-318f-432e-8e9b-0a9d024b760b,"size == ""1""","isEmpty == ""True""","peek_obj_type == ""class java.lang.String""","push == ""True""","pop == ""False""","clear == ""False""","calledMethod == ""push""","size_p == ""0""",Yes
6323,1607899197444:61e47402-8ee0-4b1f-b4ed-66bae591fbb4,1607899197444:2f4cf38b-318f-432e-8e9b-0a9d024b760b,"size == ""1""","isEmpty == ""True""","peek_obj_type == ""class java.lang.String""","push == ""False""","pop == ""True""","clear == ""False""","calledMethod == ""pop""","size_p == ""1""",Yes
6325,1607899197444:518a8ebc-e4d1-4ae4-816e-43a82bdfb72e,1607899197444:8615d4cc-2c6e-4e9a-8eec-7239fbc63dc3,"size == ""1""","isEmpty == ""True""","peek_obj_type == ""class java.lang.String""","push == ""True""","pop == ""False""","clear == ""False""","calledMethod == ""push""","size_p == ""0""",Yes
6326,1607899197444:518a8ebc-e4d1-4ae4-816e-43a82bdfb72e,1607899197444:8615d4cc-2c6e-4e9a-8eec-7239fbc63dc3,"size == ""1""","isEmpty == ""True""","peek_obj_type == ""class java.lang.String""","push == ""False""","pop == ""True""","clear == ""False""","calledMethod == ""pop""","size_p == ""1""",Yes
6328,1607899197444:28be9555-a552-4c34-9640-8a611dd974d3,1607899197444:355bb0f1-b8c2-4d13-bb6b-17640e7dcf33,"size == ""1""","isEmpty == ""True""","peek_obj_type == ""class java.lang.String""","push == ""True""","pop == ""False""","clear == ""False""","calledMethod == ""push""","size_p == ""0""",Yes
6329,1607899197444:28be9555-a552-4c34-9640-8a611dd974d3,1607899197444:355bb0f1-b8c2-4d13-bb6b-17640e7dcf33,"size == ""1""","isEmpty == ""True""","peek_obj_type == ""class java.lang.String""","push == ""False""","pop == ""True""","clear == ""False""","calledMethod == ""pop""","size_p == ""1""",Yes
6331,1607899197444:218c87f5-0622-4f5c-9cf6-d655ab02c16b,1607899197444:f39c4a67-6c7a-4d2c-831d-84bc8839f1ed,"size == ""1""","isEmpty == ""True""","peek_obj_type == ""class java.lang.String""","push == ""True""","pop == ""False""","clear == ""False""","calledMethod == ""push""","size_p == ""0""",Yes
6332,1607899197444:218c87f5-0622-4f5c-9cf6-d655ab02c16b,1607899197444:f39c4a67-6c7a-4d2c-831d-84bc8839f1ed,"size == ""1""","isEmpty == ""True""","peek_obj_type == ""class java.lang.String""","push == ""False""","pop == ""True""","clear == ""False""","calledMethod == ""pop""","size_p == ""1""",Yes
6335,1607899197444:218c87f5-0622-4f5c-9cf6-d655ab02c16b,1607899197444:68bcfb58-8840-45ea-86d5-dd5f2b9cc4be,"size == ""1""","isEmpty == ""True""","peek_obj_type == ""class java.lang.String""","push == ""True""","pop == ""False""","clear == ""False""","calledMethod == ""push""","size_p == ""0""",Yes
6337,1607899197444:0201f25a-d795-405e-80a3-66c18769a848,1607899197444:9c8430b4-a39b-47a4-bbca-5d4eada3ded3,"size == ""1""","isEmpty == ""True""","peek_obj_type == ""class java.lang.String""","push == ""True""","pop == ""False""","clear == ""False""","calledMethod == ""push""","size_p == ""0""",Yes
6338,1607899197444:0201f25a-d795-405e-80a3-66c18769a848,1607899197444:9c8430b4-a39b-47a4-bbca-5d4eada3ded3,"size == ""1""","isEmpty == ""True""","peek_obj_type == ""class java.lang.String""","push == ""False""","pop == ""True""","clear == ""False""","calledMethod == ""pop""","size_p == ""1""",Yes
6340,1607899197443:e08cd14c-0864-4435-928b-24727854c153,1607899197443:dcccfa03-e686-4580-8a3f-8df7f14f0477,"size == ""1""","isEmpty == ""True""","peek_obj_type == ""class java.lang.String""","push == ""True""","pop == ""False""","clear == ""False""","calledMethod == ""push""","size_p == ""0""",Yes
6343,1607899197443:e08cd14c-0864-4435-928b-24727854c153,1607899197443:57585f73-f729-4146-a45a-82d7646686b0,"size == ""1""","isEmpty == ""True""","peek_obj_type == ""class java.lang.String""","push == ""True""","pop == ""False""","clear == ""False""","calledMethod == ""push""","size_p == ""0""",Yes
6344,1607899197443:e08cd14c-0864-4435-928b-24727854c153,1607899197443:57585f73-f729-4146-a45a-82d7646686b0,"size == ""1""","isEmpty == ""True""","peek_obj_type == ""class java.lang.String""","push == ""False""","pop == ""True""","clear == ""False""","calledMethod == ""pop""","size_p == ""1""",Yes
6346,1607899197443:da28305c-eb26-49d9-8f81-961d2a3862f8,1607899197443:64e35222-d67b-4b21-ac37-d250f949f691,"size == ""1""","isEmpty == ""True""","peek_obj_type == ""class java.lang.String""","push == ""True""","pop == ""False""","clear == ""False""","calledMethod == ""push""","size_p == ""0""",Yes
6347,1607899197443:da28305c-eb26-49d9-8f81-961d2a3862f8,1607899197443:64e35222-d67b-4b21-ac37-d250f949f691,"size == ""1""","isEmpty == ""True""","peek_obj_type == ""class java.lang.String""","push == ""False""","pop == ""True""","clear == ""False""","calledMethod == ""pop""","size_p == ""1""",Yes
6349,1607899197443:9d4d68aa-428d-4f28-afbc-d7b73e602d85,1607899197443:c95414d7-65c7-470b-ab1e-71cc6d7b4384,"size == ""1""","isEmpty == ""True""","peek_obj_type == ""class java.lang.String""","push == ""True""","pop == ""False""","clear == ""False""","calledMethod == ""push""","size_p == ""0""",Yes
6350,1607899197443:9d4d68aa-428d-4f28-afbc-d7b73e602d85,1607899197443:c95414d7-65c7-470b-ab1e-71cc6d7b4384,"size == ""2""","isEmpty == ""True""","peek_obj_type == ""class java.lang.String""","push == ""True""","pop == ""False""","clear == ""False""","calledMethod == ""push""","size_p == ""1""",Yes
6352,1607899197443:9d4d68aa-428d-4f28-afbc-d7b73e602d85,1607899197443:b6f8d385-21e9-483a-bcbf-aa666272f544,"size == ""1""","isEmpty == ""True""","peek_obj_type == ""class java.lang.String""","push == ""True""","pop == ""False""","clear == ""False""","calledMethod == ""push""","size_p == ""0""",Yes
6353,1607899197443:9d4d68aa-428d-4f28-afbc-d7b73e602d85,1607899197443:b6f8d385-21e9-483a-bcbf-aa666272f544,"size == ""1""","isEmpty == ""True""","peek_obj_type == ""class java.lang.String""","push == ""False""","pop == ""True""","clear == ""False""","calledMethod == ""pop""","size_p == ""1""",Yes
6355,1607899197443:96e31041-adf3-4e52-8017-03f859664939,1607899197443:d711599c-e3c2-4cab-af23-296ac041970a,"size == ""1""","isEmpty == ""True""","peek_obj_type == ""class java.lang.String""","push == ""True""","pop == ""False""","clear == ""False""","calledMethod == ""push""","size_p == ""0""",Yes
6356,1607899197443:96e31041-adf3-4e52-8017-03f859664939,1607899197443:d711599c-e3c2-4cab-af23-296ac041970a,"size == ""1""","isEmpty == ""True""","peek_obj_type == ""class java.lang.String""","push == ""False""","pop == ""True""","clear == ""False""","calledMethod == ""pop""","size_p == ""1""",Yes
6358,1607899197443:2221d9d3-dd94-40ae-9fe6-da103d2944f2,1607899197443:6d55c8b6-38d0-41fd-907b-6e241f74749a,"size == ""1""","isEmpty == ""True""","peek_obj_type == ""class java.lang.String""","push == ""True""","pop == ""False""","clear == ""False""","calledMethod == ""push""","size_p == ""0""",Yes
6359,1607899197443:2221d9d3-dd94-40ae-9fe6-da103d2944f2,1607899197443:6d55c8b6-38d0-41fd-907b-6e241f74749a,"size == ""1""","isEmpty == ""True""","peek_obj_type == ""class java.lang.String""","push == ""False""","pop == ""True""","clear == ""False""","calledMethod == ""pop""","size_p == ""1""",Yes
6361,1607899197443:0f841983-a4a5-4832-b8ba-0b745f214299,1607899197443:87b9bc2c-690e-4166-a465-ee32bfb32b93,"size == ""1""","isEmpty == ""True""","peek_obj_type == ""class java.lang.String""","push == ""True""","pop == ""False""","clear == ""False""","calledMethod == ""push""","size_p == ""0""",Yes
6362,1607899197443:0f841983-a4a5-4832-b8ba-0b745f214299,1607899197443:87b9bc2c-690e-4166-a465-ee32bfb32b93,"size == ""1""","isEmpty == ""True""","peek_obj_type == ""class java.lang.String""","push == ""False""","pop == ""True""","clear == ""False""","calledMethod == ""pop""","size_p == ""1""",Yes
6364,1607899197442:e089d292-2ed8-431b-912c-4022485531db,1607899197442:81c6caca-2788-454b-a9eb-3ddfd7410933,"size == ""1""","isEmpty == ""True""","peek_obj_type == ""class java.lang.String""","push == ""True""","pop == ""False""","clear == ""False""","calledMethod == ""push""","size_p == ""0""",Yes
6366,1607899197442:e089d292-2ed8-431b-912c-4022485531db,1607899197442:7e3c5964-b3c7-40c1-baa6-250f9db04cb0,"size == ""1""","isEmpty == ""True""","peek_obj_type == ""class java.lang.String""","push == ""True""","pop == ""False""","clear == ""False""","calledMethod == ""push""","size_p == ""0""",Yes
6367,1607899197442:e089d292-2ed8-431b-912c-4022485531db,1607899197442:7e3c5964-b3c7-40c1-baa6-250f9db04cb0,"size == ""1""","isEmpty == ""True""","peek_obj_type == ""class java.lang.String""","push == ""False""","pop == ""True""","clear == ""False""","calledMethod == ""pop""","size_p == ""1""",Yes
6369,1607899197442:51e3bf40-9fe2-41d4-b170-38877a024ef8,1607899197442:3851a33d-a998-4735-85b9-528d84115de0,"size == ""1""","isEmpty == ""True""","peek_obj_type == ""class java.lang.String""","push == ""True""","pop == ""False""","clear == ""False""","calledMethod == ""push""","size_p == ""0""",Yes
6370,1607899197442:51e3bf40-9fe2-41d4-b170-38877a024ef8,1607899197442:3851a33d-a998-4735-85b9-528d84115de0,"size == ""1""","isEmpty == ""True""","peek_obj_type == ""class java.lang.String""","push == ""False""","pop == ""True""","clear == ""False""","calledMethod == ""pop""","size_p == ""1""",Yes
6372,1607899197442:4fed7987-39c7-4f05-8d2f-b4ca3012588d,1607899197442:a3fb86f2-0015-442a-94d9-0ab1f756fd3a,"size == ""1""","isEmpty == ""True""","peek_obj_type == ""class java.lang.String""","push == ""True""","pop == ""False""","clear == ""False""","calledMethod == ""push""","size_p == ""0""",Yes
6373,1607899197442:4fed7987-39c7-4f05-8d2f-b4ca3012588d,1607899197442:a3fb86f2-0015-442a-94d9-0ab1f756fd3a,"size == ""2""","isEmpty == ""True""","peek_obj_type == ""class java.lang.String""","push == ""True""","pop == ""False""","clear == ""False""","calledMethod == ""push""","size_p == ""1""",Yes
6375,1607899197442:4fed7987-39c7-4f05-8d2f-b4ca3012588d,1607899197442:665c7f6d-1b1d-4d52-93a2-595904bbbde5,"size == ""1""","isEmpty == ""True""","peek_obj_type == ""class java.lang.String""","push == ""True""","pop == ""False""","clear == ""False""","calledMethod == ""push""","size_p == ""0""",Yes
6376,1607899197442:4fed7987-39c7-4f05-8d2f-b4ca3012588d,1607899197442:665c7f6d-1b1d-4d52-93a2-595904bbbde5,"size == ""1""","isEmpty == ""True""","peek_obj_type == ""class java.lang.String""","push == ""False""","pop == ""True""","clear == ""False""","calledMethod == ""pop""","size_p == ""1""",Yes
6378,1607899197441:9aa55fe5-3cf0-49ed-84ae-c88ca0d71179,1607899197441:be3ef3ed-6dba-4cf4-b5ff-8381a3ec9865,"size == ""1""","isEmpty == ""True""","peek_obj_type == ""class java.lang.String""","push == ""True""","pop == ""False""","clear == ""False""","calledMethod == ""push""","size_p == ""0""",Yes
6379,1607899197441:9aa55fe5-3cf0-49ed-84ae-c88ca0d71179,1607899197441:be3ef3ed-6dba-4cf4-b5ff-8381a3ec9865,"size == ""1""","isEmpty == ""True""","peek_obj_type == ""class java.lang.String""","push == ""False""","pop == ""True""","clear == ""False""","calledMethod == ""pop""","size_p == ""1""",Yes
6381,1607899197441:471b06de-5875-48b0-b6aa-c9e9096f9435,1607899197442:905f0d8f-e156-4e3a-a219-b4241401258f,"size == ""1""","isEmpty == ""True""","peek_obj_type == ""class java.lang.String""","push == ""True""","pop == ""False""","clear == ""False""","calledMethod == ""push""","size_p == ""0""",Yes
6382,1607899197441:471b06de-5875-48b0-b6aa-c9e9096f9435,1607899197442:905f0d8f-e156-4e3a-a219-b4241401258f,"size == ""1""","isEmpty == ""True""","peek_obj_type == ""class java.lang.String""","push == ""False""","pop == ""True""","clear == ""False""","calledMethod == ""pop""","size_p == ""1""",Yes
6385,1607899197441:471b06de-5875-48b0-b6aa-c9e9096f9435,1607899197441:55365641-ee79-4885-9708-cf997628bce0,"size == ""1""","isEmpty == ""True""","peek_obj_type == ""class java.lang.String""","push == ""True""","pop == ""False""","clear == ""False""","calledMethod == ""push""","size_p == ""0""",Yes
6386,1607899197441:471b06de-5875-48b0-b6aa-c9e9096f9435,1607899197441:55365641-ee79-4885-9708-cf997628bce0,"size == ""1""","isEmpty == ""True""","peek_obj_type == ""class java.lang.String""","push == ""False""","pop == ""False""","clear == ""True""","calledMethod == ""clear""","size_p == ""1""",Yes
6387,1607899197441:471b06de-5875-48b0-b6aa-c9e9096f9435,1607899197441:55365641-ee79-4885-9708-cf997628bce0,"size == ""1""","isEmpty == ""True""","peek_obj_type == ""class java.lang.String""","push == ""False""","pop == ""False""","clear == ""True""","calledMethod == ""clear""","size_p == ""1""",Yes
6388,1607899197441:471b06de-5875-48b0-b6aa-c9e9096f9435,1607899197441:55365641-ee79-4885-9708-cf997628bce0,"size == ""1""","isEmpty == ""True""","peek_obj_type == ""class java.lang.String""","push == ""False""","pop == ""False""","clear == ""True""","calledMethod == ""clear""","size_p == ""1""",Yes
6390,1607899197441:1a8cbbb6-b565-4235-94dc-0b38a2366507,1607899197441:a95525eb-9b6b-41d1-865c-194d9e3feef0,"size == ""1""","isEmpty == ""True""","peek_obj_type == ""class java.lang.String""","push == ""True""","pop == ""False""","clear == ""False""","calledMethod == ""push""","size_p == ""0""",Yes
6391,1607899197441:1a8cbbb6-b565-4235-94dc-0b38a2366507,1607899197441:a95525eb-9b6b-41d1-865c-194d9e3feef0,"size == ""1""","isEmpty == ""True""","peek_obj_type == ""class java.lang.String""","push == ""False""","pop == ""True""","clear == ""False""","calledMethod == ""pop""","size_p == ""1""",Yes
6393,1607899197441:1a8cbbb6-b565-4235-94dc-0b38a2366507,1607899197441:194eebca-e3c5-42a5-b4b5-95b216545df3,"size == ""1""","isEmpty == ""True""","peek_obj_type == ""class java.lang.String""","push == ""True""","pop == ""False""","clear == ""False""","calledMethod == ""push""","size_p == ""0""",Yes
6394,1607899197441:1a8cbbb6-b565-4235-94dc-0b38a2366507,1607899197441:194eebca-e3c5-42a5-b4b5-95b216545df3,"size == ""2""","isEmpty == ""True""","peek_obj_type == ""class java.lang.String""","push == ""True""","pop == ""False""","clear == ""False""","calledMethod == ""push""","size_p == ""1""",Yes
6396,1607899197440:f5941385-ca64-49eb-a02a-ef4b62142179,1607899197440:139148a9-bdac-4f23-af77-dff9dab0cf08,"size == ""1""","isEmpty == ""True""","peek_obj_type == ""class java.lang.String""","push == ""True""","pop == ""False""","clear == ""False""","calledMethod == ""push""","size_p == ""0""",Yes
6397,1607899197440:f5941385-ca64-49eb-a02a-ef4b62142179,1607899197440:139148a9-bdac-4f23-af77-dff9dab0cf08,"size == ""1""","isEmpty == ""True""","peek_obj_type == ""class java.lang.String""","push == ""False""","pop == ""True""","clear == ""False""","calledMethod == ""pop""","size_p == ""1""",Yes
6399,1607899197440:488479d8-d0b0-49dd-b1fe-cf6268c51fac,1607899197440:782becfe-6656-4f29-a457-8ea8c42a3d43,"size == ""1""","isEmpty == ""True""","peek_obj_type == ""class java.lang.String""","push == ""True""","pop == ""False""","clear == ""False""","calledMethod == ""push""","size_p == ""0""",Yes
6400,1607899197440:488479d8-d0b0-49dd-b1fe-cf6268c51fac,1607899197440:782becfe-6656-4f29-a457-8ea8c42a3d43,"size == ""1""","isEmpty == ""True""","peek_obj_type == ""class java.lang.String""","push == ""False""","pop == ""True""","clear == ""False""","calledMethod == ""pop""","size_p == ""1""",Yes
6402,1607899197440:342526b5-4d88-41e8-8053-dbb4d421ea1b,1607899197441:29e2eb2d-1086-4c11-b08d-a33e2a77d27c,"size == ""1""","isEmpty == ""True""","peek_obj_type == ""class java.lang.String""","push == ""True""","pop == ""False""","clear == ""False""","calledMethod == ""push""","size_p == ""0""",Yes
6403,1607899197440:342526b5-4d88-41e8-8053-dbb4d421ea1b,1607899197441:29e2eb2d-1086-4c11-b08d-a33e2a77d27c,"size == ""1""","isEmpty == ""True""","peek_obj_type == ""class java.lang.String""","push == ""False""","pop == ""True""","clear == ""False""","calledMethod == ""pop""","size_p == ""1""",Yes
6405,1607899197440:342526b5-4d88-41e8-8053-dbb4d421ea1b,1607899197440:496ee1b2-d04b-46fa-adb1-c251a9bfa60f,"size == ""1""","isEmpty == ""True""","peek_obj_type == ""class java.lang.String""","push == ""True""","pop == ""False""","clear == ""False""","calledMethod == ""push""","size_p == ""0""",Yes
6408,1607899197440:334fcf0d-48cc-4d62-b99a-91c1f15c0cff,1607899197440:28498f1e-9af4-42f9-84a8-374524f6e79f,"size == ""1""","isEmpty == ""True""","peek_obj_type == ""class java.lang.String""","push == ""True""","pop == ""False""","clear == ""False""","calledMethod == ""push""","size_p == ""0""",Yes
6409,1607899197440:334fcf0d-48cc-4d62-b99a-91c1f15c0cff,1607899197440:28498f1e-9af4-42f9-84a8-374524f6e79f,"size == ""1""","isEmpty == ""True""","peek_obj_type == ""class java.lang.String""","push == ""False""","pop == ""False""","clear == ""True""","calledMethod == ""clear""","size_p == ""1""",Yes
6411,1607899197440:334fcf0d-48cc-4d62-b99a-91c1f15c0cff,1607899197440:22907ca3-5084-440a-a75e-98eeeb7bca12,"size == ""1""","isEmpty == ""True""","peek_obj_type == ""class java.lang.String""","push == ""True""","pop == ""False""","clear == ""False""","calledMethod == ""push""","size_p == ""0""",Yes
6412,1607899197440:334fcf0d-48cc-4d62-b99a-91c1f15c0cff,1607899197440:22907ca3-5084-440a-a75e-98eeeb7bca12,"size == ""1""","isEmpty == ""True""","peek_obj_type == ""class java.lang.String""","push == ""False""","pop == ""True""","clear == ""False""","calledMethod == ""pop""","size_p == ""1""",Yes
6414,1607899197439:49ca1216-aef8-4129-9eda-bfed0bfb9698,1607899197439:c19d4b3f-e09a-42a5-a9db-e6e339c0ac76,"size == ""1""","isEmpty == ""True""","peek_obj_type == ""class java.lang.String""","push == ""True""","pop == ""False""","clear == ""False""","calledMethod == ""push""","size_p == ""0""",Yes
6415,1607899197439:49ca1216-aef8-4129-9eda-bfed0bfb9698,1607899197439:c19d4b3f-e09a-42a5-a9db-e6e339c0ac76,"size == ""1""","isEmpty == ""True""","peek_obj_type == ""class java.lang.String""","push == ""False""","pop == ""True""","clear == ""False""","calledMethod == ""pop""","size_p == ""1""",Yes
6418,1607899197439:3039c91d-4afb-43e8-89f6-97150aa89cbb,1607899197439:db9b8518-1f87-4fe1-8472-a92eb66c63b1,"size == ""1""","isEmpty == ""True""","peek_obj_type == ""class java.lang.String""","push == ""True""","pop == ""False""","clear == ""False""","calledMethod == ""push""","size_p == ""0""",Yes
6419,1607899197439:3039c91d-4afb-43e8-89f6-97150aa89cbb,1607899197439:db9b8518-1f87-4fe1-8472-a92eb66c63b1,"size == ""1""","isEmpty == ""True""","peek_obj_type == ""class java.lang.String""","push == ""False""","pop == ""True""","clear == ""False""","calledMethod == ""pop""","size_p == ""1""",Yes
6421,1607899197439:1b8c9401-9b65-4a4d-ae3c-ee7c645e2c87,1607899197439:b4967d27-18e4-4b58-9e88-375caf6bb9a1,"size == ""1""","isEmpty == ""True""","peek_obj_type == ""class java.lang.String""","push == ""True""","pop == ""False""","clear == ""False""","calledMethod == ""push""","size_p == ""0""",Yes
6422,1607899197439:1b8c9401-9b65-4a4d-ae3c-ee7c645e2c87,1607899197439:b4967d27-18e4-4b58-9e88-375caf6bb9a1,"size == ""1""","isEmpty == ""True""","peek_obj_type == ""class java.lang.String""","push == ""False""","pop == ""True""","clear == ""False""","calledMethod == ""pop""","size_p == ""1""",Yes
6424,1607899197438:8e0e3d9a-13ac-4cb5-bd8d-67afe5ae291c,1607899197438:cc68bd82-60a2-43dc-9126-1fc5d06a3da1,"size == ""1""","isEmpty == ""True""","peek_obj_type == ""class java.lang.String""","push == ""True""","pop == ""False""","clear == ""False""","calledMethod == ""push""","size_p == ""0""",Yes
6425,1607899197438:8e0e3d9a-13ac-4cb5-bd8d-67afe5ae291c,1607899197438:cc68bd82-60a2-43dc-9126-1fc5d06a3da1,"size == ""2""","isEmpty == ""True""","peek_obj_type == ""class java.lang.String""","push == ""True""","pop == ""False""","clear == ""False""","calledMethod == ""push""","size_p == ""1""",Yes
6427,1607899197438:8e0e3d9a-13ac-4cb5-bd8d-67afe5ae291c,1607899197438:2d8dcf3e-7f79-4a06-80c0-fc1513385491,"size == ""1""","isEmpty == ""True""","peek_obj_type == ""class java.lang.String""","push == ""True""","pop == ""False""","clear == ""False""","calledMethod == ""push""","size_p == ""0""",Yes
6428,1607899197438:8e0e3d9a-13ac-4cb5-bd8d-67afe5ae291c,1607899197438:2d8dcf3e-7f79-4a06-80c0-fc1513385491,"size == ""1""","isEmpty == ""True""","peek_obj_type == ""class java.lang.String""","push == ""False""","pop == ""True""","clear == ""False""","calledMethod == ""pop""","size_p == ""1""",Yes
6430,1607899197438:4556934e-e7c1-4ea3-98a9-25a0dfd76068,1607899197438:cae09c19-cd44-4e5d-a8dd-0b541f9596eb,"size == ""1""","isEmpty == ""True""","peek_obj_type == ""class java.lang.String""","push == ""True""","pop == ""False""","clear == ""False""","calledMethod == ""push""","size_p == ""0""",Yes
6431,1607899197438:4556934e-e7c1-4ea3-98a9-25a0dfd76068,1607899197438:cae09c19-cd44-4e5d-a8dd-0b541f9596eb,"size == ""2""","isEmpty == ""True""","peek_obj_type == ""class java.lang.String""","push == ""True""","pop == ""False""","clear == ""False""","calledMethod == ""push""","size_p == ""1""",Yes
6433,1607899197438:4556934e-e7c1-4ea3-98a9-25a0dfd76068,1607899197438:82cb22b6-89e2-432e-89de-0bc21226837c,"size == ""1""","isEmpty == ""True""","peek_obj_type == ""class java.lang.String""","push == ""True""","pop == ""False""","clear == ""False""","calledMethod == ""push""","size_p == ""0""",Yes
6434,1607899197438:4556934e-e7c1-4ea3-98a9-25a0dfd76068,1607899197438:82cb22b6-89e2-432e-89de-0bc21226837c,"size == ""1""","isEmpty == ""True""","peek_obj_type == ""class java.lang.String""","push == ""False""","pop == ""True""","clear == ""False""","calledMethod == ""pop""","size_p == ""1""",Yes
6436,1607899197438:230ed34b-297c-42dd-b5ca-3b50b7f55fac,1607899197438:c6b5221a-fca7-4393-931e-06eda7325113,"size == ""1""","isEmpty == ""True""","peek_obj_type == ""class java.lang.String""","push == ""True""","pop == ""False""","clear == ""False""","calledMethod == ""push""","size_p == ""0""",Yes
6437,1607899197438:230ed34b-297c-42dd-b5ca-3b50b7f55fac,1607899197438:c6b5221a-fca7-4393-931e-06eda7325113,"size == ""2""","isEmpty == ""True""","peek_obj_type == ""class java.lang.String""","push == ""True""","pop == ""False""","clear == ""False""","calledMethod == ""push""","size_p == ""1""",Yes
6438,1607899197438:230ed34b-297c-42dd-b5ca-3b50b7f55fac,1607899197438:c6b5221a-fca7-4393-931e-06eda7325113,"size == ""3""","isEmpty == ""True""","peek_obj_type == ""class java.lang.String""","push == ""True""","pop == ""False""","clear == ""False""","calledMethod == ""push""","size_p == ""2""",Yes
6439,1607899197438:230ed34b-297c-42dd-b5ca-3b50b7f55fac,1607899197438:c6b5221a-fca7-4393-931e-06eda7325113,"size == ""3""","isEmpty == ""True""","peek_obj_type == ""class java.lang.String""","push == ""False""","pop == ""True""","clear == ""False""","calledMethod == ""pop""","size_p == ""3""",Yes
6441,1607899197437:bc5656d7-0df2-44a9-8f66-ec5901dcfd4a,1607899197437:96019ffc-aeee-4d17-a696-be21a35b1200,"size == ""1""","isEmpty == ""True""","peek_obj_type == ""class java.lang.String""","push == ""True""","pop == ""False""","clear == ""False""","calledMethod == ""push""","size_p == ""0""",Yes
6442,1607899197437:bc5656d7-0df2-44a9-8f66-ec5901dcfd4a,1607899197437:96019ffc-aeee-4d17-a696-be21a35b1200,"size == ""1""","isEmpty == ""True""","peek_obj_type == ""class java.lang.String""","push == ""False""","pop == ""True""","clear == ""False""","calledMethod == ""pop""","size_p == ""1""",Yes
6445,1607899197437:4b478add-f26a-4fb8-aa60-00fbcae8e82b,1607899197437:f094472b-88f6-4489-889e-2b1f80a4ce16,"size == ""1""","isEmpty == ""True""","peek_obj_type == ""class java.lang.String""","push == ""True""","pop == ""False""","clear == ""False""","calledMethod == ""push""","size_p == ""0""",Yes
6446,1607899197437:4b478add-f26a-4fb8-aa60-00fbcae8e82b,1607899197437:f094472b-88f6-4489-889e-2b1f80a4ce16,"size == ""1""","isEmpty == ""True""","peek_obj_type == ""class java.lang.String""","push == ""False""","pop == ""False""","clear == ""True""","calledMethod == ""clear""","size_p == ""1""",Yes
6447,1607899197437:4b478add-f26a-4fb8-aa60-00fbcae8e82b,1607899197437:f094472b-88f6-4489-889e-2b1f80a4ce16,"size == ""1""","isEmpty == ""True""","peek_obj_type == ""class java.lang.String""","push == ""False""","pop == ""False""","clear == ""True""","calledMethod == ""clear""","size_p == ""1""",Yes
6448,1607899197437:4b478add-f26a-4fb8-aa60-00fbcae8e82b,1607899197437:f094472b-88f6-4489-889e-2b1f80a4ce16,"size == ""1""","isEmpty == ""True""","peek_obj_type == ""class java.lang.String""","push == ""False""","pop == ""False""","clear == ""True""","calledMethod == ""clear""","size_p == ""1""",Yes
6450,1607899197437:4b478add-f26a-4fb8-aa60-00fbcae8e82b,1607899197437:5e0a8eed-91b2-4d54-a3e9-db9a87f82495,"size == ""1""","isEmpty == ""True""","peek_obj_type == ""class java.lang.String""","push == ""True""","pop == ""False""","clear == ""False""","calledMethod == ""push""","size_p == ""0""",Yes
6451,1607899197437:4b478add-f26a-4fb8-aa60-00fbcae8e82b,1607899197437:5e0a8eed-91b2-4d54-a3e9-db9a87f82495,"size == ""1""","isEmpty == ""True""","peek_obj_type == ""class java.lang.String""","push == ""False""","pop == ""True""","clear == ""False""","calledMethod == ""pop""","size_p == ""1""",Yes
6453,1607899197437:05e98b88-d352-406a-b79e-2e3015d58051,1607899197437:be77c580-8910-4023-a1b7-82b758c07302,"size == ""1""","isEmpty == ""True""","peek_obj_type == ""class java.lang.String""","push == ""True""","pop == ""False""","clear == ""False""","calledMethod == ""push""","size_p == ""0""",Yes
6454,1607899197437:05e98b88-d352-406a-b79e-2e3015d58051,1607899197437:be77c580-8910-4023-a1b7-82b758c07302,"size == ""1""","isEmpty == ""True""","peek_obj_type == ""class java.lang.String""","push == ""False""","pop == ""True""","clear == ""False""","calledMethod == ""pop""","size_p == ""1""",Yes
6456,1607899197436:c5a0284e-2062-42a8-8e7c-57308bbe5de3,1607899197436:defbb2be-2f7c-42f5-a702-07718cef19c3,"size == ""1""","isEmpty == ""True""","peek_obj_type == ""class java.lang.String""","push == ""True""","pop == ""False""","clear == ""False""","calledMethod == ""push""","size_p == ""0""",Yes
6457,1607899197436:c5a0284e-2062-42a8-8e7c-57308bbe5de3,1607899197436:defbb2be-2f7c-42f5-a702-07718cef19c3,"size == ""1""","isEmpty == ""True""","peek_obj_type == ""class java.lang.String""","push == ""False""","pop == ""True""","clear == ""False""","calledMethod == ""pop""","size_p == ""1""",Yes
6459,1607899197436:93efa88a-f15a-4053-8c8d-20f96eadfb4a,1607899197436:062e06f5-be04-404c-babf-1960aafc53e7,"size == ""1""","isEmpty == ""True""","peek_obj_type == ""class java.lang.String""","push == ""True""","pop == ""False""","clear == ""False""","calledMethod == ""push""","size_p == ""0""",Yes
6460,1607899197436:93efa88a-f15a-4053-8c8d-20f96eadfb4a,1607899197436:062e06f5-be04-404c-babf-1960aafc53e7,"size == ""1""","isEmpty == ""True""","peek_obj_type == ""class java.lang.String""","push == ""False""","pop == ""True""","clear == ""False""","calledMethod == ""pop""","size_p == ""1""",Yes
6462,1607899197436:576db93d-5a12-4412-ba7f-f523a6381ab7,1607899197436:d6969101-c32d-4f8d-822b-affc22bd5cd4,"size == ""1""","isEmpty == ""True""","peek_obj_type == ""class java.lang.String""","push == ""True""","pop == ""False""","clear == ""False""","calledMethod == ""push""","size_p == ""0""",Yes
6463,1607899197436:576db93d-5a12-4412-ba7f-f523a6381ab7,1607899197436:d6969101-c32d-4f8d-822b-affc22bd5cd4,"size == ""1""","isEmpty == ""True""","peek_obj_type == ""class java.lang.String""","push == ""False""","pop == ""True""","clear == ""False""","calledMethod == ""pop""","size_p == ""1""",Yes
6465,1607899197436:4a09e344-9de1-4a92-b499-322e062f1d71,1607899197436:97fbad9e-e69a-47a8-bcb5-32b81c9f2ad4,"size == ""1""","isEmpty == ""True""","peek_obj_type == ""class java.lang.String""","push == ""True""","pop == ""False""","clear == ""False""","calledMethod == ""push""","size_p == ""0""",Yes
6466,1607899197436:4a09e344-9de1-4a92-b499-322e062f1d71,1607899197436:97fbad9e-e69a-47a8-bcb5-32b81c9f2ad4,"size == ""1""","isEmpty == ""True""","peek_obj_type == ""class java.lang.String""","push == ""False""","pop == ""True""","clear == ""False""","calledMethod == ""pop""","size_p == ""1""",Yes
6469,1607899197435:dd92cbad-fece-4286-acae-e3e6150cfc50,1607899197435:b1acd729-25ff-492a-a8d1-28dc3277d911,"size == ""1""","isEmpty == ""True""","peek_obj_type == ""class java.lang.String""","push == ""True""","pop == ""False""","clear == ""False""","calledMethod == ""push""","size_p == ""0""",Yes
6470,1607899197435:dd92cbad-fece-4286-acae-e3e6150cfc50,1607899197435:b1acd729-25ff-492a-a8d1-28dc3277d911,"size == ""1""","isEmpty == ""True""","peek_obj_type == ""class java.lang.String""","push == ""False""","pop == ""False""","clear == ""True""","calledMethod == ""clear""","size_p == ""1""",Yes
6471,1607899197435:dd92cbad-fece-4286-acae-e3e6150cfc50,1607899197435:b1acd729-25ff-492a-a8d1-28dc3277d911,"size == ""1""","isEmpty == ""True""","peek_obj_type == ""class java.lang.String""","push == ""False""","pop == ""False""","clear == ""True""","calledMethod == ""clear""","size_p == ""1""",Yes
6472,1607899197435:dd92cbad-fece-4286-acae-e3e6150cfc50,1607899197435:b1acd729-25ff-492a-a8d1-28dc3277d911,"size == ""1""","isEmpty == ""True""","peek_obj_type == ""class java.lang.String""","push == ""False""","pop == ""False""","clear == ""True""","calledMethod == ""clear""","size_p == ""1""",Yes
6474,1607899197435:dd92cbad-fece-4286-acae-e3e6150cfc50,1607899197435:187d0f50-6693-4b5d-b3b7-4bbc152cec68,"size == ""1""","isEmpty == ""True""","peek_obj_type == ""class java.lang.String""","push == ""True""","pop == ""False""","clear == ""False""","calledMethod == ""push""","size_p == ""0""",Yes
6475,1607899197435:dd92cbad-fece-4286-acae-e3e6150cfc50,1607899197435:187d0f50-6693-4b5d-b3b7-4bbc152cec68,"size == ""1""","isEmpty == ""True""","peek_obj_type == ""class java.lang.String""","push == ""False""","pop == ""True""","clear == ""False""","calledMethod == ""pop""","size_p == ""1""",Yes
6477,1607899197435:896efb6f-fef0-491a-813f-6eb76d3b2ba1,1607899197435:653f8725-52d1-402d-97b6-fbba12bb1aab,"size == ""1""","isEmpty == ""True""","peek_obj_type == ""class java.lang.String""","push == ""True""","pop == ""False""","clear == ""False""","calledMethod == ""push""","size_p == ""0""",Yes
6478,1607899197435:896efb6f-fef0-491a-813f-6eb76d3b2ba1,1607899197435:653f8725-52d1-402d-97b6-fbba12bb1aab,"size == ""1""","isEmpty == ""True""","peek_obj_type == ""class java.lang.String""","push == ""False""","pop == ""True""","clear == ""False""","calledMethod == ""pop""","size_p == ""1""",Yes
6480,1607899197435:6fe483ef-262b-4260-baf1-827289bcefd2,1607899197435:ceb09d5f-f793-4857-950c-278dfa07b95b,"size == ""1""","isEmpty == ""True""","peek_obj_type == ""class java.lang.String""","push == ""True""","pop == ""False""","clear == ""False""","calledMethod == ""push""","size_p == ""0""",Yes
6482,1607899197435:6fe483ef-262b-4260-baf1-827289bcefd2,1607899197435:5017a4fb-6a59-4c64-afc4-b948838bcfbd,"size == ""1""","isEmpty == ""True""","peek_obj_type == ""class java.lang.String""","push == ""True""","pop == ""False""","clear == ""False""","calledMethod == ""push""","size_p == ""0""",Yes
6483,1607899197435:6fe483ef-262b-4260-baf1-827289bcefd2,1607899197435:5017a4fb-6a59-4c64-afc4-b948838bcfbd,"size == ""1""","isEmpty == ""True""","peek_obj_type == ""class java.lang.String""","push == ""False""","pop == ""True""","clear == ""False""","calledMethod == ""pop""","size_p == ""1""",Yes
6485,1607899197434:fd0ed73d-a5a0-4a88-9b58-64d93ca8771e,1607899197434:b31aee38-243f-4b3d-bcee-d5d86e98231f,"size == ""1""","isEmpty == ""True""","peek_obj_type == ""class java.lang.String""","push == ""True""","pop == ""False""","clear == ""False""","calledMethod == ""push""","size_p == ""0""",Yes
6486,1607899197434:fd0ed73d-a5a0-4a88-9b58-64d93ca8771e,1607899197434:b31aee38-243f-4b3d-bcee-d5d86e98231f,"size == ""1""","isEmpty == ""True""","peek_obj_type == ""class java.lang.String""","push == ""False""","pop == ""True""","clear == ""False""","calledMethod == ""pop""","size_p == ""1""",Yes
6488,1607899197434:d41d095b-c68f-4040-a1c8-18ac400d03dc,1607899197434:9d6af17b-7011-4b2a-8490-cb4dac8b7d20,"size == ""1""","isEmpty == ""True""","peek_obj_type == ""class java.lang.String""","push == ""True""","pop == ""False""","clear == ""False""","calledMethod == ""push""","size_p == ""0""",Yes
6489,1607899197434:d41d095b-c68f-4040-a1c8-18ac400d03dc,1607899197434:9d6af17b-7011-4b2a-8490-cb4dac8b7d20,"size == ""1""","isEmpty == ""True""","peek_obj_type == ""class java.lang.String""","push == ""False""","pop == ""True""","clear == ""False""","calledMethod == ""pop""","size_p == ""1""",Yes
6491,1607899197434:d41d095b-c68f-4040-a1c8-18ac400d03dc,1607899197434:8af24fed-3b4b-4763-bcfb-7d31e226dd3e,"size == ""1""","isEmpty == ""True""","peek_obj_type == ""class java.lang.String""","push == ""True""","pop == ""False""","clear == ""False""","calledMethod == ""push""","size_p == ""0""",Yes
6492,1607899197434:d41d095b-c68f-4040-a1c8-18ac400d03dc,1607899197434:8af24fed-3b4b-4763-bcfb-7d31e226dd3e,"size == ""2""","isEmpty == ""True""","peek_obj_type == ""class java.lang.String""","push == ""True""","pop == ""False""","clear == ""False""","calledMethod == ""push""","size_p == ""1""",Yes
6494,1607899197434:94cde8ef-12fb-40f2-ae86-5ef93292e69d,1607899197434:82475aa2-a5da-491f-ba05-4679fb794162,"size == ""1""","isEmpty == ""True""","peek_obj_type == ""class java.lang.String""","push == ""True""","pop == ""False""","clear == ""False""","calledMethod == ""push""","size_p == ""0""",Yes
6495,1607899197434:94cde8ef-12fb-40f2-ae86-5ef93292e69d,1607899197434:82475aa2-a5da-491f-ba05-4679fb794162,"size == ""1""","isEmpty == ""True""","peek_obj_type == ""class java.lang.String""","push == ""False""","pop == ""True""","clear == ""False""","calledMethod == ""pop""","size_p == ""1""",Yes
6498,1607899197434:94cde8ef-12fb-40f2-ae86-5ef93292e69d,1607899197434:810393f1-727c-4636-96eb-9f5dcb1d7dae,"size == ""1""","isEmpty == ""True""","peek_obj_type == ""class java.lang.String""","push == ""True""","pop == ""False""","clear == ""False""","calledMethod == ""push""","size_p == ""0""",Yes
6499,1607899197434:94cde8ef-12fb-40f2-ae86-5ef93292e69d,1607899197434:810393f1-727c-4636-96eb-9f5dcb1d7dae,"size == ""1""","isEmpty == ""True""","peek_obj_type == ""class java.lang.String""","push == ""False""","pop == ""False""","clear == ""True""","calledMethod == ""clear""","size_p == ""1""",Yes
6500,1607899197434:94cde8ef-12fb-40f2-ae86-5ef93292e69d,1607899197434:810393f1-727c-4636-96eb-9f5dcb1d7dae,"size == ""1""","isEmpty == ""True""","peek_obj_type == ""class java.lang.String""","push == ""False""","pop == ""False""","clear == ""True""","calledMethod == ""clear""","size_p == ""1""",Yes
6501,1607899197434:94cde8ef-12fb-40f2-ae86-5ef93292e69d,1607899197434:810393f1-727c-4636-96eb-9f5dcb1d7dae,"size == ""1""","isEmpty == ""True""","peek_obj_type == ""class java.lang.String""","push == ""False""","pop == ""False""","clear == ""True""","calledMethod == ""clear""","size_p == ""1""",Yes
6503,1607899197434:51974415-19b5-465e-8aab-3677e06749c3,1607899197434:5dc33ec2-665b-471f-ad12-826f8f547944,"size == ""1""","isEmpty == ""True""","peek_obj_type == ""class java.lang.String""","push == ""True""","pop == ""False""","clear == ""False""","calledMethod == ""push""","size_p == ""0""",Yes
6505,1607899197434:51974415-19b5-465e-8aab-3677e06749c3,1607899197434:4c8c8e1a-069e-460f-9b40-f0b837611066,"size == ""1""","isEmpty == ""True""","peek_obj_type == ""class java.lang.String""","push == ""True""","pop == ""False""","clear == ""False""","calledMethod == ""push""","size_p == ""0""",Yes
6506,1607899197434:51974415-19b5-465e-8aab-3677e06749c3,1607899197434:4c8c8e1a-069e-460f-9b40-f0b837611066,"size == ""1""","isEmpty == ""True""","peek_obj_type == ""class java.lang.String""","push == ""False""","pop == ""True""","clear == ""False""","calledMethod == ""pop""","size_p == ""1""",Yes
6508,1607899197433:f8e57f29-b16d-44dd-bd9d-abcad30b8273,1607899197433:a2332a61-3a61-4ec2-932b-3c8540b7b4f1,"size == ""1""","isEmpty == ""True""","peek_obj_type == ""class java.lang.String""","push == ""True""","pop == ""False""","clear == ""False""","calledMethod == ""push""","size_p == ""0""",Yes
6509,1607899197433:f8e57f29-b16d-44dd-bd9d-abcad30b8273,1607899197433:a2332a61-3a61-4ec2-932b-3c8540b7b4f1,"size == ""1""","isEmpty == ""True""","peek_obj_type == ""class java.lang.String""","push == ""False""","pop == ""True""","clear == ""False""","calledMethod == ""pop""","size_p == ""1""",Yes
6511,1607899197433:f8e57f29-b16d-44dd-bd9d-abcad30b8273,1607899197433:58ee4acc-5b4f-41b6-9d29-5434eb5addd8,"size == ""1""","isEmpty == ""True""","peek_obj_type == ""class java.lang.String""","push == ""True""","pop == ""False""","clear == ""False""","calledMethod == ""push""","size_p == ""0""",Yes
6515,1607899197433:baae75f0-e0a1-4c3f-850b-e2bfaede12c9,1607899197434:9f3a328f-bb98-49df-9904-da1220ff9413,"size == ""1""","isEmpty == ""True""","peek_obj_type == ""class java.lang.String""","push == ""True""","pop == ""False""","clear == ""False""","calledMethod == ""push""","size_p == ""0""",Yes
6516,1607899197433:baae75f0-e0a1-4c3f-850b-e2bfaede12c9,1607899197434:9f3a328f-bb98-49df-9904-da1220ff9413,"size == ""1""","isEmpty == ""True""","peek_obj_type == ""class java.lang.String""","push == ""False""","pop == ""True""","clear == ""False""","calledMethod == ""pop""","size_p == ""1""",Yes
6519,1607899197433:903c3c68-f3c0-47be-a0cc-15e0df51800b,1607899197433:3f19db16-9690-4855-abcb-2190688bbd79,"size == ""1""","isEmpty == ""True""","peek_obj_type == ""class java.lang.String""","push == ""True""","pop == ""False""","clear == ""False""","calledMethod == ""push""","size_p == ""0""",Yes
6520,1607899197433:903c3c68-f3c0-47be-a0cc-15e0df51800b,1607899197433:3f19db16-9690-4855-abcb-2190688bbd79,"size == ""1""","isEmpty == ""True""","peek_obj_type == ""class java.lang.String""","push == ""False""","pop == ""True""","clear == ""False""","calledMethod == ""pop""","size_p == ""1""",Yes
6523,1607899197432:efe72db0-35d3-4051-b75e-07989fcbcca1,1607899197432:cfdf5e7e-5344-4bba-9a6f-70c01ccfd96f,"size == ""1""","isEmpty == ""True""","peek_obj_type == ""class java.lang.String""","push == ""True""","pop == ""False""","clear == ""False""","calledMethod == ""push""","size_p == ""0""",Yes
6524,1607899197432:efe72db0-35d3-4051-b75e-07989fcbcca1,1607899197432:cfdf5e7e-5344-4bba-9a6f-70c01ccfd96f,"size == ""1""","isEmpty == ""True""","peek_obj_type == ""class java.lang.String""","push == ""False""","pop == ""False""","clear == ""True""","calledMethod == ""clear""","size_p == ""1""",Yes
6525,1607899197432:efe72db0-35d3-4051-b75e-07989fcbcca1,1607899197432:cfdf5e7e-5344-4bba-9a6f-70c01ccfd96f,"size == ""1""","isEmpty == ""True""","peek_obj_type == ""class java.lang.String""","push == ""False""","pop == ""False""","clear == ""True""","calledMethod == ""clear""","size_p == ""1""",Yes
6526,1607899197432:efe72db0-35d3-4051-b75e-07989fcbcca1,1607899197432:cfdf5e7e-5344-4bba-9a6f-70c01ccfd96f,"size == ""1""","isEmpty == ""True""","peek_obj_type == ""class java.lang.String""","push == ""False""","pop == ""False""","clear == ""True""","calledMethod == ""clear""","size_p == ""1""",Yes
6528,1607899197432:efe72db0-35d3-4051-b75e-07989fcbcca1,1607899197432:69b3ede1-2e2c-450f-8658-8458432be0d1,"size == ""1""","isEmpty == ""True""","peek_obj_type == ""class java.lang.String""","push == ""True""","pop == ""False""","clear == ""False""","calledMethod == ""push""","size_p == ""0""",Yes
6529,1607899197432:efe72db0-35d3-4051-b75e-07989fcbcca1,1607899197432:69b3ede1-2e2c-450f-8658-8458432be0d1,"size == ""1""","isEmpty == ""True""","peek_obj_type == ""class java.lang.String""","push == ""False""","pop == ""True""","clear == ""False""","calledMethod == ""pop""","size_p == ""1""",Yes
6532,1607899197432:acda774b-71e7-4175-87a7-62cf798362fe,1607899197433:a12bc4e3-231e-4583-b88a-de5168a137e1,"size == ""1""","isEmpty == ""True""","peek_obj_type == ""class java.lang.String""","push == ""True""","pop == ""False""","clear == ""False""","calledMethod == ""push""","size_p == ""0""",Yes
6533,1607899197432:acda774b-71e7-4175-87a7-62cf798362fe,1607899197433:a12bc4e3-231e-4583-b88a-de5168a137e1,"size == ""1""","isEmpty == ""True""","peek_obj_type == ""class java.lang.String""","push == ""False""","pop == ""True""","clear == ""False""","calledMethod == ""pop""","size_p == ""1""",Yes
6535,1607899197432:acda774b-71e7-4175-87a7-62cf798362fe,1607899197432:67e213ae-2fc6-4d23-9333-e62e91255947,"size == ""1""","isEmpty == ""True""","peek_obj_type == ""class java.lang.String""","push == ""True""","pop == ""False""","clear == ""False""","calledMethod == ""push""","size_p == ""0""",Yes
6536,1607899197432:acda774b-71e7-4175-87a7-62cf798362fe,1607899197432:67e213ae-2fc6-4d23-9333-e62e91255947,"size == ""2""","isEmpty == ""True""","peek_obj_type == ""class java.lang.String""","push == ""True""","pop == ""False""","clear == ""False""","calledMethod == ""push""","size_p == ""1""",Yes
6537,1607899197432:acda774b-71e7-4175-87a7-62cf798362fe,1607899197432:67e213ae-2fc6-4d23-9333-e62e91255947,"size == ""3""","isEmpty == ""True""","peek_obj_type == ""class java.lang.String""","push == ""True""","pop == ""False""","clear == ""False""","calledMethod == ""push""","size_p == ""2""",Yes
6538,1607899197432:acda774b-71e7-4175-87a7-62cf798362fe,1607899197432:67e213ae-2fc6-4d23-9333-e62e91255947,"size == ""3""","isEmpty == ""True""","peek_obj_type == ""class java.lang.String""","push == ""False""","pop == ""False""","clear == ""True""","calledMethod == ""clear""","size_p == ""3""",Yes
6540,1607899197432:6e5fea23-97f8-467e-859b-458bcff65b3b,1607899197432:d5d00560-1909-48a6-818e-ff5b2b92ab4e,"size == ""1""","isEmpty == ""True""","peek_obj_type == ""class java.lang.String""","push == ""True""","pop == ""False""","clear == ""False""","calledMethod == ""push""","size_p == ""0""",Yes
6541,1607899197432:6e5fea23-97f8-467e-859b-458bcff65b3b,1607899197432:d5d00560-1909-48a6-818e-ff5b2b92ab4e,"size == ""2""","isEmpty == ""True""","peek_obj_type == ""class java.lang.String""","push == ""True""","pop == ""False""","clear == ""False""","calledMethod == ""push""","size_p == ""1""",Yes
6543,1607899197432:6e5fea23-97f8-467e-859b-458bcff65b3b,1607899197432:10f1fa97-4d75-4516-9fc7-fe513c64c3a7,"size == ""1""","isEmpty == ""True""","peek_obj_type == ""class java.lang.String""","push == ""True""","pop == ""False""","clear == ""False""","calledMethod == ""push""","size_p == ""0""",Yes
6544,1607899197432:6e5fea23-97f8-467e-859b-458bcff65b3b,1607899197432:10f1fa97-4d75-4516-9fc7-fe513c64c3a7,"size == ""1""","isEmpty == ""True""","peek_obj_type == ""class java.lang.String""","push == ""False""","pop == ""True""","clear == ""False""","calledMethod == ""pop""","size_p == ""1""",Yes
6546,1607899197432:1025f7a6-c4ca-490f-81f9-f3e7b32a7206,1607899197432:2ebf1345-96bc-4f7f-ad2a-c0606567f36c,"size == ""1""","isEmpty == ""True""","peek_obj_type == ""class java.lang.String""","push == ""True""","pop == ""False""","clear == ""False""","calledMethod == ""push""","size_p == ""0""",Yes
6547,1607899197432:1025f7a6-c4ca-490f-81f9-f3e7b32a7206,1607899197432:2ebf1345-96bc-4f7f-ad2a-c0606567f36c,"size == ""1""","isEmpty == ""True""","peek_obj_type == ""class java.lang.String""","push == ""False""","pop == ""True""","clear == ""False""","calledMethod == ""pop""","size_p == ""1""",Yes
6550,1607899197431:8618462f-456b-4637-993c-06eb5a53be48,1607899197431:895a4a1d-2fae-4ecf-8e23-98a302a8bf41,"size == ""1""","isEmpty == ""True""","peek_obj_type == ""class java.lang.String""","push == ""True""","pop == ""False""","clear == ""False""","calledMethod == ""push""","size_p == ""0""",Yes
6551,1607899197431:8618462f-456b-4637-993c-06eb5a53be48,1607899197431:895a4a1d-2fae-4ecf-8e23-98a302a8bf41,"size == ""1""","isEmpty == ""True""","peek_obj_type == ""class java.lang.String""","push == ""False""","pop == ""False""","clear == ""True""","calledMethod == ""clear""","size_p == ""1""",Yes
6552,1607899197431:8618462f-456b-4637-993c-06eb5a53be48,1607899197431:895a4a1d-2fae-4ecf-8e23-98a302a8bf41,"size == ""1""","isEmpty == ""True""","peek_obj_type == ""class java.lang.String""","push == ""False""","pop == ""False""","clear == ""True""","calledMethod == ""clear""","size_p == ""1""",Yes
6553,1607899197431:8618462f-456b-4637-993c-06eb5a53be48,1607899197431:895a4a1d-2fae-4ecf-8e23-98a302a8bf41,"size == ""1""","isEmpty == ""True""","peek_obj_type == ""class java.lang.String""","push == ""False""","pop == ""False""","clear == ""True""","calledMethod == ""clear""","size_p == ""1""",Yes
6555,1607899197431:8618462f-456b-4637-993c-06eb5a53be48,1607899197431:601a7207-694d-4f3a-9df5-26221528969f,"size == ""1""","isEmpty == ""True""","peek_obj_type == ""class java.lang.String""","push == ""True""","pop == ""False""","clear == ""False""","calledMethod == ""push""","size_p == ""0""",Yes
6556,1607899197431:8618462f-456b-4637-993c-06eb5a53be48,1607899197431:601a7207-694d-4f3a-9df5-26221528969f,"size == ""1""","isEmpty == ""True""","peek_obj_type == ""class java.lang.String""","push == ""False""","pop == ""True""","clear == ""False""","calledMethod == ""pop""","size_p == ""1""",Yes
6559,1607899197431:7a617da5-91b0-4a41-ac31-a76df242e619,1607899197431:e5995916-85e4-4885-a0ed-d56d13b119e4,"size == ""1""","isEmpty == ""True""","peek_obj_type == ""class java.lang.String""","push == ""True""","pop == ""False""","clear == ""False""","calledMethod == ""push""","size_p == ""0""",Yes
6561,1607899197431:7a617da5-91b0-4a41-ac31-a76df242e619,1607899197431:11d7c86a-3c8f-427c-9e6f-aac4913dac3e,"size == ""1""","isEmpty == ""True""","peek_obj_type == ""class java.lang.String""","push == ""True""","pop == ""False""","clear == ""False""","calledMethod == ""push""","size_p == ""0""",Yes
6562,1607899197431:7a617da5-91b0-4a41-ac31-a76df242e619,1607899197431:11d7c86a-3c8f-427c-9e6f-aac4913dac3e,"size == ""1""","isEmpty == ""True""","peek_obj_type == ""class java.lang.String""","push == ""False""","pop == ""True""","clear == ""False""","calledMethod == ""pop""","size_p == ""1""",Yes
6564,1607899197431:073ee496-6159-43d6-a18e-dcd89bb50d9f,1607899197432:227b45c0-aeff-4bce-b7d1-91781e6a56c2,"size == ""1""","isEmpty == ""True""","peek_obj_type == ""class java.lang.String""","push == ""True""","pop == ""False""","clear == ""False""","calledMethod == ""push""","size_p == ""0""",Yes
6565,1607899197431:073ee496-6159-43d6-a18e-dcd89bb50d9f,1607899197432:227b45c0-aeff-4bce-b7d1-91781e6a56c2,"size == ""1""","isEmpty == ""True""","peek_obj_type == ""class java.lang.String""","push == ""False""","pop == ""True""","clear == ""False""","calledMethod == ""pop""","size_p == ""1""",Yes
6567,1607899197431:03a79f27-a0f0-43f3-a9a7-a3de3116fb6e,1607899197431:b1353ae1-4cc6-4f3a-b685-24a55af72ea0,"size == ""1""","isEmpty == ""True""","peek_obj_type == ""class java.lang.String""","push == ""True""","pop == ""False""","clear == ""False""","calledMethod == ""push""","size_p == ""0""",Yes
6568,1607899197431:03a79f27-a0f0-43f3-a9a7-a3de3116fb6e,1607899197431:b1353ae1-4cc6-4f3a-b685-24a55af72ea0,"size == ""1""","isEmpty == ""True""","peek_obj_type == ""class java.lang.String""","push == ""False""","pop == ""True""","clear == ""False""","calledMethod == ""pop""","size_p == ""1""",Yes
6571,1607899197430:c867cdf6-c2b5-4205-bf1c-ce7024673f64,1607899197430:0d8c4824-8c01-4acd-8dac-935bb29b958d,"size == ""1""","isEmpty == ""True""","peek_obj_type == ""class java.lang.String""","push == ""True""","pop == ""False""","clear == ""False""","calledMethod == ""push""","size_p == ""0""",Yes
6572,1607899197430:c867cdf6-c2b5-4205-bf1c-ce7024673f64,1607899197430:0d8c4824-8c01-4acd-8dac-935bb29b958d,"size == ""1""","isEmpty == ""True""","peek_obj_type == ""class java.lang.String""","push == ""False""","pop == ""True""","clear == ""False""","calledMethod == ""pop""","size_p == ""1""",Yes
6575,1607899197430:080001cc-a7af-480e-9c61-fd3900125115,1607899197430:a0bb2572-4774-4e56-a888-5b145462e205,"size == ""1""","isEmpty == ""True""","peek_obj_type == ""class java.lang.String""","push == ""True""","pop == ""False""","clear == ""False""","calledMethod == ""push""","size_p == ""0""",Yes
6576,1607899197430:080001cc-a7af-480e-9c61-fd3900125115,1607899197430:a0bb2572-4774-4e56-a888-5b145462e205,"size == ""1""","isEmpty == ""True""","peek_obj_type == ""class java.lang.String""","push == ""False""","pop == ""True""","clear == ""False""","calledMethod == ""pop""","size_p == ""1""",Yes
6578,1607899197430:012ff5e8-dd34-465a-8008-0c792cc4d377,1607899197430:6284345f-640d-43d1-93e9-27357dc6bc29,"size == ""1""","isEmpty == ""True""","peek_obj_type == ""class java.lang.String""","push == ""True""","pop == ""False""","clear == ""False""","calledMethod == ""push""","size_p == ""0""",Yes
6580,1607899197430:012ff5e8-dd34-465a-8008-0c792cc4d377,1607899197430:4771b9b0-bf8c-486e-b3a2-b9e25023c6cc,"size == ""1""","isEmpty == ""True""","peek_obj_type == ""class java.lang.String""","push == ""True""","pop == ""False""","clear == ""False""","calledMethod == ""push""","size_p == ""0""",Yes
6581,1607899197430:012ff5e8-dd34-465a-8008-0c792cc4d377,1607899197430:4771b9b0-bf8c-486e-b3a2-b9e25023c6cc,"size == ""1""","isEmpty == ""True""","peek_obj_type == ""class java.lang.String""","push == ""False""","pop == ""True""","clear == ""False""","calledMethod == ""pop""","size_p == ""1""",Yes
6585,1607899197429:f69a2705-ab74-436c-ac3c-4b14e7bac0f5,1607899197429:cbaea884-8a54-4584-b747-7922a754e83d,"size == ""1""","isEmpty == ""True""","peek_obj_type == ""class java.lang.String""","push == ""True""","pop == ""False""","clear == ""False""","calledMethod == ""push""","size_p == ""0""",Yes
6586,1607899197429:f69a2705-ab74-436c-ac3c-4b14e7bac0f5,1607899197429:cbaea884-8a54-4584-b747-7922a754e83d,"size == ""1""","isEmpty == ""True""","peek_obj_type == ""class java.lang.String""","push == ""False""","pop == ""False""","clear == ""True""","calledMethod == ""clear""","size_p == ""1""",Yes
6588,1607899197429:f69a2705-ab74-436c-ac3c-4b14e7bac0f5,1607899197429:9552ce8a-37c4-4f63-b8b5-95424976fd7f,"size == ""1""","isEmpty == ""True""","peek_obj_type == ""class java.lang.String""","push == ""True""","pop == ""False""","clear == ""False""","calledMethod == ""push""","size_p == ""0""",Yes
6589,1607899197429:f69a2705-ab74-436c-ac3c-4b14e7bac0f5,1607899197429:9552ce8a-37c4-4f63-b8b5-95424976fd7f,"size == ""1""","isEmpty == ""True""","peek_obj_type == ""class java.lang.String""","push == ""False""","pop == ""True""","clear == ""False""","calledMethod == ""pop""","size_p == ""1""",Yes
6592,1607899197429:f69a2705-ab74-436c-ac3c-4b14e7bac0f5,1607899197429:8ac86f7f-137e-41f7-bb99-bee0f2cc730a,"size == ""1""","isEmpty == ""True""","peek_obj_type == ""class java.lang.String""","push == ""True""","pop == ""False""","clear == ""False""","calledMethod == ""push""","size_p == ""0""",Yes
6593,1607899197429:f69a2705-ab74-436c-ac3c-4b14e7bac0f5,1607899197429:8ac86f7f-137e-41f7-bb99-bee0f2cc730a,"size == ""1""","isEmpty == ""True""","peek_obj_type == ""class java.lang.String""","push == ""False""","pop == ""False""","clear == ""True""","calledMethod == ""clear""","size_p == ""1""",Yes
6594,1607899197429:f69a2705-ab74-436c-ac3c-4b14e7bac0f5,1607899197429:8ac86f7f-137e-41f7-bb99-bee0f2cc730a,"size == ""1""","isEmpty == ""True""","peek_obj_type == ""class java.lang.String""","push == ""False""","pop == ""False""","clear == ""True""","calledMethod == ""clear""","size_p == ""1""",Yes
6595,1607899197429:f69a2705-ab74-436c-ac3c-4b14e7bac0f5,1607899197429:8ac86f7f-137e-41f7-bb99-bee0f2cc730a,"size == ""1""","isEmpty == ""True""","peek_obj_type == ""class java.lang.String""","push == ""False""","pop == ""False""","clear == ""True""","calledMethod == ""clear""","size_p == ""1""",Yes
6597,1607899197429:b7d6149e-7f47-437b-87ed-d96d1f5bb6b8,1607899197429:ef17e78e-dadc-41bf-b4cf-2f77925f60c7,"size == ""1""","isEmpty == ""True""","peek_obj_type == ""class java.lang.String""","push == ""True""","pop == ""False""","clear == ""False""","calledMethod == ""push""","size_p == ""0""",Yes
6598,1607899197429:b7d6149e-7f47-437b-87ed-d96d1f5bb6b8,1607899197429:ef17e78e-dadc-41bf-b4cf-2f77925f60c7,"size == ""1""","isEmpty == ""True""","peek_obj_type == ""class java.lang.String""","push == ""False""","pop == ""True""","clear == ""False""","calledMethod == ""pop""","size_p == ""1""",Yes
6600,1607899197429:8f316df1-a7a3-4e11-be37-abdaf7ac8f85,1607899197429:15b3027e-1f87-43ec-ac28-a6a53b3de12b,"size == ""1""","isEmpty == ""True""","peek_obj_type == ""class java.lang.String""","push == ""True""","pop == ""False""","clear == ""False""","calledMethod == ""push""","size_p == ""0""",Yes
6601,1607899197429:8f316df1-a7a3-4e11-be37-abdaf7ac8f85,1607899197429:15b3027e-1f87-43ec-ac28-a6a53b3de12b,"size == ""1""","isEmpty == ""True""","peek_obj_type == ""class java.lang.String""","push == ""False""","pop == ""True""","clear == ""False""","calledMethod == ""pop""","size_p == ""1""",Yes
6603,1607899197429:6aae8bf5-7eda-4bf8-922e-0d731f043bfe,1607899197430:bd6faf7e-6865-4d9b-a568-d26c643049cc,"size == ""1""","isEmpty == ""True""","peek_obj_type == ""class java.lang.String""","push == ""True""","pop == ""False""","clear == ""False""","calledMethod == ""push""","size_p == ""0""",Yes
6604,1607899197429:6aae8bf5-7eda-4bf8-922e-0d731f043bfe,1607899197430:bd6faf7e-6865-4d9b-a568-d26c643049cc,"size == ""1""","isEmpty == ""True""","peek_obj_type == ""class java.lang.String""","push == ""False""","pop == ""True""","clear == ""False""","calledMethod == ""pop""","size_p == ""1""",Yes
6606,1607899197428:dac12100-3ed3-48e0-bada-ef8cc1e96799,1607899197428:f5789bee-3c08-4421-97b0-2134b621a59c,"size == ""1""","isEmpty == ""True""","peek_obj_type == ""class java.lang.String""","push == ""True""","pop == ""False""","clear == ""False""","calledMethod == ""push""","size_p == ""0""",Yes
6609,1607899197428:dac12100-3ed3-48e0-bada-ef8cc1e96799,1607899197428:8c2c3e0b-48bb-4082-bce5-a3d653fd9a59,"size == ""1""","isEmpty == ""True""","peek_obj_type == ""class java.lang.String""","push == ""True""","pop == ""False""","clear == ""False""","calledMethod == ""push""","size_p == ""0""",Yes
6610,1607899197428:dac12100-3ed3-48e0-bada-ef8cc1e96799,1607899197428:8c2c3e0b-48bb-4082-bce5-a3d653fd9a59,"size == ""1""","isEmpty == ""True""","peek_obj_type == ""class java.lang.String""","push == ""False""","pop == ""True""","clear == ""False""","calledMethod == ""pop""","size_p == ""1""",Yes
6613,1607899197428:c349753a-6065-4911-bff3-b44820b0845f,1607899197428:9da43ea6-b51c-4410-bdb0-f8e7204332ed,"size == ""1""","isEmpty == ""True""","peek_obj_type == ""class java.lang.String""","push == ""True""","pop == ""False""","clear == ""False""","calledMethod == ""push""","size_p == ""0""",Yes
6615,1607899197428:c349753a-6065-4911-bff3-b44820b0845f,1607899197428:5173216e-f77d-4961-8ee5-a67339351b5a,"size == ""1""","isEmpty == ""True""","peek_obj_type == ""class java.lang.String""","push == ""True""","pop == ""False""","clear == ""False""","calledMethod == ""push""","size_p == ""0""",Yes
6616,1607899197428:c349753a-6065-4911-bff3-b44820b0845f,1607899197428:5173216e-f77d-4961-8ee5-a67339351b5a,"size == ""1""","isEmpty == ""True""","peek_obj_type == ""class java.lang.String""","push == ""False""","pop == ""True""","clear == ""False""","calledMethod == ""pop""","size_p == ""1""",Yes
6618,1607899197428:4c59dd34-0353-4a71-b079-34a9985cd4b1,1607899197428:09af206d-1a94-43d5-8ed9-a178d5eaa406,"size == ""1""","isEmpty == ""True""","peek_obj_type == ""class java.lang.String""","push == ""True""","pop == ""False""","clear == ""False""","calledMethod == ""push""","size_p == ""0""",Yes
6619,1607899197428:4c59dd34-0353-4a71-b079-34a9985cd4b1,1607899197428:09af206d-1a94-43d5-8ed9-a178d5eaa406,"size == ""1""","isEmpty == ""True""","peek_obj_type == ""class java.lang.String""","push == ""False""","pop == ""True""","clear == ""False""","calledMethod == ""pop""","size_p == ""1""",Yes
6621,1607899197428:295e4537-222d-4002-ae5c-f4e310d915e3,1607899197428:9d58a77e-b256-4df7-8fc9-96151051ce45,"size == ""1""","isEmpty == ""True""","peek_obj_type == ""class java.lang.String""","push == ""True""","pop == ""False""","clear == ""False""","calledMethod == ""push""","size_p == ""0""",Yes
6622,1607899197428:295e4537-222d-4002-ae5c-f4e310d915e3,1607899197428:9d58a77e-b256-4df7-8fc9-96151051ce45,"size == ""1""","isEmpty == ""True""","peek_obj_type == ""class java.lang.String""","push == ""False""","pop == ""True""","clear == ""False""","calledMethod == ""pop""","size_p == ""1""",Yes
6624,1607899197427:dea4dc98-5bee-45e9-9c17-af68f1842f67,1607899197427:46fb28be-f2fb-457d-835f-d2f34c2df359,"size == ""1""","isEmpty == ""True""","peek_obj_type == ""class java.lang.String""","push == ""True""","pop == ""False""","clear == ""False""","calledMethod == ""push""","size_p == ""0""",Yes
6625,1607899197427:dea4dc98-5bee-45e9-9c17-af68f1842f67,1607899197427:46fb28be-f2fb-457d-835f-d2f34c2df359,"size == ""2""","isEmpty == ""True""","peek_obj_type == ""class java.lang.String""","push == ""True""","pop == ""False""","clear == ""False""","calledMethod == ""push""","size_p == ""1""",Yes
6626,1607899197427:dea4dc98-5bee-45e9-9c17-af68f1842f67,1607899197427:46fb28be-f2fb-457d-835f-d2f34c2df359,"size == ""3""","isEmpty == ""True""","peek_obj_type == ""class java.lang.String""","push == ""True""","pop == ""False""","clear == ""False""","calledMethod == ""push""","size_p == ""2""",Yes
6627,1607899197427:dea4dc98-5bee-45e9-9c17-af68f1842f67,1607899197427:46fb28be-f2fb-457d-835f-d2f34c2df359,"size == ""3""","isEmpty == ""True""","peek_obj_type == ""class java.lang.String""","push == ""False""","pop == ""True""","clear == ""False""","calledMethod == ""pop""","size_p == ""3""",Yes
6629,1607899197427:a88e7f91-f119-4204-95de-d9eae7249e25,1607899197427:7ed2bb69-2836-4954-87d8-81499b707979,"size == ""1""","isEmpty == ""True""","peek_obj_type == ""class java.lang.String""","push == ""True""","pop == ""False""","clear == ""False""","calledMethod == ""push""","size_p == ""0""",Yes
6630,1607899197427:a88e7f91-f119-4204-95de-d9eae7249e25,1607899197427:7ed2bb69-2836-4954-87d8-81499b707979,"size == ""1""","isEmpty == ""True""","peek_obj_type == ""class java.lang.String""","push == ""False""","pop == ""True""","clear == ""False""","calledMethod == ""pop""","size_p == ""1""",Yes
6633,1607899197427:a88e7f91-f119-4204-95de-d9eae7249e25,1607899197427:679860e0-3163-422f-8990-3545fc082ab4,"size == ""1""","isEmpty == ""True""","peek_obj_type == ""class java.lang.String""","push == ""True""","pop == ""False""","clear == ""False""","calledMethod == ""push""","size_p == ""0""",Yes
6634,1607899197427:a88e7f91-f119-4204-95de-d9eae7249e25,1607899197427:679860e0-3163-422f-8990-3545fc082ab4,"size == ""1""","isEmpty == ""True""","peek_obj_type == ""class java.lang.String""","push == ""False""","pop == ""False""","clear == ""True""","calledMethod == ""clear""","size_p == ""1""",Yes
6635,1607899197427:a88e7f91-f119-4204-95de-d9eae7249e25,1607899197427:679860e0-3163-422f-8990-3545fc082ab4,"size == ""1""","isEmpty == ""True""","peek_obj_type == ""class java.lang.String""","push == ""False""","pop == ""False""","clear == ""True""","calledMethod == ""clear""","size_p == ""1""",Yes
6636,1607899197427:a88e7f91-f119-4204-95de-d9eae7249e25,1607899197427:679860e0-3163-422f-8990-3545fc082ab4,"size == ""1""","isEmpty == ""True""","peek_obj_type == ""class java.lang.String""","push == ""False""","pop == ""False""","clear == ""True""","calledMethod == ""clear""","size_p == ""1""",Yes
6638,1607899197427:72d96438-3c63-46ff-af71-b87baf874ca3,1607899197427:f4008f5d-2782-4142-91eb-79a6b1d788b9,"size == ""1""","isEmpty == ""True""","peek_obj_type == ""class java.lang.String""","push == ""True""","pop == ""False""","clear == ""False""","calledMethod == ""push""","size_p == ""0""",Yes
6639,1607899197427:72d96438-3c63-46ff-af71-b87baf874ca3,1607899197427:f4008f5d-2782-4142-91eb-79a6b1d788b9,"size == ""2""","isEmpty == ""True""","peek_obj_type == ""class java.lang.String""","push == ""True""","pop == ""False""","clear == ""False""","calledMethod == ""push""","size_p == ""1""",Yes
6641,1607899197427:72d96438-3c63-46ff-af71-b87baf874ca3,1607899197427:b9859a08-8607-45f4-84a4-81834d42d030,"size == ""1""","isEmpty == ""True""","peek_obj_type == ""class java.lang.String""","push == ""True""","pop == ""False""","clear == ""False""","calledMethod == ""push""","size_p == ""0""",Yes
6642,1607899197427:72d96438-3c63-46ff-af71-b87baf874ca3,1607899197427:b9859a08-8607-45f4-84a4-81834d42d030,"size == ""1""","isEmpty == ""True""","peek_obj_type == ""class java.lang.String""","push == ""False""","pop == ""True""","clear == ""False""","calledMethod == ""pop""","size_p == ""1""",Yes
6644,1607899197426:9db057ce-142c-42c2-9005-b340bf55d4c1,1607899197426:d5fe749a-b9a7-4a9d-9f90-861ae2c07831,"size == ""1""","isEmpty == ""True""","peek_obj_type == ""class java.lang.String""","push == ""True""","pop == ""False""","clear == ""False""","calledMethod == ""push""","size_p == ""0""",Yes
6645,1607899197426:9db057ce-142c-42c2-9005-b340bf55d4c1,1607899197426:d5fe749a-b9a7-4a9d-9f90-861ae2c07831,"size == ""1""","isEmpty == ""True""","peek_obj_type == ""class java.lang.String""","push == ""False""","pop == ""True""","clear == ""False""","calledMethod == ""pop""","size_p == ""1""",Yes
6648,1607899197426:9db057ce-142c-42c2-9005-b340bf55d4c1,1607899197426:626627a0-b3c2-4681-b001-e8d9db8ab964,"size == ""1""","isEmpty == ""True""","peek_obj_type == ""class java.lang.String""","push == ""True""","pop == ""False""","clear == ""False""","calledMethod == ""push""","size_p == ""0""",Yes
6649,1607899197426:9db057ce-142c-42c2-9005-b340bf55d4c1,1607899197426:626627a0-b3c2-4681-b001-e8d9db8ab964,"size == ""1""","isEmpty == ""True""","peek_obj_type == ""class java.lang.String""","push == ""False""","pop == ""False""","clear == ""True""","calledMethod == ""clear""","size_p == ""1""",Yes
6652,1607899197426:31aec2b9-1cb8-422b-af04-aaa92cc663ae,1607899197426:7db7fbe6-a8e8-4d62-ae48-f940cbba9abc,"size == ""1""","isEmpty == ""True""","peek_obj_type == ""class java.lang.String""","push == ""True""","pop == ""False""","clear == ""False""","calledMethod == ""push""","size_p == ""0""",Yes
6653,1607899197426:31aec2b9-1cb8-422b-af04-aaa92cc663ae,1607899197426:7db7fbe6-a8e8-4d62-ae48-f940cbba9abc,"size == ""1""","isEmpty == ""True""","peek_obj_type == ""class java.lang.String""","push == ""False""","pop == ""False""","clear == ""True""","calledMethod == ""clear""","size_p == ""1""",Yes
6654,1607899197426:31aec2b9-1cb8-422b-af04-aaa92cc663ae,1607899197426:7db7fbe6-a8e8-4d62-ae48-f940cbba9abc,"size == ""1""","isEmpty == ""True""","peek_obj_type == ""class java.lang.String""","push == ""False""","pop == ""False""","clear == ""True""","calledMethod == ""clear""","size_p == ""1""",Yes
6655,1607899197426:31aec2b9-1cb8-422b-af04-aaa92cc663ae,1607899197426:7db7fbe6-a8e8-4d62-ae48-f940cbba9abc,"size == ""1""","isEmpty == ""True""","peek_obj_type == ""class java.lang.String""","push == ""False""","pop == ""False""","clear == ""True""","calledMethod == ""clear""","size_p == ""1""",Yes
6657,1607899197426:31aec2b9-1cb8-422b-af04-aaa92cc663ae,1607899197426:6cc90eb1-e1ca-4e47-a4c6-e68701e72c47,"size == ""1""","isEmpty == ""True""","peek_obj_type == ""class java.lang.String""","push == ""True""","pop == ""False""","clear == ""False""","calledMethod == ""push""","size_p == ""0""",Yes
6658,1607899197426:31aec2b9-1cb8-422b-af04-aaa92cc663ae,1607899197426:6cc90eb1-e1ca-4e47-a4c6-e68701e72c47,"size == ""1""","isEmpty == ""True""","peek_obj_type == ""class java.lang.String""","push == ""False""","pop == ""True""","clear == ""False""","calledMethod == ""pop""","size_p == ""1""",Yes
6660,1607899197426:16dc9551-51b1-41fe-93d4-8e06bccdf4df,1607899197426:246507f7-72bf-48fb-bd84-ce0838f12639,"size == ""1""","isEmpty == ""True""","peek_obj_type == ""class java.lang.String""","push == ""True""","pop == ""False""","clear == ""False""","calledMethod == ""push""","size_p == ""0""",Yes
6661,1607899197426:16dc9551-51b1-41fe-93d4-8e06bccdf4df,1607899197426:246507f7-72bf-48fb-bd84-ce0838f12639,"size == ""1""","isEmpty == ""True""","peek_obj_type == ""class java.lang.String""","push == ""False""","pop == ""True""","clear == ""False""","calledMethod == ""pop""","size_p == ""1""",Yes
6663,1607899197425:d344941e-1bf0-445c-a8f7-7a084d53b9c3,1607899197425:e213d796-b689-4531-b4a3-d39a1e67a625,"size == ""1""","isEmpty == ""True""","peek_obj_type == ""class java.lang.String""","push == ""True""","pop == ""False""","clear == ""False""","calledMethod == ""push""","size_p == ""0""",Yes
6664,1607899197425:d344941e-1bf0-445c-a8f7-7a084d53b9c3,1607899197425:e213d796-b689-4531-b4a3-d39a1e67a625,"size == ""1""","isEmpty == ""True""","peek_obj_type == ""class java.lang.String""","push == ""False""","pop == ""True""","clear == ""False""","calledMethod == ""pop""","size_p == ""1""",Yes
6667,1607899197425:cf1097e1-d1e4-4c17-a543-b1d84d937b12,1607899197425:c0e05ab6-c5c7-41e1-89b3-0fe21580afd7,"size == ""1""","isEmpty == ""True""","peek_obj_type == ""class java.lang.String""","push == ""True""","pop == ""False""","clear == ""False""","calledMethod == ""push""","size_p == ""0""",Yes
6668,1607899197425:cf1097e1-d1e4-4c17-a543-b1d84d937b12,1607899197425:c0e05ab6-c5c7-41e1-89b3-0fe21580afd7,"size == ""1""","isEmpty == ""True""","peek_obj_type == ""class java.lang.String""","push == ""False""","pop == ""True""","clear == ""False""","calledMethod == ""pop""","size_p == ""1""",Yes
6670,1607899197425:bc7f3ec9-e439-4baa-9d94-50d1691ef226,1607899197425:ef80602b-0e63-4ca6-bb35-2838ef9d10d6,"size == ""1""","isEmpty == ""True""","peek_obj_type == ""class java.lang.String""","push == ""True""","pop == ""False""","clear == ""False""","calledMethod == ""push""","size_p == ""0""",Yes
6673,1607899197425:bc7f3ec9-e439-4baa-9d94-50d1691ef226,1607899197425:b2ccd5df-22aa-46ef-ba7d-06ab5e5d5b39,"size == ""1""","isEmpty == ""True""","peek_obj_type == ""class java.lang.String""","push == ""True""","pop == ""False""","clear == ""False""","calledMethod == ""push""","size_p == ""0""",Yes
6674,1607899197425:bc7f3ec9-e439-4baa-9d94-50d1691ef226,1607899197425:b2ccd5df-22aa-46ef-ba7d-06ab5e5d5b39,"size == ""1""","isEmpty == ""True""","peek_obj_type == ""class java.lang.String""","push == ""False""","pop == ""True""","clear == ""False""","calledMethod == ""pop""","size_p == ""1""",Yes
6676,1607899197425:8016a529-afb9-41ad-a35b-63f74408e096,1607899197425:6329087f-4cdd-4593-882a-f8aa183a18f9,"size == ""1""","isEmpty == ""True""","peek_obj_type == ""class java.lang.String""","push == ""True""","pop == ""False""","clear == ""False""","calledMethod == ""push""","size_p == ""0""",Yes
6677,1607899197425:8016a529-afb9-41ad-a35b-63f74408e096,1607899197425:6329087f-4cdd-4593-882a-f8aa183a18f9,"size == ""1""","isEmpty == ""True""","peek_obj_type == ""class java.lang.String""","push == ""False""","pop == ""True""","clear == ""False""","calledMethod == ""pop""","size_p == ""1""",Yes
6680,1607899197425:8016a529-afb9-41ad-a35b-63f74408e096,1607899197425:629beb86-9eda-421d-a47b-d01c6368cade,"size == ""1""","isEmpty == ""True""","peek_obj_type == ""class java.lang.String""","push == ""True""","pop == ""False""","clear == ""False""","calledMethod == ""push""","size_p == ""0""",Yes
6681,1607899197425:8016a529-afb9-41ad-a35b-63f74408e096,1607899197425:629beb86-9eda-421d-a47b-d01c6368cade,"size == ""1""","isEmpty == ""True""","peek_obj_type == ""class java.lang.String""","push == ""False""","pop == ""False""","clear == ""True""","calledMethod == ""clear""","size_p == ""1""",Yes
6682,1607899197425:8016a529-afb9-41ad-a35b-63f74408e096,1607899197425:629beb86-9eda-421d-a47b-d01c6368cade,"size == ""1""","isEmpty == ""True""","peek_obj_type == ""class java.lang.String""","push == ""False""","pop == ""False""","clear == ""True""","calledMethod == ""clear""","size_p == ""1""",Yes
6683,1607899197425:8016a529-afb9-41ad-a35b-63f74408e096,1607899197425:629beb86-9eda-421d-a47b-d01c6368cade,"size == ""1""","isEmpty == ""True""","peek_obj_type == ""class java.lang.String""","push == ""False""","pop == ""False""","clear == ""True""","calledMethod == ""clear""","size_p == ""1""",Yes
6686,1607899197424:722d815a-a131-42fb-8223-89da8e03ff60,1607899197424:dab73055-77d7-4240-b6f5-b8f0679fd071,"size == ""1""","isEmpty == ""True""","peek_obj_type == ""class java.lang.String""","push == ""True""","pop == ""False""","clear == ""False""","calledMethod == ""push""","size_p == ""0""",Yes
6687,1607899197424:722d815a-a131-42fb-8223-89da8e03ff60,1607899197424:dab73055-77d7-4240-b6f5-b8f0679fd071,"size == ""1""","isEmpty == ""True""","peek_obj_type == ""class java.lang.String""","push == ""False""","pop == ""False""","clear == ""True""","calledMethod == ""clear""","size_p == ""1""",Yes
6688,1607899197424:722d815a-a131-42fb-8223-89da8e03ff60,1607899197424:dab73055-77d7-4240-b6f5-b8f0679fd071,"size == ""1""","isEmpty == ""True""","peek_obj_type == ""class java.lang.String""","push == ""False""","pop == ""False""","clear == ""True""","calledMethod == ""clear""","size_p == ""1""",Yes
6689,1607899197424:722d815a-a131-42fb-8223-89da8e03ff60,1607899197424:dab73055-77d7-4240-b6f5-b8f0679fd071,"size == ""1""","isEmpty == ""True""","peek_obj_type == ""class java.lang.String""","push == ""False""","pop == ""False""","clear == ""True""","calledMethod == ""clear""","size_p == ""1""",Yes
6691,1607899197424:722d815a-a131-42fb-8223-89da8e03ff60,1607899197424:11b826e3-5a50-4ef9-9d31-271b37469582,"size == ""1""","isEmpty == ""True""","peek_obj_type == ""class java.lang.String""","push == ""True""","pop == ""False""","clear == ""False""","calledMethod == ""push""","size_p == ""0""",Yes
6692,1607899197424:722d815a-a131-42fb-8223-89da8e03ff60,1607899197424:11b826e3-5a50-4ef9-9d31-271b37469582,"size == ""1""","isEmpty == ""True""","peek_obj_type == ""class java.lang.String""","push == ""False""","pop == ""True""","clear == ""False""","calledMethod == ""pop""","size_p == ""1""",Yes
6694,1607899197424:05a79b95-faa0-4a25-8b32-ca7ed26a4c2d,1607899197424:8759e0f5-7982-4226-95bb-4f91a0da2dae,"size == ""1""","isEmpty == ""True""","peek_obj_type == ""class java.lang.String""","push == ""True""","pop == ""False""","clear == ""False""","calledMethod == ""push""","size_p == ""0""",Yes
6695,1607899197424:05a79b95-faa0-4a25-8b32-ca7ed26a4c2d,1607899197424:8759e0f5-7982-4226-95bb-4f91a0da2dae,"size == ""1""","isEmpty == ""True""","peek_obj_type == ""class java.lang.String""","push == ""False""","pop == ""True""","clear == ""False""","calledMethod == ""pop""","size_p == ""1""",Yes
6698,1607899197424:05a79b95-faa0-4a25-8b32-ca7ed26a4c2d,1607899197424:409af969-a8d1-44f1-9c2d-9ce9248e2f0d,"size == ""1""","isEmpty == ""True""","peek_obj_type == ""class java.lang.String""","push == ""True""","pop == ""False""","clear == ""False""","calledMethod == ""push""","size_p == ""0""",Yes
6699,1607899197424:05a79b95-faa0-4a25-8b32-ca7ed26a4c2d,1607899197424:409af969-a8d1-44f1-9c2d-9ce9248e2f0d,"size == ""1""","isEmpty == ""True""","peek_obj_type == ""class java.lang.String""","push == ""False""","pop == ""False""","clear == ""True""","calledMethod == ""clear""","size_p == ""1""",Yes
6700,1607899197424:05a79b95-faa0-4a25-8b32-ca7ed26a4c2d,1607899197424:409af969-a8d1-44f1-9c2d-9ce9248e2f0d,"size == ""1""","isEmpty == ""True""","peek_obj_type == ""class java.lang.String""","push == ""False""","pop == ""False""","clear == ""True""","calledMethod == ""clear""","size_p == ""1""",Yes
6701,1607899197424:05a79b95-faa0-4a25-8b32-ca7ed26a4c2d,1607899197424:409af969-a8d1-44f1-9c2d-9ce9248e2f0d,"size == ""1""","isEmpty == ""True""","peek_obj_type == ""class java.lang.String""","push == ""False""","pop == ""False""","clear == ""True""","calledMethod == ""clear""","size_p == ""1""",Yes
6703,1607899197424:01233a0e-53d8-4952-9407-8476c8f881cf,1607899197424:72098812-4ec9-40c8-995f-35770adffad2,"size == ""1""","isEmpty == ""True""","peek_obj_type == ""class java.lang.String""","push == ""True""","pop == ""False""","clear == ""False""","calledMethod == ""push""","size_p == ""0""",Yes
6704,1607899197424:01233a0e-53d8-4952-9407-8476c8f881cf,1607899197424:72098812-4ec9-40c8-995f-35770adffad2,"size == ""1""","isEmpty == ""True""","peek_obj_type == ""class java.lang.String""","push == ""False""","pop == ""True""","clear == ""False""","calledMethod == ""pop""","size_p == ""1""",Yes
6706,1607899197423:b21a3131-2cfc-4d53-9104-ed955e8a7b41,1607899197423:cb133a4c-4085-4d3c-bb91-6b84549b6db7,"size == ""1""","isEmpty == ""True""","peek_obj_type == ""class java.lang.String""","push == ""True""","pop == ""False""","clear == ""False""","calledMethod == ""push""","size_p == ""0""",Yes
6707,1607899197423:b21a3131-2cfc-4d53-9104-ed955e8a7b41,1607899197423:cb133a4c-4085-4d3c-bb91-6b84549b6db7,"size == ""1""","isEmpty == ""True""","peek_obj_type == ""class java.lang.String""","push == ""False""","pop == ""True""","clear == ""False""","calledMethod == ""pop""","size_p == ""1""",Yes
6709,1607899197423:b21a3131-2cfc-4d53-9104-ed955e8a7b41,1607899197423:b9637e5e-db4b-478f-a492-f73ee8faed61,"size == ""1""","isEmpty == ""True""","peek_obj_type == ""class java.lang.String""","push == ""True""","pop == ""False""","clear == ""False""","calledMethod == ""push""","size_p == ""0""",Yes
6711,1607899197423:7299b053-f315-4e3f-b7e1-be2928f05d3a,1607899197423:9b9a8bb7-82e2-4ca5-914e-da864526fed2,"size == ""1""","isEmpty == ""True""","peek_obj_type == ""class java.lang.String""","push == ""True""","pop == ""False""","clear == ""False""","calledMethod == ""push""","size_p == ""0""",Yes
6712,1607899197423:7299b053-f315-4e3f-b7e1-be2928f05d3a,1607899197423:9b9a8bb7-82e2-4ca5-914e-da864526fed2,"size == ""1""","isEmpty == ""True""","peek_obj_type == ""class java.lang.String""","push == ""False""","pop == ""True""","clear == ""False""","calledMethod == ""pop""","size_p == ""1""",Yes
6714,1607899197423:54d916ed-2eff-4e45-b77f-47070d3ed0ff,1607899197423:a26b08a9-9789-47d3-b51d-6fafd373cf57,"size == ""1""","isEmpty == ""True""","peek_obj_type == ""class java.lang.String""","push == ""True""","pop == ""False""","clear == ""False""","calledMethod == ""push""","size_p == ""0""",Yes
6716,1607899197423:54d916ed-2eff-4e45-b77f-47070d3ed0ff,1607899197423:30387a47-ac79-47a4-832f-47ce4b1bbf2c,"size == ""1""","isEmpty == ""True""","peek_obj_type == ""class java.lang.String""","push == ""True""","pop == ""False""","clear == ""False""","calledMethod == ""push""","size_p == ""0""",Yes
6717,1607899197423:54d916ed-2eff-4e45-b77f-47070d3ed0ff,1607899197423:30387a47-ac79-47a4-832f-47ce4b1bbf2c,"size == ""1""","isEmpty == ""True""","peek_obj_type == ""class java.lang.String""","push == ""False""","pop == ""True""","clear == ""False""","calledMethod == ""pop""","size_p == ""1""",Yes
6719,1607899197423:3fd4eb49-42d1-4d40-beb8-d287b0a3f110,1607899197423:763e51fe-a3e1-4780-a9a8-2e7b7ed3fef6,"size == ""1""","isEmpty == ""True""","peek_obj_type == ""class java.lang.String""","push == ""True""","pop == ""False""","clear == ""False""","calledMethod == ""push""","size_p == ""0""",Yes
6720,1607899197423:3fd4eb49-42d1-4d40-beb8-d287b0a3f110,1607899197423:763e51fe-a3e1-4780-a9a8-2e7b7ed3fef6,"size == ""1""","isEmpty == ""True""","peek_obj_type == ""class java.lang.String""","push == ""False""","pop == ""True""","clear == ""False""","calledMethod == ""pop""","size_p == ""1""",Yes
6722,1607899197422:e853cda7-af7e-41e6-81ec-7d173afb07b7,1607899197422:cd7c71d2-8ac5-4c44-b9a8-9579fcdb7864,"size == ""1""","isEmpty == ""True""","peek_obj_type == ""class java.lang.String""","push == ""True""","pop == ""False""","clear == ""False""","calledMethod == ""push""","size_p == ""0""",Yes
6723,1607899197422:e853cda7-af7e-41e6-81ec-7d173afb07b7,1607899197422:cd7c71d2-8ac5-4c44-b9a8-9579fcdb7864,"size == ""1""","isEmpty == ""True""","peek_obj_type == ""class java.lang.String""","push == ""False""","pop == ""True""","clear == ""False""","calledMethod == ""pop""","size_p == ""1""",Yes
6725,1607899197422:aed81203-43b9-4bae-a419-79b6825a4e50,1607899197422:0a0030e6-a24e-44d3-b359-5e8c5187cd90,"size == ""1""","isEmpty == ""True""","peek_obj_type == ""class java.lang.String""","push == ""True""","pop == ""False""","clear == ""False""","calledMethod == ""push""","size_p == ""0""",Yes
6726,1607899197422:aed81203-43b9-4bae-a419-79b6825a4e50,1607899197422:0a0030e6-a24e-44d3-b359-5e8c5187cd90,"size == ""1""","isEmpty == ""True""","peek_obj_type == ""class java.lang.String""","push == ""False""","pop == ""True""","clear == ""False""","calledMethod == ""pop""","size_p == ""1""",Yes
6728,1607899197422:a1c511d7-f49a-4e0b-ac60-582d1ecf9a48,1607899197422:4e70545f-0e14-4ffe-b062-1ce2bbd869ae,"size == ""1""","isEmpty == ""True""","peek_obj_type == ""class java.lang.String""","push == ""True""","pop == ""False""","clear == ""False""","calledMethod == ""push""","size_p == ""0""",Yes
6729,1607899197422:a1c511d7-f49a-4e0b-ac60-582d1ecf9a48,1607899197422:4e70545f-0e14-4ffe-b062-1ce2bbd869ae,"size == ""1""","isEmpty == ""True""","peek_obj_type == ""class java.lang.String""","push == ""False""","pop == ""True""","clear == ""False""","calledMethod == ""pop""","size_p == ""1""",Yes
6731,1607899197422:591909f0-2c99-4adb-a1aa-bef822d76751,1607899197422:f14f30f3-9681-4562-86ef-5aa7ed498b06,"size == ""1""","isEmpty == ""True""","peek_obj_type == ""class java.lang.String""","push == ""True""","pop == ""False""","clear == ""False""","calledMethod == ""push""","size_p == ""0""",Yes
6732,1607899197422:591909f0-2c99-4adb-a1aa-bef822d76751,1607899197422:f14f30f3-9681-4562-86ef-5aa7ed498b06,"size == ""2""","isEmpty == ""True""","peek_obj_type == ""class java.lang.String""","push == ""True""","pop == ""False""","clear == ""False""","calledMethod == ""push""","size_p == ""1""",Yes
6733,1607899197422:591909f0-2c99-4adb-a1aa-bef822d76751,1607899197422:f14f30f3-9681-4562-86ef-5aa7ed498b06,"size == ""3""","isEmpty == ""True""","peek_obj_type == ""class java.lang.String""","push == ""True""","pop == ""False""","clear == ""False""","calledMethod == ""push""","size_p == ""2""",Yes
6734,1607899197422:591909f0-2c99-4adb-a1aa-bef822d76751,1607899197422:f14f30f3-9681-4562-86ef-5aa7ed498b06,"size == ""3""","isEmpty == ""True""","peek_obj_type == ""class java.lang.String""","push == ""False""","pop == ""True""","clear == ""False""","calledMethod == ""pop""","size_p == ""3""",Yes
6736,1607899197421:fc96db67-def0-4f02-92d3-68c2dbb3a4ea,1607899197421:ec793076-f174-49c4-8501-8dba7ab223c8,"size == ""1""","isEmpty == ""True""","peek_obj_type == ""class java.lang.String""","push == ""True""","pop == ""False""","clear == ""False""","calledMethod == ""push""","size_p == ""0""",Yes
6737,1607899197421:fc96db67-def0-4f02-92d3-68c2dbb3a4ea,1607899197421:ec793076-f174-49c4-8501-8dba7ab223c8,"size == ""1""","isEmpty == ""True""","peek_obj_type == ""class java.lang.String""","push == ""False""","pop == ""True""","clear == ""False""","calledMethod == ""pop""","size_p == ""1""",Yes
6739,1607899197421:fc96db67-def0-4f02-92d3-68c2dbb3a4ea,1607899197421:57d9c455-95cb-4338-ba8f-62d3fc9a4436,"size == ""1""","isEmpty == ""True""","peek_obj_type == ""class java.lang.String""","push == ""True""","pop == ""False""","clear == ""False""","calledMethod == ""push""","size_p == ""0""",Yes
6742,1607899197421:aa134c28-cae4-4deb-bbc8-838356a9d4d7,1607899197421:bc4b3243-2230-486f-80a0-e3a9d4413f97,"size == ""1""","isEmpty == ""True""","peek_obj_type == ""class java.lang.String""","push == ""True""","pop == ""False""","clear == ""False""","calledMethod == ""push""","size_p == ""0""",Yes
6743,1607899197421:aa134c28-cae4-4deb-bbc8-838356a9d4d7,1607899197421:bc4b3243-2230-486f-80a0-e3a9d4413f97,"size == ""1""","isEmpty == ""True""","peek_obj_type == ""class java.lang.String""","push == ""False""","pop == ""True""","clear == ""False""","calledMethod == ""pop""","size_p == ""1""",Yes
6746,1607899197421:856dceca-1328-4ed9-8221-e23566d22de0,1607899197421:3dff6d36-1de9-4aea-a00d-353347092cc9,"size == ""1""","isEmpty == ""True""","peek_obj_type == ""class java.lang.String""","push == ""True""","pop == ""False""","clear == ""False""","calledMethod == ""push""","size_p == ""0""",Yes
6747,1607899197421:856dceca-1328-4ed9-8221-e23566d22de0,1607899197421:3dff6d36-1de9-4aea-a00d-353347092cc9,"size == ""1""","isEmpty == ""True""","peek_obj_type == ""class java.lang.String""","push == ""False""","pop == ""True""","clear == ""False""","calledMethod == ""pop""","size_p == ""1""",Yes
6750,1607899197421:626a25fa-e0dc-4381-b4bd-4dff27def73a,1607899197422:7bd586b2-2e0a-40ec-97e3-7099852f4b51,"size == ""1""","isEmpty == ""True""","peek_obj_type == ""class java.lang.String""","push == ""True""","pop == ""False""","clear == ""False""","calledMethod == ""push""","size_p == ""0""",Yes
6751,1607899197421:626a25fa-e0dc-4381-b4bd-4dff27def73a,1607899197422:7bd586b2-2e0a-40ec-97e3-7099852f4b51,"size == ""1""","isEmpty == ""True""","peek_obj_type == ""class java.lang.String""","push == ""False""","pop == ""True""","clear == ""False""","calledMethod == ""pop""","size_p == ""1""",Yes
6753,1607899197421:626a25fa-e0dc-4381-b4bd-4dff27def73a,1607899197421:831886c2-1ced-4aa4-83a9-f8eac3487524,"size == ""1""","isEmpty == ""True""","peek_obj_type == ""class java.lang.String""","push == ""True""","pop == ""False""","clear == ""False""","calledMethod == ""push""","size_p == ""0""",Yes
6754,1607899197421:626a25fa-e0dc-4381-b4bd-4dff27def73a,1607899197421:831886c2-1ced-4aa4-83a9-f8eac3487524,"size == ""2""","isEmpty == ""True""","peek_obj_type == ""class java.lang.String""","push == ""True""","pop == ""False""","clear == ""False""","calledMethod == ""push""","size_p == ""1""",Yes
6755,1607899197421:626a25fa-e0dc-4381-b4bd-4dff27def73a,1607899197421:831886c2-1ced-4aa4-83a9-f8eac3487524,"size == ""3""","isEmpty == ""True""","peek_obj_type == ""class java.lang.String""","push == ""True""","pop == ""False""","clear == ""False""","calledMethod == ""push""","size_p == ""2""",Yes
6756,1607899197421:626a25fa-e0dc-4381-b4bd-4dff27def73a,1607899197421:831886c2-1ced-4aa4-83a9-f8eac3487524,"size == ""3""","isEmpty == ""True""","peek_obj_type == ""class java.lang.String""","push == ""False""","pop == ""False""","clear == ""True""","calledMethod == ""clear""","size_p == ""3""",Yes
6758,1607899197420:7775acd8-9fc6-44b8-8e54-1b83172a0706,1607899197420:b89b6290-9a48-4705-8848-fdc62d8843e1,"size == ""1""","isEmpty == ""True""","peek_obj_type == ""class java.lang.String""","push == ""True""","pop == ""False""","clear == ""False""","calledMethod == ""push""","size_p == ""0""",Yes
6759,1607899197420:7775acd8-9fc6-44b8-8e54-1b83172a0706,1607899197420:b89b6290-9a48-4705-8848-fdc62d8843e1,"size == ""2""","isEmpty == ""True""","peek_obj_type == ""class java.lang.String""","push == ""True""","pop == ""False""","clear == ""False""","calledMethod == ""push""","size_p == ""1""",Yes
6760,1607899197420:7775acd8-9fc6-44b8-8e54-1b83172a0706,1607899197420:b89b6290-9a48-4705-8848-fdc62d8843e1,"size == ""3""","isEmpty == ""True""","peek_obj_type == ""class java.lang.String""","push == ""True""","pop == ""False""","clear == ""False""","calledMethod == ""push""","size_p == ""2""",Yes
6763,1607899197420:7775acd8-9fc6-44b8-8e54-1b83172a0706,1607899197420:3d6a6de7-3e61-4a6f-9e65-db9203c7933e,"size == ""1""","isEmpty == ""True""","peek_obj_type == ""class java.lang.String""","push == ""True""","pop == ""False""","clear == ""False""","calledMethod == ""push""","size_p == ""0""",Yes
6764,1607899197420:7775acd8-9fc6-44b8-8e54-1b83172a0706,1607899197420:3d6a6de7-3e61-4a6f-9e65-db9203c7933e,"size == ""1""","isEmpty == ""True""","peek_obj_type == ""class java.lang.String""","push == ""False""","pop == ""True""","clear == ""False""","calledMethod == ""pop""","size_p == ""1""",Yes
6766,1607899197420:5b1ef714-6e53-4ee0-adc4-ae02ad017f87,1607899197420:cf8ccfc8-fa57-49be-9bde-5195c89498ed,"size == ""1""","isEmpty == ""True""","peek_obj_type == ""class java.lang.String""","push == ""True""","pop == ""False""","clear == ""False""","calledMethod == ""push""","size_p == ""0""",Yes
6767,1607899197420:5b1ef714-6e53-4ee0-adc4-ae02ad017f87,1607899197420:cf8ccfc8-fa57-49be-9bde-5195c89498ed,"size == ""1""","isEmpty == ""True""","peek_obj_type == ""class java.lang.String""","push == ""False""","pop == ""True""","clear == ""False""","calledMethod == ""pop""","size_p == ""1""",Yes
6769,1607899197420:5b1ef714-6e53-4ee0-adc4-ae02ad017f87,1607899197420:8d483634-6792-444c-9274-eb720ae99013,"size == ""1""","isEmpty == ""True""","peek_obj_type == ""class java.lang.String""","push == ""True""","pop == ""False""","clear == ""False""","calledMethod == ""push""","size_p == ""0""",Yes
6770,1607899197420:5b1ef714-6e53-4ee0-adc4-ae02ad017f87,1607899197420:8d483634-6792-444c-9274-eb720ae99013,"size == ""2""","isEmpty == ""True""","peek_obj_type == ""class java.lang.String""","push == ""True""","pop == ""False""","clear == ""False""","calledMethod == ""push""","size_p == ""1""",Yes
6773,1607899197420:30a4ee12-9350-45f3-b1cb-64eec939b047,1607899197420:65c35302-e845-4d55-bf6a-0fb7c3d0fb06,"size == ""1""","isEmpty == ""True""","peek_obj_type == ""class java.lang.String""","push == ""True""","pop == ""False""","clear == ""False""","calledMethod == ""push""","size_p == ""0""",Yes
6774,1607899197420:30a4ee12-9350-45f3-b1cb-64eec939b047,1607899197420:65c35302-e845-4d55-bf6a-0fb7c3d0fb06,"size == ""1""","isEmpty == ""True""","peek_obj_type == ""class java.lang.String""","push == ""False""","pop == ""False""","clear == ""True""","calledMethod == ""clear""","size_p == ""1""",Yes
6775,1607899197420:30a4ee12-9350-45f3-b1cb-64eec939b047,1607899197420:65c35302-e845-4d55-bf6a-0fb7c3d0fb06,"size == ""1""","isEmpty == ""True""","peek_obj_type == ""class java.lang.String""","push == ""False""","pop == ""False""","clear == ""True""","calledMethod == ""clear""","size_p == ""1""",Yes
6776,1607899197420:30a4ee12-9350-45f3-b1cb-64eec939b047,1607899197420:65c35302-e845-4d55-bf6a-0fb7c3d0fb06,"size == ""1""","isEmpty == ""True""","peek_obj_type == ""class java.lang.String""","push == ""False""","pop == ""False""","clear == ""True""","calledMethod == ""clear""","size_p == ""1""",Yes
6778,1607899197420:30a4ee12-9350-45f3-b1cb-64eec939b047,1607899197420:484b6a4d-0522-4b62-8036-f917e29f8d7f,"size == ""1""","isEmpty == ""True""","peek_obj_type == ""class java.lang.String""","push == ""True""","pop == ""False""","clear == ""False""","calledMethod == ""push""","size_p == ""0""",Yes
6779,1607899197420:30a4ee12-9350-45f3-b1cb-64eec939b047,1607899197420:484b6a4d-0522-4b62-8036-f917e29f8d7f,"size == ""1""","isEmpty == ""True""","peek_obj_type == ""class java.lang.String""","push == ""False""","pop == ""True""","clear == ""False""","calledMethod == ""pop""","size_p == ""1""",Yes
6781,1607899197419:ef8ad59a-3ac9-446e-b622-0a2a2443e3d5,1607899197419:0a6cf9d9-ad58-4d91-ae73-ad88cb9064c0,"size == ""1""","isEmpty == ""True""","peek_obj_type == ""class java.lang.String""","push == ""True""","pop == ""False""","clear == ""False""","calledMethod == ""push""","size_p == ""0""",Yes
6782,1607899197419:ef8ad59a-3ac9-446e-b622-0a2a2443e3d5,1607899197419:0a6cf9d9-ad58-4d91-ae73-ad88cb9064c0,"size == ""1""","isEmpty == ""True""","peek_obj_type == ""class java.lang.String""","push == ""False""","pop == ""True""","clear == ""False""","calledMethod == ""pop""","size_p == ""1""",Yes
6784,1607899197419:2a97af14-2df2-4fb8-a2cb-7b354f284dbd,1607899197419:1b7a0379-43af-493a-9c39-982dc03c53cd,"size == ""1""","isEmpty == ""True""","peek_obj_type == ""class java.lang.String""","push == ""True""","pop == ""False""","clear == ""False""","calledMethod == ""push""","size_p == ""0""",Yes
6785,1607899197419:2a97af14-2df2-4fb8-a2cb-7b354f284dbd,1607899197419:1b7a0379-43af-493a-9c39-982dc03c53cd,"size == ""1""","isEmpty == ""True""","peek_obj_type == ""class java.lang.String""","push == ""False""","pop == ""True""","clear == ""False""","calledMethod == ""pop""","size_p == ""1""",Yes
6787,1607899197419:2a0c4788-aa8d-42f8-b3ad-b3631c09c218,1607899197419:086e8b85-467c-4199-a43b-d7d9281720f7,"size == ""1""","isEmpty == ""True""","peek_obj_type == ""class java.lang.String""","push == ""True""","pop == ""False""","clear == ""False""","calledMethod == ""push""","size_p == ""0""",Yes
6788,1607899197419:2a0c4788-aa8d-42f8-b3ad-b3631c09c218,1607899197419:086e8b85-467c-4199-a43b-d7d9281720f7,"size == ""1""","isEmpty == ""True""","peek_obj_type == ""class java.lang.String""","push == ""False""","pop == ""True""","clear == ""False""","calledMethod == ""pop""","size_p == ""1""",Yes
6791,1607899197419:013089dc-51ac-4a53-b62e-9ff91b623a47,1607899197419:4d4fb645-71e3-4ad9-970c-f3fb00bf34e0,"size == ""1""","isEmpty == ""True""","peek_obj_type == ""class java.lang.String""","push == ""True""","pop == ""False""","clear == ""False""","calledMethod == ""push""","size_p == ""0""",Yes
6792,1607899197419:013089dc-51ac-4a53-b62e-9ff91b623a47,1607899197419:4d4fb645-71e3-4ad9-970c-f3fb00bf34e0,"size == ""1""","isEmpty == ""True""","peek_obj_type == ""class java.lang.String""","push == ""False""","pop == ""True""","clear == ""False""","calledMethod == ""pop""","size_p == ""1""",Yes
6794,1607899197418:8c7f6415-7436-4dd4-ba0e-da57bfacc5c3,1607899197418:d62594c4-2259-4ff4-9b23-1ba069e8fa08,"size == ""1""","isEmpty == ""True""","peek_obj_type == ""class java.lang.String""","push == ""True""","pop == ""False""","clear == ""False""","calledMethod == ""push""","size_p == ""0""",Yes
6795,1607899197418:8c7f6415-7436-4dd4-ba0e-da57bfacc5c3,1607899197418:d62594c4-2259-4ff4-9b23-1ba069e8fa08,"size == ""1""","isEmpty == ""True""","peek_obj_type == ""class java.lang.String""","push == ""False""","pop == ""True""","clear == ""False""","calledMethod == ""pop""","size_p == ""1""",Yes
6798,1607899197418:8768456e-37cf-4241-9dc9-33580a6fa495,1607899197418:72c0abf6-0832-430f-a4de-5b050df0ee33,"size == ""1""","isEmpty == ""True""","peek_obj_type == ""class java.lang.String""","push == ""True""","pop == ""False""","clear == ""False""","calledMethod == ""push""","size_p == ""0""",Yes
6799,1607899197418:8768456e-37cf-4241-9dc9-33580a6fa495,1607899197418:72c0abf6-0832-430f-a4de-5b050df0ee33,"size == ""1""","isEmpty == ""True""","peek_obj_type == ""class java.lang.String""","push == ""False""","pop == ""False""","clear == ""True""","calledMethod == ""clear""","size_p == ""1""",Yes
6800,1607899197418:8768456e-37cf-4241-9dc9-33580a6fa495,1607899197418:72c0abf6-0832-430f-a4de-5b050df0ee33,"size == ""1""","isEmpty == ""True""","peek_obj_type == ""class java.lang.String""","push == ""False""","pop == ""False""","clear == ""True""","calledMethod == ""clear""","size_p == ""1""",Yes
6801,1607899197418:8768456e-37cf-4241-9dc9-33580a6fa495,1607899197418:72c0abf6-0832-430f-a4de-5b050df0ee33,"size == ""1""","isEmpty == ""True""","peek_obj_type == ""class java.lang.String""","push == ""False""","pop == ""False""","clear == ""True""","calledMethod == ""clear""","size_p == ""1""",Yes
6803,1607899197418:8768456e-37cf-4241-9dc9-33580a6fa495,1607899197418:3d75e667-ec00-493e-8ced-8852f67e0e9c,"size == ""1""","isEmpty == ""True""","peek_obj_type == ""class java.lang.String""","push == ""True""","pop == ""False""","clear == ""False""","calledMethod == ""push""","size_p == ""0""",Yes
6804,1607899197418:8768456e-37cf-4241-9dc9-33580a6fa495,1607899197418:3d75e667-ec00-493e-8ced-8852f67e0e9c,"size == ""1""","isEmpty == ""True""","peek_obj_type == ""class java.lang.String""","push == ""False""","pop == ""True""","clear == ""False""","calledMethod == ""pop""","size_p == ""1""",Yes
6807,1607899197418:308114d4-6041-43cb-a8ed-95bcbd887cfa,1607899197418:35e4699d-0d67-4254-9cc1-2a2fba9bd301,"size == ""1""","isEmpty == ""True""","peek_obj_type == ""class java.lang.String""","push == ""True""","pop == ""False""","clear == ""False""","calledMethod == ""push""","size_p == ""0""",Yes
6808,1607899197418:308114d4-6041-43cb-a8ed-95bcbd887cfa,1607899197418:35e4699d-0d67-4254-9cc1-2a2fba9bd301,"size == ""1""","isEmpty == ""True""","peek_obj_type == ""class java.lang.String""","push == ""False""","pop == ""True""","clear == ""False""","calledMethod == ""pop""","size_p == ""1""",Yes
6810,1607899197417:c3951890-e63c-4789-9100-df5e935f7112,1607899197418:798a2925-cc77-475f-bad0-9e7a935c019d,"size == ""1""","isEmpty == ""True""","peek_obj_type == ""class java.lang.String""","push == ""True""","pop == ""False""","clear == ""False""","calledMethod == ""push""","size_p == ""0""",Yes
6811,1607899197417:c3951890-e63c-4789-9100-df5e935f7112,1607899197418:798a2925-cc77-475f-bad0-9e7a935c019d,"size == ""1""","isEmpty == ""True""","peek_obj_type == ""class java.lang.String""","push == ""False""","pop == ""True""","clear == ""False""","calledMethod == ""pop""","size_p == ""1""",Yes
6813,1607899197417:c3951890-e63c-4789-9100-df5e935f7112,1607899197417:ddfaa6cd-f86b-4eae-9aba-90d4a3159a25,"size == ""1""","isEmpty == ""True""","peek_obj_type == ""class java.lang.String""","push == ""True""","pop == ""False""","clear == ""False""","calledMethod == ""push""","size_p == ""0""",Yes
6814,1607899197417:c3951890-e63c-4789-9100-df5e935f7112,1607899197417:ddfaa6cd-f86b-4eae-9aba-90d4a3159a25,"size == ""2""","isEmpty == ""True""","peek_obj_type == ""class java.lang.String""","push == ""True""","pop == ""False""","clear == ""False""","calledMethod == ""push""","size_p == ""1""",Yes
6815,1607899197417:c3951890-e63c-4789-9100-df5e935f7112,1607899197417:ddfaa6cd-f86b-4eae-9aba-90d4a3159a25,"size == ""3""","isEmpty == ""True""","peek_obj_type == ""class java.lang.String""","push == ""True""","pop == ""False""","clear == ""False""","calledMethod == ""push""","size_p == ""2""",Yes
6816,1607899197417:c3951890-e63c-4789-9100-df5e935f7112,1607899197417:ddfaa6cd-f86b-4eae-9aba-90d4a3159a25,"size == ""3""","isEmpty == ""True""","peek_obj_type == ""class java.lang.String""","push == ""False""","pop == ""False""","clear == ""True""","calledMethod == ""clear""","size_p == ""3""",Yes
6818,1607899197417:c3951890-e63c-4789-9100-df5e935f7112,1607899197417:88bf20fe-9668-489f-a5ba-f8bf0d900063,"size == ""1""","isEmpty == ""True""","peek_obj_type == ""class java.lang.String""","push == ""True""","pop == ""False""","clear == ""False""","calledMethod == ""push""","size_p == ""0""",Yes
6820,1607899197417:9481545d-586d-4f1d-98e3-27ad620d7b3d,1607899197417:4802ab7d-d1e1-4718-acc1-5a05bdba8534,"size == ""1""","isEmpty == ""True""","peek_obj_type == ""class java.lang.String""","push == ""True""","pop == ""False""","clear == ""False""","calledMethod == ""push""","size_p == ""0""",Yes
6821,1607899197417:9481545d-586d-4f1d-98e3-27ad620d7b3d,1607899197417:4802ab7d-d1e1-4718-acc1-5a05bdba8534,"size == ""1""","isEmpty == ""True""","peek_obj_type == ""class java.lang.String""","push == ""False""","pop == ""True""","clear == ""False""","calledMethod == ""pop""","size_p == ""1""",Yes
6823,1607899197417:66a6ae3e-c1ab-4b15-b510-8c7d9d425e7a,1607899197417:db409a33-ad1a-422b-aa47-ed75ae371245,"size == ""1""","isEmpty == ""True""","peek_obj_type == ""class java.lang.String""","push == ""True""","pop == ""False""","clear == ""False""","calledMethod == ""push""","size_p == ""0""",Yes
6824,1607899197417:66a6ae3e-c1ab-4b15-b510-8c7d9d425e7a,1607899197417:db409a33-ad1a-422b-aa47-ed75ae371245,"size == ""1""","isEmpty == ""True""","peek_obj_type == ""class java.lang.String""","push == ""False""","pop == ""True""","clear == ""False""","calledMethod == ""pop""","size_p == ""1""",Yes
6826,1607899197417:66a389e6-a0bf-41ee-bc3f-45e52068135e,1607899197417:2574de6c-a79a-412d-b7cb-5c0564c4b5cf,"size == ""1""","isEmpty == ""True""","peek_obj_type == ""class java.lang.String""","push == ""True""","pop == ""False""","clear == ""False""","calledMethod == ""push""","size_p == ""0""",Yes
6827,1607899197417:66a389e6-a0bf-41ee-bc3f-45e52068135e,1607899197417:2574de6c-a79a-412d-b7cb-5c0564c4b5cf,"size == ""2""","isEmpty == ""True""","peek_obj_type == ""class java.lang.String""","push == ""True""","pop == ""False""","clear == ""False""","calledMethod == ""push""","size_p == ""1""",Yes
6828,1607899197417:66a389e6-a0bf-41ee-bc3f-45e52068135e,1607899197417:2574de6c-a79a-412d-b7cb-5c0564c4b5cf,"size == ""2""","isEmpty == ""True""","peek_obj_type == ""class java.lang.String""","push == ""False""","pop == ""False""","clear == ""True""","calledMethod == ""clear""","size_p == ""2""",Yes
6829,1607899197417:66a389e6-a0bf-41ee-bc3f-45e52068135e,1607899197417:2574de6c-a79a-412d-b7cb-5c0564c4b5cf,"size == ""2""","isEmpty == ""True""","peek_obj_type == ""class java.lang.String""","push == ""False""","pop == ""False""","clear == ""True""","calledMethod == ""clear""","size_p == ""2""",Yes
6832,1607899197416:efa0f548-3572-49c8-90e6-909a8739a00a,1607899197416:1bc3655d-3f60-4f53-9db5-3b5d342e548d,"size == ""1""","isEmpty == ""True""","peek_obj_type == ""class java.lang.String""","push == ""True""","pop == ""False""","clear == ""False""","calledMethod == ""push""","size_p == ""0""",Yes
6833,1607899197416:efa0f548-3572-49c8-90e6-909a8739a00a,1607899197416:1bc3655d-3f60-4f53-9db5-3b5d342e548d,"size == ""1""","isEmpty == ""True""","peek_obj_type == ""class java.lang.String""","push == ""False""","pop == ""True""","clear == ""False""","calledMethod == ""pop""","size_p == ""1""",Yes
6835,1607899197416:b8be8b02-f310-4e58-912e-d89ae9e6475c,1607899197416:0c22957c-fa84-4b89-b52c-bbeeaa06ca40,"size == ""1""","isEmpty == ""True""","peek_obj_type == ""class java.lang.String""","push == ""True""","pop == ""False""","clear == ""False""","calledMethod == ""push""","size_p == ""0""",Yes
6836,1607899197416:b8be8b02-f310-4e58-912e-d89ae9e6475c,1607899197416:0c22957c-fa84-4b89-b52c-bbeeaa06ca40,"size == ""1""","isEmpty == ""True""","peek_obj_type == ""class java.lang.String""","push == ""False""","pop == ""True""","clear == ""False""","calledMethod == ""pop""","size_p == ""1""",Yes
6838,1607899197416:7276e34c-ef20-4cd8-b9da-7a16cac7f3a2,1607899197416:1eb9843e-9b96-46d7-b630-71603782e0ab,"size == ""1""","isEmpty == ""True""","peek_obj_type == ""class java.lang.String""","push == ""True""","pop == ""False""","clear == ""False""","calledMethod == ""push""","size_p == ""0""",Yes
6839,1607899197416:7276e34c-ef20-4cd8-b9da-7a16cac7f3a2,1607899197416:1eb9843e-9b96-46d7-b630-71603782e0ab,"size == ""1""","isEmpty == ""True""","peek_obj_type == ""class java.lang.String""","push == ""False""","pop == ""True""","clear == ""False""","calledMethod == ""pop""","size_p == ""1""",Yes
6841,1607899197416:25bd1272-7398-4f50-9b3c-bbed86c3ae13,1607899197416:51d6a00c-fe2e-47cb-866d-7f4f816381b9,"size == ""1""","isEmpty == ""True""","peek_obj_type == ""class java.lang.String""","push == ""True""","pop == ""False""","clear == ""False""","calledMethod == ""push""","size_p == ""0""",Yes
6842,1607899197416:25bd1272-7398-4f50-9b3c-bbed86c3ae13,1607899197416:51d6a00c-fe2e-47cb-866d-7f4f816381b9,"size == ""1""","isEmpty == ""True""","peek_obj_type == ""class java.lang.String""","push == ""False""","pop == ""True""","clear == ""False""","calledMethod == ""pop""","size_p == ""1""",Yes
6844,1607899197415:edde2da9-cbe8-4597-9903-52a7d09d33bd,1607899197415:7775a524-7a51-4c5e-84de-a8d7a9b0b3e6,"size == ""1""","isEmpty == ""True""","peek_obj_type == ""class java.lang.String""","push == ""True""","pop == ""False""","clear == ""False""","calledMethod == ""push""","size_p == ""0""",Yes
6845,1607899197415:edde2da9-cbe8-4597-9903-52a7d09d33bd,1607899197415:7775a524-7a51-4c5e-84de-a8d7a9b0b3e6,"size == ""1""","isEmpty == ""True""","peek_obj_type == ""class java.lang.String""","push == ""False""","pop == ""True""","clear == ""False""","calledMethod == ""pop""","size_p == ""1""",Yes
6847,1607899197415:e1786044-9253-4fbc-9c7f-d28e158f64af,1607899197415:77c809fc-8c0a-4721-8b2d-5f9b80c26189,"size == ""1""","isEmpty == ""True""","peek_obj_type == ""class java.lang.String""","push == ""True""","pop == ""False""","clear == ""False""","calledMethod == ""push""","size_p == ""0""",Yes
6848,1607899197415:e1786044-9253-4fbc-9c7f-d28e158f64af,1607899197415:77c809fc-8c0a-4721-8b2d-5f9b80c26189,"size == ""1""","isEmpty == ""True""","peek_obj_type == ""class java.lang.String""","push == ""False""","pop == ""True""","clear == ""False""","calledMethod == ""pop""","size_p == ""1""",Yes
6850,1607899197415:a2bf8ed1-81ea-45b3-8824-57218a377b90,1607899197415:55c2af60-6efd-4561-9cac-b168c28ec37d,"size == ""1""","isEmpty == ""True""","peek_obj_type == ""class java.lang.String""","push == ""True""","pop == ""False""","clear == ""False""","calledMethod == ""push""","size_p == ""0""",Yes
6851,1607899197415:a2bf8ed1-81ea-45b3-8824-57218a377b90,1607899197415:55c2af60-6efd-4561-9cac-b168c28ec37d,"size == ""1""","isEmpty == ""True""","peek_obj_type == ""class java.lang.String""","push == ""False""","pop == ""True""","clear == ""False""","calledMethod == ""pop""","size_p == ""1""",Yes
6854,1607899197415:a2bf8ed1-81ea-45b3-8824-57218a377b90,1607899197415:046923c6-553a-4a0d-a198-ae31228e1675,"size == ""1""","isEmpty == ""True""","peek_obj_type == ""class java.lang.String""","push == ""True""","pop == ""False""","clear == ""False""","calledMethod == ""push""","size_p == ""0""",Yes
6856,1607899197414:c30ef23f-cf53-4804-8cbe-8b1322e6a536,1607899197414:8ccf92b3-90e1-43c1-a26d-5efd8e519435,"size == ""1""","isEmpty == ""True""","peek_obj_type == ""class java.lang.String""","push == ""True""","pop == ""False""","clear == ""False""","calledMethod == ""push""","size_p == ""0""",Yes
6857,1607899197414:c30ef23f-cf53-4804-8cbe-8b1322e6a536,1607899197414:8ccf92b3-90e1-43c1-a26d-5efd8e519435,"size == ""1""","isEmpty == ""True""","peek_obj_type == ""class java.lang.String""","push == ""False""","pop == ""True""","clear == ""False""","calledMethod == ""pop""","size_p == ""1""",Yes
6859,1607899197414:a0db3b16-cbdf-4c4b-867d-8ee68d30b15c,1607899197414:888ca6ce-a4b2-4c48-bedd-cc9ac000125e,"size == ""1""","isEmpty == ""True""","peek_obj_type == ""class java.lang.String""","push == ""True""","pop == ""False""","clear == ""False""","calledMethod == ""push""","size_p == ""0""",Yes
6860,1607899197414:a0db3b16-cbdf-4c4b-867d-8ee68d30b15c,1607899197414:888ca6ce-a4b2-4c48-bedd-cc9ac000125e,"size == ""1""","isEmpty == ""True""","peek_obj_type == ""class java.lang.String""","push == ""False""","pop == ""True""","clear == ""False""","calledMethod == ""pop""","size_p == ""1""",Yes
6862,1607899197414:352f435d-4de2-4ad0-8725-d067247142e9,1607899197414:06f95885-7c87-41b0-9b8d-1d8251b4ea2b,"size == ""1""","isEmpty == ""True""","peek_obj_type == ""class java.lang.String""","push == ""True""","pop == ""False""","clear == ""False""","calledMethod == ""push""","size_p == ""0""",Yes
6863,1607899197414:352f435d-4de2-4ad0-8725-d067247142e9,1607899197414:06f95885-7c87-41b0-9b8d-1d8251b4ea2b,"size == ""2""","isEmpty == ""True""","peek_obj_type == ""class java.lang.String""","push == ""True""","pop == ""False""","clear == ""False""","calledMethod == ""push""","size_p == ""1""",Yes
6864,1607899197414:352f435d-4de2-4ad0-8725-d067247142e9,1607899197414:06f95885-7c87-41b0-9b8d-1d8251b4ea2b,"size == ""2""","isEmpty == ""True""","peek_obj_type == ""class java.lang.String""","push == ""False""","pop == ""False""","clear == ""True""","calledMethod == ""clear""","size_p == ""2""",Yes
6865,1607899197414:352f435d-4de2-4ad0-8725-d067247142e9,1607899197414:06f95885-7c87-41b0-9b8d-1d8251b4ea2b,"size == ""2""","isEmpty == ""True""","peek_obj_type == ""class java.lang.String""","push == ""False""","pop == ""False""","clear == ""True""","calledMethod == ""clear""","size_p == ""2""",Yes
6866,1607899197414:352f435d-4de2-4ad0-8725-d067247142e9,1607899197414:06f95885-7c87-41b0-9b8d-1d8251b4ea2b,"size == ""2""","isEmpty == ""True""","peek_obj_type == ""class java.lang.String""","push == ""False""","pop == ""True""","clear == ""False""","calledMethod == ""pop""","size_p == ""2""",Yes
6868,1607899197414:06f736e7-9c0c-4620-a83c-e053570030e8,1607899197414:772b6bee-9ed5-4744-9a2a-1871fef67461,"size == ""1""","isEmpty == ""True""","peek_obj_type == ""class java.lang.String""","push == ""True""","pop == ""False""","clear == ""False""","calledMethod == ""push""","size_p == ""0""",Yes
6869,1607899197414:06f736e7-9c0c-4620-a83c-e053570030e8,1607899197414:772b6bee-9ed5-4744-9a2a-1871fef67461,"size == ""1""","isEmpty == ""True""","peek_obj_type == ""class java.lang.String""","push == ""False""","pop == ""True""","clear == ""False""","calledMethod == ""pop""","size_p == ""1""",Yes
6871,1607899197413:55388056-f251-4b57-9c53-f6a7d6b42faa,1607899197413:f6547389-edd0-4fe6-871e-84110b72e283,"size == ""1""","isEmpty == ""True""","peek_obj_type == ""class java.lang.String""","push == ""True""","pop == ""False""","clear == ""False""","calledMethod == ""push""","size_p == ""0""",Yes
6873,1607899197413:55388056-f251-4b57-9c53-f6a7d6b42faa,1607899197413:1cc0d167-19df-4c3b-8911-888ce5f30407,"size == ""1""","isEmpty == ""True""","peek_obj_type == ""class java.lang.String""","push == ""True""","pop == ""False""","clear == ""False""","calledMethod == ""push""","size_p == ""0""",Yes
6874,1607899197413:55388056-f251-4b57-9c53-f6a7d6b42faa,1607899197413:1cc0d167-19df-4c3b-8911-888ce5f30407,"size == ""1""","isEmpty == ""True""","peek_obj_type == ""class java.lang.String""","push == ""False""","pop == ""True""","clear == ""False""","calledMethod == ""pop""","size_p == ""1""",Yes
6877,1607899197413:39396f4c-0ec6-4eae-80d5-20009dfaf8cc,1607899197413:52911dda-e617-4579-b5bd-431b06b41279,"size == ""1""","isEmpty == ""True""","peek_obj_type == ""class java.lang.String""","push == ""True""","pop == ""False""","clear == ""False""","calledMethod == ""push""","size_p == ""0""",Yes
6878,1607899197413:39396f4c-0ec6-4eae-80d5-20009dfaf8cc,1607899197413:52911dda-e617-4579-b5bd-431b06b41279,"size == ""1""","isEmpty == ""True""","peek_obj_type == ""class java.lang.String""","push == ""False""","pop == ""True""","clear == ""False""","calledMethod == ""pop""","size_p == ""1""",Yes
6880,1607899197413:0c086a1f-586f-449c-ae6a-5f23e472439b,1607899197413:c77f7469-ab5a-4e62-b0c6-6ca3a017f6a4,"size == ""1""","isEmpty == ""True""","peek_obj_type == ""class java.lang.String""","push == ""True""","pop == ""False""","clear == ""False""","calledMethod == ""push""","size_p == ""0""",Yes
6881,1607899197413:0c086a1f-586f-449c-ae6a-5f23e472439b,1607899197413:c77f7469-ab5a-4e62-b0c6-6ca3a017f6a4,"size == ""1""","isEmpty == ""True""","peek_obj_type == ""class java.lang.String""","push == ""False""","pop == ""True""","clear == ""False""","calledMethod == ""pop""","size_p == ""1""",Yes
6883,1607899197412:ce0b078b-01ea-4e47-9376-4bc88e227918,1607899197412:f3998ab2-621d-4b2d-a85e-fe29e523042c,"size == ""1""","isEmpty == ""True""","peek_obj_type == ""class java.lang.String""","push == ""True""","pop == ""False""","clear == ""False""","calledMethod == ""push""","size_p == ""0""",Yes
6884,1607899197412:ce0b078b-01ea-4e47-9376-4bc88e227918,1607899197412:f3998ab2-621d-4b2d-a85e-fe29e523042c,"size == ""1""","isEmpty == ""True""","peek_obj_type == ""class java.lang.String""","push == ""False""","pop == ""True""","clear == ""False""","calledMethod == ""pop""","size_p == ""1""",Yes
6886,1607899197412:ae2ab47d-b9e0-4d4d-95b8-07e60bb64ca2,1607899197412:ecc654a5-e3f3-4d0f-84ed-d8856f4ae194,"size == ""1""","isEmpty == ""True""","peek_obj_type == ""class java.lang.String""","push == ""True""","pop == ""False""","clear == ""False""","calledMethod == ""push""","size_p == ""0""",Yes
6887,1607899197412:ae2ab47d-b9e0-4d4d-95b8-07e60bb64ca2,1607899197412:ecc654a5-e3f3-4d0f-84ed-d8856f4ae194,"size == ""1""","isEmpty == ""True""","peek_obj_type == ""class java.lang.String""","push == ""False""","pop == ""True""","clear == ""False""","calledMethod == ""pop""","size_p == ""1""",Yes
6889,1607899197412:ae2ab47d-b9e0-4d4d-95b8-07e60bb64ca2,1607899197412:101ea1a3-8992-4df4-bbf2-b73470ef10c9,"size == ""1""","isEmpty == ""True""","peek_obj_type == ""class java.lang.String""","push == ""True""","pop == ""False""","clear == ""False""","calledMethod == ""push""","size_p == ""0""",Yes
6891,1607899197412:859de064-6466-433d-a54b-d64c5217d24d,1607899197413:670c67f1-3d1d-4106-ab0f-33a90d2990ec,"size == ""1""","isEmpty == ""True""","peek_obj_type == ""class java.lang.String""","push == ""True""","pop == ""False""","clear == ""False""","calledMethod == ""push""","size_p == ""0""",Yes
6892,1607899197412:859de064-6466-433d-a54b-d64c5217d24d,1607899197413:670c67f1-3d1d-4106-ab0f-33a90d2990ec,"size == ""1""","isEmpty == ""True""","peek_obj_type == ""class java.lang.String""","push == ""False""","pop == ""True""","clear == ""False""","calledMethod == ""pop""","size_p == ""1""",Yes
6895,1607899197412:859de064-6466-433d-a54b-d64c5217d24d,1607899197412:28687fcb-8468-4cc4-8097-93e543da61db,"size == ""1""","isEmpty == ""True""","peek_obj_type == ""class java.lang.String""","push == ""True""","pop == ""False""","clear == ""False""","calledMethod == ""push""","size_p == ""0""",Yes
6896,1607899197412:859de064-6466-433d-a54b-d64c5217d24d,1607899197412:28687fcb-8468-4cc4-8097-93e543da61db,"size == ""1""","isEmpty == ""True""","peek_obj_type == ""class java.lang.String""","push == ""False""","pop == ""False""","clear == ""True""","calledMethod == ""clear""","size_p == ""1""",Yes
6897,1607899197412:859de064-6466-433d-a54b-d64c5217d24d,1607899197412:28687fcb-8468-4cc4-8097-93e543da61db,"size == ""1""","isEmpty == ""True""","peek_obj_type == ""class java.lang.String""","push == ""False""","pop == ""False""","clear == ""True""","calledMethod == ""clear""","size_p == ""1""",Yes
6898,1607899197412:859de064-6466-433d-a54b-d64c5217d24d,1607899197412:28687fcb-8468-4cc4-8097-93e543da61db,"size == ""1""","isEmpty == ""True""","peek_obj_type == ""class java.lang.String""","push == ""False""","pop == ""False""","clear == ""True""","calledMethod == ""clear""","size_p == ""1""",Yes
6900,1607899197412:6805f814-6e97-4b0a-aa68-e31ed049d64e,1607899197412:d6d6c82b-85c1-4f95-8b42-7189008b7e41,"size == ""1""","isEmpty == ""True""","peek_obj_type == ""class java.lang.String""","push == ""True""","pop == ""False""","clear == ""False""","calledMethod == ""push""","size_p == ""0""",Yes
6901,1607899197412:6805f814-6e97-4b0a-aa68-e31ed049d64e,1607899197412:d6d6c82b-85c1-4f95-8b42-7189008b7e41,"size == ""1""","isEmpty == ""True""","peek_obj_type == ""class java.lang.String""","push == ""False""","pop == ""True""","clear == ""False""","calledMethod == ""pop""","size_p == ""1""",Yes
6903,1607899197412:6805f814-6e97-4b0a-aa68-e31ed049d64e,1607899197412:736898ac-a15c-4044-a328-5b4af3de573b,"size == ""1""","isEmpty == ""True""","peek_obj_type == ""class java.lang.String""","push == ""True""","pop == ""False""","clear == ""False""","calledMethod == ""push""","size_p == ""0""",Yes
6905,1607899197412:54bd31ad-3056-433b-b804-291343f9faa2,1607899197412:e3541dea-4f19-4206-ae3a-48cb67c93551,"size == ""1""","isEmpty == ""True""","peek_obj_type == ""class java.lang.String""","push == ""True""","pop == ""False""","clear == ""False""","calledMethod == ""push""","size_p == ""0""",Yes
6906,1607899197412:54bd31ad-3056-433b-b804-291343f9faa2,1607899197412:e3541dea-4f19-4206-ae3a-48cb67c93551,"size == ""1""","isEmpty == ""True""","peek_obj_type == ""class java.lang.String""","push == ""False""","pop == ""True""","clear == ""False""","calledMethod == ""pop""","size_p == ""1""",Yes
6908,1607899197411:dedeec16-4748-47e2-b5af-4c59e27ea1b0,1607899197411:a9fcf9f9-75eb-4371-88ff-01bd92a025d9,"size == ""1""","isEmpty == ""True""","peek_obj_type == ""class java.lang.String""","push == ""True""","pop == ""False""","clear == ""False""","calledMethod == ""push""","size_p == ""0""",Yes
6909,1607899197411:dedeec16-4748-47e2-b5af-4c59e27ea1b0,1607899197411:a9fcf9f9-75eb-4371-88ff-01bd92a025d9,"size == ""1""","isEmpty == ""True""","peek_obj_type == ""class java.lang.String""","push == ""False""","pop == ""True""","clear == ""False""","calledMethod == ""pop""","size_p == ""1""",Yes
6912,1607899197411:dedeec16-4748-47e2-b5af-4c59e27ea1b0,1607899197411:42287e66-bcb4-414f-a9e6-f4a25aaed33a,"size == ""1""","isEmpty == ""True""","peek_obj_type == ""class java.lang.String""","push == ""True""","pop == ""False""","clear == ""False""","calledMethod == ""push""","size_p == ""0""",Yes
6913,1607899197411:dedeec16-4748-47e2-b5af-4c59e27ea1b0,1607899197411:42287e66-bcb4-414f-a9e6-f4a25aaed33a,"size == ""1""","isEmpty == ""True""","peek_obj_type == ""class java.lang.String""","push == ""False""","pop == ""False""","clear == ""True""","calledMethod == ""clear""","size_p == ""1""",Yes
6914,1607899197411:dedeec16-4748-47e2-b5af-4c59e27ea1b0,1607899197411:42287e66-bcb4-414f-a9e6-f4a25aaed33a,"size == ""1""","isEmpty == ""True""","peek_obj_type == ""class java.lang.String""","push == ""False""","pop == ""False""","clear == ""True""","calledMethod == ""clear""","size_p == ""1""",Yes
6915,1607899197411:dedeec16-4748-47e2-b5af-4c59e27ea1b0,1607899197411:42287e66-bcb4-414f-a9e6-f4a25aaed33a,"size == ""1""","isEmpty == ""True""","peek_obj_type == ""class java.lang.String""","push == ""False""","pop == ""False""","clear == ""True""","calledMethod == ""clear""","size_p == ""1""",Yes
6917,1607899197411:af1066a9-ce19-4ffc-847e-3c3a21ba61df,1607899197411:c2a2d820-02de-4e17-9da5-3d1b8d9aea73,"size == ""1""","isEmpty == ""True""","peek_obj_type == ""class java.lang.String""","push == ""True""","pop == ""False""","clear == ""False""","calledMethod == ""push""","size_p == ""0""",Yes
6918,1607899197411:af1066a9-ce19-4ffc-847e-3c3a21ba61df,1607899197411:c2a2d820-02de-4e17-9da5-3d1b8d9aea73,"size == ""1""","isEmpty == ""True""","peek_obj_type == ""class java.lang.String""","push == ""False""","pop == ""True""","clear == ""False""","calledMethod == ""pop""","size_p == ""1""",Yes
6921,1607899197411:8550d350-5acc-4f95-a30f-a03c0cf20068,1607899197411:e60860da-626a-4ff7-8830-1ad98626d39d,"size == ""1""","isEmpty == ""True""","peek_obj_type == ""class java.lang.String""","push == ""True""","pop == ""False""","clear == ""False""","calledMethod == ""push""","size_p == ""0""",Yes
6922,1607899197411:8550d350-5acc-4f95-a30f-a03c0cf20068,1607899197411:e60860da-626a-4ff7-8830-1ad98626d39d,"size == ""1""","isEmpty == ""True""","peek_obj_type == ""class java.lang.String""","push == ""False""","pop == ""False""","clear == ""True""","calledMethod == ""clear""","size_p == ""1""",Yes
6923,1607899197411:8550d350-5acc-4f95-a30f-a03c0cf20068,1607899197411:e60860da-626a-4ff7-8830-1ad98626d39d,"size == ""1""","isEmpty == ""True""","peek_obj_type == ""class java.lang.String""","push == ""False""","pop == ""False""","clear == ""True""","calledMethod == ""clear""","size_p == ""1""",Yes
6924,1607899197411:8550d350-5acc-4f95-a30f-a03c0cf20068,1607899197411:e60860da-626a-4ff7-8830-1ad98626d39d,"size == ""1""","isEmpty == ""True""","peek_obj_type == ""class java.lang.String""","push == ""False""","pop == ""False""","clear == ""True""","calledMethod == ""clear""","size_p == ""1""",Yes
6926,1607899197411:8550d350-5acc-4f95-a30f-a03c0cf20068,1607899197411:a191cec4-1eb5-426c-8a22-c8d6c4be7716,"size == ""1""","isEmpty == ""True""","peek_obj_type == ""class java.lang.String""","push == ""True""","pop == ""False""","clear == ""False""","calledMethod == ""push""","size_p == ""0""",Yes
6927,1607899197411:8550d350-5acc-4f95-a30f-a03c0cf20068,1607899197411:a191cec4-1eb5-426c-8a22-c8d6c4be7716,"size == ""1""","isEmpty == ""True""","peek_obj_type == ""class java.lang.String""","push == ""False""","pop == ""True""","clear == ""False""","calledMethod == ""pop""","size_p == ""1""",Yes
6929,1607899197410:a7ac4a29-61c0-4b76-a406-0b8ca4c4dbd5,1607899197410:85797710-1fa9-4255-af1f-2c4930447e37,"size == ""1""","isEmpty == ""True""","peek_obj_type == ""class java.lang.String""","push == ""True""","pop == ""False""","clear == ""False""","calledMethod == ""push""","size_p == ""0""",Yes
6930,1607899197410:a7ac4a29-61c0-4b76-a406-0b8ca4c4dbd5,1607899197410:85797710-1fa9-4255-af1f-2c4930447e37,"size == ""1""","isEmpty == ""True""","peek_obj_type == ""class java.lang.String""","push == ""False""","pop == ""True""","clear == ""False""","calledMethod == ""pop""","size_p == ""1""",Yes
6932,1607899197410:a7ac4a29-61c0-4b76-a406-0b8ca4c4dbd5,1607899197410:0990b995-3544-4088-8a00-91678fe7ded5,"size == ""1""","isEmpty == ""True""","peek_obj_type == ""class java.lang.String""","push == ""True""","pop == ""False""","clear == ""False""","calledMethod == ""push""","size_p == ""0""",Yes
6933,1607899197410:a7ac4a29-61c0-4b76-a406-0b8ca4c4dbd5,1607899197410:0990b995-3544-4088-8a00-91678fe7ded5,"size == ""2""","isEmpty == ""True""","peek_obj_type == ""class java.lang.String""","push == ""True""","pop == ""False""","clear == ""False""","calledMethod == ""push""","size_p == ""1""",Yes
6935,1607899197410:67d931b4-cd10-4a36-9c90-601a9185a5c0,1607899197410:ab1d8d1a-4e1e-4a07-8dbd-f3c20143c1d3,"size == ""1""","isEmpty == ""True""","peek_obj_type == ""class java.lang.String""","push == ""True""","pop == ""False""","clear == ""False""","calledMethod == ""push""","size_p == ""0""",Yes
6936,1607899197410:67d931b4-cd10-4a36-9c90-601a9185a5c0,1607899197410:ab1d8d1a-4e1e-4a07-8dbd-f3c20143c1d3,"size == ""1""","isEmpty == ""True""","peek_obj_type == ""class java.lang.String""","push == ""False""","pop == ""True""","clear == ""False""","calledMethod == ""pop""","size_p == ""1""",Yes
6939,1607899197410:615212a7-4a6d-48f7-8502-86218eeaf21e,1607899197410:6a3f7173-c84d-4943-a0ed-4e40735515ec,"size == ""1""","isEmpty == ""True""","peek_obj_type == ""class java.lang.String""","push == ""True""","pop == ""False""","clear == ""False""","calledMethod == ""push""","size_p == ""0""",Yes
6940,1607899197410:615212a7-4a6d-48f7-8502-86218eeaf21e,1607899197410:6a3f7173-c84d-4943-a0ed-4e40735515ec,"size == ""1""","isEmpty == ""True""","peek_obj_type == ""class java.lang.String""","push == ""False""","pop == ""True""","clear == ""False""","calledMethod == ""pop""","size_p == ""1""",Yes
6943,1607899197410:08fe6c84-b6f1-4dd9-bb8c-8aee91c35255,1607899197410:f62ba085-ccd4-461a-98cf-1e6e400d2fd1,"size == ""1""","isEmpty == ""True""","peek_obj_type == ""class java.lang.String""","push == ""True""","pop == ""False""","clear == ""False""","calledMethod == ""push""","size_p == ""0""",Yes
6944,1607899197410:08fe6c84-b6f1-4dd9-bb8c-8aee91c35255,1607899197410:f62ba085-ccd4-461a-98cf-1e6e400d2fd1,"size == ""1""","isEmpty == ""True""","peek_obj_type == ""class java.lang.String""","push == ""False""","pop == ""True""","clear == ""False""","calledMethod == ""pop""","size_p == ""1""",Yes
6946,1607899197409:c2d310dc-9254-453b-8ef3-815506db68a6,1607899197409:0764b5df-f265-4d98-8e3d-acb7d96cfa3e,"size == ""1""","isEmpty == ""True""","peek_obj_type == ""class java.lang.String""","push == ""True""","pop == ""False""","clear == ""False""","calledMethod == ""push""","size_p == ""0""",Yes
6947,1607899197409:c2d310dc-9254-453b-8ef3-815506db68a6,1607899197409:0764b5df-f265-4d98-8e3d-acb7d96cfa3e,"size == ""1""","isEmpty == ""True""","peek_obj_type == ""class java.lang.String""","push == ""False""","pop == ""True""","clear == ""False""","calledMethod == ""pop""","size_p == ""1""",Yes
6949,1607899197409:a846095a-8c3d-4b2e-b9ab-f24520c97631,1607899197410:24f90b47-7171-42ee-a40a-5eafbdb52d0f,"size == ""1""","isEmpty == ""True""","peek_obj_type == ""class java.lang.String""","push == ""True""","pop == ""False""","clear == ""False""","calledMethod == ""push""","size_p == ""0""",Yes
6950,1607899197409:a846095a-8c3d-4b2e-b9ab-f24520c97631,1607899197410:24f90b47-7171-42ee-a40a-5eafbdb52d0f,"size == ""1""","isEmpty == ""True""","peek_obj_type == ""class java.lang.String""","push == ""False""","pop == ""True""","clear == ""False""","calledMethod == ""pop""","size_p == ""1""",Yes
6952,1607899197409:a846095a-8c3d-4b2e-b9ab-f24520c97631,1607899197409:5fac2c9c-da89-4a04-9f14-c582364ab3b6,"size == ""1""","isEmpty == ""True""","peek_obj_type == ""class java.lang.String""","push == ""True""","pop == ""False""","clear == ""False""","calledMethod == ""push""","size_p == ""0""",Yes
6955,1607899197409:46032062-341c-42d0-8785-61b3a72c8bf8,1607899197409:d6b7e25b-b70d-46df-9d78-289a798ae427,"size == ""1""","isEmpty == ""True""","peek_obj_type == ""class java.lang.String""","push == ""True""","pop == ""False""","clear == ""False""","calledMethod == ""push""","size_p == ""0""",Yes
6956,1607899197409:46032062-341c-42d0-8785-61b3a72c8bf8,1607899197409:d6b7e25b-b70d-46df-9d78-289a798ae427,"size == ""2""","isEmpty == ""True""","peek_obj_type == ""class java.lang.String""","push == ""True""","pop == ""False""","clear == ""False""","calledMethod == ""push""","size_p == ""1""",Yes
6958,1607899197409:46032062-341c-42d0-8785-61b3a72c8bf8,1607899197409:0eddf631-33aa-481f-aad3-da2cfd36ea66,"size == ""1""","isEmpty == ""True""","peek_obj_type == ""class java.lang.String""","push == ""True""","pop == ""False""","clear == ""False""","calledMethod == ""push""","size_p == ""0""",Yes
6959,1607899197409:46032062-341c-42d0-8785-61b3a72c8bf8,1607899197409:0eddf631-33aa-481f-aad3-da2cfd36ea66,"size == ""1""","isEmpty == ""True""","peek_obj_type == ""class java.lang.String""","push == ""False""","pop == ""True""","clear == ""False""","calledMethod == ""pop""","size_p == ""1""",Yes
6962,1607899197409:175ff27a-eb27-426f-b606-1f9c70af81f7,1607899197409:775657a5-edfe-4479-bb62-3b150a4148b4,"size == ""1""","isEmpty == ""True""","peek_obj_type == ""class java.lang.String""","push == ""True""","pop == ""False""","clear == ""False""","calledMethod == ""push""","size_p == ""0""",Yes
6963,1607899197409:175ff27a-eb27-426f-b606-1f9c70af81f7,1607899197409:775657a5-edfe-4479-bb62-3b150a4148b4,"size == ""1""","isEmpty == ""True""","peek_obj_type == ""class java.lang.String""","push == ""False""","pop == ""True""","clear == ""False""","calledMethod == ""pop""","size_p == ""1""",Yes
6966,1607899197408:feea2bc6-0eef-4543-a72b-242cb4808e96,1607899197408:952780b1-a67c-41ab-adb9-6f669d5e4e85,"size == ""1""","isEmpty == ""True""","peek_obj_type == ""class java.lang.String""","push == ""True""","pop == ""False""","clear == ""False""","calledMethod == ""push""","size_p == ""0""",Yes
6967,1607899197408:feea2bc6-0eef-4543-a72b-242cb4808e96,1607899197408:952780b1-a67c-41ab-adb9-6f669d5e4e85,"size == ""1""","isEmpty == ""True""","peek_obj_type == ""class java.lang.String""","push == ""False""","pop == ""False""","clear == ""True""","calledMethod == ""clear""","size_p == ""1""",Yes
6968,1607899197408:feea2bc6-0eef-4543-a72b-242cb4808e96,1607899197408:952780b1-a67c-41ab-adb9-6f669d5e4e85,"size == ""1""","isEmpty == ""True""","peek_obj_type == ""class java.lang.String""","push == ""False""","pop == ""False""","clear == ""True""","calledMethod == ""clear""","size_p == ""1""",Yes
6969,1607899197408:feea2bc6-0eef-4543-a72b-242cb4808e96,1607899197408:952780b1-a67c-41ab-adb9-6f669d5e4e85,"size == ""1""","isEmpty == ""True""","peek_obj_type == ""class java.lang.String""","push == ""False""","pop == ""False""","clear == ""True""","calledMethod == ""clear""","size_p == ""1""",Yes
6971,1607899197408:feea2bc6-0eef-4543-a72b-242cb4808e96,1607899197408:38b231e5-e981-44e7-85cb-fd75a95ece70,"size == ""1""","isEmpty == ""True""","peek_obj_type == ""class java.lang.String""","push == ""True""","pop == ""False""","clear == ""False""","calledMethod == ""push""","size_p == ""0""",Yes
6972,1607899197408:feea2bc6-0eef-4543-a72b-242cb4808e96,1607899197408:38b231e5-e981-44e7-85cb-fd75a95ece70,"size == ""1""","isEmpty == ""True""","peek_obj_type == ""class java.lang.String""","push == ""False""","pop == ""True""","clear == ""False""","calledMethod == ""pop""","size_p == ""1""",Yes
6974,1607899197408:abdae479-ac43-4ad4-bedb-0f6183495aa7,1607899197409:a58b864a-7d65-4387-9f38-0955a3e49c1a,"size == ""1""","isEmpty == ""True""","peek_obj_type == ""class java.lang.String""","push == ""True""","pop == ""False""","clear == ""False""","calledMethod == ""push""","size_p == ""0""",Yes
6976,1607899197408:abdae479-ac43-4ad4-bedb-0f6183495aa7,1607899197409:24f4eaef-4a64-40be-8f21-ca2ee51fed27,"size == ""1""","isEmpty == ""True""","peek_obj_type == ""class java.lang.String""","push == ""True""","pop == ""False""","clear == ""False""","calledMethod == ""push""","size_p == ""0""",Yes
6977,1607899197408:abdae479-ac43-4ad4-bedb-0f6183495aa7,1607899197409:24f4eaef-4a64-40be-8f21-ca2ee51fed27,"size == ""1""","isEmpty == ""True""","peek_obj_type == ""class java.lang.String""","push == ""False""","pop == ""True""","clear == ""False""","calledMethod == ""pop""","size_p == ""1""",Yes
6979,1607899197408:a9aba9ab-d287-44bc-a60b-60f400f86d7e,1607899197408:6eb20377-7957-4e0a-884d-7e455ff6fab7,"size == ""1""","isEmpty == ""True""","peek_obj_type == ""class java.lang.String""","push == ""True""","pop == ""False""","clear == ""False""","calledMethod == ""push""","size_p == ""0""",Yes
6980,1607899197408:a9aba9ab-d287-44bc-a60b-60f400f86d7e,1607899197408:6eb20377-7957-4e0a-884d-7e455ff6fab7,"size == ""1""","isEmpty == ""True""","peek_obj_type == ""class java.lang.String""","push == ""False""","pop == ""True""","clear == ""False""","calledMethod == ""pop""","size_p == ""1""",Yes
6982,1607899197408:a8b5b7da-3c20-480a-a8d5-c5507af9bb81,1607899197408:0bc92d6a-26d9-498d-9e6b-a325e09e3f30,"size == ""1""","isEmpty == ""True""","peek_obj_type == ""class java.lang.String""","push == ""True""","pop == ""False""","clear == ""False""","calledMethod == ""push""","size_p == ""0""",Yes
6983,1607899197408:a8b5b7da-3c20-480a-a8d5-c5507af9bb81,1607899197408:0bc92d6a-26d9-498d-9e6b-a325e09e3f30,"size == ""1""","isEmpty == ""True""","peek_obj_type == ""class java.lang.String""","push == ""False""","pop == ""True""","clear == ""False""","calledMethod == ""pop""","size_p == ""1""",Yes
6985,1607899197408:a8b5b7da-3c20-480a-a8d5-c5507af9bb81,1607899197408:061dd479-b13f-44f2-be1c-9564f6b98020,"size == ""1""","isEmpty == ""True""","peek_obj_type == ""class java.lang.String""","push == ""True""","pop == ""False""","clear == ""False""","calledMethod == ""push""","size_p == ""0""",Yes
6987,1607899197407:d2b1bb0c-5b8a-4064-98fa-93151a94468f,1607899197408:5bfff140-af22-4515-90a6-fa3f1a827a2e,"size == ""1""","isEmpty == ""True""","peek_obj_type == ""class java.lang.String""","push == ""True""","pop == ""False""","clear == ""False""","calledMethod == ""push""","size_p == ""0""",Yes
6988,1607899197407:d2b1bb0c-5b8a-4064-98fa-93151a94468f,1607899197408:5bfff140-af22-4515-90a6-fa3f1a827a2e,"size == ""1""","isEmpty == ""True""","peek_obj_type == ""class java.lang.String""","push == ""False""","pop == ""True""","clear == ""False""","calledMethod == ""pop""","size_p == ""1""",Yes
6991,1607899197407:d2b1bb0c-5b8a-4064-98fa-93151a94468f,1607899197407:72364fd0-1def-4059-b325-fa4c1df3605f,"size == ""1""","isEmpty == ""True""","peek_obj_type == ""class java.lang.String""","push == ""True""","pop == ""False""","clear == ""False""","calledMethod == ""push""","size_p == ""0""",Yes
6992,1607899197407:d2b1bb0c-5b8a-4064-98fa-93151a94468f,1607899197407:72364fd0-1def-4059-b325-fa4c1df3605f,"size == ""1""","isEmpty == ""True""","peek_obj_type == ""class java.lang.String""","push == ""False""","pop == ""False""","clear == ""True""","calledMethod == ""clear""","size_p == ""1""",Yes
6993,1607899197407:d2b1bb0c-5b8a-4064-98fa-93151a94468f,1607899197407:72364fd0-1def-4059-b325-fa4c1df3605f,"size == ""1""","isEmpty == ""True""","peek_obj_type == ""class java.lang.String""","push == ""False""","pop == ""False""","clear == ""True""","calledMethod == ""clear""","size_p == ""1""",Yes
6994,1607899197407:d2b1bb0c-5b8a-4064-98fa-93151a94468f,1607899197407:72364fd0-1def-4059-b325-fa4c1df3605f,"size == ""1""","isEmpty == ""True""","peek_obj_type == ""class java.lang.String""","push == ""False""","pop == ""False""","clear == ""True""","calledMethod == ""clear""","size_p == ""1""",Yes
6996,1607899197407:ca66c12e-a3d0-4cc7-8e16-e3f0454d074f,1607899197407:060aa4cf-c74b-48d0-96e0-3445a0491b4a,"size == ""1""","isEmpty == ""True""","peek_obj_type == ""class java.lang.String""","push == ""True""","pop == ""False""","clear == ""False""","calledMethod == ""push""","size_p == ""0""",Yes
6997,1607899197407:ca66c12e-a3d0-4cc7-8e16-e3f0454d074f,1607899197407:060aa4cf-c74b-48d0-96e0-3445a0491b4a,"size == ""1""","isEmpty == ""True""","peek_obj_type == ""class java.lang.String""","push == ""False""","pop == ""True""","clear == ""False""","calledMethod == ""pop""","size_p == ""1""",Yes
6999,1607899197407:25267bf2-5ca0-48de-9652-af69e0834c09,1607899197407:7dc27c4d-ddbc-4ed5-a122-c55c057491ff,"size == ""1""","isEmpty == ""True""","peek_obj_type == ""class java.lang.String""","push == ""True""","pop == ""False""","clear == ""False""","calledMethod == ""push""","size_p == ""0""",Yes
7000,1607899197407:25267bf2-5ca0-48de-9652-af69e0834c09,1607899197407:7dc27c4d-ddbc-4ed5-a122-c55c057491ff,"size == ""1""","isEmpty == ""True""","peek_obj_type == ""class java.lang.String""","push == ""False""","pop == ""True""","clear == ""False""","calledMethod == ""pop""","size_p == ""1""",Yes
7002,1607899197407:03af13a7-b833-41f2-aa8e-ae42c542d32d,1607899197407:93c82d7c-8afe-403a-8b1d-5231d2abff1d,"size == ""1""","isEmpty == ""True""","peek_obj_type == ""class java.lang.String""","push == ""True""","pop == ""False""","clear == ""False""","calledMethod == ""push""","size_p == ""0""",Yes
7003,1607899197407:03af13a7-b833-41f2-aa8e-ae42c542d32d,1607899197407:93c82d7c-8afe-403a-8b1d-5231d2abff1d,"size == ""1""","isEmpty == ""True""","peek_obj_type == ""class java.lang.String""","push == ""False""","pop == ""True""","clear == ""False""","calledMethod == ""pop""","size_p == ""1""",Yes
7005,1607899197407:03af13a7-b833-41f2-aa8e-ae42c542d32d,1607899197407:1aa2d7ab-8081-4430-b00c-d402170d7cfa,"size == ""1""","isEmpty == ""True""","peek_obj_type == ""class java.lang.String""","push == ""True""","pop == ""False""","clear == ""False""","calledMethod == ""push""","size_p == ""0""",Yes
7007,1607899197406:fa99a823-e073-4bb3-b857-79452dcb374b,1607899197406:2b420ddc-1406-4570-bae4-7580db79a24c,"size == ""1""","isEmpty == ""True""","peek_obj_type == ""class java.lang.String""","push == ""True""","pop == ""False""","clear == ""False""","calledMethod == ""push""","size_p == ""0""",Yes
7008,1607899197406:fa99a823-e073-4bb3-b857-79452dcb374b,1607899197406:2b420ddc-1406-4570-bae4-7580db79a24c,"size == ""1""","isEmpty == ""True""","peek_obj_type == ""class java.lang.String""","push == ""False""","pop == ""True""","clear == ""False""","calledMethod == ""pop""","size_p == ""1""",Yes
7011,1607899197406:600b68a1-8475-4599-9aa0-65cb543ed8a1,1607899197406:f0bff61f-1173-484d-8627-eb3c736ab4ab,"size == ""1""","isEmpty == ""True""","peek_obj_type == ""class java.lang.String""","push == ""True""","pop == ""False""","clear == ""False""","calledMethod == ""push""","size_p == ""0""",Yes
7012,1607899197406:600b68a1-8475-4599-9aa0-65cb543ed8a1,1607899197406:f0bff61f-1173-484d-8627-eb3c736ab4ab,"size == ""1""","isEmpty == ""True""","peek_obj_type == ""class java.lang.String""","push == ""False""","pop == ""True""","clear == ""False""","calledMethod == ""pop""","size_p == ""1""",Yes
7014,1607899197406:5522fed4-6e3d-4847-8e52-4907b2c175bf,1607899197406:cea100e4-455d-4468-8dbe-bb804587568d,"size == ""1""","isEmpty == ""True""","peek_obj_type == ""class java.lang.String""","push == ""True""","pop == ""False""","clear == ""False""","calledMethod == ""push""","size_p == ""0""",Yes
7015,1607899197406:5522fed4-6e3d-4847-8e52-4907b2c175bf,1607899197406:cea100e4-455d-4468-8dbe-bb804587568d,"size == ""2""","isEmpty == ""True""","peek_obj_type == ""class java.lang.String""","push == ""True""","pop == ""False""","clear == ""False""","calledMethod == ""push""","size_p == ""1""",Yes
7016,1607899197406:5522fed4-6e3d-4847-8e52-4907b2c175bf,1607899197406:cea100e4-455d-4468-8dbe-bb804587568d,"size == ""2""","isEmpty == ""True""","peek_obj_type == ""class java.lang.String""","push == ""False""","pop == ""False""","clear == ""True""","calledMethod == ""clear""","size_p == ""2""",Yes
7018,1607899197406:5522fed4-6e3d-4847-8e52-4907b2c175bf,1607899197406:511f53a0-a248-44be-88f1-e39aa902b9ad,"size == ""1""","isEmpty == ""True""","peek_obj_type == ""class java.lang.String""","push == ""True""","pop == ""False""","clear == ""False""","calledMethod == ""push""","size_p == ""0""",Yes
7019,1607899197406:5522fed4-6e3d-4847-8e52-4907b2c175bf,1607899197406:511f53a0-a248-44be-88f1-e39aa902b9ad,"size == ""2""","isEmpty == ""True""","peek_obj_type == ""class java.lang.String""","push == ""True""","pop == ""False""","clear == ""False""","calledMethod == ""push""","size_p == ""1""",Yes
7020,1607899197406:5522fed4-6e3d-4847-8e52-4907b2c175bf,1607899197406:511f53a0-a248-44be-88f1-e39aa902b9ad,"size == ""3""","isEmpty == ""True""","peek_obj_type == ""class java.lang.String""","push == ""True""","pop == ""False""","clear == ""False""","calledMethod == ""push""","size_p == ""2""",Yes
7022,1607899197406:5522fed4-6e3d-4847-8e52-4907b2c175bf,1607899197406:1c347bbc-b8d6-420e-b531-3f504dff6668,"size == ""1""","isEmpty == ""True""","peek_obj_type == ""class java.lang.String""","push == ""True""","pop == ""False""","clear == ""False""","calledMethod == ""push""","size_p == ""0""",Yes
7023,1607899197406:5522fed4-6e3d-4847-8e52-4907b2c175bf,1607899197406:1c347bbc-b8d6-420e-b531-3f504dff6668,"size == ""1""","isEmpty == ""True""","peek_obj_type == ""class java.lang.String""","push == ""False""","pop == ""True""","clear == ""False""","calledMethod == ""pop""","size_p == ""1""",Yes
7026,1607899197405:e064dc80-1dcf-4916-82e0-51076fcffe79,1607899197406:80d856e1-54e2-4d5a-a3da-edd22f917d2f,"size == ""1""","isEmpty == ""True""","peek_obj_type == ""class java.lang.String""","push == ""True""","pop == ""False""","clear == ""False""","calledMethod == ""push""","size_p == ""0""",Yes
7027,1607899197405:e064dc80-1dcf-4916-82e0-51076fcffe79,1607899197406:80d856e1-54e2-4d5a-a3da-edd22f917d2f,"size == ""1""","isEmpty == ""True""","peek_obj_type == ""class java.lang.String""","push == ""False""","pop == ""True""","clear == ""False""","calledMethod == ""pop""","size_p == ""1""",Yes
7029,1607899197405:e064dc80-1dcf-4916-82e0-51076fcffe79,1607899197405:2078b34a-6b9c-43eb-99c2-12389a8e7ba8,"size == ""1""","isEmpty == ""True""","peek_obj_type == ""class java.lang.String""","push == ""True""","pop == ""False""","clear == ""False""","calledMethod == ""push""","size_p == ""0""",Yes
7030,1607899197405:e064dc80-1dcf-4916-82e0-51076fcffe79,1607899197405:2078b34a-6b9c-43eb-99c2-12389a8e7ba8,"size == ""2""","isEmpty == ""True""","peek_obj_type == ""class java.lang.String""","push == ""True""","pop == ""False""","clear == ""False""","calledMethod == ""push""","size_p == ""1""",Yes
7031,1607899197405:e064dc80-1dcf-4916-82e0-51076fcffe79,1607899197405:2078b34a-6b9c-43eb-99c2-12389a8e7ba8,"size == ""3""","isEmpty == ""True""","peek_obj_type == ""class java.lang.String""","push == ""True""","pop == ""False""","clear == ""False""","calledMethod == ""push""","size_p == ""2""",Yes
7032,1607899197405:e064dc80-1dcf-4916-82e0-51076fcffe79,1607899197405:2078b34a-6b9c-43eb-99c2-12389a8e7ba8,"size == ""3""","isEmpty == ""True""","peek_obj_type == ""class java.lang.String""","push == ""False""","pop == ""False""","clear == ""True""","calledMethod == ""clear""","size_p == ""3""",Yes
7034,1607899197405:3a1b3136-6cce-42f9-90d6-9043ca873fba,1607899197405:fadc1d92-c9c5-4298-a25c-db2a3ee97a3b,"size == ""1""","isEmpty == ""True""","peek_obj_type == ""class java.lang.String""","push == ""True""","pop == ""False""","clear == ""False""","calledMethod == ""push""","size_p == ""0""",Yes
7035,1607899197405:3a1b3136-6cce-42f9-90d6-9043ca873fba,1607899197405:fadc1d92-c9c5-4298-a25c-db2a3ee97a3b,"size == ""1""","isEmpty == ""True""","peek_obj_type == ""class java.lang.String""","push == ""False""","pop == ""True""","clear == ""False""","calledMethod == ""pop""","size_p == ""1""",Yes
7038,1607899197405:3a1b3136-6cce-42f9-90d6-9043ca873fba,1607899197405:a3434618-51b8-4534-9e19-7c0ee6547961,"size == ""1""","isEmpty == ""True""","peek_obj_type == ""class java.lang.String""","push == ""True""","pop == ""False""","clear == ""False""","calledMethod == ""push""","size_p == ""0""",Yes
7039,1607899197405:3a1b3136-6cce-42f9-90d6-9043ca873fba,1607899197405:a3434618-51b8-4534-9e19-7c0ee6547961,"size == ""1""","isEmpty == ""True""","peek_obj_type == ""class java.lang.String""","push == ""False""","pop == ""False""","clear == ""True""","calledMethod == ""clear""","size_p == ""1""",Yes
7040,1607899197405:3a1b3136-6cce-42f9-90d6-9043ca873fba,1607899197405:a3434618-51b8-4534-9e19-7c0ee6547961,"size == ""1""","isEmpty == ""True""","peek_obj_type == ""class java.lang.String""","push == ""False""","pop == ""False""","clear == ""True""","calledMethod == ""clear""","size_p == ""1""",Yes
7041,1607899197405:3a1b3136-6cce-42f9-90d6-9043ca873fba,1607899197405:a3434618-51b8-4534-9e19-7c0ee6547961,"size == ""1""","isEmpty == ""True""","peek_obj_type == ""class java.lang.String""","push == ""False""","pop == ""False""","clear == ""True""","calledMethod == ""clear""","size_p == ""1""",Yes
7044,1607899197405:3a1b3136-6cce-42f9-90d6-9043ca873fba,1607899197405:5dc1958b-3a80-44da-ad94-6bb262d367d5,"size == ""1""","isEmpty == ""True""","peek_obj_type == ""class java.lang.String""","push == ""True""","pop == ""False""","clear == ""False""","calledMethod == ""push""","size_p == ""0""",Yes
7045,1607899197405:3a1b3136-6cce-42f9-90d6-9043ca873fba,1607899197405:5dc1958b-3a80-44da-ad94-6bb262d367d5,"size == ""1""","isEmpty == ""True""","peek_obj_type == ""class java.lang.String""","push == ""False""","pop == ""False""","clear == ""True""","calledMethod == ""clear""","size_p == ""1""",Yes
7046,1607899197405:3a1b3136-6cce-42f9-90d6-9043ca873fba,1607899197405:5dc1958b-3a80-44da-ad94-6bb262d367d5,"size == ""1""","isEmpty == ""True""","peek_obj_type == ""class java.lang.String""","push == ""False""","pop == ""False""","clear == ""True""","calledMethod == ""clear""","size_p == ""1""",Yes
7047,1607899197405:3a1b3136-6cce-42f9-90d6-9043ca873fba,1607899197405:5dc1958b-3a80-44da-ad94-6bb262d367d5,"size == ""1""","isEmpty == ""True""","peek_obj_type == ""class java.lang.String""","push == ""False""","pop == ""False""","clear == ""True""","calledMethod == ""clear""","size_p == ""1""",Yes
7049,1607899197404:ef00af9b-80cb-4560-be85-c9cb2a569f29,1607899197404:02d04621-548d-4d35-9783-e0c9543aca26,"size == ""1""","isEmpty == ""True""","peek_obj_type == ""class java.lang.String""","push == ""True""","pop == ""False""","clear == ""False""","calledMethod == ""push""","size_p == ""0""",Yes
7050,1607899197404:ef00af9b-80cb-4560-be85-c9cb2a569f29,1607899197404:02d04621-548d-4d35-9783-e0c9543aca26,"size == ""1""","isEmpty == ""True""","peek_obj_type == ""class java.lang.String""","push == ""False""","pop == ""True""","clear == ""False""","calledMethod == ""pop""","size_p == ""1""",Yes
7052,1607899197404:ace4ee5c-6193-4366-b12b-74b6e6130917,1607899197404:69c7ac41-f4a0-434c-8241-ed7d5247aaae,"size == ""1""","isEmpty == ""True""","peek_obj_type == ""class java.lang.String""","push == ""True""","pop == ""False""","clear == ""False""","calledMethod == ""push""","size_p == ""0""",Yes
7053,1607899197404:ace4ee5c-6193-4366-b12b-74b6e6130917,1607899197404:69c7ac41-f4a0-434c-8241-ed7d5247aaae,"size == ""1""","isEmpty == ""True""","peek_obj_type == ""class java.lang.String""","push == ""False""","pop == ""True""","clear == ""False""","calledMethod == ""pop""","size_p == ""1""",Yes
7056,1607899197404:51b27a3c-b9b7-4b86-9382-89b86ba817b3,1607899197404:22b7dac5-400b-4053-a8b2-47195476da39,"size == ""1""","isEmpty == ""True""","peek_obj_type == ""class java.lang.String""","push == ""True""","pop == ""False""","clear == ""False""","calledMethod == ""push""","size_p == ""0""",Yes
7057,1607899197404:51b27a3c-b9b7-4b86-9382-89b86ba817b3,1607899197404:22b7dac5-400b-4053-a8b2-47195476da39,"size == ""1""","isEmpty == ""True""","peek_obj_type == ""class java.lang.String""","push == ""False""","pop == ""True""","clear == ""False""","calledMethod == ""pop""","size_p == ""1""",Yes
7060,1607899197403:f1f76789-110e-4582-8be4-6cd44352ab1e,1607899197403:9dd905ea-8fc7-4d30-bbf5-f2cd1ed436d7,"size == ""1""","isEmpty == ""True""","peek_obj_type == ""class java.lang.String""","push == ""True""","pop == ""False""","clear == ""False""","calledMethod == ""push""","size_p == ""0""",Yes
7061,1607899197403:f1f76789-110e-4582-8be4-6cd44352ab1e,1607899197403:9dd905ea-8fc7-4d30-bbf5-f2cd1ed436d7,"size == ""1""","isEmpty == ""True""","peek_obj_type == ""class java.lang.String""","push == ""False""","pop == ""True""","clear == ""False""","calledMethod == ""pop""","size_p == ""1""",Yes
7063,1607899197403:f1f76789-110e-4582-8be4-6cd44352ab1e,1607899197403:444fd059-182d-428e-ad59-f513204a32ac,"size == ""1""","isEmpty == ""True""","peek_obj_type == ""class java.lang.String""","push == ""True""","pop == ""False""","clear == ""False""","calledMethod == ""push""","size_p == ""0""",Yes
7064,1607899197403:f1f76789-110e-4582-8be4-6cd44352ab1e,1607899197403:444fd059-182d-428e-ad59-f513204a32ac,"size == ""2""","isEmpty == ""True""","peek_obj_type == ""class java.lang.String""","push == ""True""","pop == ""False""","clear == ""False""","calledMethod == ""push""","size_p == ""1""",Yes
7065,1607899197403:f1f76789-110e-4582-8be4-6cd44352ab1e,1607899197403:444fd059-182d-428e-ad59-f513204a32ac,"size == ""3""","isEmpty == ""True""","peek_obj_type == ""class java.lang.String""","push == ""True""","pop == ""False""","clear == ""False""","calledMethod == ""push""","size_p == ""2""",Yes
7067,1607899197403:9d172ad0-1f23-495b-a3b0-7c0a42a2b582,1607899197403:bd0f1bc9-e932-4c9f-93b7-1e72bb4dfbd6,"size == ""1""","isEmpty == ""True""","peek_obj_type == ""class java.lang.String""","push == ""True""","pop == ""False""","clear == ""False""","calledMethod == ""push""","size_p == ""0""",Yes
7068,1607899197403:9d172ad0-1f23-495b-a3b0-7c0a42a2b582,1607899197403:bd0f1bc9-e932-4c9f-93b7-1e72bb4dfbd6,"size == ""1""","isEmpty == ""True""","peek_obj_type == ""class java.lang.String""","push == ""False""","pop == ""True""","clear == ""False""","calledMethod == ""pop""","size_p == ""1""",Yes
7070,1607899197403:17cd9afd-d1e0-4392-8718-f7ef3f6adccc,1607899197403:4baf3b96-414e-4330-bcb9-f6b1450cffa8,"size == ""1""","isEmpty == ""True""","peek_obj_type == ""class java.lang.String""","push == ""True""","pop == ""False""","clear == ""False""","calledMethod == ""push""","size_p == ""0""",Yes
7071,1607899197403:17cd9afd-d1e0-4392-8718-f7ef3f6adccc,1607899197403:4baf3b96-414e-4330-bcb9-f6b1450cffa8,"size == ""1""","isEmpty == ""True""","peek_obj_type == ""class java.lang.String""","push == ""False""","pop == ""True""","clear == ""False""","calledMethod == ""pop""","size_p == ""1""",Yes
7073,1607899197403:17cd9afd-d1e0-4392-8718-f7ef3f6adccc,1607899197403:4070f21a-d060-4323-a7b0-f821485f3eea,"size == ""1""","isEmpty == ""True""","peek_obj_type == ""class java.lang.String""","push == ""True""","pop == ""False""","clear == ""False""","calledMethod == ""push""","size_p == ""0""",Yes
7074,1607899197403:17cd9afd-d1e0-4392-8718-f7ef3f6adccc,1607899197403:4070f21a-d060-4323-a7b0-f821485f3eea,"size == ""2""","isEmpty == ""True""","peek_obj_type == ""class java.lang.String""","push == ""True""","pop == ""False""","clear == ""False""","calledMethod == ""push""","size_p == ""1""",Yes
7076,1607899197402:ba33a768-8438-4e18-9ed3-530cd52ebfa4,1607899197402:ea04cedc-29dd-419d-a8bc-987dda432c2b,"size == ""1""","isEmpty == ""True""","peek_obj_type == ""class java.lang.String""","push == ""True""","pop == ""False""","clear == ""False""","calledMethod == ""push""","size_p == ""0""",Yes
7077,1607899197402:ba33a768-8438-4e18-9ed3-530cd52ebfa4,1607899197402:ea04cedc-29dd-419d-a8bc-987dda432c2b,"size == ""1""","isEmpty == ""True""","peek_obj_type == ""class java.lang.String""","push == ""False""","pop == ""True""","clear == ""False""","calledMethod == ""pop""","size_p == ""1""",Yes
7079,1607899197402:b14237c6-259d-4076-b665-ebe8e420ed3c,1607899197402:d9237471-2cac-4f57-94ef-fa9536f887cb,"size == ""1""","isEmpty == ""True""","peek_obj_type == ""class java.lang.String""","push == ""True""","pop == ""False""","clear == ""False""","calledMethod == ""push""","size_p == ""0""",Yes
7081,1607899197402:b14237c6-259d-4076-b665-ebe8e420ed3c,1607899197402:aeccd459-4007-40df-b98b-f06639f4bf01,"size == ""1""","isEmpty == ""True""","peek_obj_type == ""class java.lang.String""","push == ""True""","pop == ""False""","clear == ""False""","calledMethod == ""push""","size_p == ""0""",Yes
7082,1607899197402:b14237c6-259d-4076-b665-ebe8e420ed3c,1607899197402:aeccd459-4007-40df-b98b-f06639f4bf01,"size == ""1""","isEmpty == ""True""","peek_obj_type == ""class java.lang.String""","push == ""False""","pop == ""True""","clear == ""False""","calledMethod == ""pop""","size_p == ""1""",Yes
7084,1607899197402:311a6fc0-8ee5-4eca-8ee5-26d23ace0e86,1607899197402:835a8ec1-c250-4a01-98ae-dbf7e6964396,"size == ""1""","isEmpty == ""True""","peek_obj_type == ""class java.lang.String""","push == ""True""","pop == ""False""","clear == ""False""","calledMethod == ""push""","size_p == ""0""",Yes
7085,1607899197402:311a6fc0-8ee5-4eca-8ee5-26d23ace0e86,1607899197402:835a8ec1-c250-4a01-98ae-dbf7e6964396,"size == ""1""","isEmpty == ""True""","peek_obj_type == ""class java.lang.String""","push == ""False""","pop == ""True""","clear == ""False""","calledMethod == ""pop""","size_p == ""1""",Yes
7087,1607899197402:0dafbeee-3ba3-4bff-8207-3122f21bc5a6,1607899197402:874beac2-1c18-4c25-93e3-35b22224b8fd,"size == ""1""","isEmpty == ""True""","peek_obj_type == ""class java.lang.String""","push == ""True""","pop == ""False""","clear == ""False""","calledMethod == ""push""","size_p == ""0""",Yes
7088,1607899197402:0dafbeee-3ba3-4bff-8207-3122f21bc5a6,1607899197402:874beac2-1c18-4c25-93e3-35b22224b8fd,"size == ""1""","isEmpty == ""True""","peek_obj_type == ""class java.lang.String""","push == ""False""","pop == ""True""","clear == ""False""","calledMethod == ""pop""","size_p == ""1""",Yes
7091,1607899197402:0dafbeee-3ba3-4bff-8207-3122f21bc5a6,1607899197402:784f48dd-7564-4fab-a1db-1b489db87876,"size == ""1""","isEmpty == ""True""","peek_obj_type == ""class java.lang.String""","push == ""True""","pop == ""False""","clear == ""False""","calledMethod == ""push""","size_p == ""0""",Yes
7092,1607899197402:0dafbeee-3ba3-4bff-8207-3122f21bc5a6,1607899197402:784f48dd-7564-4fab-a1db-1b489db87876,"size == ""1""","isEmpty == ""True""","peek_obj_type == ""class java.lang.String""","push == ""False""","pop == ""False""","clear == ""True""","calledMethod == ""clear""","size_p == ""1""",Yes
7094,1607899197400:df93dcf8-e34e-4353-b254-2227fb141de3,1607899197402:1c93510c-02c9-4e56-9027-3d7fb1137934,"size == ""1""","isEmpty == ""True""","peek_obj_type == ""class java.lang.String""","push == ""True""","pop == ""False""","clear == ""False""","calledMethod == ""push""","size_p == ""0""",Yes
7095,1607899197400:df93dcf8-e34e-4353-b254-2227fb141de3,1607899197402:1c93510c-02c9-4e56-9027-3d7fb1137934,"size == ""1""","isEmpty == ""True""","peek_obj_type == ""class java.lang.String""","push == ""False""","pop == ""True""","clear == ""False""","calledMethod == ""pop""","size_p == ""1""",Yes
7098,1607899197400:b8f64f1c-5f05-41b1-8ca0-1a875ca2268c,1607899197400:684cba8c-2eb1-4d54-a83e-22d150386c64,"size == ""1""","isEmpty == ""True""","peek_obj_type == ""class java.lang.String""","push == ""True""","pop == ""False""","clear == ""False""","calledMethod == ""push""","size_p == ""0""",Yes
7099,1607899197400:b8f64f1c-5f05-41b1-8ca0-1a875ca2268c,1607899197400:684cba8c-2eb1-4d54-a83e-22d150386c64,"size == ""1""","isEmpty == ""True""","peek_obj_type == ""class java.lang.String""","push == ""False""","pop == ""False""","clear == ""True""","calledMethod == ""clear""","size_p == ""1""",Yes
7100,1607899197400:b8f64f1c-5f05-41b1-8ca0-1a875ca2268c,1607899197400:684cba8c-2eb1-4d54-a83e-22d150386c64,"size == ""1""","isEmpty == ""True""","peek_obj_type == ""class java.lang.String""","push == ""False""","pop == ""False""","clear == ""True""","calledMethod == ""clear""","size_p == ""1""",Yes
7101,1607899197400:b8f64f1c-5f05-41b1-8ca0-1a875ca2268c,1607899197400:684cba8c-2eb1-4d54-a83e-22d150386c64,"size == ""1""","isEmpty == ""True""","peek_obj_type == ""class java.lang.String""","push == ""False""","pop == ""False""","clear == ""True""","calledMethod == ""clear""","size_p == ""1""",Yes
7103,1607899197399:fa229235-a117-4423-8bc7-4da8147f2c2e,1607899197399:c9a7d439-3888-47de-b4cc-ddb7c29715be,"size == ""1""","isEmpty == ""True""","peek_obj_type == ""class java.lang.String""","push == ""True""","pop == ""False""","clear == ""False""","calledMethod == ""push""","size_p == ""0""",Yes
7104,1607899197399:fa229235-a117-4423-8bc7-4da8147f2c2e,1607899197399:c9a7d439-3888-47de-b4cc-ddb7c29715be,"size == ""1""","isEmpty == ""True""","peek_obj_type == ""class java.lang.String""","push == ""False""","pop == ""True""","clear == ""False""","calledMethod == ""pop""","size_p == ""1""",Yes
7106,1607899197399:c403ee64-d73c-4b3e-9d89-6ba011813a63,1607899197399:c65c6eed-d669-4af8-94d6-4f83b78070f8,"size == ""1""","isEmpty == ""True""","peek_obj_type == ""class java.lang.String""","push == ""True""","pop == ""False""","clear == ""False""","calledMethod == ""push""","size_p == ""0""",Yes
7107,1607899197399:c403ee64-d73c-4b3e-9d89-6ba011813a63,1607899197399:c65c6eed-d669-4af8-94d6-4f83b78070f8,"size == ""2""","isEmpty == ""True""","peek_obj_type == ""class java.lang.String""","push == ""True""","pop == ""False""","clear == ""False""","calledMethod == ""push""","size_p == ""1""",Yes
7108,1607899197399:c403ee64-d73c-4b3e-9d89-6ba011813a63,1607899197399:c65c6eed-d669-4af8-94d6-4f83b78070f8,"size == ""2""","isEmpty == ""True""","peek_obj_type == ""class java.lang.String""","push == ""False""","pop == ""False""","clear == ""True""","calledMethod == ""clear""","size_p == ""2""",Yes
7110,1607899197399:c403ee64-d73c-4b3e-9d89-6ba011813a63,1607899197399:3cfad568-0e55-4d32-94e0-6ba3da4d4130,"size == ""1""","isEmpty == ""True""","peek_obj_type == ""class java.lang.String""","push == ""True""","pop == ""False""","clear == ""False""","calledMethod == ""push""","size_p == ""0""",Yes
7111,1607899197399:c403ee64-d73c-4b3e-9d89-6ba011813a63,1607899197399:3cfad568-0e55-4d32-94e0-6ba3da4d4130,"size == ""1""","isEmpty == ""True""","peek_obj_type == ""class java.lang.String""","push == ""False""","pop == ""True""","clear == ""False""","calledMethod == ""pop""","size_p == ""1""",Yes
7113,1607899197399:b86b945f-79a2-414c-9927-1513ad095e0d,1607899197399:2106ad48-fa6e-42f3-9434-896a9f5f0382,"size == ""1""","isEmpty == ""True""","peek_obj_type == ""class java.lang.String""","push == ""True""","pop == ""False""","clear == ""False""","calledMethod == ""push""","size_p == ""0""",Yes
7114,1607899197399:b86b945f-79a2-414c-9927-1513ad095e0d,1607899197399:2106ad48-fa6e-42f3-9434-896a9f5f0382,"size == ""2""","isEmpty == ""True""","peek_obj_type == ""class java.lang.String""","push == ""True""","pop == ""False""","clear == ""False""","calledMethod == ""push""","size_p == ""1""",Yes
7116,1607899197399:b86b945f-79a2-414c-9927-1513ad095e0d,1607899197399:113c1dc1-c6ee-4d6a-b8e7-beb7449bc68a,"size == ""1""","isEmpty == ""True""","peek_obj_type == ""class java.lang.String""","push == ""True""","pop == ""False""","clear == ""False""","calledMethod == ""push""","size_p == ""0""",Yes
7117,1607899197399:b86b945f-79a2-414c-9927-1513ad095e0d,1607899197399:113c1dc1-c6ee-4d6a-b8e7-beb7449bc68a,"size == ""1""","isEmpty == ""True""","peek_obj_type == ""class java.lang.String""","push == ""False""","pop == ""True""","clear == ""False""","calledMethod == ""pop""","size_p == ""1""",Yes
7119,1607899197399:b2e17b60-242b-4ff7-8138-42d7c45529ba,1607899197399:6c47fc22-a178-40b4-a08c-45330c6848b5,"size == ""1""","isEmpty == ""True""","peek_obj_type == ""class java.lang.String""","push == ""True""","pop == ""False""","clear == ""False""","calledMethod == ""push""","size_p == ""0""",Yes
7120,1607899197399:b2e17b60-242b-4ff7-8138-42d7c45529ba,1607899197399:6c47fc22-a178-40b4-a08c-45330c6848b5,"size == ""1""","isEmpty == ""True""","peek_obj_type == ""class java.lang.String""","push == ""False""","pop == ""True""","clear == ""False""","calledMethod == ""pop""","size_p == ""1""",Yes
7122,1607899197399:46504ff0-9f8a-43ac-96fd-d327a87e8d53,1607899197399:45d852c6-a460-463f-bc5b-9bc0d0117176,"size == ""1""","isEmpty == ""True""","peek_obj_type == ""class java.lang.String""","push == ""True""","pop == ""False""","clear == ""False""","calledMethod == ""push""","size_p == ""0""",Yes
7123,1607899197399:46504ff0-9f8a-43ac-96fd-d327a87e8d53,1607899197399:45d852c6-a460-463f-bc5b-9bc0d0117176,"size == ""1""","isEmpty == ""True""","peek_obj_type == ""class java.lang.String""","push == ""False""","pop == ""True""","clear == ""False""","calledMethod == ""pop""","size_p == ""1""",Yes
7125,1607899197398:a199085c-848f-4133-8dcf-4315a4a1d434,1607899197398:aaaf4f17-5f92-4689-99e7-4c1dcbf61baf,"size == ""1""","isEmpty == ""True""","peek_obj_type == ""class java.lang.String""","push == ""True""","pop == ""False""","clear == ""False""","calledMethod == ""push""","size_p == ""0""",Yes
7126,1607899197398:a199085c-848f-4133-8dcf-4315a4a1d434,1607899197398:aaaf4f17-5f92-4689-99e7-4c1dcbf61baf,"size == ""1""","isEmpty == ""True""","peek_obj_type == ""class java.lang.String""","push == ""False""","pop == ""True""","clear == ""False""","calledMethod == ""pop""","size_p == ""1""",Yes
7128,1607899197398:102d9e88-115a-4237-8e2a-992720caa458,1607899197398:93ff5b05-184b-49f1-88c8-2897e9695c4d,"size == ""1""","isEmpty == ""True""","peek_obj_type == ""class java.lang.String""","push == ""True""","pop == ""False""","clear == ""False""","calledMethod == ""push""","size_p == ""0""",Yes
7130,1607899197398:102d9e88-115a-4237-8e2a-992720caa458,1607899197398:25772726-ac43-43eb-9616-5983a6678371,"size == ""1""","isEmpty == ""True""","peek_obj_type == ""class java.lang.String""","push == ""True""","pop == ""False""","clear == ""False""","calledMethod == ""push""","size_p == ""0""",Yes
7131,1607899197398:102d9e88-115a-4237-8e2a-992720caa458,1607899197398:25772726-ac43-43eb-9616-5983a6678371,"size == ""2""","isEmpty == ""True""","peek_obj_type == ""class java.lang.String""","push == ""True""","pop == ""False""","clear == ""False""","calledMethod == ""push""","size_p == ""1""",Yes
7132,1607899197398:102d9e88-115a-4237-8e2a-992720caa458,1607899197398:25772726-ac43-43eb-9616-5983a6678371,"size == ""3""","isEmpty == ""True""","peek_obj_type == ""class java.lang.String""","push == ""True""","pop == ""False""","clear == ""False""","calledMethod == ""push""","size_p == ""2""",Yes
7133,1607899197398:102d9e88-115a-4237-8e2a-992720caa458,1607899197398:25772726-ac43-43eb-9616-5983a6678371,"size == ""3""","isEmpty == ""True""","peek_obj_type == ""class java.lang.String""","push == ""False""","pop == ""False""","clear == ""True""","calledMethod == ""clear""","size_p == ""3""",Yes
7135,1607899197398:102d9e88-115a-4237-8e2a-992720caa458,1607899197398:07fb5190-1146-4307-a6f5-bc9e3cc6be31,"size == ""1""","isEmpty == ""True""","peek_obj_type == ""class java.lang.String""","push == ""True""","pop == ""False""","clear == ""False""","calledMethod == ""push""","size_p == ""0""",Yes
7136,1607899197398:102d9e88-115a-4237-8e2a-992720caa458,1607899197398:07fb5190-1146-4307-a6f5-bc9e3cc6be31,"size == ""1""","isEmpty == ""True""","peek_obj_type == ""class java.lang.String""","push == ""False""","pop == ""True""","clear == ""False""","calledMethod == ""pop""","size_p == ""1""",Yes
7138,1607899197397:f871a3c7-f827-4219-8b3e-f3631abdbb14,1607899197397:fa3684c9-3dc5-49e7-b544-82ebb936e815,"size == ""1""","isEmpty == ""True""","peek_obj_type == ""class java.lang.String""","push == ""True""","pop == ""False""","clear == ""False""","calledMethod == ""push""","size_p == ""0""",Yes
7140,1607899197397:f871a3c7-f827-4219-8b3e-f3631abdbb14,1607899197397:7c712eeb-c742-47a2-9943-60ddf15dc952,"size == ""1""","isEmpty == ""True""","peek_obj_type == ""class java.lang.String""","push == ""True""","pop == ""False""","clear == ""False""","calledMethod == ""push""","size_p == ""0""",Yes
7141,1607899197397:f871a3c7-f827-4219-8b3e-f3631abdbb14,1607899197397:7c712eeb-c742-47a2-9943-60ddf15dc952,"size == ""1""","isEmpty == ""True""","peek_obj_type == ""class java.lang.String""","push == ""False""","pop == ""True""","clear == ""False""","calledMethod == ""pop""","size_p == ""1""",Yes
7143,1607899197397:84e4bd8f-a7e8-4f9d-b373-7ea077e30635,1607899197398:afd888c5-ab07-4b34-8eaf-7a9c385be89b,"size == ""1""","isEmpty == ""True""","peek_obj_type == ""class java.lang.String""","push == ""True""","pop == ""False""","clear == ""False""","calledMethod == ""push""","size_p == ""0""",Yes
7144,1607899197397:84e4bd8f-a7e8-4f9d-b373-7ea077e30635,1607899197398:afd888c5-ab07-4b34-8eaf-7a9c385be89b,"size == ""1""","isEmpty == ""True""","peek_obj_type == ""class java.lang.String""","push == ""False""","pop == ""True""","clear == ""False""","calledMethod == ""pop""","size_p == ""1""",Yes
7146,1607899197397:84e4bd8f-a7e8-4f9d-b373-7ea077e30635,1607899197397:4d696d64-a1eb-4af2-8dbe-a35b60feabe3,"size == ""1""","isEmpty == ""True""","peek_obj_type == ""class java.lang.String""","push == ""True""","pop == ""False""","clear == ""False""","calledMethod == ""push""","size_p == ""0""",Yes
7147,1607899197397:84e4bd8f-a7e8-4f9d-b373-7ea077e30635,1607899197397:4d696d64-a1eb-4af2-8dbe-a35b60feabe3,"size == ""2""","isEmpty == ""True""","peek_obj_type == ""class java.lang.String""","push == ""True""","pop == ""False""","clear == ""False""","calledMethod == ""push""","size_p == ""1""",Yes
7150,1607899197397:5735ea8b-f30e-4e12-88fb-d506ee1709af,1607899197397:669ee4b5-5b19-4b78-92c5-7afae63d4d54,"size == ""1""","isEmpty == ""True""","peek_obj_type == ""class java.lang.String""","push == ""True""","pop == ""False""","clear == ""False""","calledMethod == ""push""","size_p == ""0""",Yes
7152,1607899197397:5735ea8b-f30e-4e12-88fb-d506ee1709af,1607899197397:25e005b7-3e33-426e-b611-c3d06adfc998,"size == ""1""","isEmpty == ""True""","peek_obj_type == ""class java.lang.String""","push == ""True""","pop == ""False""","clear == ""False""","calledMethod == ""push""","size_p == ""0""",Yes
7153,1607899197397:5735ea8b-f30e-4e12-88fb-d506ee1709af,1607899197397:25e005b7-3e33-426e-b611-c3d06adfc998,"size == ""1""","isEmpty == ""True""","peek_obj_type == ""class java.lang.String""","push == ""False""","pop == ""True""","clear == ""False""","calledMethod == ""pop""","size_p == ""1""",Yes
7155,1607899197396:f78e1f92-6052-4f07-9f26-7f398b798322,1607899197396:cf40395a-0572-4270-a7ad-e4d31f3dea69,"size == ""1""","isEmpty == ""True""","peek_obj_type == ""class java.lang.String""","push == ""True""","pop == ""False""","clear == ""False""","calledMethod == ""push""","size_p == ""0""",Yes
7156,1607899197396:f78e1f92-6052-4f07-9f26-7f398b798322,1607899197396:cf40395a-0572-4270-a7ad-e4d31f3dea69,"size == ""1""","isEmpty == ""True""","peek_obj_type == ""class java.lang.String""","push == ""False""","pop == ""True""","clear == ""False""","calledMethod == ""pop""","size_p == ""1""",Yes
7159,1607899197396:e858d82d-f49c-4773-895c-2e9b84eff1d3,1607899197396:43182c18-7be4-4235-afa0-f25ee3b082e9,"size == ""1""","isEmpty == ""True""","peek_obj_type == ""class java.lang.String""","push == ""True""","pop == ""False""","clear == ""False""","calledMethod == ""push""","size_p == ""0""",Yes
7160,1607899197396:e858d82d-f49c-4773-895c-2e9b84eff1d3,1607899197396:43182c18-7be4-4235-afa0-f25ee3b082e9,"size == ""1""","isEmpty == ""True""","peek_obj_type == ""class java.lang.String""","push == ""False""","pop == ""True""","clear == ""False""","calledMethod == ""pop""","size_p == ""1""",Yes
7162,1607899197396:a5489a80-3845-4724-92c9-1089bbdfa2b1,1607899197396:53467bd6-8967-457c-a5cb-e8dd1548cc12,"size == ""1""","isEmpty == ""True""","peek_obj_type == ""class java.lang.String""","push == ""True""","pop == ""False""","clear == ""False""","calledMethod == ""push""","size_p == ""0""",Yes
7163,1607899197396:a5489a80-3845-4724-92c9-1089bbdfa2b1,1607899197396:53467bd6-8967-457c-a5cb-e8dd1548cc12,"size == ""2""","isEmpty == ""True""","peek_obj_type == ""class java.lang.String""","push == ""True""","pop == ""False""","clear == ""False""","calledMethod == ""push""","size_p == ""1""",Yes
7164,1607899197396:a5489a80-3845-4724-92c9-1089bbdfa2b1,1607899197396:53467bd6-8967-457c-a5cb-e8dd1548cc12,"size == ""3""","isEmpty == ""True""","peek_obj_type == ""class java.lang.String""","push == ""True""","pop == ""False""","clear == ""False""","calledMethod == ""push""","size_p == ""2""",Yes
7165,1607899197396:a5489a80-3845-4724-92c9-1089bbdfa2b1,1607899197396:53467bd6-8967-457c-a5cb-e8dd1548cc12,"size == ""3""","isEmpty == ""True""","peek_obj_type == ""class java.lang.String""","push == ""False""","pop == ""True""","clear == ""False""","calledMethod == ""pop""","size_p == ""3""",Yes
7167,1607899197395:f7c9cdb9-d227-4eb2-9778-24ea441a6d13,1607899197395:7afa8191-6b66-4de9-9d85-b97924acfedd,"size == ""1""","isEmpty == ""True""","peek_obj_type == ""class java.lang.String""","push == ""True""","pop == ""False""","clear == ""False""","calledMethod == ""push""","size_p == ""0""",Yes
7168,1607899197395:f7c9cdb9-d227-4eb2-9778-24ea441a6d13,1607899197395:7afa8191-6b66-4de9-9d85-b97924acfedd,"size == ""1""","isEmpty == ""True""","peek_obj_type == ""class java.lang.String""","push == ""False""","pop == ""True""","clear == ""False""","calledMethod == ""pop""","size_p == ""1""",Yes
7170,1607899197395:ba5739c5-17e4-4d56-a3a0-302e7e90437d,1607899197395:ab4811ec-eddf-4d2c-ad0e-b9c9434faea0,"size == ""1""","isEmpty == ""True""","peek_obj_type == ""class java.lang.String""","push == ""True""","pop == ""False""","clear == ""False""","calledMethod == ""push""","size_p == ""0""",Yes
7171,1607899197395:ba5739c5-17e4-4d56-a3a0-302e7e90437d,1607899197395:ab4811ec-eddf-4d2c-ad0e-b9c9434faea0,"size == ""1""","isEmpty == ""True""","peek_obj_type == ""class java.lang.String""","push == ""False""","pop == ""True""","clear == ""False""","calledMethod == ""pop""","size_p == ""1""",Yes
7173,1607899197395:7720190d-0d08-4ee2-8b89-112d757b16f3,1607899197395:d90fcb5a-4ced-4e8a-9b41-b000d061b67d,"size == ""1""","isEmpty == ""True""","peek_obj_type == ""class java.lang.String""","push == ""True""","pop == ""False""","clear == ""False""","calledMethod == ""push""","size_p == ""0""",Yes
7176,1607899197395:7720190d-0d08-4ee2-8b89-112d757b16f3,1607899197395:3815263d-e1a3-4532-960f-196ab4c07c4f,"size == ""1""","isEmpty == ""True""","peek_obj_type == ""class java.lang.String""","push == ""True""","pop == ""False""","clear == ""False""","calledMethod == ""push""","size_p == ""0""",Yes
7177,1607899197395:7720190d-0d08-4ee2-8b89-112d757b16f3,1607899197395:3815263d-e1a3-4532-960f-196ab4c07c4f,"size == ""1""","isEmpty == ""True""","peek_obj_type == ""class java.lang.String""","push == ""False""","pop == ""True""","clear == ""False""","calledMethod == ""pop""","size_p == ""1""",Yes
7179,1607899197395:3ab09397-ea80-4506-ad16-5e35a6ac36a9,1607899197395:4fcee668-d1a7-4d43-b1f6-144d21787890,"size == ""1""","isEmpty == ""True""","peek_obj_type == ""class java.lang.String""","push == ""True""","pop == ""False""","clear == ""False""","calledMethod == ""push""","size_p == ""0""",Yes
7180,1607899197395:3ab09397-ea80-4506-ad16-5e35a6ac36a9,1607899197395:4fcee668-d1a7-4d43-b1f6-144d21787890,"size == ""1""","isEmpty == ""True""","peek_obj_type == ""class java.lang.String""","push == ""False""","pop == ""True""","clear == ""False""","calledMethod == ""pop""","size_p == ""1""",Yes
7182,1607899197394:4c183887-10c9-420a-949c-d639c5b91a06,1607899197394:dc82fe18-ddd2-48f7-bbbf-9a591a393abd,"size == ""1""","isEmpty == ""True""","peek_obj_type == ""class java.lang.String""","push == ""True""","pop == ""False""","clear == ""False""","calledMethod == ""push""","size_p == ""0""",Yes
7185,1607899197394:4c183887-10c9-420a-949c-d639c5b91a06,1607899197394:589b2084-a8dc-4c32-ada5-f797538c4d44,"size == ""1""","isEmpty == ""True""","peek_obj_type == ""class java.lang.String""","push == ""True""","pop == ""False""","clear == ""False""","calledMethod == ""push""","size_p == ""0""",Yes
7186,1607899197394:4c183887-10c9-420a-949c-d639c5b91a06,1607899197394:589b2084-a8dc-4c32-ada5-f797538c4d44,"size == ""1""","isEmpty == ""True""","peek_obj_type == ""class java.lang.String""","push == ""False""","pop == ""True""","clear == ""False""","calledMethod == ""pop""","size_p == ""1""",Yes
7188,1607899197394:04f91326-44cf-424f-8140-b47f8489ce6d,1607899197394:508665a1-798c-491a-8178-b3f6d92770ea,"size == ""1""","isEmpty == ""True""","peek_obj_type == ""class java.lang.String""","push == ""True""","pop == ""False""","clear == ""False""","calledMethod == ""push""","size_p == ""0""",Yes
7189,1607899197394:04f91326-44cf-424f-8140-b47f8489ce6d,1607899197394:508665a1-798c-491a-8178-b3f6d92770ea,"size == ""1""","isEmpty == ""True""","peek_obj_type == ""class java.lang.String""","push == ""False""","pop == ""True""","clear == ""False""","calledMethod == ""pop""","size_p == ""1""",Yes
7192,1607899197394:04f91326-44cf-424f-8140-b47f8489ce6d,1607899197394:32182e46-6798-447b-a0c6-c3e2d9191d8c,"size == ""1""","isEmpty == ""True""","peek_obj_type == ""class java.lang.String""","push == ""True""","pop == ""False""","clear == ""False""","calledMethod == ""push""","size_p == ""0""",Yes
7193,1607899197394:04f91326-44cf-424f-8140-b47f8489ce6d,1607899197394:32182e46-6798-447b-a0c6-c3e2d9191d8c,"size == ""1""","isEmpty == ""True""","peek_obj_type == ""class java.lang.String""","push == ""False""","pop == ""False""","clear == ""True""","calledMethod == ""clear""","size_p == ""1""",Yes
7194,1607899197394:04f91326-44cf-424f-8140-b47f8489ce6d,1607899197394:32182e46-6798-447b-a0c6-c3e2d9191d8c,"size == ""1""","isEmpty == ""True""","peek_obj_type == ""class java.lang.String""","push == ""False""","pop == ""False""","clear == ""True""","calledMethod == ""clear""","size_p == ""1""",Yes
7195,1607899197394:04f91326-44cf-424f-8140-b47f8489ce6d,1607899197394:32182e46-6798-447b-a0c6-c3e2d9191d8c,"size == ""1""","isEmpty == ""True""","peek_obj_type == ""class java.lang.String""","push == ""False""","pop == ""False""","clear == ""True""","calledMethod == ""clear""","size_p == ""1""",Yes
7197,1607899197393:a9af8ce0-9aa5-42dd-a1e6-051c196c3ffe,1607899197393:41135831-9333-4f71-86cb-72cc787e6de4,"size == ""1""","isEmpty == ""True""","peek_obj_type == ""class java.lang.String""","push == ""True""","pop == ""False""","clear == ""False""","calledMethod == ""push""","size_p == ""0""",Yes
7199,1607899197393:a9af8ce0-9aa5-42dd-a1e6-051c196c3ffe,1607899197393:3220f087-f1a3-4c85-9c0c-70a290b71da5,"size == ""1""","isEmpty == ""True""","peek_obj_type == ""class java.lang.String""","push == ""True""","pop == ""False""","clear == ""False""","calledMethod == ""push""","size_p == ""0""",Yes
7200,1607899197393:a9af8ce0-9aa5-42dd-a1e6-051c196c3ffe,1607899197393:3220f087-f1a3-4c85-9c0c-70a290b71da5,"size == ""1""","isEmpty == ""True""","peek_obj_type == ""class java.lang.String""","push == ""False""","pop == ""True""","clear == ""False""","calledMethod == ""pop""","size_p == ""1""",Yes
7202,1607899197393:68000119-8535-4b58-a1e5-9da785b45de9,1607899197393:4631331b-aa88-4e0d-a4d8-8ac6191fbf83,"size == ""1""","isEmpty == ""True""","peek_obj_type == ""class java.lang.String""","push == ""True""","pop == ""False""","clear == ""False""","calledMethod == ""push""","size_p == ""0""",Yes
7203,1607899197393:68000119-8535-4b58-a1e5-9da785b45de9,1607899197393:4631331b-aa88-4e0d-a4d8-8ac6191fbf83,"size == ""1""","isEmpty == ""True""","peek_obj_type == ""class java.lang.String""","push == ""False""","pop == ""True""","clear == ""False""","calledMethod == ""pop""","size_p == ""1""",Yes
7205,1607899197393:136518aa-6491-4f45-b6f5-ed19fca6dd1e,1607899197393:d3ca675b-5e4e-44d4-9071-36e4a267f058,"size == ""1""","isEmpty == ""True""","peek_obj_type == ""class java.lang.String""","push == ""True""","pop == ""False""","clear == ""False""","calledMethod == ""push""","size_p == ""0""",Yes
7206,1607899197393:136518aa-6491-4f45-b6f5-ed19fca6dd1e,1607899197393:d3ca675b-5e4e-44d4-9071-36e4a267f058,"size == ""1""","isEmpty == ""True""","peek_obj_type == ""class java.lang.String""","push == ""False""","pop == ""True""","clear == ""False""","calledMethod == ""pop""","size_p == ""1""",Yes
7208,1607899197392:8ebd600e-3ff0-49d2-bb07-943538c4b45c,1607899197392:f29d1e2a-72ab-410a-894b-3d6d62ddab26,"size == ""1""","isEmpty == ""True""","peek_obj_type == ""class java.lang.String""","push == ""True""","pop == ""False""","clear == ""False""","calledMethod == ""push""","size_p == ""0""",Yes
7209,1607899197392:8ebd600e-3ff0-49d2-bb07-943538c4b45c,1607899197392:f29d1e2a-72ab-410a-894b-3d6d62ddab26,"size == ""1""","isEmpty == ""True""","peek_obj_type == ""class java.lang.String""","push == ""False""","pop == ""True""","clear == ""False""","calledMethod == ""pop""","size_p == ""1""",Yes
7212,1607899197392:8ebd600e-3ff0-49d2-bb07-943538c4b45c,1607899197392:95453f9f-1672-458a-95cd-2852de50845d,"size == ""1""","isEmpty == ""True""","peek_obj_type == ""class java.lang.String""","push == ""True""","pop == ""False""","clear == ""False""","calledMethod == ""push""","size_p == ""0""",Yes
7213,1607899197392:8ebd600e-3ff0-49d2-bb07-943538c4b45c,1607899197392:95453f9f-1672-458a-95cd-2852de50845d,"size == ""1""","isEmpty == ""True""","peek_obj_type == ""class java.lang.String""","push == ""False""","pop == ""False""","clear == ""True""","calledMethod == ""clear""","size_p == ""1""",Yes
7214,1607899197392:8ebd600e-3ff0-49d2-bb07-943538c4b45c,1607899197392:95453f9f-1672-458a-95cd-2852de50845d,"size == ""1""","isEmpty == ""True""","peek_obj_type == ""class java.lang.String""","push == ""False""","pop == ""False""","clear == ""True""","calledMethod == ""clear""","size_p == ""1""",Yes
7215,1607899197392:8ebd600e-3ff0-49d2-bb07-943538c4b45c,1607899197392:95453f9f-1672-458a-95cd-2852de50845d,"size == ""1""","isEmpty == ""True""","peek_obj_type == ""class java.lang.String""","push == ""False""","pop == ""False""","clear == ""True""","calledMethod == ""clear""","size_p == ""1""",Yes
7218,1607899197392:8ebd600e-3ff0-49d2-bb07-943538c4b45c,1607899197392:7639c0c6-526b-4e72-9419-2025daabded5,"size == ""1""","isEmpty == ""True""","peek_obj_type == ""class java.lang.String""","push == ""True""","pop == ""False""","clear == ""False""","calledMethod == ""push""","size_p == ""0""",Yes
7219,1607899197392:8ebd600e-3ff0-49d2-bb07-943538c4b45c,1607899197392:7639c0c6-526b-4e72-9419-2025daabded5,"size == ""1""","isEmpty == ""True""","peek_obj_type == ""class java.lang.String""","push == ""False""","pop == ""False""","clear == ""True""","calledMethod == ""clear""","size_p == ""1""",Yes
7220,1607899197392:8ebd600e-3ff0-49d2-bb07-943538c4b45c,1607899197392:7639c0c6-526b-4e72-9419-2025daabded5,"size == ""1""","isEmpty == ""True""","peek_obj_type == ""class java.lang.String""","push == ""False""","pop == ""False""","clear == ""True""","calledMethod == ""clear""","size_p == ""1""",Yes
7221,1607899197392:8ebd600e-3ff0-49d2-bb07-943538c4b45c,1607899197392:7639c0c6-526b-4e72-9419-2025daabded5,"size == ""1""","isEmpty == ""True""","peek_obj_type == ""class java.lang.String""","push == ""False""","pop == ""False""","clear == ""True""","calledMethod == ""clear""","size_p == ""1""",Yes
7223,1607899197392:5deb8b3e-9c4b-4a0b-bb64-61024c4df125,1607899197392:825e3485-192b-4d70-8de9-69bdcf1e8089,"size == ""1""","isEmpty == ""True""","peek_obj_type == ""class java.lang.String""","push == ""True""","pop == ""False""","clear == ""False""","calledMethod == ""push""","size_p == ""0""",Yes
7224,1607899197392:5deb8b3e-9c4b-4a0b-bb64-61024c4df125,1607899197392:825e3485-192b-4d70-8de9-69bdcf1e8089,"size == ""1""","isEmpty == ""True""","peek_obj_type == ""class java.lang.String""","push == ""False""","pop == ""True""","clear == ""False""","calledMethod == ""pop""","size_p == ""1""",Yes
7226,1607899197392:1dfedd84-24a2-49ba-a1af-784bfce83279,1607899197392:ad65b888-54dc-4bd5-aba7-04d52760153d,"size == ""1""","isEmpty == ""True""","peek_obj_type == ""class java.lang.String""","push == ""True""","pop == ""False""","clear == ""False""","calledMethod == ""push""","size_p == ""0""",Yes
7227,1607899197392:1dfedd84-24a2-49ba-a1af-784bfce83279,1607899197392:ad65b888-54dc-4bd5-aba7-04d52760153d,"size == ""1""","isEmpty == ""True""","peek_obj_type == ""class java.lang.String""","push == ""False""","pop == ""True""","clear == ""False""","calledMethod == ""pop""","size_p == ""1""",Yes
7229,1607899197391:f7eb7b82-8ee4-4866-81c0-9515d6a5a238,1607899197391:01a9a70a-67aa-4b5c-a5cc-b8c7da484063,"size == ""1""","isEmpty == ""True""","peek_obj_type == ""class java.lang.String""","push == ""True""","pop == ""False""","clear == ""False""","calledMethod == ""push""","size_p == ""0""",Yes
7230,1607899197391:f7eb7b82-8ee4-4866-81c0-9515d6a5a238,1607899197391:01a9a70a-67aa-4b5c-a5cc-b8c7da484063,"size == ""2""","isEmpty == ""True""","peek_obj_type == ""class java.lang.String""","push == ""True""","pop == ""False""","clear == ""False""","calledMethod == ""push""","size_p == ""1""",Yes
7231,1607899197391:f7eb7b82-8ee4-4866-81c0-9515d6a5a238,1607899197391:01a9a70a-67aa-4b5c-a5cc-b8c7da484063,"size == ""3""","isEmpty == ""True""","peek_obj_type == ""class java.lang.String""","push == ""True""","pop == ""False""","clear == ""False""","calledMethod == ""push""","size_p == ""2""",Yes
7232,1607899197391:f7eb7b82-8ee4-4866-81c0-9515d6a5a238,1607899197391:01a9a70a-67aa-4b5c-a5cc-b8c7da484063,"size == ""3""","isEmpty == ""True""","peek_obj_type == ""class java.lang.String""","push == ""False""","pop == ""True""","clear == ""False""","calledMethod == ""pop""","size_p == ""3""",Yes
7234,1607899197391:513ba999-9801-4101-8a85-24d4bc120397,1607899197391:3eb6cd17-1e5d-444a-a362-59ac2ecff910,"size == ""1""","isEmpty == ""True""","peek_obj_type == ""class java.lang.String""","push == ""True""","pop == ""False""","clear == ""False""","calledMethod == ""push""","size_p == ""0""",Yes
7235,1607899197391:513ba999-9801-4101-8a85-24d4bc120397,1607899197391:3eb6cd17-1e5d-444a-a362-59ac2ecff910,"size == ""1""","isEmpty == ""True""","peek_obj_type == ""class java.lang.String""","push == ""False""","pop == ""True""","clear == ""False""","calledMethod == ""pop""","size_p == ""1""",Yes
7237,1607899197391:2835b1ba-5bf0-4116-a155-3e0ea8906513,1607899197391:789fbbfa-6f3d-496f-880b-23762faf4316,"size == ""1""","isEmpty == ""True""","peek_obj_type == ""class java.lang.String""","push == ""True""","pop == ""False""","clear == ""False""","calledMethod == ""push""","size_p == ""0""",Yes
7238,1607899197391:2835b1ba-5bf0-4116-a155-3e0ea8906513,1607899197391:789fbbfa-6f3d-496f-880b-23762faf4316,"size == ""1""","isEmpty == ""True""","peek_obj_type == ""class java.lang.String""","push == ""False""","pop == ""True""","clear == ""False""","calledMethod == ""pop""","size_p == ""1""",Yes
7240,1607899197391:2835b1ba-5bf0-4116-a155-3e0ea8906513,1607899197391:4f14b6f8-4ea4-4aac-8843-1159ff2e6802,"size == ""1""","isEmpty == ""True""","peek_obj_type == ""class java.lang.String""","push == ""True""","pop == ""False""","clear == ""False""","calledMethod == ""push""","size_p == ""0""",Yes
7242,1607899197390:fde1c070-79d8-4c0a-bebc-24820c44bc5f,1607899197390:b2d8c8db-4380-4585-9724-bda6653eb4c7,"size == ""1""","isEmpty == ""True""","peek_obj_type == ""class java.lang.String""","push == ""True""","pop == ""False""","clear == ""False""","calledMethod == ""push""","size_p == ""0""",Yes
7243,1607899197390:fde1c070-79d8-4c0a-bebc-24820c44bc5f,1607899197390:b2d8c8db-4380-4585-9724-bda6653eb4c7,"size == ""1""","isEmpty == ""True""","peek_obj_type == ""class java.lang.String""","push == ""False""","pop == ""True""","clear == ""False""","calledMethod == ""pop""","size_p == ""1""",Yes
7245,1607899197390:dcbaeebd-e3e7-474c-b387-1e777359ddb6,1607899197390:9198c634-db9b-4226-a97b-4b8c4f94e9db,"size == ""1""","isEmpty == ""True""","peek_obj_type == ""class java.lang.String""","push == ""True""","pop == ""False""","clear == ""False""","calledMethod == ""push""","size_p == ""0""",Yes
7246,1607899197390:dcbaeebd-e3e7-474c-b387-1e777359ddb6,1607899197390:9198c634-db9b-4226-a97b-4b8c4f94e9db,"size == ""1""","isEmpty == ""True""","peek_obj_type == ""class java.lang.String""","push == ""False""","pop == ""True""","clear == ""False""","calledMethod == ""pop""","size_p == ""1""",Yes
7248,1607899197390:5a636aac-58be-4994-9bf1-5bacdf56028d,1607899197390:819b9929-eb99-44ee-88c3-8e40a03eab94,"size == ""1""","isEmpty == ""True""","peek_obj_type == ""class java.lang.String""","push == ""True""","pop == ""False""","clear == ""False""","calledMethod == ""push""","size_p == ""0""",Yes
7249,1607899197390:5a636aac-58be-4994-9bf1-5bacdf56028d,1607899197390:819b9929-eb99-44ee-88c3-8e40a03eab94,"size == ""1""","isEmpty == ""True""","peek_obj_type == ""class java.lang.String""","push == ""False""","pop == ""True""","clear == ""False""","calledMethod == ""pop""","size_p == ""1""",Yes
7251,1607899197390:5090b818-12bd-4725-bbbc-e7c608535e3d,1607899197390:cec11772-da36-4c84-b543-55154a4c21be,"size == ""1""","isEmpty == ""True""","peek_obj_type == ""class java.lang.String""","push == ""True""","pop == ""False""","clear == ""False""","calledMethod == ""push""","size_p == ""0""",Yes
7252,1607899197390:5090b818-12bd-4725-bbbc-e7c608535e3d,1607899197390:cec11772-da36-4c84-b543-55154a4c21be,"size == ""1""","isEmpty == ""True""","peek_obj_type == ""class java.lang.String""","push == ""False""","pop == ""True""","clear == ""False""","calledMethod == ""pop""","size_p == ""1""",Yes
7254,1607899197390:5090b818-12bd-4725-bbbc-e7c608535e3d,1607899197390:3fee2803-b187-470b-84f3-a8a3ea307da7,"size == ""1""","isEmpty == ""True""","peek_obj_type == ""class java.lang.String""","push == ""True""","pop == ""False""","clear == ""False""","calledMethod == ""push""","size_p == ""0""",Yes
7255,1607899197390:5090b818-12bd-4725-bbbc-e7c608535e3d,1607899197390:3fee2803-b187-470b-84f3-a8a3ea307da7,"size == ""2""","isEmpty == ""True""","peek_obj_type == ""class java.lang.String""","push == ""True""","pop == ""False""","clear == ""False""","calledMethod == ""push""","size_p == ""1""",Yes
7257,1607899197389:bc2fc7b8-67ee-43ad-8cb8-7749b1f8b098,1607899197389:ae9724a7-1747-47b3-9551-f220bae19c44,"size == ""1""","isEmpty == ""True""","peek_obj_type == ""class java.lang.String""","push == ""True""","pop == ""False""","clear == ""False""","calledMethod == ""push""","size_p == ""0""",Yes
7258,1607899197389:bc2fc7b8-67ee-43ad-8cb8-7749b1f8b098,1607899197389:ae9724a7-1747-47b3-9551-f220bae19c44,"size == ""2""","isEmpty == ""True""","peek_obj_type == ""class java.lang.String""","push == ""True""","pop == ""False""","clear == ""False""","calledMethod == ""push""","size_p == ""1""",Yes
7260,1607899197389:bc2fc7b8-67ee-43ad-8cb8-7749b1f8b098,1607899197389:9e6d04f3-2f14-4ec8-8dca-ddb714975f9d,"size == ""1""","isEmpty == ""True""","peek_obj_type == ""class java.lang.String""","push == ""True""","pop == ""False""","clear == ""False""","calledMethod == ""push""","size_p == ""0""",Yes
7261,1607899197389:bc2fc7b8-67ee-43ad-8cb8-7749b1f8b098,1607899197389:9e6d04f3-2f14-4ec8-8dca-ddb714975f9d,"size == ""1""","isEmpty == ""True""","peek_obj_type == ""class java.lang.String""","push == ""False""","pop == ""True""","clear == ""False""","calledMethod == ""pop""","size_p == ""1""",Yes
7263,1607899197389:bc2fc7b8-67ee-43ad-8cb8-7749b1f8b098,1607899197389:7fb2d25e-9d7d-42a6-b110-87db931d405c,"size == ""1""","isEmpty == ""True""","peek_obj_type == ""class java.lang.String""","push == ""True""","pop == ""False""","clear == ""False""","calledMethod == ""push""","size_p == ""0""",Yes
7265,1607899197389:8e39abc9-6ec4-493e-a72c-f39941b6623d,1607899197389:55187da6-8dd4-4dbf-9bdf-3a5b8c9f30e6,"size == ""1""","isEmpty == ""True""","peek_obj_type == ""class java.lang.String""","push == ""True""","pop == ""False""","clear == ""False""","calledMethod == ""push""","size_p == ""0""",Yes
7266,1607899197389:8e39abc9-6ec4-493e-a72c-f39941b6623d,1607899197389:55187da6-8dd4-4dbf-9bdf-3a5b8c9f30e6,"size == ""2""","isEmpty == ""True""","peek_obj_type == ""class java.lang.String""","push == ""True""","pop == ""False""","clear == ""False""","calledMethod == ""push""","size_p == ""1""",Yes
7268,1607899197389:8e39abc9-6ec4-493e-a72c-f39941b6623d,1607899197389:0dd9410f-e08f-40f1-9d38-b51ade3c54ae,"size == ""1""","isEmpty == ""True""","peek_obj_type == ""class java.lang.String""","push == ""True""","pop == ""False""","clear == ""False""","calledMethod == ""push""","size_p == ""0""",Yes
7269,1607899197389:8e39abc9-6ec4-493e-a72c-f39941b6623d,1607899197389:0dd9410f-e08f-40f1-9d38-b51ade3c54ae,"size == ""1""","isEmpty == ""True""","peek_obj_type == ""class java.lang.String""","push == ""False""","pop == ""True""","clear == ""False""","calledMethod == ""pop""","size_p == ""1""",Yes
7271,1607899197388:c86e2a02-9451-444a-88f2-99ee1916533c,1607899197388:b03b24fb-45a2-4e2c-b02d-62ac01c2ca64,"size == ""1""","isEmpty == ""True""","peek_obj_type == ""class java.lang.String""","push == ""True""","pop == ""False""","clear == ""False""","calledMethod == ""push""","size_p == ""0""",Yes
7272,1607899197388:c86e2a02-9451-444a-88f2-99ee1916533c,1607899197388:b03b24fb-45a2-4e2c-b02d-62ac01c2ca64,"size == ""1""","isEmpty == ""True""","peek_obj_type == ""class java.lang.String""","push == ""False""","pop == ""True""","clear == ""False""","calledMethod == ""pop""","size_p == ""1""",Yes
7275,1607899197388:c86e2a02-9451-444a-88f2-99ee1916533c,1607899197388:4b2ffdc0-8e32-403e-8622-cc3217f171a8,"size == ""1""","isEmpty == ""True""","peek_obj_type == ""class java.lang.String""","push == ""True""","pop == ""False""","clear == ""False""","calledMethod == ""push""","size_p == ""0""",Yes
7276,1607899197388:c86e2a02-9451-444a-88f2-99ee1916533c,1607899197388:4b2ffdc0-8e32-403e-8622-cc3217f171a8,"size == ""1""","isEmpty == ""True""","peek_obj_type == ""class java.lang.String""","push == ""False""","pop == ""False""","clear == ""True""","calledMethod == ""clear""","size_p == ""1""",Yes
7279,1607899197388:05dc0204-5ca2-4dec-969c-a55f4a587154,1607899197388:6de15f66-4bbb-43b3-b1b9-9dd4ad11fd25,"size == ""1""","isEmpty == ""True""","peek_obj_type == ""class java.lang.String""","push == ""True""","pop == ""False""","clear == ""False""","calledMethod == ""push""","size_p == ""0""",Yes
7280,1607899197388:05dc0204-5ca2-4dec-969c-a55f4a587154,1607899197388:6de15f66-4bbb-43b3-b1b9-9dd4ad11fd25,"size == ""1""","isEmpty == ""True""","peek_obj_type == ""class java.lang.String""","push == ""False""","pop == ""True""","clear == ""False""","calledMethod == ""pop""","size_p == ""1""",Yes
7282,1607899197387:f5164461-d376-41dc-b9d7-be6e5fcc267f,1607899197387:d52e7e64-399e-41b3-91b8-c783b5890dae,"size == ""1""","isEmpty == ""True""","peek_obj_type == ""class java.lang.String""","push == ""True""","pop == ""False""","clear == ""False""","calledMethod == ""push""","size_p == ""0""",Yes
7283,1607899197387:f5164461-d376-41dc-b9d7-be6e5fcc267f,1607899197387:d52e7e64-399e-41b3-91b8-c783b5890dae,"size == ""1""","isEmpty == ""True""","peek_obj_type == ""class java.lang.String""","push == ""False""","pop == ""True""","clear == ""False""","calledMethod == ""pop""","size_p == ""1""",Yes
7285,1607899197387:f5164461-d376-41dc-b9d7-be6e5fcc267f,1607899197387:0eb6b6ca-8f1a-487e-9f9d-b24bf68cf267,"size == ""1""","isEmpty == ""True""","peek_obj_type == ""class java.lang.String""","push == ""True""","pop == ""False""","clear == ""False""","calledMethod == ""push""","size_p == ""0""",Yes
7286,1607899197387:f5164461-d376-41dc-b9d7-be6e5fcc267f,1607899197387:0eb6b6ca-8f1a-487e-9f9d-b24bf68cf267,"size == ""2""","isEmpty == ""True""","peek_obj_type == ""class java.lang.String""","push == ""True""","pop == ""False""","clear == ""False""","calledMethod == ""push""","size_p == ""1""",Yes
7288,1607899197387:8f3f3bde-a271-4095-8f07-abf108252586,1607899197388:240a2cc2-f8e5-41aa-81ef-d0eadff06f5f,"size == ""1""","isEmpty == ""True""","peek_obj_type == ""class java.lang.String""","push == ""True""","pop == ""False""","clear == ""False""","calledMethod == ""push""","size_p == ""0""",Yes
7289,1607899197387:8f3f3bde-a271-4095-8f07-abf108252586,1607899197388:240a2cc2-f8e5-41aa-81ef-d0eadff06f5f,"size == ""1""","isEmpty == ""True""","peek_obj_type == ""class java.lang.String""","push == ""False""","pop == ""True""","clear == ""False""","calledMethod == ""pop""","size_p == ""1""",Yes
7292,1607899197387:8f3f3bde-a271-4095-8f07-abf108252586,1607899197387:0f51a22b-b22b-4a78-8a4d-7fbeed17939d,"size == ""1""","isEmpty == ""True""","peek_obj_type == ""class java.lang.String""","push == ""True""","pop == ""False""","clear == ""False""","calledMethod == ""push""","size_p == ""0""",Yes
7293,1607899197387:8f3f3bde-a271-4095-8f07-abf108252586,1607899197387:0f51a22b-b22b-4a78-8a4d-7fbeed17939d,"size == ""1""","isEmpty == ""True""","peek_obj_type == ""class java.lang.String""","push == ""False""","pop == ""False""","clear == ""True""","calledMethod == ""clear""","size_p == ""1""",Yes
7294,1607899197387:8f3f3bde-a271-4095-8f07-abf108252586,1607899197387:0f51a22b-b22b-4a78-8a4d-7fbeed17939d,"size == ""1""","isEmpty == ""True""","peek_obj_type == ""class java.lang.String""","push == ""False""","pop == ""False""","clear == ""True""","calledMethod == ""clear""","size_p == ""1""",Yes
7295,1607899197387:8f3f3bde-a271-4095-8f07-abf108252586,1607899197387:0f51a22b-b22b-4a78-8a4d-7fbeed17939d,"size == ""1""","isEmpty == ""True""","peek_obj_type == ""class java.lang.String""","push == ""False""","pop == ""False""","clear == ""True""","calledMethod == ""clear""","size_p == ""1""",Yes
7297,1607899197387:81152d4e-1653-4302-9073-aa2e54051336,1607899197387:1fc5f82e-7686-4ba2-9289-6e4544e3edf6,"size == ""1""","isEmpty == ""True""","peek_obj_type == ""class java.lang.String""","push == ""True""","pop == ""False""","clear == ""False""","calledMethod == ""push""","size_p == ""0""",Yes
7298,1607899197387:81152d4e-1653-4302-9073-aa2e54051336,1607899197387:1fc5f82e-7686-4ba2-9289-6e4544e3edf6,"size == ""1""","isEmpty == ""True""","peek_obj_type == ""class java.lang.String""","push == ""False""","pop == ""True""","clear == ""False""","calledMethod == ""pop""","size_p == ""1""",Yes
7300,1607899197387:3822426a-e5e2-402d-9cf2-8745695384fc,1607899197387:bdcefd51-d939-45e3-b84f-83080663bd4e,"size == ""1""","isEmpty == ""True""","peek_obj_type == ""class java.lang.String""","push == ""True""","pop == ""False""","clear == ""False""","calledMethod == ""push""","size_p == ""0""",Yes
7301,1607899197387:3822426a-e5e2-402d-9cf2-8745695384fc,1607899197387:bdcefd51-d939-45e3-b84f-83080663bd4e,"size == ""1""","isEmpty == ""True""","peek_obj_type == ""class java.lang.String""","push == ""False""","pop == ""True""","clear == ""False""","calledMethod == ""pop""","size_p == ""1""",Yes
7303,1607899197387:008c377b-ff14-472a-bee5-00b89b163c65,1607899197387:41b89dcd-fd0d-4c63-8b9c-56aa07fbdfdc,"size == ""1""","isEmpty == ""True""","peek_obj_type == ""class java.lang.String""","push == ""True""","pop == ""False""","clear == ""False""","calledMethod == ""push""","size_p == ""0""",Yes
7304,1607899197387:008c377b-ff14-472a-bee5-00b89b163c65,1607899197387:41b89dcd-fd0d-4c63-8b9c-56aa07fbdfdc,"size == ""1""","isEmpty == ""True""","peek_obj_type == ""class java.lang.String""","push == ""False""","pop == ""True""","clear == ""False""","calledMethod == ""pop""","size_p == ""1""",Yes
7306,1607899197386:faeedb1a-cb61-47b5-a53f-141c9d28735c,1607899197386:e32f9019-a771-4ff1-86a2-74ff66b3c63d,"size == ""1""","isEmpty == ""True""","peek_obj_type == ""class java.lang.String""","push == ""True""","pop == ""False""","clear == ""False""","calledMethod == ""push""","size_p == ""0""",Yes
7307,1607899197386:faeedb1a-cb61-47b5-a53f-141c9d28735c,1607899197386:e32f9019-a771-4ff1-86a2-74ff66b3c63d,"size == ""1""","isEmpty == ""True""","peek_obj_type == ""class java.lang.String""","push == ""False""","pop == ""True""","clear == ""False""","calledMethod == ""pop""","size_p == ""1""",Yes
7309,1607899197386:faeedb1a-cb61-47b5-a53f-141c9d28735c,1607899197386:169b0324-7911-4c0c-b013-a73176b5301c,"size == ""1""","isEmpty == ""True""","peek_obj_type == ""class java.lang.String""","push == ""True""","pop == ""False""","clear == ""False""","calledMethod == ""push""","size_p == ""0""",Yes
7311,1607899197386:ec2af1f3-9730-4e19-a561-5d3afaceda1b,1607899197386:f76b2dd3-5db8-4a79-8838-923c323d1138,"size == ""1""","isEmpty == ""True""","peek_obj_type == ""class java.lang.String""","push == ""True""","pop == ""False""","clear == ""False""","calledMethod == ""push""","size_p == ""0""",Yes
7312,1607899197386:ec2af1f3-9730-4e19-a561-5d3afaceda1b,1607899197386:f76b2dd3-5db8-4a79-8838-923c323d1138,"size == ""1""","isEmpty == ""True""","peek_obj_type == ""class java.lang.String""","push == ""False""","pop == ""True""","clear == ""False""","calledMethod == ""pop""","size_p == ""1""",Yes
7314,1607899197386:29065f01-9e3c-45da-ac83-21cbfdd6908f,1607899197386:9a565943-3d60-4463-925c-a5ca297769f4,"size == ""1""","isEmpty == ""True""","peek_obj_type == ""class java.lang.String""","push == ""True""","pop == ""False""","clear == ""False""","calledMethod == ""push""","size_p == ""0""",Yes
7315,1607899197386:29065f01-9e3c-45da-ac83-21cbfdd6908f,1607899197386:9a565943-3d60-4463-925c-a5ca297769f4,"size == ""1""","isEmpty == ""True""","peek_obj_type == ""class java.lang.String""","push == ""False""","pop == ""True""","clear == ""False""","calledMethod == ""pop""","size_p == ""1""",Yes
7317,1607899197385:7d67dbde-e1e7-4a61-ae8f-e6d457989ff0,1607899197385:7ae4809a-5a06-4708-b69e-6dd17569cb19,"size == ""1""","isEmpty == ""True""","peek_obj_type == ""class java.lang.String""","push == ""True""","pop == ""False""","clear == ""False""","calledMethod == ""push""","size_p == ""0""",Yes
7318,1607899197385:7d67dbde-e1e7-4a61-ae8f-e6d457989ff0,1607899197385:7ae4809a-5a06-4708-b69e-6dd17569cb19,"size == ""2""","isEmpty == ""True""","peek_obj_type == ""class java.lang.String""","push == ""True""","pop == ""False""","clear == ""False""","calledMethod == ""push""","size_p == ""1""",Yes
7320,1607899197385:7d67dbde-e1e7-4a61-ae8f-e6d457989ff0,1607899197385:5e176d31-ee64-4882-9189-7108d44a4c39,"size == ""1""","isEmpty == ""True""","peek_obj_type == ""class java.lang.String""","push == ""True""","pop == ""False""","clear == ""False""","calledMethod == ""push""","size_p == ""0""",Yes
7321,1607899197385:7d67dbde-e1e7-4a61-ae8f-e6d457989ff0,1607899197385:5e176d31-ee64-4882-9189-7108d44a4c39,"size == ""1""","isEmpty == ""True""","peek_obj_type == ""class java.lang.String""","push == ""False""","pop == ""True""","clear == ""False""","calledMethod == ""pop""","size_p == ""1""",Yes
7323,1607899197385:172d71bf-7c85-4bf1-b5cd-0565eddbefe8,1607899197385:c7c1e2a1-fba9-4043-adf3-85f313986f73,"size == ""1""","isEmpty == ""True""","peek_obj_type == ""class java.lang.String""","push == ""True""","pop == ""False""","clear == ""False""","calledMethod == ""push""","size_p == ""0""",Yes
7324,1607899197385:172d71bf-7c85-4bf1-b5cd-0565eddbefe8,1607899197385:c7c1e2a1-fba9-4043-adf3-85f313986f73,"size == ""2""","isEmpty == ""True""","peek_obj_type == ""class java.lang.String""","push == ""True""","pop == ""False""","clear == ""False""","calledMethod == ""push""","size_p == ""1""",Yes
7326,1607899197385:172d71bf-7c85-4bf1-b5cd-0565eddbefe8,1607899197385:a0fe93d3-418b-4a27-804c-57cf6b5d5e6f,"size == ""1""","isEmpty == ""True""","peek_obj_type == ""class java.lang.String""","push == ""True""","pop == ""False""","clear == ""False""","calledMethod == ""push""","size_p == ""0""",Yes
7328,1607899197385:172d71bf-7c85-4bf1-b5cd-0565eddbefe8,1607899197385:93a54fab-a0d8-4796-b047-8eecc1818301,"size == ""1""","isEmpty == ""True""","peek_obj_type == ""class java.lang.String""","push == ""True""","pop == ""False""","clear == ""False""","calledMethod == ""push""","size_p == ""0""",Yes
7329,1607899197385:172d71bf-7c85-4bf1-b5cd-0565eddbefe8,1607899197385:93a54fab-a0d8-4796-b047-8eecc1818301,"size == ""1""","isEmpty == ""True""","peek_obj_type == ""class java.lang.String""","push == ""False""","pop == ""True""","clear == ""False""","calledMethod == ""pop""","size_p == ""1""",Yes
7331,1607899197385:14f9427d-971c-475d-981b-f7085123aef1,1607899197385:bc4d25b1-1207-4674-8709-6e452044772f,"size == ""1""","isEmpty == ""True""","peek_obj_type == ""class java.lang.String""","push == ""True""","pop == ""False""","clear == ""False""","calledMethod == ""push""","size_p == ""0""",Yes
7332,1607899197385:14f9427d-971c-475d-981b-f7085123aef1,1607899197385:bc4d25b1-1207-4674-8709-6e452044772f,"size == ""1""","isEmpty == ""True""","peek_obj_type == ""class java.lang.String""","push == ""False""","pop == ""True""","clear == ""False""","calledMethod == ""pop""","size_p == ""1""",Yes
7334,1607899197385:14f9427d-971c-475d-981b-f7085123aef1,1607899197385:7e088c2b-f98b-43ae-aba7-6b8f1d51afa3,"size == ""1""","isEmpty == ""True""","peek_obj_type == ""class java.lang.String""","push == ""True""","pop == ""False""","clear == ""False""","calledMethod == ""push""","size_p == ""0""",Yes
7335,1607899197385:14f9427d-971c-475d-981b-f7085123aef1,1607899197385:7e088c2b-f98b-43ae-aba7-6b8f1d51afa3,"size == ""2""","isEmpty == ""True""","peek_obj_type == ""class java.lang.String""","push == ""True""","pop == ""False""","clear == ""False""","calledMethod == ""push""","size_p == ""1""",Yes
7337,1607899197384:ee5a7858-51b3-4d17-aaec-df726dc2c81c,1607899197384:87f74564-7d02-4600-a5d6-b7c1a81b0cc4,"size == ""1""","isEmpty == ""True""","peek_obj_type == ""class java.lang.String""","push == ""True""","pop == ""False""","clear == ""False""","calledMethod == ""push""","size_p == ""0""",Yes
7338,1607899197384:ee5a7858-51b3-4d17-aaec-df726dc2c81c,1607899197384:87f74564-7d02-4600-a5d6-b7c1a81b0cc4,"size == ""2""","isEmpty == ""True""","peek_obj_type == ""class java.lang.String""","push == ""True""","pop == ""False""","clear == ""False""","calledMethod == ""push""","size_p == ""1""",Yes
7339,1607899197384:ee5a7858-51b3-4d17-aaec-df726dc2c81c,1607899197384:87f74564-7d02-4600-a5d6-b7c1a81b0cc4,"size == ""2""","isEmpty == ""True""","peek_obj_type == ""class java.lang.String""","push == ""False""","pop == ""False""","clear == ""True""","calledMethod == ""clear""","size_p == ""2""",Yes
7341,1607899197384:ee5a7858-51b3-4d17-aaec-df726dc2c81c,1607899197384:51e74789-cc1b-4d1a-9df7-9215854227e5,"size == ""1""","isEmpty == ""True""","peek_obj_type == ""class java.lang.String""","push == ""True""","pop == ""False""","clear == ""False""","calledMethod == ""push""","size_p == ""0""",Yes
7342,1607899197384:ee5a7858-51b3-4d17-aaec-df726dc2c81c,1607899197384:51e74789-cc1b-4d1a-9df7-9215854227e5,"size == ""1""","isEmpty == ""True""","peek_obj_type == ""class java.lang.String""","push == ""False""","pop == ""True""","clear == ""False""","calledMethod == ""pop""","size_p == ""1""",Yes
7344,1607899197384:e7f4f69c-4a5d-470c-958f-e263bdeac53e,1607899197384:aee95469-446b-42c3-94a4-59722d5611c2,"size == ""1""","isEmpty == ""True""","peek_obj_type == ""class java.lang.String""","push == ""True""","pop == ""False""","clear == ""False""","calledMethod == ""push""","size_p == ""0""",Yes
7346,1607899197384:e7f4f69c-4a5d-470c-958f-e263bdeac53e,1607899197384:680c61a9-22cd-4bde-b989-06e3f94d2485,"size == ""1""","isEmpty == ""True""","peek_obj_type == ""class java.lang.String""","push == ""True""","pop == ""False""","clear == ""False""","calledMethod == ""push""","size_p == ""0""",Yes
7347,1607899197384:e7f4f69c-4a5d-470c-958f-e263bdeac53e,1607899197384:680c61a9-22cd-4bde-b989-06e3f94d2485,"size == ""1""","isEmpty == ""True""","peek_obj_type == ""class java.lang.String""","push == ""False""","pop == ""True""","clear == ""False""","calledMethod == ""pop""","size_p == ""1""",Yes
7349,1607899197384:ba7a9899-c38a-4702-903d-f38d1a742e9d,1607899197384:74c44112-cf2b-401b-a3ed-08f2ada99808,"size == ""1""","isEmpty == ""True""","peek_obj_type == ""class java.lang.String""","push == ""True""","pop == ""False""","clear == ""False""","calledMethod == ""push""","size_p == ""0""",Yes
7350,1607899197384:ba7a9899-c38a-4702-903d-f38d1a742e9d,1607899197384:74c44112-cf2b-401b-a3ed-08f2ada99808,"size == ""1""","isEmpty == ""True""","peek_obj_type == ""class java.lang.String""","push == ""False""","pop == ""True""","clear == ""False""","calledMethod == ""pop""","size_p == ""1""",Yes
7352,1607899197384:616ddf1e-c198-42e5-a70f-2c48f0125233,1607899197384:8e9b1902-9b8b-4692-b4ac-a4fe2a92b013,"size == ""1""","isEmpty == ""True""","peek_obj_type == ""class java.lang.String""","push == ""True""","pop == ""False""","clear == ""False""","calledMethod == ""push""","size_p == ""0""",Yes
7353,1607899197384:616ddf1e-c198-42e5-a70f-2c48f0125233,1607899197384:8e9b1902-9b8b-4692-b4ac-a4fe2a92b013,"size == ""1""","isEmpty == ""True""","peek_obj_type == ""class java.lang.String""","push == ""False""","pop == ""True""","clear == ""False""","calledMethod == ""pop""","size_p == ""1""",Yes
7356,1607899197384:616ddf1e-c198-42e5-a70f-2c48f0125233,1607899197384:7a55e1b2-ecc6-48b2-9eab-6592b8b444a0,"size == ""1""","isEmpty == ""True""","peek_obj_type == ""class java.lang.String""","push == ""True""","pop == ""False""","clear == ""False""","calledMethod == ""push""","size_p == ""0""",Yes
7357,1607899197384:616ddf1e-c198-42e5-a70f-2c48f0125233,1607899197384:7a55e1b2-ecc6-48b2-9eab-6592b8b444a0,"size == ""1""","isEmpty == ""True""","peek_obj_type == ""class java.lang.String""","push == ""False""","pop == ""False""","clear == ""True""","calledMethod == ""clear""","size_p == ""1""",Yes
7358,1607899197384:616ddf1e-c198-42e5-a70f-2c48f0125233,1607899197384:7a55e1b2-ecc6-48b2-9eab-6592b8b444a0,"size == ""1""","isEmpty == ""True""","peek_obj_type == ""class java.lang.String""","push == ""False""","pop == ""False""","clear == ""True""","calledMethod == ""clear""","size_p == ""1""",Yes
7359,1607899197384:616ddf1e-c198-42e5-a70f-2c48f0125233,1607899197384:7a55e1b2-ecc6-48b2-9eab-6592b8b444a0,"size == ""1""","isEmpty == ""True""","peek_obj_type == ""class java.lang.String""","push == ""False""","pop == ""False""","clear == ""True""","calledMethod == ""clear""","size_p == ""1""",Yes
7361,1607899197384:50173a97-1ef5-4a9e-a9da-386d82115de4,1607899197384:37c6dae5-cbff-46da-9a1a-e3dbf98a2aa7,"size == ""1""","isEmpty == ""True""","peek_obj_type == ""class java.lang.String""","push == ""True""","pop == ""False""","clear == ""False""","calledMethod == ""push""","size_p == ""0""",Yes
7362,1607899197384:50173a97-1ef5-4a9e-a9da-386d82115de4,1607899197384:37c6dae5-cbff-46da-9a1a-e3dbf98a2aa7,"size == ""1""","isEmpty == ""True""","peek_obj_type == ""class java.lang.String""","push == ""False""","pop == ""True""","clear == ""False""","calledMethod == ""pop""","size_p == ""1""",Yes
7364,1607899197383:cc9866aa-b059-494a-bd12-3178b4e0d27c,1607899197383:8cbacf78-9a7c-4424-afd8-3e09c7eab084,"size == ""1""","isEmpty == ""True""","peek_obj_type == ""class java.lang.String""","push == ""True""","pop == ""False""","clear == ""False""","calledMethod == ""push""","size_p == ""0""",Yes
7365,1607899197383:cc9866aa-b059-494a-bd12-3178b4e0d27c,1607899197383:8cbacf78-9a7c-4424-afd8-3e09c7eab084,"size == ""1""","isEmpty == ""True""","peek_obj_type == ""class java.lang.String""","push == ""False""","pop == ""True""","clear == ""False""","calledMethod == ""pop""","size_p == ""1""",Yes
7368,1607899197383:b2a70953-2448-454c-8cf6-64f6cfb7a79d,1607899197383:e8aa29af-b2aa-46bd-92a7-f7a67d13e339,"size == ""1""","isEmpty == ""True""","peek_obj_type == ""class java.lang.String""","push == ""True""","pop == ""False""","clear == ""False""","calledMethod == ""push""","size_p == ""0""",Yes
7369,1607899197383:b2a70953-2448-454c-8cf6-64f6cfb7a79d,1607899197383:e8aa29af-b2aa-46bd-92a7-f7a67d13e339,"size == ""1""","isEmpty == ""True""","peek_obj_type == ""class java.lang.String""","push == ""False""","pop == ""False""","clear == ""True""","calledMethod == ""clear""","size_p == ""1""",Yes
7370,1607899197383:b2a70953-2448-454c-8cf6-64f6cfb7a79d,1607899197383:e8aa29af-b2aa-46bd-92a7-f7a67d13e339,"size == ""1""","isEmpty == ""True""","peek_obj_type == ""class java.lang.String""","push == ""False""","pop == ""False""","clear == ""True""","calledMethod == ""clear""","size_p == ""1""",Yes
7371,1607899197383:b2a70953-2448-454c-8cf6-64f6cfb7a79d,1607899197383:e8aa29af-b2aa-46bd-92a7-f7a67d13e339,"size == ""1""","isEmpty == ""True""","peek_obj_type == ""class java.lang.String""","push == ""False""","pop == ""False""","clear == ""True""","calledMethod == ""clear""","size_p == ""1""",Yes
7373,1607899197383:b2a70953-2448-454c-8cf6-64f6cfb7a79d,1607899197383:404e6aa7-f8b2-4399-90d4-4b34346a1afd,"size == ""1""","isEmpty == ""True""","peek_obj_type == ""class java.lang.String""","push == ""True""","pop == ""False""","clear == ""False""","calledMethod == ""push""","size_p == ""0""",Yes
7374,1607899197383:b2a70953-2448-454c-8cf6-64f6cfb7a79d,1607899197383:404e6aa7-f8b2-4399-90d4-4b34346a1afd,"size == ""1""","isEmpty == ""True""","peek_obj_type == ""class java.lang.String""","push == ""False""","pop == ""True""","clear == ""False""","calledMethod == ""pop""","size_p == ""1""",Yes
7376,1607899197383:9d6e9364-d0bd-4fa8-b3d4-6ff1d53daaca,1607899197383:1b479e77-7385-426e-a548-198309b22022,"size == ""1""","isEmpty == ""True""","peek_obj_type == ""class java.lang.String""","push == ""True""","pop == ""False""","clear == ""False""","calledMethod == ""push""","size_p == ""0""",Yes
7377,1607899197383:9d6e9364-d0bd-4fa8-b3d4-6ff1d53daaca,1607899197383:1b479e77-7385-426e-a548-198309b22022,"size == ""1""","isEmpty == ""True""","peek_obj_type == ""class java.lang.String""","push == ""False""","pop == ""True""","clear == ""False""","calledMethod == ""pop""","size_p == ""1""",Yes
7379,1607899197383:4a163cc8-6a6c-4528-905d-e59d9c5d956a,1607899197383:92636e72-7299-4180-90d3-5787148a7f77,"size == ""1""","isEmpty == ""True""","peek_obj_type == ""class java.lang.String""","push == ""True""","pop == ""False""","clear == ""False""","calledMethod == ""push""","size_p == ""0""",Yes
7380,1607899197383:4a163cc8-6a6c-4528-905d-e59d9c5d956a,1607899197383:92636e72-7299-4180-90d3-5787148a7f77,"size == ""1""","isEmpty == ""True""","peek_obj_type == ""class java.lang.String""","push == ""False""","pop == ""True""","clear == ""False""","calledMethod == ""pop""","size_p == ""1""",Yes
7382,1607899197383:4a163cc8-6a6c-4528-905d-e59d9c5d956a,1607899197383:32c28216-1a41-4a54-b058-8d552c935e95,"size == ""1""","isEmpty == ""True""","peek_obj_type == ""class java.lang.String""","push == ""True""","pop == ""False""","clear == ""False""","calledMethod == ""push""","size_p == ""0""",Yes
7384,1607899197383:4276f47d-e4f4-4d0e-bbe3-48cd0a09e6ed,1607899197383:39f1aff0-077e-4a2c-a0d6-d73b2c8bcd87,"size == ""1""","isEmpty == ""True""","peek_obj_type == ""class java.lang.String""","push == ""True""","pop == ""False""","clear == ""False""","calledMethod == ""push""","size_p == ""0""",Yes
7385,1607899197383:4276f47d-e4f4-4d0e-bbe3-48cd0a09e6ed,1607899197383:39f1aff0-077e-4a2c-a0d6-d73b2c8bcd87,"size == ""1""","isEmpty == ""True""","peek_obj_type == ""class java.lang.String""","push == ""False""","pop == ""True""","clear == ""False""","calledMethod == ""pop""","size_p == ""1""",Yes
7387,1607899197382:d21bb447-8f7d-4093-b055-439a9204400f,1607899197382:f09ae9e4-ccc7-4ce6-98f6-3e281f724c1e,"size == ""1""","isEmpty == ""True""","peek_obj_type == ""class java.lang.String""","push == ""True""","pop == ""False""","clear == ""False""","calledMethod == ""push""","size_p == ""0""",Yes
7388,1607899197382:d21bb447-8f7d-4093-b055-439a9204400f,1607899197382:f09ae9e4-ccc7-4ce6-98f6-3e281f724c1e,"size == ""1""","isEmpty == ""True""","peek_obj_type == ""class java.lang.String""","push == ""False""","pop == ""True""","clear == ""False""","calledMethod == ""pop""","size_p == ""1""",Yes
7390,1607899197382:c16f282b-585b-4d94-9e29-fe7e1dfb6ca3,1607899197382:270a1d04-8035-4d68-803f-f1d15dd6eebf,"size == ""1""","isEmpty == ""True""","peek_obj_type == ""class java.lang.String""","push == ""True""","pop == ""False""","clear == ""False""","calledMethod == ""push""","size_p == ""0""",Yes
7391,1607899197382:c16f282b-585b-4d94-9e29-fe7e1dfb6ca3,1607899197382:270a1d04-8035-4d68-803f-f1d15dd6eebf,"size == ""1""","isEmpty == ""True""","peek_obj_type == ""class java.lang.String""","push == ""False""","pop == ""True""","clear == ""False""","calledMethod == ""pop""","size_p == ""1""",Yes
7393,1607899197382:c16f282b-585b-4d94-9e29-fe7e1dfb6ca3,1607899197382:19dae544-7169-4902-b677-1db7b992667e,"size == ""1""","isEmpty == ""True""","peek_obj_type == ""class java.lang.String""","push == ""True""","pop == ""False""","clear == ""False""","calledMethod == ""push""","size_p == ""0""",Yes
7394,1607899197382:c16f282b-585b-4d94-9e29-fe7e1dfb6ca3,1607899197382:19dae544-7169-4902-b677-1db7b992667e,"size == ""2""","isEmpty == ""True""","peek_obj_type == ""class java.lang.String""","push == ""True""","pop == ""False""","clear == ""False""","calledMethod == ""push""","size_p == ""1""",Yes
7396,1607899197382:c16f282b-585b-4d94-9e29-fe7e1dfb6ca3,1607899197382:16ac0a66-9d1a-467c-8972-97cb0dcb18f5,"size == ""1""","isEmpty == ""True""","peek_obj_type == ""class java.lang.String""","push == ""True""","pop == ""False""","clear == ""False""","calledMethod == ""push""","size_p == ""0""",Yes
7398,1607899197382:be4ff241-0351-4051-9325-dab3b8fa3ac8,1607899197382:8cd840a3-e165-4bab-89ba-a6347b75ce75,"size == ""1""","isEmpty == ""True""","peek_obj_type == ""class java.lang.String""","push == ""True""","pop == ""False""","clear == ""False""","calledMethod == ""push""","size_p == ""0""",Yes
7399,1607899197382:be4ff241-0351-4051-9325-dab3b8fa3ac8,1607899197382:8cd840a3-e165-4bab-89ba-a6347b75ce75,"size == ""1""","isEmpty == ""True""","peek_obj_type == ""class java.lang.String""","push == ""False""","pop == ""True""","clear == ""False""","calledMethod == ""pop""","size_p == ""1""",Yes
7401,1607899197382:1e52a8d5-08f7-407c-a770-3d03f149f0e9,1607899197382:3b5bf3b9-84ed-4e2f-84c4-5f036930b964,"size == ""1""","isEmpty == ""True""","peek_obj_type == ""class java.lang.String""","push == ""True""","pop == ""False""","clear == ""False""","calledMethod == ""push""","size_p == ""0""",Yes
7402,1607899197382:1e52a8d5-08f7-407c-a770-3d03f149f0e9,1607899197382:3b5bf3b9-84ed-4e2f-84c4-5f036930b964,"size == ""1""","isEmpty == ""True""","peek_obj_type == ""class java.lang.String""","push == ""False""","pop == ""True""","clear == ""False""","calledMethod == ""pop""","size_p == ""1""",Yes
7404,1607899197382:084397e1-6003-4dd0-8c20-450c774c1ee8,1607899197382:4aa0e101-ddba-4f5d-9795-34cbe1a97d02,"size == ""1""","isEmpty == ""True""","peek_obj_type == ""class java.lang.String""","push == ""True""","pop == ""False""","clear == ""False""","calledMethod == ""push""","size_p == ""0""",Yes
7405,1607899197382:084397e1-6003-4dd0-8c20-450c774c1ee8,1607899197382:4aa0e101-ddba-4f5d-9795-34cbe1a97d02,"size == ""1""","isEmpty == ""True""","peek_obj_type == ""class java.lang.String""","push == ""False""","pop == ""True""","clear == ""False""","calledMethod == ""pop""","size_p == ""1""",Yes
7407,1607899197381:f9cb2d6c-2eca-426c-84ce-a57af0e13722,1607899197381:d0c3e271-3dad-4b43-adce-111e23e93bec,"size == ""1""","isEmpty == ""True""","peek_obj_type == ""class java.lang.String""","push == ""True""","pop == ""False""","clear == ""False""","calledMethod == ""push""","size_p == ""0""",Yes
7408,1607899197381:f9cb2d6c-2eca-426c-84ce-a57af0e13722,1607899197381:d0c3e271-3dad-4b43-adce-111e23e93bec,"size == ""1""","isEmpty == ""True""","peek_obj_type == ""class java.lang.String""","push == ""False""","pop == ""True""","clear == ""False""","calledMethod == ""pop""","size_p == ""1""",Yes
7410,1607899197381:873176fb-e999-4bd5-b9a0-308084feac04,1607899197381:dafa2967-09b5-42a9-8aa1-dbcb0d3a95b6,"size == ""1""","isEmpty == ""True""","peek_obj_type == ""class java.lang.String""","push == ""True""","pop == ""False""","clear == ""False""","calledMethod == ""push""","size_p == ""0""",Yes
7412,1607899197381:873176fb-e999-4bd5-b9a0-308084feac04,1607899197381:372974aa-255a-47df-a1a1-14d377ed6498,"size == ""1""","isEmpty == ""True""","peek_obj_type == ""class java.lang.String""","push == ""True""","pop == ""False""","clear == ""False""","calledMethod == ""push""","size_p == ""0""",Yes
7413,1607899197381:873176fb-e999-4bd5-b9a0-308084feac04,1607899197381:372974aa-255a-47df-a1a1-14d377ed6498,"size == ""1""","isEmpty == ""True""","peek_obj_type == ""class java.lang.String""","push == ""False""","pop == ""True""","clear == ""False""","calledMethod == ""pop""","size_p == ""1""",Yes
7415,1607899197381:469664ff-f435-4254-87bb-db278c1d7cea,1607899197381:2f4a4e46-7fc0-4fbb-b1e0-70efce5c6542,"size == ""1""","isEmpty == ""True""","peek_obj_type == ""class java.lang.String""","push == ""True""","pop == ""False""","clear == ""False""","calledMethod == ""push""","size_p == ""0""",Yes
7416,1607899197381:469664ff-f435-4254-87bb-db278c1d7cea,1607899197381:2f4a4e46-7fc0-4fbb-b1e0-70efce5c6542,"size == ""1""","isEmpty == ""True""","peek_obj_type == ""class java.lang.String""","push == ""False""","pop == ""True""","clear == ""False""","calledMethod == ""pop""","size_p == ""1""",Yes
7418,1607899197381:469664ff-f435-4254-87bb-db278c1d7cea,1607899197381:0377fbfa-be67-4e74-a41d-efe4c71562ff,"size == ""1""","isEmpty == ""True""","peek_obj_type == ""class java.lang.String""","push == ""True""","pop == ""False""","clear == ""False""","calledMethod == ""push""","size_p == ""0""",Yes
7420,1607899197381:3cd10d43-54e7-4c5c-8c13-e5bf11bc4d88,1607899197381:414ccb10-fe9d-4680-bb63-e374ea5839b0,"size == ""1""","isEmpty == ""True""","peek_obj_type == ""class java.lang.String""","push == ""True""","pop == ""False""","clear == ""False""","calledMethod == ""push""","size_p == ""0""",Yes
7421,1607899197381:3cd10d43-54e7-4c5c-8c13-e5bf11bc4d88,1607899197381:414ccb10-fe9d-4680-bb63-e374ea5839b0,"size == ""1""","isEmpty == ""True""","peek_obj_type == ""class java.lang.String""","push == ""False""","pop == ""True""","clear == ""False""","calledMethod == ""pop""","size_p == ""1""",Yes
7424,1607899197381:3cd10d43-54e7-4c5c-8c13-e5bf11bc4d88,1607899197381:215ca6b9-5f91-4513-aaa6-60ce4e887588,"size == ""1""","isEmpty == ""True""","peek_obj_type == ""class java.lang.String""","push == ""True""","pop == ""False""","clear == ""False""","calledMethod == ""push""","size_p == ""0""",Yes
7425,1607899197381:3cd10d43-54e7-4c5c-8c13-e5bf11bc4d88,1607899197381:215ca6b9-5f91-4513-aaa6-60ce4e887588,"size == ""1""","isEmpty == ""True""","peek_obj_type == ""class java.lang.String""","push == ""False""","pop == ""False""","clear == ""True""","calledMethod == ""clear""","size_p == ""1""",Yes
7426,1607899197381:3cd10d43-54e7-4c5c-8c13-e5bf11bc4d88,1607899197381:215ca6b9-5f91-4513-aaa6-60ce4e887588,"size == ""1""","isEmpty == ""True""","peek_obj_type == ""class java.lang.String""","push == ""False""","pop == ""False""","clear == ""True""","calledMethod == ""clear""","size_p == ""1""",Yes
7427,1607899197381:3cd10d43-54e7-4c5c-8c13-e5bf11bc4d88,1607899197381:215ca6b9-5f91-4513-aaa6-60ce4e887588,"size == ""1""","isEmpty == ""True""","peek_obj_type == ""class java.lang.String""","push == ""False""","pop == ""False""","clear == ""True""","calledMethod == ""clear""","size_p == ""1""",Yes
7429,1607899197381:0184dfbe-acbc-48ff-b721-b9e8f3e3a52b,1607899197382:8eecaec4-cacb-4578-b1a1-dd5c5106fffa,"size == ""1""","isEmpty == ""True""","peek_obj_type == ""class java.lang.String""","push == ""True""","pop == ""False""","clear == ""False""","calledMethod == ""push""","size_p == ""0""",Yes
7430,1607899197381:0184dfbe-acbc-48ff-b721-b9e8f3e3a52b,1607899197382:8eecaec4-cacb-4578-b1a1-dd5c5106fffa,"size == ""1""","isEmpty == ""True""","peek_obj_type == ""class java.lang.String""","push == ""False""","pop == ""True""","clear == ""False""","calledMethod == ""pop""","size_p == ""1""",Yes
7433,1607899197381:0184dfbe-acbc-48ff-b721-b9e8f3e3a52b,1607899197381:053241a0-7903-44c4-a78f-d5957371fa27,"size == ""1""","isEmpty == ""True""","peek_obj_type == ""class java.lang.String""","push == ""True""","pop == ""False""","clear == ""False""","calledMethod == ""push""","size_p == ""0""",Yes
7435,1607899197380:fdf71cbc-b0df-42c5-a687-471ca6accc7c,1607899197380:e667980f-5a16-4b8f-8dea-54c9a49a92ea,"size == ""1""","isEmpty == ""True""","peek_obj_type == ""class java.lang.String""","push == ""True""","pop == ""False""","clear == ""False""","calledMethod == ""push""","size_p == ""0""",Yes
7436,1607899197380:fdf71cbc-b0df-42c5-a687-471ca6accc7c,1607899197380:e667980f-5a16-4b8f-8dea-54c9a49a92ea,"size == ""1""","isEmpty == ""True""","peek_obj_type == ""class java.lang.String""","push == ""False""","pop == ""True""","clear == ""False""","calledMethod == ""pop""","size_p == ""1""",Yes
7438,1607899197380:ee206b12-22e6-410e-aa4f-b1c1edbf270a,1607899197380:a0a73129-cc11-4253-9d2d-fcd6a183e8d1,"size == ""1""","isEmpty == ""True""","peek_obj_type == ""class java.lang.String""","push == ""True""","pop == ""False""","clear == ""False""","calledMethod == ""push""","size_p == ""0""",Yes
7439,1607899197380:ee206b12-22e6-410e-aa4f-b1c1edbf270a,1607899197380:a0a73129-cc11-4253-9d2d-fcd6a183e8d1,"size == ""1""","isEmpty == ""True""","peek_obj_type == ""class java.lang.String""","push == ""False""","pop == ""True""","clear == ""False""","calledMethod == ""pop""","size_p == ""1""",Yes
7441,1607899197380:ee206b12-22e6-410e-aa4f-b1c1edbf270a,1607899197380:49767347-330a-4dc5-9c89-a07d54b09111,"size == ""1""","isEmpty == ""True""","peek_obj_type == ""class java.lang.String""","push == ""True""","pop == ""False""","clear == ""False""","calledMethod == ""push""","size_p == ""0""",Yes
7442,1607899197380:ee206b12-22e6-410e-aa4f-b1c1edbf270a,1607899197380:49767347-330a-4dc5-9c89-a07d54b09111,"size == ""2""","isEmpty == ""True""","peek_obj_type == ""class java.lang.String""","push == ""True""","pop == ""False""","clear == ""False""","calledMethod == ""push""","size_p == ""1""",Yes
7445,1607899197380:de44a3a9-33ac-49fa-917e-0ced8c708c93,1607899197380:fc9a9339-746e-43e5-9204-ceb50c4ca071,"size == ""1""","isEmpty == ""True""","peek_obj_type == ""class java.lang.String""","push == ""True""","pop == ""False""","clear == ""False""","calledMethod == ""push""","size_p == ""0""",Yes
7446,1607899197380:de44a3a9-33ac-49fa-917e-0ced8c708c93,1607899197380:fc9a9339-746e-43e5-9204-ceb50c4ca071,"size == ""1""","isEmpty == ""True""","peek_obj_type == ""class java.lang.String""","push == ""False""","pop == ""False""","clear == ""True""","calledMethod == ""clear""","size_p == ""1""",Yes
7447,1607899197380:de44a3a9-33ac-49fa-917e-0ced8c708c93,1607899197380:fc9a9339-746e-43e5-9204-ceb50c4ca071,"size == ""1""","isEmpty == ""True""","peek_obj_type == ""class java.lang.String""","push == ""False""","pop == ""False""","clear == ""True""","calledMethod == ""clear""","size_p == ""1""",Yes
7448,1607899197380:de44a3a9-33ac-49fa-917e-0ced8c708c93,1607899197380:fc9a9339-746e-43e5-9204-ceb50c4ca071,"size == ""1""","isEmpty == ""True""","peek_obj_type == ""class java.lang.String""","push == ""False""","pop == ""False""","clear == ""True""","calledMethod == ""clear""","size_p == ""1""",Yes
7450,1607899197380:de44a3a9-33ac-49fa-917e-0ced8c708c93,1607899197380:e9a1d7c5-471b-4cb0-a06a-9323947b58e9,"size == ""1""","isEmpty == ""True""","peek_obj_type == ""class java.lang.String""","push == ""True""","pop == ""False""","clear == ""False""","calledMethod == ""push""","size_p == ""0""",Yes
7451,1607899197380:de44a3a9-33ac-49fa-917e-0ced8c708c93,1607899197380:e9a1d7c5-471b-4cb0-a06a-9323947b58e9,"size == ""1""","isEmpty == ""True""","peek_obj_type == ""class java.lang.String""","push == ""False""","pop == ""True""","clear == ""False""","calledMethod == ""pop""","size_p == ""1""",Yes
7453,1607899197380:abd7627d-7c2c-4277-8999-158fb8749b6b,1607899197380:f7799286-e4b2-4a75-b43d-fd705708452e,"size == ""1""","isEmpty == ""True""","peek_obj_type == ""class java.lang.String""","push == ""True""","pop == ""False""","clear == ""False""","calledMethod == ""push""","size_p == ""0""",Yes
7454,1607899197380:abd7627d-7c2c-4277-8999-158fb8749b6b,1607899197380:f7799286-e4b2-4a75-b43d-fd705708452e,"size == ""1""","isEmpty == ""True""","peek_obj_type == ""class java.lang.String""","push == ""False""","pop == ""True""","clear == ""False""","calledMethod == ""pop""","size_p == ""1""",Yes
7456,1607899197380:abd7627d-7c2c-4277-8999-158fb8749b6b,1607899197380:8b15cdca-f604-4e22-a3d7-8e2fa3bceaed,"size == ""1""","isEmpty == ""True""","peek_obj_type == ""class java.lang.String""","push == ""True""","pop == ""False""","clear == ""False""","calledMethod == ""push""","size_p == ""0""",Yes
7457,1607899197380:abd7627d-7c2c-4277-8999-158fb8749b6b,1607899197380:8b15cdca-f604-4e22-a3d7-8e2fa3bceaed,"size == ""2""","isEmpty == ""True""","peek_obj_type == ""class java.lang.String""","push == ""True""","pop == ""False""","clear == ""False""","calledMethod == ""push""","size_p == ""1""",Yes
7460,1607899197380:2d969582-f11a-4a0f-9dc6-06d6b6fd5d86,1607899197380:f5674e44-c0fb-4182-9e9b-3f32383930a9,"size == ""1""","isEmpty == ""True""","peek_obj_type == ""class java.lang.String""","push == ""True""","pop == ""False""","clear == ""False""","calledMethod == ""push""","size_p == ""0""",Yes
7461,1607899197380:2d969582-f11a-4a0f-9dc6-06d6b6fd5d86,1607899197380:f5674e44-c0fb-4182-9e9b-3f32383930a9,"size == ""1""","isEmpty == ""True""","peek_obj_type == ""class java.lang.String""","push == ""False""","pop == ""True""","clear == ""False""","calledMethod == ""pop""","size_p == ""1""",Yes
7464,1607899197379:df265c17-b4e0-48cd-914d-d5d430c93e7c,1607899197379:e11b7c6b-7170-4d61-a304-319b2f566b8d,"size == ""1""","isEmpty == ""True""","peek_obj_type == ""class java.lang.String""","push == ""True""","pop == ""False""","clear == ""False""","calledMethod == ""push""","size_p == ""0""",Yes
7465,1607899197379:df265c17-b4e0-48cd-914d-d5d430c93e7c,1607899197379:e11b7c6b-7170-4d61-a304-319b2f566b8d,"size == ""1""","isEmpty == ""True""","peek_obj_type == ""class java.lang.String""","push == ""False""","pop == ""True""","clear == ""False""","calledMethod == ""pop""","size_p == ""1""",Yes
7467,1607899197379:b9b2e35c-7b25-45fe-8716-6d91c5c73e39,1607899197379:97e49bf7-f5e7-49c2-9951-a76b1b8d3c40,"size == ""1""","isEmpty == ""True""","peek_obj_type == ""class java.lang.String""","push == ""True""","pop == ""False""","clear == ""False""","calledMethod == ""push""","size_p == ""0""",Yes
7468,1607899197379:b9b2e35c-7b25-45fe-8716-6d91c5c73e39,1607899197379:97e49bf7-f5e7-49c2-9951-a76b1b8d3c40,"size == ""1""","isEmpty == ""True""","peek_obj_type == ""class java.lang.String""","push == ""False""","pop == ""True""","clear == ""False""","calledMethod == ""pop""","size_p == ""1""",Yes
7470,1607899197379:a03c24ab-5985-4a7d-8184-d2cd53f16c3b,1607899197379:d92016a7-0010-4b23-a266-2f42de5a0670,"size == ""1""","isEmpty == ""True""","peek_obj_type == ""class java.lang.String""","push == ""True""","pop == ""False""","clear == ""False""","calledMethod == ""push""","size_p == ""0""",Yes
7471,1607899197379:a03c24ab-5985-4a7d-8184-d2cd53f16c3b,1607899197379:d92016a7-0010-4b23-a266-2f42de5a0670,"size == ""1""","isEmpty == ""True""","peek_obj_type == ""class java.lang.String""","push == ""False""","pop == ""True""","clear == ""False""","calledMethod == ""pop""","size_p == ""1""",Yes
7473,1607899197379:a03c24ab-5985-4a7d-8184-d2cd53f16c3b,1607899197379:126227d1-cb6b-4f81-be41-3364535c777a,"size == ""1""","isEmpty == ""True""","peek_obj_type == ""class java.lang.String""","push == ""True""","pop == ""False""","clear == ""False""","calledMethod == ""push""","size_p == ""0""",Yes
7474,1607899197379:a03c24ab-5985-4a7d-8184-d2cd53f16c3b,1607899197379:126227d1-cb6b-4f81-be41-3364535c777a,"size == ""2""","isEmpty == ""True""","peek_obj_type == ""class java.lang.String""","push == ""True""","pop == ""False""","clear == ""False""","calledMethod == ""push""","size_p == ""1""",Yes
7475,1607899197379:a03c24ab-5985-4a7d-8184-d2cd53f16c3b,1607899197379:126227d1-cb6b-4f81-be41-3364535c777a,"size == ""3""","isEmpty == ""True""","peek_obj_type == ""class java.lang.String""","push == ""True""","pop == ""False""","clear == ""False""","calledMethod == ""push""","size_p == ""2""",Yes
7477,1607899197379:43b770d4-d4ad-4f9a-ab7b-f0e6752b6510,1607899197379:a3732b73-0b29-4578-9b44-376e5845d323,"size == ""1""","isEmpty == ""True""","peek_obj_type == ""class java.lang.String""","push == ""True""","pop == ""False""","clear == ""False""","calledMethod == ""push""","size_p == ""0""",Yes
7479,1607899197379:43b770d4-d4ad-4f9a-ab7b-f0e6752b6510,1607899197379:7991d0bf-c570-4976-a963-4ee756eef204,"size == ""1""","isEmpty == ""True""","peek_obj_type == ""class java.lang.String""","push == ""True""","pop == ""False""","clear == ""False""","calledMethod == ""push""","size_p == ""0""",Yes
7480,1607899197379:43b770d4-d4ad-4f9a-ab7b-f0e6752b6510,1607899197379:7991d0bf-c570-4976-a963-4ee756eef204,"size == ""1""","isEmpty == ""True""","peek_obj_type == ""class java.lang.String""","push == ""False""","pop == ""True""","clear == ""False""","calledMethod == ""pop""","size_p == ""1""",Yes
7482,1607899197379:009b202c-96d1-4f4f-aff4-4c748ea3edb3,1607899197379:9565206b-8d1c-46dc-a3da-59acf1e26b6f,"size == ""1""","isEmpty == ""True""","peek_obj_type == ""class java.lang.String""","push == ""True""","pop == ""False""","clear == ""False""","calledMethod == ""push""","size_p == ""0""",Yes
7483,1607899197379:009b202c-96d1-4f4f-aff4-4c748ea3edb3,1607899197379:9565206b-8d1c-46dc-a3da-59acf1e26b6f,"size == ""1""","isEmpty == ""True""","peek_obj_type == ""class java.lang.String""","push == ""False""","pop == ""True""","clear == ""False""","calledMethod == ""pop""","size_p == ""1""",Yes
7485,1607899197379:009b202c-96d1-4f4f-aff4-4c748ea3edb3,1607899197379:47c6373f-3508-45e2-b700-7ddc110ad289,"size == ""1""","isEmpty == ""True""","peek_obj_type == ""class java.lang.String""","push == ""True""","pop == ""False""","clear == ""False""","calledMethod == ""push""","size_p == ""0""",Yes
7486,1607899197379:009b202c-96d1-4f4f-aff4-4c748ea3edb3,1607899197379:47c6373f-3508-45e2-b700-7ddc110ad289,"size == ""2""","isEmpty == ""True""","peek_obj_type == ""class java.lang.String""","push == ""True""","pop == ""False""","clear == ""False""","calledMethod == ""push""","size_p == ""1""",Yes
7488,1607899197378:faa12706-118c-4824-89a7-88a0f4a45792,1607899197378:93f76c03-cbc0-4f2d-8daf-97d9deb6fd17,"size == ""1""","isEmpty == ""True""","peek_obj_type == ""class java.lang.String""","push == ""True""","pop == ""False""","clear == ""False""","calledMethod == ""push""","size_p == ""0""",Yes
7489,1607899197378:faa12706-118c-4824-89a7-88a0f4a45792,1607899197378:93f76c03-cbc0-4f2d-8daf-97d9deb6fd17,"size == ""1""","isEmpty == ""True""","peek_obj_type == ""class java.lang.String""","push == ""False""","pop == ""True""","clear == ""False""","calledMethod == ""pop""","size_p == ""1""",Yes
7491,1607899197378:f3c74df9-0ed9-4fce-9ecb-5a2b721b3c47,1607899197378:b5eed7de-29a2-484a-ac71-a85c11af9431,"size == ""1""","isEmpty == ""True""","peek_obj_type == ""class java.lang.String""","push == ""True""","pop == ""False""","clear == ""False""","calledMethod == ""push""","size_p == ""0""",Yes
7492,1607899197378:f3c74df9-0ed9-4fce-9ecb-5a2b721b3c47,1607899197378:b5eed7de-29a2-484a-ac71-a85c11af9431,"size == ""1""","isEmpty == ""True""","peek_obj_type == ""class java.lang.String""","push == ""False""","pop == ""True""","clear == ""False""","calledMethod == ""pop""","size_p == ""1""",Yes
7494,1607899197378:d238ac82-deee-46ce-9c2d-a3cd9d75a865,1607899197378:15579b1f-fb8c-434e-b54a-86baa7ea449e,"size == ""1""","isEmpty == ""True""","peek_obj_type == ""class java.lang.String""","push == ""True""","pop == ""False""","clear == ""False""","calledMethod == ""push""","size_p == ""0""",Yes
7495,1607899197378:d238ac82-deee-46ce-9c2d-a3cd9d75a865,1607899197378:15579b1f-fb8c-434e-b54a-86baa7ea449e,"size == ""1""","isEmpty == ""True""","peek_obj_type == ""class java.lang.String""","push == ""False""","pop == ""True""","clear == ""False""","calledMethod == ""pop""","size_p == ""1""",Yes
7497,1607899197378:c2883103-dbc4-4508-bea1-49ad97adcba7,1607899197378:c94e80b1-6dde-4971-af9e-baca231bd086,"size == ""1""","isEmpty == ""True""","peek_obj_type == ""class java.lang.String""","push == ""True""","pop == ""False""","clear == ""False""","calledMethod == ""push""","size_p == ""0""",Yes
7498,1607899197378:c2883103-dbc4-4508-bea1-49ad97adcba7,1607899197378:c94e80b1-6dde-4971-af9e-baca231bd086,"size == ""1""","isEmpty == ""True""","peek_obj_type == ""class java.lang.String""","push == ""False""","pop == ""True""","clear == ""False""","calledMethod == ""pop""","size_p == ""1""",Yes
7500,1607899197378:b2495986-a149-4bde-a195-9b1345a2c447,1607899197378:9edc5746-bde3-4d6c-9db6-640242212f44,"size == ""1""","isEmpty == ""True""","peek_obj_type == ""class java.lang.String""","push == ""True""","pop == ""False""","clear == ""False""","calledMethod == ""push""","size_p == ""0""",Yes
7501,1607899197378:b2495986-a149-4bde-a195-9b1345a2c447,1607899197378:9edc5746-bde3-4d6c-9db6-640242212f44,"size == ""1""","isEmpty == ""True""","peek_obj_type == ""class java.lang.String""","push == ""False""","pop == ""True""","clear == ""False""","calledMethod == ""pop""","size_p == ""1""",Yes
7503,1607899197378:8336f9c2-72d8-4eae-bc50-71f74d0bdf6a,1607899197378:d576277a-ddb3-4cd5-809b-d5d168ed00cb,"size == ""1""","isEmpty == ""True""","peek_obj_type == ""class java.lang.String""","push == ""True""","pop == ""False""","clear == ""False""","calledMethod == ""push""","size_p == ""0""",Yes
7504,1607899197378:8336f9c2-72d8-4eae-bc50-71f74d0bdf6a,1607899197378:d576277a-ddb3-4cd5-809b-d5d168ed00cb,"size == ""1""","isEmpty == ""True""","peek_obj_type == ""class java.lang.String""","push == ""False""","pop == ""True""","clear == ""False""","calledMethod == ""pop""","size_p == ""1""",Yes
7506,1607899197378:450ede7e-edc0-4d13-bc0a-8e891ffd3fbc,1607899197378:9f9ee957-49db-4128-9e84-baf1b159d052,"size == ""1""","isEmpty == ""True""","peek_obj_type == ""class java.lang.String""","push == ""True""","pop == ""False""","clear == ""False""","calledMethod == ""push""","size_p == ""0""",Yes
7507,1607899197378:450ede7e-edc0-4d13-bc0a-8e891ffd3fbc,1607899197378:9f9ee957-49db-4128-9e84-baf1b159d052,"size == ""1""","isEmpty == ""True""","peek_obj_type == ""class java.lang.String""","push == ""False""","pop == ""True""","clear == ""False""","calledMethod == ""pop""","size_p == ""1""",Yes
7509,1607899197377:a9c2e620-a37d-47a7-b5bd-f5281eb07cde,1607899197377:47161fa0-46f7-4636-88bf-ebeeb52d029b,"size == ""1""","isEmpty == ""True""","peek_obj_type == ""class java.lang.String""","push == ""True""","pop == ""False""","clear == ""False""","calledMethod == ""push""","size_p == ""0""",Yes
7510,1607899197377:a9c2e620-a37d-47a7-b5bd-f5281eb07cde,1607899197377:47161fa0-46f7-4636-88bf-ebeeb52d029b,"size == ""1""","isEmpty == ""True""","peek_obj_type == ""class java.lang.String""","push == ""False""","pop == ""True""","clear == ""False""","calledMethod == ""pop""","size_p == ""1""",Yes
7512,1607899197377:88ec04b6-c18d-45f5-a1f2-3b1250db028a,1607899197377:f0595d8f-a012-42a2-9d01-661ddf2e8e9b,"size == ""1""","isEmpty == ""True""","peek_obj_type == ""class java.lang.String""","push == ""True""","pop == ""False""","clear == ""False""","calledMethod == ""push""","size_p == ""0""",Yes
7513,1607899197377:88ec04b6-c18d-45f5-a1f2-3b1250db028a,1607899197377:f0595d8f-a012-42a2-9d01-661ddf2e8e9b,"size == ""2""","isEmpty == ""True""","peek_obj_type == ""class java.lang.String""","push == ""True""","pop == ""False""","clear == ""False""","calledMethod == ""push""","size_p == ""1""",Yes
7515,1607899197377:88ec04b6-c18d-45f5-a1f2-3b1250db028a,1607899197377:6cc7e0b7-0be2-450c-95d4-395e3ab72c06,"size == ""1""","isEmpty == ""True""","peek_obj_type == ""class java.lang.String""","push == ""True""","pop == ""False""","clear == ""False""","calledMethod == ""push""","size_p == ""0""",Yes
7516,1607899197377:88ec04b6-c18d-45f5-a1f2-3b1250db028a,1607899197377:6cc7e0b7-0be2-450c-95d4-395e3ab72c06,"size == ""1""","isEmpty == ""True""","peek_obj_type == ""class java.lang.String""","push == ""False""","pop == ""True""","clear == ""False""","calledMethod == ""pop""","size_p == ""1""",Yes
7518,1607899197377:7146375c-6741-4b57-8f93-2f3066a279b9,1607899197377:d6c27674-03dd-482a-9048-9d680892b77c,"size == ""1""","isEmpty == ""True""","peek_obj_type == ""class java.lang.String""","push == ""True""","pop == ""False""","clear == ""False""","calledMethod == ""push""","size_p == ""0""",Yes
7520,1607899197377:7146375c-6741-4b57-8f93-2f3066a279b9,1607899197377:ab911149-d4c2-4e42-a4ef-e69665b8349c,"size == ""1""","isEmpty == ""True""","peek_obj_type == ""class java.lang.String""","push == ""True""","pop == ""False""","clear == ""False""","calledMethod == ""push""","size_p == ""0""",Yes
7521,1607899197377:7146375c-6741-4b57-8f93-2f3066a279b9,1607899197377:ab911149-d4c2-4e42-a4ef-e69665b8349c,"size == ""1""","isEmpty == ""True""","peek_obj_type == ""class java.lang.String""","push == ""False""","pop == ""True""","clear == ""False""","calledMethod == ""pop""","size_p == ""1""",Yes
7523,1607899197377:7146375c-6741-4b57-8f93-2f3066a279b9,1607899197377:7c7cbb27-2e69-41fb-8181-5a6407b723fd,"size == ""1""","isEmpty == ""True""","peek_obj_type == ""class java.lang.String""","push == ""True""","pop == ""False""","clear == ""False""","calledMethod == ""push""","size_p == ""0""",Yes
7524,1607899197377:7146375c-6741-4b57-8f93-2f3066a279b9,1607899197377:7c7cbb27-2e69-41fb-8181-5a6407b723fd,"size == ""2""","isEmpty == ""True""","peek_obj_type == ""class java.lang.String""","push == ""True""","pop == ""False""","clear == ""False""","calledMethod == ""push""","size_p == ""1""",Yes
7525,1607899197377:7146375c-6741-4b57-8f93-2f3066a279b9,1607899197377:7c7cbb27-2e69-41fb-8181-5a6407b723fd,"size == ""3""","isEmpty == ""True""","peek_obj_type == ""class java.lang.String""","push == ""True""","pop == ""False""","clear == ""False""","calledMethod == ""push""","size_p == ""2""",Yes
7526,1607899197377:7146375c-6741-4b57-8f93-2f3066a279b9,1607899197377:7c7cbb27-2e69-41fb-8181-5a6407b723fd,"size == ""3""","isEmpty == ""True""","peek_obj_type == ""class java.lang.String""","push == ""False""","pop == ""False""","clear == ""True""","calledMethod == ""clear""","size_p == ""3""",Yes
7528,1607899197377:2288cc0a-93a2-486c-acf8-4ee2c8ed32db,1607899197377:f70ec699-866b-4734-be1f-f0d2cf6ee904,"size == ""1""","isEmpty == ""True""","peek_obj_type == ""class java.lang.String""","push == ""True""","pop == ""False""","clear == ""False""","calledMethod == ""push""","size_p == ""0""",Yes
7529,1607899197377:2288cc0a-93a2-486c-acf8-4ee2c8ed32db,1607899197377:f70ec699-866b-4734-be1f-f0d2cf6ee904,"size == ""1""","isEmpty == ""True""","peek_obj_type == ""class java.lang.String""","push == ""False""","pop == ""True""","clear == ""False""","calledMethod == ""pop""","size_p == ""1""",Yes
7531,1607899197377:2288cc0a-93a2-486c-acf8-4ee2c8ed32db,1607899197377:b826e785-54c7-4238-a20f-04dc8720786e,"size == ""1""","isEmpty == ""True""","peek_obj_type == ""class java.lang.String""","push == ""True""","pop == ""False""","clear == ""False""","calledMethod == ""push""","size_p == ""0""",Yes
7534,1607899197377:1a3aae0b-3470-4e1e-bb8b-bc58151c33f1,1607899197377:911e20ce-14a2-478d-bd72-418dc233458f,"size == ""1""","isEmpty == ""True""","peek_obj_type == ""class java.lang.String""","push == ""True""","pop == ""False""","clear == ""False""","calledMethod == ""push""","size_p == ""0""",Yes
7535,1607899197377:1a3aae0b-3470-4e1e-bb8b-bc58151c33f1,1607899197377:911e20ce-14a2-478d-bd72-418dc233458f,"size == ""1""","isEmpty == ""True""","peek_obj_type == ""class java.lang.String""","push == ""False""","pop == ""True""","clear == ""False""","calledMethod == ""pop""","size_p == ""1""",Yes
7537,1607899197376:e34d96e7-8d5f-448a-a1d6-60c051a31246,1607899197376:250fd444-0a72-4f9a-97da-97354a10104b,"size == ""1""","isEmpty == ""True""","peek_obj_type == ""class java.lang.String""","push == ""True""","pop == ""False""","clear == ""False""","calledMethod == ""push""","size_p == ""0""",Yes
7538,1607899197376:e34d96e7-8d5f-448a-a1d6-60c051a31246,1607899197376:250fd444-0a72-4f9a-97da-97354a10104b,"size == ""2""","isEmpty == ""True""","peek_obj_type == ""class java.lang.String""","push == ""True""","pop == ""False""","clear == ""False""","calledMethod == ""push""","size_p == ""1""",Yes
7540,1607899197376:e34d96e7-8d5f-448a-a1d6-60c051a31246,1607899197376:15cbd111-cf8f-4ab9-a11a-9780dae531eb,"size == ""1""","isEmpty == ""True""","peek_obj_type == ""class java.lang.String""","push == ""True""","pop == ""False""","clear == ""False""","calledMethod == ""push""","size_p == ""0""",Yes
7541,1607899197376:e34d96e7-8d5f-448a-a1d6-60c051a31246,1607899197376:15cbd111-cf8f-4ab9-a11a-9780dae531eb,"size == ""1""","isEmpty == ""True""","peek_obj_type == ""class java.lang.String""","push == ""False""","pop == ""True""","clear == ""False""","calledMethod == ""pop""","size_p == ""1""",Yes
7543,1607899197376:da3f1df3-d199-44a7-a01b-35cd76a86183,1607899197376:5551f798-0434-42fd-95e6-b125caa2dd08,"size == ""1""","isEmpty == ""True""","peek_obj_type == ""class java.lang.String""","push == ""True""","pop == ""False""","clear == ""False""","calledMethod == ""push""","size_p == ""0""",Yes
7544,1607899197376:da3f1df3-d199-44a7-a01b-35cd76a86183,1607899197376:5551f798-0434-42fd-95e6-b125caa2dd08,"size == ""1""","isEmpty == ""True""","peek_obj_type == ""class java.lang.String""","push == ""False""","pop == ""True""","clear == ""False""","calledMethod == ""pop""","size_p == ""1""",Yes
7546,1607899197376:85f74d76-1d82-436b-8100-294ec2e6734c,1607899197376:77e8e3c9-af48-4c29-9ca1-a245cad417e0,"size == ""1""","isEmpty == ""True""","peek_obj_type == ""class java.lang.String""","push == ""True""","pop == ""False""","clear == ""False""","calledMethod == ""push""","size_p == ""0""",Yes
7547,1607899197376:85f74d76-1d82-436b-8100-294ec2e6734c,1607899197376:77e8e3c9-af48-4c29-9ca1-a245cad417e0,"size == ""1""","isEmpty == ""True""","peek_obj_type == ""class java.lang.String""","push == ""False""","pop == ""True""","clear == ""False""","calledMethod == ""pop""","size_p == ""1""",Yes
7549,1607899197376:416cdcf0-adf3-4a7f-b891-9898491759d4,1607899197376:effb8841-fb25-4f93-8853-5c278996cf17,"size == ""1""","isEmpty == ""True""","peek_obj_type == ""class java.lang.String""","push == ""True""","pop == ""False""","clear == ""False""","calledMethod == ""push""","size_p == ""0""",Yes
7550,1607899197376:416cdcf0-adf3-4a7f-b891-9898491759d4,1607899197376:effb8841-fb25-4f93-8853-5c278996cf17,"size == ""2""","isEmpty == ""True""","peek_obj_type == ""class java.lang.String""","push == ""True""","pop == ""False""","clear == ""False""","calledMethod == ""push""","size_p == ""1""",Yes
7552,1607899197376:416cdcf0-adf3-4a7f-b891-9898491759d4,1607899197376:7f73b2cb-2021-4332-becc-ae128b8e441b,"size == ""1""","isEmpty == ""True""","peek_obj_type == ""class java.lang.String""","push == ""True""","pop == ""False""","clear == ""False""","calledMethod == ""push""","size_p == ""0""",Yes
7553,1607899197376:416cdcf0-adf3-4a7f-b891-9898491759d4,1607899197376:7f73b2cb-2021-4332-becc-ae128b8e441b,"size == ""1""","isEmpty == ""True""","peek_obj_type == ""class java.lang.String""","push == ""False""","pop == ""True""","clear == ""False""","calledMethod == ""pop""","size_p == ""1""",Yes
7555,1607899197376:12f9a65c-fe1e-44df-81b5-62f394e0fb59,1607899197376:ab7eb330-f894-4a98-bc17-3d3e22810de7,"size == ""1""","isEmpty == ""True""","peek_obj_type == ""class java.lang.String""","push == ""True""","pop == ""False""","clear == ""False""","calledMethod == ""push""","size_p == ""0""",Yes
7556,1607899197376:12f9a65c-fe1e-44df-81b5-62f394e0fb59,1607899197376:ab7eb330-f894-4a98-bc17-3d3e22810de7,"size == ""1""","isEmpty == ""True""","peek_obj_type == ""class java.lang.String""","push == ""False""","pop == ""True""","clear == ""False""","calledMethod == ""pop""","size_p == ""1""",Yes
7558,1607899197376:12f9a65c-fe1e-44df-81b5-62f394e0fb59,1607899197376:71c51d5d-ccb4-497f-b2fd-e135e119a8f6,"size == ""1""","isEmpty == ""True""","peek_obj_type == ""class java.lang.String""","push == ""True""","pop == ""False""","clear == ""False""","calledMethod == ""push""","size_p == ""0""",Yes
7559,1607899197376:12f9a65c-fe1e-44df-81b5-62f394e0fb59,1607899197376:71c51d5d-ccb4-497f-b2fd-e135e119a8f6,"size == ""2""","isEmpty == ""True""","peek_obj_type == ""class java.lang.String""","push == ""True""","pop == ""False""","clear == ""False""","calledMethod == ""push""","size_p == ""1""",Yes
7560,1607899197376:12f9a65c-fe1e-44df-81b5-62f394e0fb59,1607899197376:71c51d5d-ccb4-497f-b2fd-e135e119a8f6,"size == ""3""","isEmpty == ""True""","peek_obj_type == ""class java.lang.String""","push == ""True""","pop == ""False""","clear == ""False""","calledMethod == ""push""","size_p == ""2""",Yes
7562,1607899197375:fe918098-fe08-4175-99c5-8d1cb89f63b8,1607899197375:4dd47dc6-3b95-4985-acd3-4cb63344ae4b,"size == ""1""","isEmpty == ""True""","peek_obj_type == ""class java.lang.String""","push == ""True""","pop == ""False""","clear == ""False""","calledMethod == ""push""","size_p == ""0""",Yes
7563,1607899197375:fe918098-fe08-4175-99c5-8d1cb89f63b8,1607899197375:4dd47dc6-3b95-4985-acd3-4cb63344ae4b,"size == ""1""","isEmpty == ""True""","peek_obj_type == ""class java.lang.String""","push == ""False""","pop == ""True""","clear == ""False""","calledMethod == ""pop""","size_p == ""1""",Yes
7565,1607899197375:fb11468f-a01f-4c13-8bdb-4f48a8b495a1,1607899197375:bc8bb734-d38a-4c2e-8dec-6c5c30f4ec18,"size == ""1""","isEmpty == ""True""","peek_obj_type == ""class java.lang.String""","push == ""True""","pop == ""False""","clear == ""False""","calledMethod == ""push""","size_p == ""0""",Yes
7567,1607899197375:fb11468f-a01f-4c13-8bdb-4f48a8b495a1,1607899197375:72a20442-a9f8-45d0-96de-6b059475ea38,"size == ""1""","isEmpty == ""True""","peek_obj_type == ""class java.lang.String""","push == ""True""","pop == ""False""","clear == ""False""","calledMethod == ""push""","size_p == ""0""",Yes
7568,1607899197375:fb11468f-a01f-4c13-8bdb-4f48a8b495a1,1607899197375:72a20442-a9f8-45d0-96de-6b059475ea38,"size == ""1""","isEmpty == ""True""","peek_obj_type == ""class java.lang.String""","push == ""False""","pop == ""True""","clear == ""False""","calledMethod == ""pop""","size_p == ""1""",Yes
7570,1607899197375:bee4905f-92c2-495d-8341-d567002b94ab,1607899197375:44356f16-8e90-4099-805b-4c752f586985,"size == ""1""","isEmpty == ""True""","peek_obj_type == ""class java.lang.String""","push == ""True""","pop == ""False""","clear == ""False""","calledMethod == ""push""","size_p == ""0""",Yes
7571,1607899197375:bee4905f-92c2-495d-8341-d567002b94ab,1607899197375:44356f16-8e90-4099-805b-4c752f586985,"size == ""1""","isEmpty == ""True""","peek_obj_type == ""class java.lang.String""","push == ""False""","pop == ""True""","clear == ""False""","calledMethod == ""pop""","size_p == ""1""",Yes
7573,1607899197375:a1ea3d68-acd8-4da1-b309-405d5bb6e6ef,1607899197375:268b6837-3631-4f2d-80cb-e05498f5d042,"size == ""1""","isEmpty == ""True""","peek_obj_type == ""class java.lang.String""","push == ""True""","pop == ""False""","clear == ""False""","calledMethod == ""push""","size_p == ""0""",Yes
7574,1607899197375:a1ea3d68-acd8-4da1-b309-405d5bb6e6ef,1607899197375:268b6837-3631-4f2d-80cb-e05498f5d042,"size == ""1""","isEmpty == ""True""","peek_obj_type == ""class java.lang.String""","push == ""False""","pop == ""True""","clear == ""False""","calledMethod == ""pop""","size_p == ""1""",Yes
7576,1607899197375:47e14885-2bc1-4aa4-a738-55c49e9e9664,1607899197375:f359b6b3-08cc-4c68-9fd1-790b6f6d4592,"size == ""1""","isEmpty == ""True""","peek_obj_type == ""class java.lang.String""","push == ""True""","pop == ""False""","clear == ""False""","calledMethod == ""push""","size_p == ""0""",Yes
7577,1607899197375:47e14885-2bc1-4aa4-a738-55c49e9e9664,1607899197375:f359b6b3-08cc-4c68-9fd1-790b6f6d4592,"size == ""1""","isEmpty == ""True""","peek_obj_type == ""class java.lang.String""","push == ""False""","pop == ""True""","clear == ""False""","calledMethod == ""pop""","size_p == ""1""",Yes
7579,1607899197375:47e14885-2bc1-4aa4-a738-55c49e9e9664,1607899197375:144a87c2-cab5-44c4-9cb3-486e2c4a8d05,"size == ""1""","isEmpty == ""True""","peek_obj_type == ""class java.lang.String""","push == ""True""","pop == ""False""","clear == ""False""","calledMethod == ""push""","size_p == ""0""",Yes
7581,1607899197375:475da611-8594-48c7-83eb-5de1a3a27007,1607899197376:58ea2b88-7db0-4bef-a98b-04b90615527d,"size == ""1""","isEmpty == ""True""","peek_obj_type == ""class java.lang.String""","push == ""True""","pop == ""False""","clear == ""False""","calledMethod == ""push""","size_p == ""0""",Yes
7582,1607899197375:475da611-8594-48c7-83eb-5de1a3a27007,1607899197376:58ea2b88-7db0-4bef-a98b-04b90615527d,"size == ""1""","isEmpty == ""True""","peek_obj_type == ""class java.lang.String""","push == ""False""","pop == ""True""","clear == ""False""","calledMethod == ""pop""","size_p == ""1""",Yes
7584,1607899197375:475da611-8594-48c7-83eb-5de1a3a27007,1607899197375:827eaffe-6c00-4c45-9ecf-f965df47e4dc,"size == ""1""","isEmpty == ""True""","peek_obj_type == ""class java.lang.String""","push == ""True""","pop == ""False""","clear == ""False""","calledMethod == ""push""","size_p == ""0""",Yes
7586,1607899197374:d0eaa06f-d554-4fc1-b9c0-9541aa6981aa,1607899197374:9a6fb1f2-a502-42b5-8fa7-f0a9dfb0c5a4,"size == ""1""","isEmpty == ""True""","peek_obj_type == ""class java.lang.String""","push == ""True""","pop == ""False""","clear == ""False""","calledMethod == ""push""","size_p == ""0""",Yes
7587,1607899197374:d0eaa06f-d554-4fc1-b9c0-9541aa6981aa,1607899197374:9a6fb1f2-a502-42b5-8fa7-f0a9dfb0c5a4,"size == ""1""","isEmpty == ""True""","peek_obj_type == ""class java.lang.String""","push == ""False""","pop == ""True""","clear == ""False""","calledMethod == ""pop""","size_p == ""1""",Yes
7590,1607899197374:d0eaa06f-d554-4fc1-b9c0-9541aa6981aa,1607899197374:7a953a27-8961-4ed6-901e-5f85ab660097,"size == ""1""","isEmpty == ""True""","peek_obj_type == ""class java.lang.String""","push == ""True""","pop == ""False""","clear == ""False""","calledMethod == ""push""","size_p == ""0""",Yes
7591,1607899197374:d0eaa06f-d554-4fc1-b9c0-9541aa6981aa,1607899197374:7a953a27-8961-4ed6-901e-5f85ab660097,"size == ""1""","isEmpty == ""True""","peek_obj_type == ""class java.lang.String""","push == ""False""","pop == ""False""","clear == ""True""","calledMethod == ""clear""","size_p == ""1""",Yes
7592,1607899197374:d0eaa06f-d554-4fc1-b9c0-9541aa6981aa,1607899197374:7a953a27-8961-4ed6-901e-5f85ab660097,"size == ""1""","isEmpty == ""True""","peek_obj_type == ""class java.lang.String""","push == ""False""","pop == ""False""","clear == ""True""","calledMethod == ""clear""","size_p == ""1""",Yes
7593,1607899197374:d0eaa06f-d554-4fc1-b9c0-9541aa6981aa,1607899197374:7a953a27-8961-4ed6-901e-5f85ab660097,"size == ""1""","isEmpty == ""True""","peek_obj_type == ""class java.lang.String""","push == ""False""","pop == ""False""","clear == ""True""","calledMethod == ""clear""","size_p == ""1""",Yes
7596,1607899197374:c197d090-0f42-49f4-bd25-5405dc5e4ae0,1607899197374:cd8b20b0-83a0-4d14-b2a6-091ecf62ed5b,"size == ""1""","isEmpty == ""True""","peek_obj_type == ""class java.lang.String""","push == ""True""","pop == ""False""","clear == ""False""","calledMethod == ""push""","size_p == ""0""",Yes
7597,1607899197374:c197d090-0f42-49f4-bd25-5405dc5e4ae0,1607899197374:cd8b20b0-83a0-4d14-b2a6-091ecf62ed5b,"size == ""1""","isEmpty == ""True""","peek_obj_type == ""class java.lang.String""","push == ""False""","pop == ""False""","clear == ""True""","calledMethod == ""clear""","size_p == ""1""",Yes
7598,1607899197374:c197d090-0f42-49f4-bd25-5405dc5e4ae0,1607899197374:cd8b20b0-83a0-4d14-b2a6-091ecf62ed5b,"size == ""1""","isEmpty == ""True""","peek_obj_type == ""class java.lang.String""","push == ""False""","pop == ""False""","clear == ""True""","calledMethod == ""clear""","size_p == ""1""",Yes
7599,1607899197374:c197d090-0f42-49f4-bd25-5405dc5e4ae0,1607899197374:cd8b20b0-83a0-4d14-b2a6-091ecf62ed5b,"size == ""1""","isEmpty == ""True""","peek_obj_type == ""class java.lang.String""","push == ""False""","pop == ""False""","clear == ""True""","calledMethod == ""clear""","size_p == ""1""",Yes
7600,1607899197374:c197d090-0f42-49f4-bd25-5405dc5e4ae0,1607899197374:cd8b20b0-83a0-4d14-b2a6-091ecf62ed5b,"size == ""1""","isEmpty == ""True""","peek_obj_type == ""class java.lang.String""","push == ""False""","pop == ""False""","clear == ""True""","calledMethod == ""clear""","size_p == ""1""",Yes
7602,1607899197374:c197d090-0f42-49f4-bd25-5405dc5e4ae0,1607899197374:b5982cc5-5788-49c2-9bbc-2c3d4d2d87f6,"size == ""1""","isEmpty == ""True""","peek_obj_type == ""class java.lang.String""","push == ""True""","pop == ""False""","clear == ""False""","calledMethod == ""push""","size_p == ""0""",Yes
7605,1607899197374:c197d090-0f42-49f4-bd25-5405dc5e4ae0,1607899197374:18bd37f5-bec6-4343-bed6-ca069ba20b1a,"size == ""1""","isEmpty == ""True""","peek_obj_type == ""class java.lang.String""","push == ""True""","pop == ""False""","clear == ""False""","calledMethod == ""push""","size_p == ""0""",Yes
7606,1607899197374:c197d090-0f42-49f4-bd25-5405dc5e4ae0,1607899197374:18bd37f5-bec6-4343-bed6-ca069ba20b1a,"size == ""1""","isEmpty == ""True""","peek_obj_type == ""class java.lang.String""","push == ""False""","pop == ""True""","clear == ""False""","calledMethod == ""pop""","size_p == ""1""",Yes
7608,1607899197374:1d5dbe41-d7bb-4863-9aee-41e7bb5dc10b,1607899197375:e2d0bffc-14db-4e2a-b596-0c897f565b4d,"size == ""1""","isEmpty == ""True""","peek_obj_type == ""class java.lang.String""","push == ""True""","pop == ""False""","clear == ""False""","calledMethod == ""push""","size_p == ""0""",Yes
7609,1607899197374:1d5dbe41-d7bb-4863-9aee-41e7bb5dc10b,1607899197375:e2d0bffc-14db-4e2a-b596-0c897f565b4d,"size == ""1""","isEmpty == ""True""","peek_obj_type == ""class java.lang.String""","push == ""False""","pop == ""True""","clear == ""False""","calledMethod == ""pop""","size_p == ""1""",Yes
7611,1607899197374:1d5dbe41-d7bb-4863-9aee-41e7bb5dc10b,1607899197375:cc125f15-583c-4483-b0a5-b5e1af1fbf87,"size == ""1""","isEmpty == ""True""","peek_obj_type == ""class java.lang.String""","push == ""True""","pop == ""False""","clear == ""False""","calledMethod == ""push""","size_p == ""0""",Yes
7614,1607899197374:15f29ceb-79ed-4d5f-9b57-9dcc84decef3,1607899197374:937e4aa8-e2ba-48a7-9961-b3ba8532f361,"size == ""1""","isEmpty == ""True""","peek_obj_type == ""class java.lang.String""","push == ""True""","pop == ""False""","clear == ""False""","calledMethod == ""push""","size_p == ""0""",Yes
7615,1607899197374:15f29ceb-79ed-4d5f-9b57-9dcc84decef3,1607899197374:937e4aa8-e2ba-48a7-9961-b3ba8532f361,"size == ""1""","isEmpty == ""True""","peek_obj_type == ""class java.lang.String""","push == ""False""","pop == ""True""","clear == ""False""","calledMethod == ""pop""","size_p == ""1""",Yes
7617,1607899197374:15f29ceb-79ed-4d5f-9b57-9dcc84decef3,1607899197374:113efd93-a0bb-4679-b90e-1dea73f04edd,"size == ""1""","isEmpty == ""True""","peek_obj_type == ""class java.lang.String""","push == ""True""","pop == ""False""","clear == ""False""","calledMethod == ""push""","size_p == ""0""",Yes
7619,1607899197373:3b1fbcd7-279a-4afc-afa9-20e2a990655a,1607899197373:90b6d32e-9cb1-48dc-bcd9-e9e6baec3c8a,"size == ""1""","isEmpty == ""True""","peek_obj_type == ""class java.lang.String""","push == ""True""","pop == ""False""","clear == ""False""","calledMethod == ""push""","size_p == ""0""",Yes
7620,1607899197373:3b1fbcd7-279a-4afc-afa9-20e2a990655a,1607899197373:90b6d32e-9cb1-48dc-bcd9-e9e6baec3c8a,"size == ""1""","isEmpty == ""True""","peek_obj_type == ""class java.lang.String""","push == ""False""","pop == ""True""","clear == ""False""","calledMethod == ""pop""","size_p == ""1""",Yes
7623,1607899197373:3b1fbcd7-279a-4afc-afa9-20e2a990655a,1607899197373:1ad53b40-9240-4330-b9ba-29c6a5ddb7b2,"size == ""1""","isEmpty == ""True""","peek_obj_type == ""class java.lang.String""","push == ""True""","pop == ""False""","clear == ""False""","calledMethod == ""push""","size_p == ""0""",Yes
7624,1607899197373:3b1fbcd7-279a-4afc-afa9-20e2a990655a,1607899197373:1ad53b40-9240-4330-b9ba-29c6a5ddb7b2,"size == ""1""","isEmpty == ""True""","peek_obj_type == ""class java.lang.String""","push == ""False""","pop == ""False""","clear == ""True""","calledMethod == ""clear""","size_p == ""1""",Yes
7625,1607899197373:3b1fbcd7-279a-4afc-afa9-20e2a990655a,1607899197373:1ad53b40-9240-4330-b9ba-29c6a5ddb7b2,"size == ""1""","isEmpty == ""True""","peek_obj_type == ""class java.lang.String""","push == ""False""","pop == ""False""","clear == ""True""","calledMethod == ""clear""","size_p == ""1""",Yes
7626,1607899197373:3b1fbcd7-279a-4afc-afa9-20e2a990655a,1607899197373:1ad53b40-9240-4330-b9ba-29c6a5ddb7b2,"size == ""1""","isEmpty == ""True""","peek_obj_type == ""class java.lang.String""","push == ""False""","pop == ""False""","clear == ""True""","calledMethod == ""clear""","size_p == ""1""",Yes
7628,1607899197373:2cd735b3-e71c-4efc-ada2-a256fde71992,1607899197373:ac5b4f9e-b25a-49c0-b84a-ea090a682fef,"size == ""1""","isEmpty == ""True""","peek_obj_type == ""class java.lang.String""","push == ""True""","pop == ""False""","clear == ""False""","calledMethod == ""push""","size_p == ""0""",Yes
7629,1607899197373:2cd735b3-e71c-4efc-ada2-a256fde71992,1607899197373:ac5b4f9e-b25a-49c0-b84a-ea090a682fef,"size == ""1""","isEmpty == ""True""","peek_obj_type == ""class java.lang.String""","push == ""False""","pop == ""True""","clear == ""False""","calledMethod == ""pop""","size_p == ""1""",Yes
7632,1607899197373:2cd735b3-e71c-4efc-ada2-a256fde71992,1607899197373:a70cee2c-cd46-4cd3-a049-c62e7d974465,"size == ""1""","isEmpty == ""True""","peek_obj_type == ""class java.lang.String""","push == ""True""","pop == ""False""","clear == ""False""","calledMethod == ""push""","size_p == ""0""",Yes
7633,1607899197373:2cd735b3-e71c-4efc-ada2-a256fde71992,1607899197373:a70cee2c-cd46-4cd3-a049-c62e7d974465,"size == ""1""","isEmpty == ""True""","peek_obj_type == ""class java.lang.String""","push == ""False""","pop == ""False""","clear == ""True""","calledMethod == ""clear""","size_p == ""1""",Yes
7634,1607899197373:2cd735b3-e71c-4efc-ada2-a256fde71992,1607899197373:a70cee2c-cd46-4cd3-a049-c62e7d974465,"size == ""1""","isEmpty == ""True""","peek_obj_type == ""class java.lang.String""","push == ""False""","pop == ""False""","clear == ""True""","calledMethod == ""clear""","size_p == ""1""",Yes
7635,1607899197373:2cd735b3-e71c-4efc-ada2-a256fde71992,1607899197373:a70cee2c-cd46-4cd3-a049-c62e7d974465,"size == ""1""","isEmpty == ""True""","peek_obj_type == ""class java.lang.String""","push == ""False""","pop == ""False""","clear == ""True""","calledMethod == ""clear""","size_p == ""1""",Yes
7638,1607899197373:1f449f87-5ff2-4d5e-a51e-0140022b1c11,1607899197373:d6d8fa86-ea40-4f38-8737-6d62ac23f0f5,"size == ""1""","isEmpty == ""True""","peek_obj_type == ""class java.lang.String""","push == ""True""","pop == ""False""","clear == ""False""","calledMethod == ""push""","size_p == ""0""",Yes
7639,1607899197373:1f449f87-5ff2-4d5e-a51e-0140022b1c11,1607899197373:d6d8fa86-ea40-4f38-8737-6d62ac23f0f5,"size == ""1""","isEmpty == ""True""","peek_obj_type == ""class java.lang.String""","push == ""False""","pop == ""True""","clear == ""False""","calledMethod == ""pop""","size_p == ""1""",Yes
7641,1607899197373:04028a9f-3416-4b25-893c-42241500b8d5,1607899197374:b4005873-8524-4c8c-8280-7d4544087c02,"size == ""1""","isEmpty == ""True""","peek_obj_type == ""class java.lang.String""","push == ""True""","pop == ""False""","clear == ""False""","calledMethod == ""push""","size_p == ""0""",Yes
7642,1607899197373:04028a9f-3416-4b25-893c-42241500b8d5,1607899197374:b4005873-8524-4c8c-8280-7d4544087c02,"size == ""1""","isEmpty == ""True""","peek_obj_type == ""class java.lang.String""","push == ""False""","pop == ""True""","clear == ""False""","calledMethod == ""pop""","size_p == ""1""",Yes
7645,1607899197373:04028a9f-3416-4b25-893c-42241500b8d5,1607899197373:eeb0ca10-77f5-45f1-ab45-902936230492,"size == ""1""","isEmpty == ""True""","peek_obj_type == ""class java.lang.String""","push == ""True""","pop == ""False""","clear == ""False""","calledMethod == ""push""","size_p == ""0""",Yes
7646,1607899197373:04028a9f-3416-4b25-893c-42241500b8d5,1607899197373:eeb0ca10-77f5-45f1-ab45-902936230492,"size == ""1""","isEmpty == ""True""","peek_obj_type == ""class java.lang.String""","push == ""False""","pop == ""False""","clear == ""True""","calledMethod == ""clear""","size_p == ""1""",Yes
7647,1607899197373:04028a9f-3416-4b25-893c-42241500b8d5,1607899197373:eeb0ca10-77f5-45f1-ab45-902936230492,"size == ""1""","isEmpty == ""True""","peek_obj_type == ""class java.lang.String""","push == ""False""","pop == ""False""","clear == ""True""","calledMethod == ""clear""","size_p == ""1""",Yes
7648,1607899197373:04028a9f-3416-4b25-893c-42241500b8d5,1607899197373:eeb0ca10-77f5-45f1-ab45-902936230492,"size == ""1""","isEmpty == ""True""","peek_obj_type == ""class java.lang.String""","push == ""False""","pop == ""False""","clear == ""True""","calledMethod == ""clear""","size_p == ""1""",Yes
7650,1607899197373:00f7af31-0861-43e3-a9b4-8292d25d9ad6,1607899197373:2a9b1ac1-4bdc-40b8-8709-e94a85c04ac8,"size == ""1""","isEmpty == ""True""","peek_obj_type == ""class java.lang.String""","push == ""True""","pop == ""False""","clear == ""False""","calledMethod == ""push""","size_p == ""0""",Yes
7651,1607899197373:00f7af31-0861-43e3-a9b4-8292d25d9ad6,1607899197373:2a9b1ac1-4bdc-40b8-8709-e94a85c04ac8,"size == ""1""","isEmpty == ""True""","peek_obj_type == ""class java.lang.String""","push == ""False""","pop == ""True""","clear == ""False""","calledMethod == ""pop""","size_p == ""1""",Yes
7653,1607899197372:c795fb57-ea7f-4c7f-85ce-8a04df7f06ec,1607899197373:b395e8af-2467-4e1a-ab2d-e1334de99f5f,"size == ""1""","isEmpty == ""True""","peek_obj_type == ""class java.lang.String""","push == ""True""","pop == ""False""","clear == ""False""","calledMethod == ""push""","size_p == ""0""",Yes
7654,1607899197372:c795fb57-ea7f-4c7f-85ce-8a04df7f06ec,1607899197373:b395e8af-2467-4e1a-ab2d-e1334de99f5f,"size == ""2""","isEmpty == ""True""","peek_obj_type == ""class java.lang.String""","push == ""True""","pop == ""False""","clear == ""False""","calledMethod == ""push""","size_p == ""1""",Yes
7656,1607899197372:c795fb57-ea7f-4c7f-85ce-8a04df7f06ec,1607899197373:773c4e0a-b24f-4162-b7ef-a6e54bfef697,"size == ""1""","isEmpty == ""True""","peek_obj_type == ""class java.lang.String""","push == ""True""","pop == ""False""","clear == ""False""","calledMethod == ""push""","size_p == ""0""",Yes
7657,1607899197372:c795fb57-ea7f-4c7f-85ce-8a04df7f06ec,1607899197373:773c4e0a-b24f-4162-b7ef-a6e54bfef697,"size == ""1""","isEmpty == ""True""","peek_obj_type == ""class java.lang.String""","push == ""False""","pop == ""True""","clear == ""False""","calledMethod == ""pop""","size_p == ""1""",Yes
7659,1607899197372:c47c7562-7393-40e5-9652-2a322dfa8ba6,1607899197372:8cd53254-49a5-4e91-8224-cde604451fce,"size == ""1""","isEmpty == ""True""","peek_obj_type == ""class java.lang.String""","push == ""True""","pop == ""False""","clear == ""False""","calledMethod == ""push""","size_p == ""0""",Yes
7661,1607899197372:c47c7562-7393-40e5-9652-2a322dfa8ba6,1607899197372:8218a7b7-5ef1-4773-9b4a-dc7b47826cf0,"size == ""1""","isEmpty == ""True""","peek_obj_type == ""class java.lang.String""","push == ""True""","pop == ""False""","clear == ""False""","calledMethod == ""push""","size_p == ""0""",Yes
7662,1607899197372:c47c7562-7393-40e5-9652-2a322dfa8ba6,1607899197372:8218a7b7-5ef1-4773-9b4a-dc7b47826cf0,"size == ""1""","isEmpty == ""True""","peek_obj_type == ""class java.lang.String""","push == ""False""","pop == ""True""","clear == ""False""","calledMethod == ""pop""","size_p == ""1""",Yes
7664,1607899197372:a650353d-515c-4c7d-a144-7601546e2046,1607899197372:baef0d62-e6d7-47b0-8d51-bb72946b3327,"size == ""1""","isEmpty == ""True""","peek_obj_type == ""class java.lang.String""","push == ""True""","pop == ""False""","clear == ""False""","calledMethod == ""push""","size_p == ""0""",Yes
7665,1607899197372:a650353d-515c-4c7d-a144-7601546e2046,1607899197372:baef0d62-e6d7-47b0-8d51-bb72946b3327,"size == ""2""","isEmpty == ""True""","peek_obj_type == ""class java.lang.String""","push == ""True""","pop == ""False""","clear == ""False""","calledMethod == ""push""","size_p == ""1""",Yes
7667,1607899197372:a650353d-515c-4c7d-a144-7601546e2046,1607899197372:2aff8f98-a733-41ac-947e-6f85cc0cf156,"size == ""1""","isEmpty == ""True""","peek_obj_type == ""class java.lang.String""","push == ""True""","pop == ""False""","clear == ""False""","calledMethod == ""push""","size_p == ""0""",Yes
7668,1607899197372:a650353d-515c-4c7d-a144-7601546e2046,1607899197372:2aff8f98-a733-41ac-947e-6f85cc0cf156,"size == ""1""","isEmpty == ""True""","peek_obj_type == ""class java.lang.String""","push == ""False""","pop == ""True""","clear == ""False""","calledMethod == ""pop""","size_p == ""1""",Yes
7670,1607899197372:5aee8353-c2d3-4830-83a2-3537f60d19ac,1607899197372:c8da83cc-0430-461b-a34d-8dcd35192f93,"size == ""1""","isEmpty == ""True""","peek_obj_type == ""class java.lang.String""","push == ""True""","pop == ""False""","clear == ""False""","calledMethod == ""push""","size_p == ""0""",Yes
7671,1607899197372:5aee8353-c2d3-4830-83a2-3537f60d19ac,1607899197372:c8da83cc-0430-461b-a34d-8dcd35192f93,"size == ""1""","isEmpty == ""True""","peek_obj_type == ""class java.lang.String""","push == ""False""","pop == ""True""","clear == ""False""","calledMethod == ""pop""","size_p == ""1""",Yes
7673,1607899197372:2c263889-7df4-4210-8579-bd0a9268a58b,1607899197372:dd1ac8a8-0172-4e2f-9a1e-8093c1be9918,"size == ""1""","isEmpty == ""True""","peek_obj_type == ""class java.lang.String""","push == ""True""","pop == ""False""","clear == ""False""","calledMethod == ""push""","size_p == ""0""",Yes
7674,1607899197372:2c263889-7df4-4210-8579-bd0a9268a58b,1607899197372:dd1ac8a8-0172-4e2f-9a1e-8093c1be9918,"size == ""2""","isEmpty == ""True""","peek_obj_type == ""class java.lang.String""","push == ""True""","pop == ""False""","clear == ""False""","calledMethod == ""push""","size_p == ""1""",Yes
7676,1607899197372:2c263889-7df4-4210-8579-bd0a9268a58b,1607899197372:6169a0c1-e452-4630-ba37-537f248c7860,"size == ""1""","isEmpty == ""True""","peek_obj_type == ""class java.lang.String""","push == ""True""","pop == ""False""","clear == ""False""","calledMethod == ""push""","size_p == ""0""",Yes
7677,1607899197372:2c263889-7df4-4210-8579-bd0a9268a58b,1607899197372:6169a0c1-e452-4630-ba37-537f248c7860,"size == ""1""","isEmpty == ""True""","peek_obj_type == ""class java.lang.String""","push == ""False""","pop == ""True""","clear == ""False""","calledMethod == ""pop""","size_p == ""1""",Yes
7679,1607899197371:81deff7d-d6af-48da-8376-6d5d10bcab37,1607899197371:b22a5f18-55d4-4430-859c-ed5d324e7eab,"size == ""1""","isEmpty == ""True""","peek_obj_type == ""class java.lang.String""","push == ""True""","pop == ""False""","clear == ""False""","calledMethod == ""push""","size_p == ""0""",Yes
7680,1607899197371:81deff7d-d6af-48da-8376-6d5d10bcab37,1607899197371:b22a5f18-55d4-4430-859c-ed5d324e7eab,"size == ""1""","isEmpty == ""True""","peek_obj_type == ""class java.lang.String""","push == ""False""","pop == ""True""","clear == ""False""","calledMethod == ""pop""","size_p == ""1""",Yes
7683,1607899197371:81deff7d-d6af-48da-8376-6d5d10bcab37,1607899197371:1bfd43c4-aa13-4992-8965-3145c27f84cb,"size == ""1""","isEmpty == ""True""","peek_obj_type == ""class java.lang.String""","push == ""True""","pop == ""False""","clear == ""False""","calledMethod == ""push""","size_p == ""0""",Yes
7684,1607899197371:81deff7d-d6af-48da-8376-6d5d10bcab37,1607899197371:1bfd43c4-aa13-4992-8965-3145c27f84cb,"size == ""1""","isEmpty == ""True""","peek_obj_type == ""class java.lang.String""","push == ""False""","pop == ""False""","clear == ""True""","calledMethod == ""clear""","size_p == ""1""",Yes
7685,1607899197371:81deff7d-d6af-48da-8376-6d5d10bcab37,1607899197371:1bfd43c4-aa13-4992-8965-3145c27f84cb,"size == ""1""","isEmpty == ""True""","peek_obj_type == ""class java.lang.String""","push == ""False""","pop == ""False""","clear == ""True""","calledMethod == ""clear""","size_p == ""1""",Yes
7686,1607899197371:81deff7d-d6af-48da-8376-6d5d10bcab37,1607899197371:1bfd43c4-aa13-4992-8965-3145c27f84cb,"size == ""1""","isEmpty == ""True""","peek_obj_type == ""class java.lang.String""","push == ""False""","pop == ""False""","clear == ""True""","calledMethod == ""clear""","size_p == ""1""",Yes
7689,1607899197371:81deff7d-d6af-48da-8376-6d5d10bcab37,1607899197371:166a84de-31a0-4d91-806f-05d421307bab,"size == ""1""","isEmpty == ""True""","peek_obj_type == ""class java.lang.String""","push == ""True""","pop == ""False""","clear == ""False""","calledMethod == ""push""","size_p == ""0""",Yes
7690,1607899197371:81deff7d-d6af-48da-8376-6d5d10bcab37,1607899197371:166a84de-31a0-4d91-806f-05d421307bab,"size == ""1""","isEmpty == ""True""","peek_obj_type == ""class java.lang.String""","push == ""False""","pop == ""False""","clear == ""True""","calledMethod == ""clear""","size_p == ""1""",Yes
7691,1607899197371:81deff7d-d6af-48da-8376-6d5d10bcab37,1607899197371:166a84de-31a0-4d91-806f-05d421307bab,"size == ""1""","isEmpty == ""True""","peek_obj_type == ""class java.lang.String""","push == ""False""","pop == ""False""","clear == ""True""","calledMethod == ""clear""","size_p == ""1""",Yes
7692,1607899197371:81deff7d-d6af-48da-8376-6d5d10bcab37,1607899197371:166a84de-31a0-4d91-806f-05d421307bab,"size == ""1""","isEmpty == ""True""","peek_obj_type == ""class java.lang.String""","push == ""False""","pop == ""False""","clear == ""True""","calledMethod == ""clear""","size_p == ""1""",Yes
7694,1607899197370:8aa53f26-6b32-48d9-8691-de6b1bc28631,1607899197370:eb7700ed-fbca-44e0-9de4-3028fbd06bd4,"size == ""1""","isEmpty == ""True""","peek_obj_type == ""class java.lang.String""","push == ""True""","pop == ""False""","clear == ""False""","calledMethod == ""push""","size_p == ""0""",Yes
7695,1607899197370:8aa53f26-6b32-48d9-8691-de6b1bc28631,1607899197370:eb7700ed-fbca-44e0-9de4-3028fbd06bd4,"size == ""2""","isEmpty == ""True""","peek_obj_type == ""class java.lang.String""","push == ""True""","pop == ""False""","clear == ""False""","calledMethod == ""push""","size_p == ""1""",Yes
7697,1607899197370:8aa53f26-6b32-48d9-8691-de6b1bc28631,1607899197370:5848ab0d-9281-4133-886c-d553edb5bda1,"size == ""1""","isEmpty == ""True""","peek_obj_type == ""class java.lang.String""","push == ""True""","pop == ""False""","clear == ""False""","calledMethod == ""push""","size_p == ""0""",Yes
7698,1607899197370:8aa53f26-6b32-48d9-8691-de6b1bc28631,1607899197370:5848ab0d-9281-4133-886c-d553edb5bda1,"size == ""1""","isEmpty == ""True""","peek_obj_type == ""class java.lang.String""","push == ""False""","pop == ""True""","clear == ""False""","calledMethod == ""pop""","size_p == ""1""",Yes
7700,1607899197370:4507aceb-52ae-4434-8331-59cafe1a9775,1607899197371:c31c86c5-82a3-4921-b570-6b9ec7772ba5,"size == ""1""","isEmpty == ""True""","peek_obj_type == ""class java.lang.String""","push == ""True""","pop == ""False""","clear == ""False""","calledMethod == ""push""","size_p == ""0""",Yes
7702,1607899197370:4507aceb-52ae-4434-8331-59cafe1a9775,1607899197371:65689d7b-059f-48aa-955f-b8e7a2c09688,"size == ""1""","isEmpty == ""True""","peek_obj_type == ""class java.lang.String""","push == ""True""","pop == ""False""","clear == ""False""","calledMethod == ""push""","size_p == ""0""",Yes
7703,1607899197370:4507aceb-52ae-4434-8331-59cafe1a9775,1607899197371:65689d7b-059f-48aa-955f-b8e7a2c09688,"size == ""1""","isEmpty == ""True""","peek_obj_type == ""class java.lang.String""","push == ""False""","pop == ""True""","clear == ""False""","calledMethod == ""pop""","size_p == ""1""",Yes
7705,1607899197370:4507aceb-52ae-4434-8331-59cafe1a9775,1607899197370:0261854d-c814-4e92-a45b-c27d00657840,"size == ""1""","isEmpty == ""True""","peek_obj_type == ""class java.lang.String""","push == ""True""","pop == ""False""","clear == ""False""","calledMethod == ""push""","size_p == ""0""",Yes
7706,1607899197370:4507aceb-52ae-4434-8331-59cafe1a9775,1607899197370:0261854d-c814-4e92-a45b-c27d00657840,"size == ""2""","isEmpty == ""True""","peek_obj_type == ""class java.lang.String""","push == ""True""","pop == ""False""","clear == ""False""","calledMethod == ""push""","size_p == ""1""",Yes
7708,1607899197370:1114281a-05b9-4363-894b-73d842aed457,1607899197370:f6914dab-b603-4ef6-979f-2b9e77685fb1,"size == ""1""","isEmpty == ""True""","peek_obj_type == ""class java.lang.String""","push == ""True""","pop == ""False""","clear == ""False""","calledMethod == ""push""","size_p == ""0""",Yes
7709,1607899197370:1114281a-05b9-4363-894b-73d842aed457,1607899197370:f6914dab-b603-4ef6-979f-2b9e77685fb1,"size == ""2""","isEmpty == ""True""","peek_obj_type == ""class java.lang.String""","push == ""True""","pop == ""False""","clear == ""False""","calledMethod == ""push""","size_p == ""1""",Yes
7710,1607899197370:1114281a-05b9-4363-894b-73d842aed457,1607899197370:f6914dab-b603-4ef6-979f-2b9e77685fb1,"size == ""3""","isEmpty == ""True""","peek_obj_type == ""class java.lang.String""","push == ""True""","pop == ""False""","clear == ""False""","calledMethod == ""push""","size_p == ""2""",Yes
7711,1607899197370:1114281a-05b9-4363-894b-73d842aed457,1607899197370:f6914dab-b603-4ef6-979f-2b9e77685fb1,"size == ""3""","isEmpty == ""True""","peek_obj_type == ""class java.lang.String""","push == ""False""","pop == ""False""","clear == ""True""","calledMethod == ""clear""","size_p == ""3""",Yes
7713,1607899197370:1114281a-05b9-4363-894b-73d842aed457,1607899197370:bbeb30f2-0719-4e84-8347-b13e34b7b5f0,"size == ""1""","isEmpty == ""True""","peek_obj_type == ""class java.lang.String""","push == ""True""","pop == ""False""","clear == ""False""","calledMethod == ""push""","size_p == ""0""",Yes
7715,1607899197370:1114281a-05b9-4363-894b-73d842aed457,1607899197370:4050f855-0b81-4818-8922-aff92db5ef2d,"size == ""1""","isEmpty == ""True""","peek_obj_type == ""class java.lang.String""","push == ""True""","pop == ""False""","clear == ""False""","calledMethod == ""push""","size_p == ""0""",Yes
7716,1607899197370:1114281a-05b9-4363-894b-73d842aed457,1607899197370:4050f855-0b81-4818-8922-aff92db5ef2d,"size == ""1""","isEmpty == ""True""","peek_obj_type == ""class java.lang.String""","push == ""False""","pop == ""True""","clear == ""False""","calledMethod == ""pop""","size_p == ""1""",Yes
7718,1607899197369:7615120f-7f70-486d-8c66-073422fe060e,1607899197369:53197cfc-c84b-462c-8856-0615a2a16bf4,"size == ""1""","isEmpty == ""True""","peek_obj_type == ""class java.lang.String""","push == ""True""","pop == ""False""","clear == ""False""","calledMethod == ""push""","size_p == ""0""",Yes
7720,1607899197369:7615120f-7f70-486d-8c66-073422fe060e,1607899197369:14e86d2d-567a-4af1-93ab-561a95060799,"size == ""1""","isEmpty == ""True""","peek_obj_type == ""class java.lang.String""","push == ""True""","pop == ""False""","clear == ""False""","calledMethod == ""push""","size_p == ""0""",Yes
7721,1607899197369:7615120f-7f70-486d-8c66-073422fe060e,1607899197369:14e86d2d-567a-4af1-93ab-561a95060799,"size == ""1""","isEmpty == ""True""","peek_obj_type == ""class java.lang.String""","push == ""False""","pop == ""True""","clear == ""False""","calledMethod == ""pop""","size_p == ""1""",Yes
7723,1607899197369:4e77e1e7-b880-4f2c-a414-59a43f20e82b,1607899197369:73901efc-068f-4573-a3ca-1ef07402935b,"size == ""1""","isEmpty == ""True""","peek_obj_type == ""class java.lang.String""","push == ""True""","pop == ""False""","clear == ""False""","calledMethod == ""push""","size_p == ""0""",Yes
7724,1607899197369:4e77e1e7-b880-4f2c-a414-59a43f20e82b,1607899197369:73901efc-068f-4573-a3ca-1ef07402935b,"size == ""2""","isEmpty == ""True""","peek_obj_type == ""class java.lang.String""","push == ""True""","pop == ""False""","clear == ""False""","calledMethod == ""push""","size_p == ""1""",Yes
7726,1607899197369:4e77e1e7-b880-4f2c-a414-59a43f20e82b,1607899197369:2b669663-e8e3-4a0f-a28c-242b39c2113f,"size == ""1""","isEmpty == ""True""","peek_obj_type == ""class java.lang.String""","push == ""True""","pop == ""False""","clear == ""False""","calledMethod == ""push""","size_p == ""0""",Yes
7727,1607899197369:4e77e1e7-b880-4f2c-a414-59a43f20e82b,1607899197369:2b669663-e8e3-4a0f-a28c-242b39c2113f,"size == ""1""","isEmpty == ""True""","peek_obj_type == ""class java.lang.String""","push == ""False""","pop == ""True""","clear == ""False""","calledMethod == ""pop""","size_p == ""1""",Yes
7729,1607899197369:0701b82a-b594-45f7-a124-e00253555720,1607899197369:54f6d61c-936b-4550-8b88-4ea453dbfa1e,"size == ""1""","isEmpty == ""True""","peek_obj_type == ""class java.lang.String""","push == ""True""","pop == ""False""","clear == ""False""","calledMethod == ""push""","size_p == ""0""",Yes
7730,1607899197369:0701b82a-b594-45f7-a124-e00253555720,1607899197369:54f6d61c-936b-4550-8b88-4ea453dbfa1e,"size == ""1""","isEmpty == ""True""","peek_obj_type == ""class java.lang.String""","push == ""False""","pop == ""True""","clear == ""False""","calledMethod == ""pop""","size_p == ""1""",Yes
7732,1607899197368:b14a674a-339d-4c1b-91e5-aad4ba172958,1607899197368:6aeae305-f6ec-4fa9-90d9-195abf15215a,"size == ""1""","isEmpty == ""True""","peek_obj_type == ""class java.lang.String""","push == ""True""","pop == ""False""","clear == ""False""","calledMethod == ""push""","size_p == ""0""",Yes
7733,1607899197368:b14a674a-339d-4c1b-91e5-aad4ba172958,1607899197368:6aeae305-f6ec-4fa9-90d9-195abf15215a,"size == ""1""","isEmpty == ""True""","peek_obj_type == ""class java.lang.String""","push == ""False""","pop == ""True""","clear == ""False""","calledMethod == ""pop""","size_p == ""1""",Yes
7735,1607899197368:8607f1df-4182-4712-9cd1-8c89ad84f640,1607899197368:a9a8cc05-2b6c-4869-a93d-531a9d62cd73,"size == ""1""","isEmpty == ""True""","peek_obj_type == ""class java.lang.String""","push == ""True""","pop == ""False""","clear == ""False""","calledMethod == ""push""","size_p == ""0""",Yes
7736,1607899197368:8607f1df-4182-4712-9cd1-8c89ad84f640,1607899197368:a9a8cc05-2b6c-4869-a93d-531a9d62cd73,"size == ""1""","isEmpty == ""True""","peek_obj_type == ""class java.lang.String""","push == ""False""","pop == ""True""","clear == ""False""","calledMethod == ""pop""","size_p == ""1""",Yes
7738,1607899197368:146cc367-e407-4c87-ad73-2207fd05de5b,1607899197368:479b32d6-36e8-4900-affd-0b4b7a1cff3b,"size == ""1""","isEmpty == ""True""","peek_obj_type == ""class java.lang.String""","push == ""True""","pop == ""False""","clear == ""False""","calledMethod == ""push""","size_p == ""0""",Yes
7739,1607899197368:146cc367-e407-4c87-ad73-2207fd05de5b,1607899197368:479b32d6-36e8-4900-affd-0b4b7a1cff3b,"size == ""2""","isEmpty == ""True""","peek_obj_type == ""class java.lang.String""","push == ""True""","pop == ""False""","clear == ""False""","calledMethod == ""push""","size_p == ""1""",Yes
7741,1607899197368:146cc367-e407-4c87-ad73-2207fd05de5b,1607899197368:3a3f8ebb-2280-46d9-8ec9-149f4e58d84e,"size == ""1""","isEmpty == ""True""","peek_obj_type == ""class java.lang.String""","push == ""True""","pop == ""False""","clear == ""False""","calledMethod == ""push""","size_p == ""0""",Yes
7742,1607899197368:146cc367-e407-4c87-ad73-2207fd05de5b,1607899197368:3a3f8ebb-2280-46d9-8ec9-149f4e58d84e,"size == ""1""","isEmpty == ""True""","peek_obj_type == ""class java.lang.String""","push == ""False""","pop == ""True""","clear == ""False""","calledMethod == ""pop""","size_p == ""1""",Yes
7744,1607899197367:8bed749b-d51c-41cf-92df-cc2a7ae311d3,1607899197367:dbb18802-8ff0-4941-a3ba-98e283e99338,"size == ""1""","isEmpty == ""True""","peek_obj_type == ""class java.lang.String""","push == ""True""","pop == ""False""","clear == ""False""","calledMethod == ""push""","size_p == ""0""",Yes
7745,1607899197367:8bed749b-d51c-41cf-92df-cc2a7ae311d3,1607899197367:dbb18802-8ff0-4941-a3ba-98e283e99338,"size == ""1""","isEmpty == ""True""","peek_obj_type == ""class java.lang.String""","push == ""False""","pop == ""True""","clear == ""False""","calledMethod == ""pop""","size_p == ""1""",Yes
7747,1607899197367:1a5d6a79-0f67-4ceb-bd17-cadb8691d771,1607899197367:7a9825cc-7aba-4a0a-a48b-8d3c62129dda,"size == ""1""","isEmpty == ""True""","peek_obj_type == ""class java.lang.String""","push == ""True""","pop == ""False""","clear == ""False""","calledMethod == ""push""","size_p == ""0""",Yes
7749,1607899197367:1a5d6a79-0f67-4ceb-bd17-cadb8691d771,1607899197367:62740442-af71-4d40-8d06-c97ce59fa95b,"size == ""1""","isEmpty == ""True""","peek_obj_type == ""class java.lang.String""","push == ""True""","pop == ""False""","clear == ""False""","calledMethod == ""push""","size_p == ""0""",Yes
7750,1607899197367:1a5d6a79-0f67-4ceb-bd17-cadb8691d771,1607899197367:62740442-af71-4d40-8d06-c97ce59fa95b,"size == ""1""","isEmpty == ""True""","peek_obj_type == ""class java.lang.String""","push == ""False""","pop == ""True""","clear == ""False""","calledMethod == ""pop""","size_p == ""1""",Yes
7752,1607899197367:1a5d6a79-0f67-4ceb-bd17-cadb8691d771,1607899197367:48e1d569-1f82-4f6b-b517-69d10d9db50c,"size == ""1""","isEmpty == ""True""","peek_obj_type == ""class java.lang.String""","push == ""True""","pop == ""False""","clear == ""False""","calledMethod == ""push""","size_p == ""0""",Yes
7753,1607899197367:1a5d6a79-0f67-4ceb-bd17-cadb8691d771,1607899197367:48e1d569-1f82-4f6b-b517-69d10d9db50c,"size == ""2""","isEmpty == ""True""","peek_obj_type == ""class java.lang.String""","push == ""True""","pop == ""False""","clear == ""False""","calledMethod == ""push""","size_p == ""1""",Yes
7754,1607899197367:1a5d6a79-0f67-4ceb-bd17-cadb8691d771,1607899197367:48e1d569-1f82-4f6b-b517-69d10d9db50c,"size == ""3""","isEmpty == ""True""","peek_obj_type == ""class java.lang.String""","push == ""True""","pop == ""False""","clear == ""False""","calledMethod == ""push""","size_p == ""2""",Yes
7755,1607899197367:1a5d6a79-0f67-4ceb-bd17-cadb8691d771,1607899197367:48e1d569-1f82-4f6b-b517-69d10d9db50c,"size == ""3""","isEmpty == ""True""","peek_obj_type == ""class java.lang.String""","push == ""False""","pop == ""False""","clear == ""True""","calledMethod == ""clear""","size_p == ""3""",Yes
7757,1607899197367:0455a431-b3c0-4c68-b9f1-81526f559b3c,1607899197367:e55b4e76-2688-41d4-9336-a527e7760c0c,"size == ""1""","isEmpty == ""True""","peek_obj_type == ""class java.lang.String""","push == ""True""","pop == ""False""","clear == ""False""","calledMethod == ""push""","size_p == ""0""",Yes
7758,1607899197367:0455a431-b3c0-4c68-b9f1-81526f559b3c,1607899197367:e55b4e76-2688-41d4-9336-a527e7760c0c,"size == ""1""","isEmpty == ""True""","peek_obj_type == ""class java.lang.String""","push == ""False""","pop == ""True""","clear == ""False""","calledMethod == ""pop""","size_p == ""1""",Yes
7761,1607899197366:ae550c08-e88a-41f6-a7fc-1b1ab1c733cd,1607899197366:affd589d-f6a1-4f09-a709-9dda7d9b72ab,"size == ""1""","isEmpty == ""True""","peek_obj_type == ""class java.lang.String""","push == ""True""","pop == ""False""","clear == ""False""","calledMethod == ""push""","size_p == ""0""",Yes
7762,1607899197366:ae550c08-e88a-41f6-a7fc-1b1ab1c733cd,1607899197366:affd589d-f6a1-4f09-a709-9dda7d9b72ab,"size == ""1""","isEmpty == ""True""","peek_obj_type == ""class java.lang.String""","push == ""False""","pop == ""False""","clear == ""True""","calledMethod == ""clear""","size_p == ""1""",Yes
7763,1607899197366:ae550c08-e88a-41f6-a7fc-1b1ab1c733cd,1607899197366:affd589d-f6a1-4f09-a709-9dda7d9b72ab,"size == ""1""","isEmpty == ""True""","peek_obj_type == ""class java.lang.String""","push == ""False""","pop == ""False""","clear == ""True""","calledMethod == ""clear""","size_p == ""1""",Yes
7764,1607899197366:ae550c08-e88a-41f6-a7fc-1b1ab1c733cd,1607899197366:affd589d-f6a1-4f09-a709-9dda7d9b72ab,"size == ""1""","isEmpty == ""True""","peek_obj_type == ""class java.lang.String""","push == ""False""","pop == ""False""","clear == ""True""","calledMethod == ""clear""","size_p == ""1""",Yes
7766,1607899197366:ae550c08-e88a-41f6-a7fc-1b1ab1c733cd,1607899197366:7ed40719-5930-449d-b4e9-051a4435c6f7,"size == ""1""","isEmpty == ""True""","peek_obj_type == ""class java.lang.String""","push == ""True""","pop == ""False""","clear == ""False""","calledMethod == ""push""","size_p == ""0""",Yes
7767,1607899197366:ae550c08-e88a-41f6-a7fc-1b1ab1c733cd,1607899197366:7ed40719-5930-449d-b4e9-051a4435c6f7,"size == ""1""","isEmpty == ""True""","peek_obj_type == ""class java.lang.String""","push == ""False""","pop == ""True""","clear == ""False""","calledMethod == ""pop""","size_p == ""1""",Yes
7769,1607899197366:950ceb2a-1b1c-4cb5-aeb6-f7623d7051cb,1607899197366:98952161-c90e-4b7c-9351-d4bf5dd3f6c7,"size == ""1""","isEmpty == ""True""","peek_obj_type == ""class java.lang.String""","push == ""True""","pop == ""False""","clear == ""False""","calledMethod == ""push""","size_p == ""0""",Yes
7770,1607899197366:950ceb2a-1b1c-4cb5-aeb6-f7623d7051cb,1607899197366:98952161-c90e-4b7c-9351-d4bf5dd3f6c7,"size == ""1""","isEmpty == ""True""","peek_obj_type == ""class java.lang.String""","push == ""False""","pop == ""True""","clear == ""False""","calledMethod == ""pop""","size_p == ""1""",Yes
7773,1607899197364:af8428ce-8044-4aa8-b933-50c3bca6c10d,1607899197364:4b46f134-aafb-4800-967f-29561857816b,"size == ""1""","isEmpty == ""True""","peek_obj_type == ""class java.lang.String""","push == ""True""","pop == ""False""","clear == ""False""","calledMethod == ""push""","size_p == ""0""",Yes
7774,1607899197364:af8428ce-8044-4aa8-b933-50c3bca6c10d,1607899197364:4b46f134-aafb-4800-967f-29561857816b,"size == ""1""","isEmpty == ""True""","peek_obj_type == ""class java.lang.String""","push == ""False""","pop == ""False""","clear == ""True""","calledMethod == ""clear""","size_p == ""1""",Yes
7775,1607899197364:af8428ce-8044-4aa8-b933-50c3bca6c10d,1607899197364:4b46f134-aafb-4800-967f-29561857816b,"size == ""1""","isEmpty == ""True""","peek_obj_type == ""class java.lang.String""","push == ""False""","pop == ""False""","clear == ""True""","calledMethod == ""clear""","size_p == ""1""",Yes
7776,1607899197364:af8428ce-8044-4aa8-b933-50c3bca6c10d,1607899197364:4b46f134-aafb-4800-967f-29561857816b,"size == ""1""","isEmpty == ""True""","peek_obj_type == ""class java.lang.String""","push == ""False""","pop == ""False""","clear == ""True""","calledMethod == ""clear""","size_p == ""1""",Yes
7778,1607899197364:af8428ce-8044-4aa8-b933-50c3bca6c10d,1607899197364:1934d1be-1e76-49df-8db2-4e2a94253417,"size == ""1""","isEmpty == ""True""","peek_obj_type == ""class java.lang.String""","push == ""True""","pop == ""False""","clear == ""False""","calledMethod == ""push""","size_p == ""0""",Yes
7779,1607899197364:af8428ce-8044-4aa8-b933-50c3bca6c10d,1607899197364:1934d1be-1e76-49df-8db2-4e2a94253417,"size == ""1""","isEmpty == ""True""","peek_obj_type == ""class java.lang.String""","push == ""False""","pop == ""True""","clear == ""False""","calledMethod == ""pop""","size_p == ""1""",Yes
7781,1607899197364:76c13e1a-7f1f-4051-8ecc-19e28fc974bb,1607899197364:b6cb0443-2c08-487e-b145-75a1c5f06239,"size == ""1""","isEmpty == ""True""","peek_obj_type == ""class java.lang.String""","push == ""True""","pop == ""False""","clear == ""False""","calledMethod == ""push""","size_p == ""0""",Yes
7782,1607899197364:76c13e1a-7f1f-4051-8ecc-19e28fc974bb,1607899197364:b6cb0443-2c08-487e-b145-75a1c5f06239,"size == ""1""","isEmpty == ""True""","peek_obj_type == ""class java.lang.String""","push == ""False""","pop == ""True""","clear == ""False""","calledMethod == ""pop""","size_p == ""1""",Yes
7784,1607899197363:e1bd47f0-8b8f-43f8-a600-4a5bab39e6f4,1607899197363:f8879cfe-7bbc-4ab3-a262-ad149c318da9,"size == ""1""","isEmpty == ""True""","peek_obj_type == ""class java.lang.String""","push == ""True""","pop == ""False""","clear == ""False""","calledMethod == ""push""","size_p == ""0""",Yes
7785,1607899197363:e1bd47f0-8b8f-43f8-a600-4a5bab39e6f4,1607899197363:f8879cfe-7bbc-4ab3-a262-ad149c318da9,"size == ""1""","isEmpty == ""True""","peek_obj_type == ""class java.lang.String""","push == ""False""","pop == ""True""","clear == ""False""","calledMethod == ""pop""","size_p == ""1""",Yes
7787,1607899197363:e1bd47f0-8b8f-43f8-a600-4a5bab39e6f4,1607899197363:7d00a7fe-5b97-402c-a7f5-e4d123d5add4,"size == ""1""","isEmpty == ""True""","peek_obj_type == ""class java.lang.String""","push == ""True""","pop == ""False""","clear == ""False""","calledMethod == ""push""","size_p == ""0""",Yes
7789,1607899197363:d057b6a0-ba5b-4f81-baa8-40293c2d5215,1607899197363:ff3af698-b5b8-4bf4-add7-a81a19c42b22,"size == ""1""","isEmpty == ""True""","peek_obj_type == ""class java.lang.String""","push == ""True""","pop == ""False""","clear == ""False""","calledMethod == ""push""","size_p == ""0""",Yes
7790,1607899197363:d057b6a0-ba5b-4f81-baa8-40293c2d5215,1607899197363:ff3af698-b5b8-4bf4-add7-a81a19c42b22,"size == ""1""","isEmpty == ""True""","peek_obj_type == ""class java.lang.String""","push == ""False""","pop == ""True""","clear == ""False""","calledMethod == ""pop""","size_p == ""1""",Yes
7792,1607899197363:5e353bf7-b792-4186-bede-48cbb05c1e0f,1607899197364:edf5a991-4dfc-437f-8b0b-39fe1823205a,"size == ""1""","isEmpty == ""True""","peek_obj_type == ""class java.lang.String""","push == ""True""","pop == ""False""","clear == ""False""","calledMethod == ""push""","size_p == ""0""",Yes
7793,1607899197363:5e353bf7-b792-4186-bede-48cbb05c1e0f,1607899197364:edf5a991-4dfc-437f-8b0b-39fe1823205a,"size == ""1""","isEmpty == ""True""","peek_obj_type == ""class java.lang.String""","push == ""False""","pop == ""True""","clear == ""False""","calledMethod == ""pop""","size_p == ""1""",Yes
7795,1607899197362:e7804f8b-81c6-49ba-b497-1b46adad586d,1607899197362:639cc6f2-8abf-4101-b637-991ed5491dab,"size == ""1""","isEmpty == ""True""","peek_obj_type == ""class java.lang.String""","push == ""True""","pop == ""False""","clear == ""False""","calledMethod == ""push""","size_p == ""0""",Yes
7796,1607899197362:e7804f8b-81c6-49ba-b497-1b46adad586d,1607899197362:639cc6f2-8abf-4101-b637-991ed5491dab,"size == ""1""","isEmpty == ""True""","peek_obj_type == ""class java.lang.String""","push == ""False""","pop == ""True""","clear == ""False""","calledMethod == ""pop""","size_p == ""1""",Yes
7798,1607899197362:e7804f8b-81c6-49ba-b497-1b46adad586d,1607899197362:1c01f0e4-8ae3-4874-a9c9-fc0377befd47,"size == ""1""","isEmpty == ""True""","peek_obj_type == ""class java.lang.String""","push == ""True""","pop == ""False""","clear == ""False""","calledMethod == ""push""","size_p == ""0""",Yes
7800,1607899197362:3b2880eb-b455-4da5-bcef-80dfcb22312d,1607899197362:713ab1cd-7d93-47a6-b21b-4d9f1a4bdbeb,"size == ""1""","isEmpty == ""True""","peek_obj_type == ""class java.lang.String""","push == ""True""","pop == ""False""","clear == ""False""","calledMethod == ""push""","size_p == ""0""",Yes
7801,1607899197362:3b2880eb-b455-4da5-bcef-80dfcb22312d,1607899197362:713ab1cd-7d93-47a6-b21b-4d9f1a4bdbeb,"size == ""1""","isEmpty == ""True""","peek_obj_type == ""class java.lang.String""","push == ""False""","pop == ""True""","clear == ""False""","calledMethod == ""pop""","size_p == ""1""",Yes
7803,1607899197362:201bc302-9205-4609-be50-2cdc7089f041,1607899197362:f46b2cd7-8006-4114-9229-6c78fe0f7df4,"size == ""1""","isEmpty == ""True""","peek_obj_type == ""class java.lang.String""","push == ""True""","pop == ""False""","clear == ""False""","calledMethod == ""push""","size_p == ""0""",Yes
7804,1607899197362:201bc302-9205-4609-be50-2cdc7089f041,1607899197362:f46b2cd7-8006-4114-9229-6c78fe0f7df4,"size == ""1""","isEmpty == ""True""","peek_obj_type == ""class java.lang.String""","push == ""False""","pop == ""True""","clear == ""False""","calledMethod == ""pop""","size_p == ""1""",Yes
7807,1607899197362:201bc302-9205-4609-be50-2cdc7089f041,1607899197362:8b585994-f1ac-48ec-98b6-65fcb58e2ee2,"size == ""1""","isEmpty == ""True""","peek_obj_type == ""class java.lang.String""","push == ""True""","pop == ""False""","clear == ""False""","calledMethod == ""push""","size_p == ""0""",Yes
7808,1607899197362:201bc302-9205-4609-be50-2cdc7089f041,1607899197362:8b585994-f1ac-48ec-98b6-65fcb58e2ee2,"size == ""1""","isEmpty == ""True""","peek_obj_type == ""class java.lang.String""","push == ""False""","pop == ""False""","clear == ""True""","calledMethod == ""clear""","size_p == ""1""",Yes
7809,1607899197362:201bc302-9205-4609-be50-2cdc7089f041,1607899197362:8b585994-f1ac-48ec-98b6-65fcb58e2ee2,"size == ""1""","isEmpty == ""True""","peek_obj_type == ""class java.lang.String""","push == ""False""","pop == ""False""","clear == ""True""","calledMethod == ""clear""","size_p == ""1""",Yes
7810,1607899197362:201bc302-9205-4609-be50-2cdc7089f041,1607899197362:8b585994-f1ac-48ec-98b6-65fcb58e2ee2,"size == ""1""","isEmpty == ""True""","peek_obj_type == ""class java.lang.String""","push == ""False""","pop == ""False""","clear == ""True""","calledMethod == ""clear""","size_p == ""1""",Yes
7812,1607899197361:f531093b-2524-4f01-b5e3-cbae3582e4eb,1607899197361:5e0a4a35-1a73-490d-ae17-39ce087086c0,"size == ""1""","isEmpty == ""True""","peek_obj_type == ""class java.lang.String""","push == ""True""","pop == ""False""","clear == ""False""","calledMethod == ""push""","size_p == ""0""",Yes
7813,1607899197361:f531093b-2524-4f01-b5e3-cbae3582e4eb,1607899197361:5e0a4a35-1a73-490d-ae17-39ce087086c0,"size == ""1""","isEmpty == ""True""","peek_obj_type == ""class java.lang.String""","push == ""False""","pop == ""True""","clear == ""False""","calledMethod == ""pop""","size_p == ""1""",Yes
7816,1607899197361:f531093b-2524-4f01-b5e3-cbae3582e4eb,1607899197361:20a7ce60-59ee-486b-8f32-abb3b3e4522b,"size == ""1""","isEmpty == ""True""","peek_obj_type == ""class java.lang.String""","push == ""True""","pop == ""False""","clear == ""False""","calledMethod == ""push""","size_p == ""0""",Yes
7817,1607899197361:f531093b-2524-4f01-b5e3-cbae3582e4eb,1607899197361:20a7ce60-59ee-486b-8f32-abb3b3e4522b,"size == ""1""","isEmpty == ""True""","peek_obj_type == ""class java.lang.String""","push == ""False""","pop == ""False""","clear == ""True""","calledMethod == ""clear""","size_p == ""1""",Yes
7818,1607899197361:f531093b-2524-4f01-b5e3-cbae3582e4eb,1607899197361:20a7ce60-59ee-486b-8f32-abb3b3e4522b,"size == ""1""","isEmpty == ""True""","peek_obj_type == ""class java.lang.String""","push == ""False""","pop == ""False""","clear == ""True""","calledMethod == ""clear""","size_p == ""1""",Yes
7819,1607899197361:f531093b-2524-4f01-b5e3-cbae3582e4eb,1607899197361:20a7ce60-59ee-486b-8f32-abb3b3e4522b,"size == ""1""","isEmpty == ""True""","peek_obj_type == ""class java.lang.String""","push == ""False""","pop == ""False""","clear == ""True""","calledMethod == ""clear""","size_p == ""1""",Yes
7821,1607899197361:c621c36e-c028-4b6e-8f48-0aaa689d7f2a,1607899197362:1cdd5ee8-6b48-4a77-b8d4-a733b9e4ad93,"size == ""1""","isEmpty == ""True""","peek_obj_type == ""class java.lang.String""","push == ""True""","pop == ""False""","clear == ""False""","calledMethod == ""push""","size_p == ""0""",Yes
7822,1607899197361:c621c36e-c028-4b6e-8f48-0aaa689d7f2a,1607899197362:1cdd5ee8-6b48-4a77-b8d4-a733b9e4ad93,"size == ""1""","isEmpty == ""True""","peek_obj_type == ""class java.lang.String""","push == ""False""","pop == ""True""","clear == ""False""","calledMethod == ""pop""","size_p == ""1""",Yes
7824,1607899197361:9e4f8437-2fc6-4a9f-8247-e3cef2b02560,1607899197361:ca8c08ee-8b68-4944-b52a-e2b999126750,"size == ""1""","isEmpty == ""True""","peek_obj_type == ""class java.lang.String""","push == ""True""","pop == ""False""","clear == ""False""","calledMethod == ""push""","size_p == ""0""",Yes
7825,1607899197361:9e4f8437-2fc6-4a9f-8247-e3cef2b02560,1607899197361:ca8c08ee-8b68-4944-b52a-e2b999126750,"size == ""1""","isEmpty == ""True""","peek_obj_type == ""class java.lang.String""","push == ""False""","pop == ""True""","clear == ""False""","calledMethod == ""pop""","size_p == ""1""",Yes
7827,1607899197361:925bb861-9eb3-4bf2-9214-fccb6f5a1c9d,1607899197361:8a27a5c1-62b6-4938-a572-928b9c06852d,"size == ""1""","isEmpty == ""True""","peek_obj_type == ""class java.lang.String""","push == ""True""","pop == ""False""","clear == ""False""","calledMethod == ""push""","size_p == ""0""",Yes
7828,1607899197361:925bb861-9eb3-4bf2-9214-fccb6f5a1c9d,1607899197361:8a27a5c1-62b6-4938-a572-928b9c06852d,"size == ""1""","isEmpty == ""True""","peek_obj_type == ""class java.lang.String""","push == ""False""","pop == ""True""","clear == ""False""","calledMethod == ""pop""","size_p == ""1""",Yes
7830,1607899197361:827fc351-d789-43ac-9946-fdc35d02cecf,1607899197361:3486e54c-5cc3-40c0-9b93-b5ccffa1ca71,"size == ""1""","isEmpty == ""True""","peek_obj_type == ""class java.lang.String""","push == ""True""","pop == ""False""","clear == ""False""","calledMethod == ""push""","size_p == ""0""",Yes
7832,1607899197361:827fc351-d789-43ac-9946-fdc35d02cecf,1607899197361:302ee8e0-4113-4069-a6a8-6e546e5f6966,"size == ""1""","isEmpty == ""True""","peek_obj_type == ""class java.lang.String""","push == ""True""","pop == ""False""","clear == ""False""","calledMethod == ""push""","size_p == ""0""",Yes
7833,1607899197361:827fc351-d789-43ac-9946-fdc35d02cecf,1607899197361:302ee8e0-4113-4069-a6a8-6e546e5f6966,"size == ""1""","isEmpty == ""True""","peek_obj_type == ""class java.lang.String""","push == ""False""","pop == ""True""","clear == ""False""","calledMethod == ""pop""","size_p == ""1""",Yes
7835,1607899197360:76807c92-e830-41a1-b525-dd3074e3ab1d,1607899197360:c46e5ac1-85dd-4040-8ca7-3f3f56b3f586,"size == ""1""","isEmpty == ""True""","peek_obj_type == ""class java.lang.String""","push == ""True""","pop == ""False""","clear == ""False""","calledMethod == ""push""","size_p == ""0""",Yes
7836,1607899197360:76807c92-e830-41a1-b525-dd3074e3ab1d,1607899197360:c46e5ac1-85dd-4040-8ca7-3f3f56b3f586,"size == ""1""","isEmpty == ""True""","peek_obj_type == ""class java.lang.String""","push == ""False""","pop == ""True""","clear == ""False""","calledMethod == ""pop""","size_p == ""1""",Yes
7838,1607899197360:76807c92-e830-41a1-b525-dd3074e3ab1d,1607899197360:57696c8c-0776-4b4e-abb1-c37b17c17361,"size == ""1""","isEmpty == ""True""","peek_obj_type == ""class java.lang.String""","push == ""True""","pop == ""False""","clear == ""False""","calledMethod == ""push""","size_p == ""0""",Yes
7839,1607899197360:76807c92-e830-41a1-b525-dd3074e3ab1d,1607899197360:57696c8c-0776-4b4e-abb1-c37b17c17361,"size == ""2""","isEmpty == ""True""","peek_obj_type == ""class java.lang.String""","push == ""True""","pop == ""False""","clear == ""False""","calledMethod == ""push""","size_p == ""1""",Yes
7841,1607899197360:203f87df-1561-4329-9443-c6c0dc7f616a,1607899197360:d604273c-41f7-48ee-a794-36c9ecb7dc33,"size == ""1""","isEmpty == ""True""","peek_obj_type == ""class java.lang.String""","push == ""True""","pop == ""False""","clear == ""False""","calledMethod == ""push""","size_p == ""0""",Yes
7842,1607899197360:203f87df-1561-4329-9443-c6c0dc7f616a,1607899197360:d604273c-41f7-48ee-a794-36c9ecb7dc33,"size == ""1""","isEmpty == ""True""","peek_obj_type == ""class java.lang.String""","push == ""False""","pop == ""True""","clear == ""False""","calledMethod == ""pop""","size_p == ""1""",Yes
7844,1607899197359:ebab08cd-338d-4fcf-8ac8-474113fc8497,1607899197359:7207c5d4-62d3-4f21-bf12-1e230530f705,"size == ""1""","isEmpty == ""True""","peek_obj_type == ""class java.lang.String""","push == ""True""","pop == ""False""","clear == ""False""","calledMethod == ""push""","size_p == ""0""",Yes
7845,1607899197359:ebab08cd-338d-4fcf-8ac8-474113fc8497,1607899197359:7207c5d4-62d3-4f21-bf12-1e230530f705,"size == ""1""","isEmpty == ""True""","peek_obj_type == ""class java.lang.String""","push == ""False""","pop == ""True""","clear == ""False""","calledMethod == ""pop""","size_p == ""1""",Yes
7847,1607899197359:d0afb915-22b7-4b59-970a-598ab224c0f0,1607899197359:74661f5c-28c4-4c74-8edf-5614b145d14c,"size == ""1""","isEmpty == ""True""","peek_obj_type == ""class java.lang.String""","push == ""True""","pop == ""False""","clear == ""False""","calledMethod == ""push""","size_p == ""0""",Yes
7848,1607899197359:d0afb915-22b7-4b59-970a-598ab224c0f0,1607899197359:74661f5c-28c4-4c74-8edf-5614b145d14c,"size == ""1""","isEmpty == ""True""","peek_obj_type == ""class java.lang.String""","push == ""False""","pop == ""True""","clear == ""False""","calledMethod == ""pop""","size_p == ""1""",Yes
7851,1607899197358:e8347439-5405-4994-97fd-76d6a4e28320,1607899197358:8633d929-8404-4d7e-8cc9-10a6affbee81,"size == ""1""","isEmpty == ""True""","peek_obj_type == ""class java.lang.String""","push == ""True""","pop == ""False""","clear == ""False""","calledMethod == ""push""","size_p == ""0""",Yes
7852,1607899197358:e8347439-5405-4994-97fd-76d6a4e28320,1607899197358:8633d929-8404-4d7e-8cc9-10a6affbee81,"size == ""1""","isEmpty == ""True""","peek_obj_type == ""class java.lang.String""","push == ""False""","pop == ""True""","clear == ""False""","calledMethod == ""pop""","size_p == ""1""",Yes
7854,1607899197358:e8347439-5405-4994-97fd-76d6a4e28320,1607899197358:79ee18b5-a257-4f34-aef2-19cc1d00ec20,"size == ""1""","isEmpty == ""True""","peek_obj_type == ""class java.lang.String""","push == ""True""","pop == ""False""","clear == ""False""","calledMethod == ""push""","size_p == ""0""",Yes
7856,1607899197358:e4ad5bc2-7e01-4144-ad8a-12f2f0343530,1607899197358:e355c6cd-ae45-446c-a4ba-42c8f063df7f,"size == ""1""","isEmpty == ""True""","peek_obj_type == ""class java.lang.String""","push == ""True""","pop == ""False""","clear == ""False""","calledMethod == ""push""","size_p == ""0""",Yes
7857,1607899197358:e4ad5bc2-7e01-4144-ad8a-12f2f0343530,1607899197358:e355c6cd-ae45-446c-a4ba-42c8f063df7f,"size == ""1""","isEmpty == ""True""","peek_obj_type == ""class java.lang.String""","push == ""False""","pop == ""True""","clear == ""False""","calledMethod == ""pop""","size_p == ""1""",Yes
7859,1607899197358:9b6afa2d-60a2-4b82-9daf-5df79a568b1e,1607899197359:1793e642-b7ca-49e9-b7f1-c7b17e6ad2dd,"size == ""1""","isEmpty == ""True""","peek_obj_type == ""class java.lang.String""","push == ""True""","pop == ""False""","clear == ""False""","calledMethod == ""push""","size_p == ""0""",Yes
7860,1607899197358:9b6afa2d-60a2-4b82-9daf-5df79a568b1e,1607899197359:1793e642-b7ca-49e9-b7f1-c7b17e6ad2dd,"size == ""1""","isEmpty == ""True""","peek_obj_type == ""class java.lang.String""","push == ""False""","pop == ""True""","clear == ""False""","calledMethod == ""pop""","size_p == ""1""",Yes
7863,1607899197358:9b6afa2d-60a2-4b82-9daf-5df79a568b1e,1607899197358:831c59ed-c542-4575-a9b3-1b3cc07ab3ab,"size == ""1""","isEmpty == ""True""","peek_obj_type == ""class java.lang.String""","push == ""True""","pop == ""False""","clear == ""False""","calledMethod == ""push""","size_p == ""0""",Yes
7864,1607899197358:9b6afa2d-60a2-4b82-9daf-5df79a568b1e,1607899197358:831c59ed-c542-4575-a9b3-1b3cc07ab3ab,"size == ""1""","isEmpty == ""True""","peek_obj_type == ""class java.lang.String""","push == ""False""","pop == ""False""","clear == ""True""","calledMethod == ""clear""","size_p == ""1""",Yes
7865,1607899197358:9b6afa2d-60a2-4b82-9daf-5df79a568b1e,1607899197358:831c59ed-c542-4575-a9b3-1b3cc07ab3ab,"size == ""1""","isEmpty == ""True""","peek_obj_type == ""class java.lang.String""","push == ""False""","pop == ""False""","clear == ""True""","calledMethod == ""clear""","size_p == ""1""",Yes
7866,1607899197358:9b6afa2d-60a2-4b82-9daf-5df79a568b1e,1607899197358:831c59ed-c542-4575-a9b3-1b3cc07ab3ab,"size == ""1""","isEmpty == ""True""","peek_obj_type == ""class java.lang.String""","push == ""False""","pop == ""False""","clear == ""True""","calledMethod == ""clear""","size_p == ""1""",Yes
7868,1607899197358:855cc4f7-b044-4572-bb23-702b0b6e0238,1607899197358:8fc259fc-813a-4374-943b-b5795187c6a9,"size == ""1""","isEmpty == ""True""","peek_obj_type == ""class java.lang.String""","push == ""True""","pop == ""False""","clear == ""False""","calledMethod == ""push""","size_p == ""0""",Yes
7869,1607899197358:855cc4f7-b044-4572-bb23-702b0b6e0238,1607899197358:8fc259fc-813a-4374-943b-b5795187c6a9,"size == ""1""","isEmpty == ""True""","peek_obj_type == ""class java.lang.String""","push == ""False""","pop == ""True""","clear == ""False""","calledMethod == ""pop""","size_p == ""1""",Yes
7871,1607899197358:855cc4f7-b044-4572-bb23-702b0b6e0238,1607899197358:87cf1a72-a4ad-43c9-9b26-b0d1d071133b,"size == ""1""","isEmpty == ""True""","peek_obj_type == ""class java.lang.String""","push == ""True""","pop == ""False""","clear == ""False""","calledMethod == ""push""","size_p == ""0""",Yes
7873,1607899197358:4917b6b4-c06f-4687-866b-53c18181a88b,1607899197358:2b01f544-a969-46e1-b4ce-81e4c89f2299,"size == ""1""","isEmpty == ""True""","peek_obj_type == ""class java.lang.String""","push == ""True""","pop == ""False""","clear == ""False""","calledMethod == ""push""","size_p == ""0""",Yes
7874,1607899197358:4917b6b4-c06f-4687-866b-53c18181a88b,1607899197358:2b01f544-a969-46e1-b4ce-81e4c89f2299,"size == ""1""","isEmpty == ""True""","peek_obj_type == ""class java.lang.String""","push == ""False""","pop == ""True""","clear == ""False""","calledMethod == ""pop""","size_p == ""1""",Yes
7876,1607899197358:1db81572-7fe4-42a5-856a-766efdcf9957,1607899197358:2c2422fe-9a0c-41c1-b3bc-b2e7e440b03e,"size == ""1""","isEmpty == ""True""","peek_obj_type == ""class java.lang.String""","push == ""True""","pop == ""False""","clear == ""False""","calledMethod == ""push""","size_p == ""0""",Yes
7877,1607899197358:1db81572-7fe4-42a5-856a-766efdcf9957,1607899197358:2c2422fe-9a0c-41c1-b3bc-b2e7e440b03e,"size == ""1""","isEmpty == ""True""","peek_obj_type == ""class java.lang.String""","push == ""False""","pop == ""True""","clear == ""False""","calledMethod == ""pop""","size_p == ""1""",Yes
7879,1607899197357:fece38e9-bc25-4fca-bbc5-a9a3de6f4ab5,1607899197357:42ccd609-cef7-4fee-9841-11966e7fba37,"size == ""1""","isEmpty == ""True""","peek_obj_type == ""class java.lang.String""","push == ""True""","pop == ""False""","clear == ""False""","calledMethod == ""push""","size_p == ""0""",Yes
7880,1607899197357:fece38e9-bc25-4fca-bbc5-a9a3de6f4ab5,1607899197357:42ccd609-cef7-4fee-9841-11966e7fba37,"size == ""1""","isEmpty == ""True""","peek_obj_type == ""class java.lang.String""","push == ""False""","pop == ""True""","clear == ""False""","calledMethod == ""pop""","size_p == ""1""",Yes
7882,1607899197357:e6a0b134-33c6-44ad-ab23-7950d2013dd6,1607899197357:eb8cd65b-36a3-42b7-bbb4-a89213778524,"size == ""1""","isEmpty == ""True""","peek_obj_type == ""class java.lang.String""","push == ""True""","pop == ""False""","clear == ""False""","calledMethod == ""push""","size_p == ""0""",Yes
7883,1607899197357:e6a0b134-33c6-44ad-ab23-7950d2013dd6,1607899197357:eb8cd65b-36a3-42b7-bbb4-a89213778524,"size == ""1""","isEmpty == ""True""","peek_obj_type == ""class java.lang.String""","push == ""False""","pop == ""True""","clear == ""False""","calledMethod == ""pop""","size_p == ""1""",Yes
7885,1607899197357:0fee5396-577b-481b-abd0-a9b4db78b809,1607899197357:88b593ed-e366-41fe-8d5c-ca6cede2d0f9,"size == ""1""","isEmpty == ""True""","peek_obj_type == ""class java.lang.String""","push == ""True""","pop == ""False""","clear == ""False""","calledMethod == ""push""","size_p == ""0""",Yes
7886,1607899197357:0fee5396-577b-481b-abd0-a9b4db78b809,1607899197357:88b593ed-e366-41fe-8d5c-ca6cede2d0f9,"size == ""1""","isEmpty == ""True""","peek_obj_type == ""class java.lang.String""","push == ""False""","pop == ""True""","clear == ""False""","calledMethod == ""pop""","size_p == ""1""",Yes
7889,1607899197357:0fee5396-577b-481b-abd0-a9b4db78b809,1607899197357:66e12caf-5af7-410a-a4af-e5d614c8b781,"size == ""1""","isEmpty == ""True""","peek_obj_type == ""class java.lang.String""","push == ""True""","pop == ""False""","clear == ""False""","calledMethod == ""push""","size_p == ""0""",Yes
7890,1607899197357:0fee5396-577b-481b-abd0-a9b4db78b809,1607899197357:66e12caf-5af7-410a-a4af-e5d614c8b781,"size == ""1""","isEmpty == ""True""","peek_obj_type == ""class java.lang.String""","push == ""False""","pop == ""False""","clear == ""True""","calledMethod == ""clear""","size_p == ""1""",Yes
7891,1607899197357:0fee5396-577b-481b-abd0-a9b4db78b809,1607899197357:66e12caf-5af7-410a-a4af-e5d614c8b781,"size == ""1""","isEmpty == ""True""","peek_obj_type == ""class java.lang.String""","push == ""False""","pop == ""False""","clear == ""True""","calledMethod == ""clear""","size_p == ""1""",Yes
7892,1607899197357:0fee5396-577b-481b-abd0-a9b4db78b809,1607899197357:66e12caf-5af7-410a-a4af-e5d614c8b781,"size == ""1""","isEmpty == ""True""","peek_obj_type == ""class java.lang.String""","push == ""False""","pop == ""False""","clear == ""True""","calledMethod == ""clear""","size_p == ""1""",Yes
7894,1607899197357:0fd6ed54-1f40-4f0a-90a4-fcb39db9e1b0,1607899197357:ba94953c-d433-4940-8bc4-23894f32f5aa,"size == ""1""","isEmpty == ""True""","peek_obj_type == ""class java.lang.String""","push == ""True""","pop == ""False""","clear == ""False""","calledMethod == ""push""","size_p == ""0""",Yes
7895,1607899197357:0fd6ed54-1f40-4f0a-90a4-fcb39db9e1b0,1607899197357:ba94953c-d433-4940-8bc4-23894f32f5aa,"size == ""1""","isEmpty == ""True""","peek_obj_type == ""class java.lang.String""","push == ""False""","pop == ""True""","clear == ""False""","calledMethod == ""pop""","size_p == ""1""",Yes
7897,1607899197357:01b8bda9-c613-4e78-8010-d4fc02e203c0,1607899197357:c10c39d5-5735-4550-8383-7ddc2054acf6,"size == ""1""","isEmpty == ""True""","peek_obj_type == ""class java.lang.String""","push == ""True""","pop == ""False""","clear == ""False""","calledMethod == ""push""","size_p == ""0""",Yes
7898,1607899197357:01b8bda9-c613-4e78-8010-d4fc02e203c0,1607899197357:c10c39d5-5735-4550-8383-7ddc2054acf6,"size == ""1""","isEmpty == ""True""","peek_obj_type == ""class java.lang.String""","push == ""False""","pop == ""True""","clear == ""False""","calledMethod == ""pop""","size_p == ""1""",Yes
7900,1607899197356:f12c7757-b0f1-468e-a800-365ba741d771,1607899197356:f8faeb7a-4921-4240-8b6a-b475f3bd937f,"size == ""1""","isEmpty == ""True""","peek_obj_type == ""class java.lang.String""","push == ""True""","pop == ""False""","clear == ""False""","calledMethod == ""push""","size_p == ""0""",Yes
7901,1607899197356:f12c7757-b0f1-468e-a800-365ba741d771,1607899197356:f8faeb7a-4921-4240-8b6a-b475f3bd937f,"size == ""2""","isEmpty == ""True""","peek_obj_type == ""class java.lang.String""","push == ""True""","pop == ""False""","clear == ""False""","calledMethod == ""push""","size_p == ""1""",Yes
7903,1607899197356:f12c7757-b0f1-468e-a800-365ba741d771,1607899197356:025fa640-4a9a-42b1-a1bc-951dbb9b88fb,"size == ""1""","isEmpty == ""True""","peek_obj_type == ""class java.lang.String""","push == ""True""","pop == ""False""","clear == ""False""","calledMethod == ""push""","size_p == ""0""",Yes
7904,1607899197356:f12c7757-b0f1-468e-a800-365ba741d771,1607899197356:025fa640-4a9a-42b1-a1bc-951dbb9b88fb,"size == ""1""","isEmpty == ""True""","peek_obj_type == ""class java.lang.String""","push == ""False""","pop == ""True""","clear == ""False""","calledMethod == ""pop""","size_p == ""1""",Yes
7906,1607899197356:ec4121a4-36bd-463b-978c-35220b38dfbf,1607899197356:5295e757-5aa3-4407-ac05-1e961b4d9a64,"size == ""1""","isEmpty == ""True""","peek_obj_type == ""class java.lang.String""","push == ""True""","pop == ""False""","clear == ""False""","calledMethod == ""push""","size_p == ""0""",Yes
7907,1607899197356:ec4121a4-36bd-463b-978c-35220b38dfbf,1607899197356:5295e757-5aa3-4407-ac05-1e961b4d9a64,"size == ""1""","isEmpty == ""True""","peek_obj_type == ""class java.lang.String""","push == ""False""","pop == ""True""","clear == ""False""","calledMethod == ""pop""","size_p == ""1""",Yes
7909,1607899197356:b3383b4f-8ba0-4df9-965b-38f04c93a928,1607899197356:7cd183b9-19d9-41b2-821f-c9ee61164552,"size == ""1""","isEmpty == ""True""","peek_obj_type == ""class java.lang.String""","push == ""True""","pop == ""False""","clear == ""False""","calledMethod == ""push""","size_p == ""0""",Yes
7910,1607899197356:b3383b4f-8ba0-4df9-965b-38f04c93a928,1607899197356:7cd183b9-19d9-41b2-821f-c9ee61164552,"size == ""1""","isEmpty == ""True""","peek_obj_type == ""class java.lang.String""","push == ""False""","pop == ""True""","clear == ""False""","calledMethod == ""pop""","size_p == ""1""",Yes
7912,1607899197356:265f54d8-25cc-4bc5-8134-0df622b34147,1607899197357:b399790f-7328-4576-b688-1d0a00ce7490,"size == ""1""","isEmpty == ""True""","peek_obj_type == ""class java.lang.String""","push == ""True""","pop == ""False""","clear == ""False""","calledMethod == ""push""","size_p == ""0""",Yes
7913,1607899197356:265f54d8-25cc-4bc5-8134-0df622b34147,1607899197357:b399790f-7328-4576-b688-1d0a00ce7490,"size == ""1""","isEmpty == ""True""","peek_obj_type == ""class java.lang.String""","push == ""False""","pop == ""True""","clear == ""False""","calledMethod == ""pop""","size_p == ""1""",Yes
7916,1607899197356:265f54d8-25cc-4bc5-8134-0df622b34147,1607899197356:19f351f7-65b5-4f7a-87ad-bba7f1186ef6,"size == ""1""","isEmpty == ""True""","peek_obj_type == ""class java.lang.String""","push == ""True""","pop == ""False""","clear == ""False""","calledMethod == ""push""","size_p == ""0""",Yes
7917,1607899197356:265f54d8-25cc-4bc5-8134-0df622b34147,1607899197356:19f351f7-65b5-4f7a-87ad-bba7f1186ef6,"size == ""1""","isEmpty == ""True""","peek_obj_type == ""class java.lang.String""","push == ""False""","pop == ""False""","clear == ""True""","calledMethod == ""clear""","size_p == ""1""",Yes
7918,1607899197356:265f54d8-25cc-4bc5-8134-0df622b34147,1607899197356:19f351f7-65b5-4f7a-87ad-bba7f1186ef6,"size == ""1""","isEmpty == ""True""","peek_obj_type == ""class java.lang.String""","push == ""False""","pop == ""False""","clear == ""True""","calledMethod == ""clear""","size_p == ""1""",Yes
7919,1607899197356:265f54d8-25cc-4bc5-8134-0df622b34147,1607899197356:19f351f7-65b5-4f7a-87ad-bba7f1186ef6,"size == ""1""","isEmpty == ""True""","peek_obj_type == ""class java.lang.String""","push == ""False""","pop == ""False""","clear == ""True""","calledMethod == ""clear""","size_p == ""1""",Yes
7921,1607899197356:23b1addd-cb5a-41a5-ae70-30ef208059de,1607899197356:2b1382bf-b592-4d08-8024-8816aa8bd0ce,"size == ""1""","isEmpty == ""True""","peek_obj_type == ""class java.lang.String""","push == ""True""","pop == ""False""","clear == ""False""","calledMethod == ""push""","size_p == ""0""",Yes
7922,1607899197356:23b1addd-cb5a-41a5-ae70-30ef208059de,1607899197356:2b1382bf-b592-4d08-8024-8816aa8bd0ce,"size == ""1""","isEmpty == ""True""","peek_obj_type == ""class java.lang.String""","push == ""False""","pop == ""True""","clear == ""False""","calledMethod == ""pop""","size_p == ""1""",Yes
7924,1607899197356:227efda0-4662-45c9-97a4-fb11dbd204be,1607899197356:f433f431-678b-4aa3-bfd0-a3c2106557e3,"size == ""1""","isEmpty == ""True""","peek_obj_type == ""class java.lang.String""","push == ""True""","pop == ""False""","clear == ""False""","calledMethod == ""push""","size_p == ""0""",Yes
7926,1607899197356:227efda0-4662-45c9-97a4-fb11dbd204be,1607899197356:b6bc8799-d04c-40af-80e7-28af5acba53a,"size == ""1""","isEmpty == ""True""","peek_obj_type == ""class java.lang.String""","push == ""True""","pop == ""False""","clear == ""False""","calledMethod == ""push""","size_p == ""0""",Yes
7927,1607899197356:227efda0-4662-45c9-97a4-fb11dbd204be,1607899197356:b6bc8799-d04c-40af-80e7-28af5acba53a,"size == ""1""","isEmpty == ""True""","peek_obj_type == ""class java.lang.String""","push == ""False""","pop == ""True""","clear == ""False""","calledMethod == ""pop""","size_p == ""1""",Yes
7930,1607899197355:8771f24f-d4a9-4959-bfc8-0989f6329517,1607899197355:917c65f4-6205-4afb-aef6-b3e4403d29e8,"size == ""1""","isEmpty == ""True""","peek_obj_type == ""class java.lang.String""","push == ""True""","pop == ""False""","clear == ""False""","calledMethod == ""push""","size_p == ""0""",Yes
7931,1607899197355:8771f24f-d4a9-4959-bfc8-0989f6329517,1607899197355:917c65f4-6205-4afb-aef6-b3e4403d29e8,"size == ""1""","isEmpty == ""True""","peek_obj_type == ""class java.lang.String""","push == ""False""","pop == ""False""","clear == ""True""","calledMethod == ""clear""","size_p == ""1""",Yes
7932,1607899197355:8771f24f-d4a9-4959-bfc8-0989f6329517,1607899197355:917c65f4-6205-4afb-aef6-b3e4403d29e8,"size == ""1""","isEmpty == ""True""","peek_obj_type == ""class java.lang.String""","push == ""False""","pop == ""False""","clear == ""True""","calledMethod == ""clear""","size_p == ""1""",Yes
7933,1607899197355:8771f24f-d4a9-4959-bfc8-0989f6329517,1607899197355:917c65f4-6205-4afb-aef6-b3e4403d29e8,"size == ""1""","isEmpty == ""True""","peek_obj_type == ""class java.lang.String""","push == ""False""","pop == ""False""","clear == ""True""","calledMethod == ""clear""","size_p == ""1""",Yes
7935,1607899197355:8771f24f-d4a9-4959-bfc8-0989f6329517,1607899197355:59a70ca6-0992-4c5a-8fe2-b5097af73555,"size == ""1""","isEmpty == ""True""","peek_obj_type == ""class java.lang.String""","push == ""True""","pop == ""False""","clear == ""False""","calledMethod == ""push""","size_p == ""0""",Yes
7936,1607899197355:8771f24f-d4a9-4959-bfc8-0989f6329517,1607899197355:59a70ca6-0992-4c5a-8fe2-b5097af73555,"size == ""1""","isEmpty == ""True""","peek_obj_type == ""class java.lang.String""","push == ""False""","pop == ""True""","clear == ""False""","calledMethod == ""pop""","size_p == ""1""",Yes
7939,1607899197355:2b94296c-2b9d-45f1-910c-980e27d6b2cd,1607899197355:8f1f9d60-2737-4d3b-a3a6-26a29b8a7de1,"size == ""1""","isEmpty == ""True""","peek_obj_type == ""class java.lang.String""","push == ""True""","pop == ""False""","clear == ""False""","calledMethod == ""push""","size_p == ""0""",Yes
7940,1607899197355:2b94296c-2b9d-45f1-910c-980e27d6b2cd,1607899197355:8f1f9d60-2737-4d3b-a3a6-26a29b8a7de1,"size == ""1""","isEmpty == ""True""","peek_obj_type == ""class java.lang.String""","push == ""False""","pop == ""True""","clear == ""False""","calledMethod == ""pop""","size_p == ""1""",Yes
7942,1607899197354:6746a272-c3b8-4318-ab09-0ef96e38c52e,1607899197355:6ca2d87c-e645-4a53-8cd2-f0877c57668f,"size == ""1""","isEmpty == ""True""","peek_obj_type == ""class java.lang.String""","push == ""True""","pop == ""False""","clear == ""False""","calledMethod == ""push""","size_p == ""0""",Yes
7943,1607899197354:6746a272-c3b8-4318-ab09-0ef96e38c52e,1607899197355:6ca2d87c-e645-4a53-8cd2-f0877c57668f,"size == ""1""","isEmpty == ""True""","peek_obj_type == ""class java.lang.String""","push == ""False""","pop == ""True""","clear == ""False""","calledMethod == ""pop""","size_p == ""1""",Yes
7946,1607899197354:6746a272-c3b8-4318-ab09-0ef96e38c52e,1607899197355:342da76e-a3ff-4184-9b91-02c4330c854e,"size == ""1""","isEmpty == ""True""","peek_obj_type == ""class java.lang.String""","push == ""True""","pop == ""False""","clear == ""False""","calledMethod == ""push""","size_p == ""0""",Yes
7947,1607899197354:6746a272-c3b8-4318-ab09-0ef96e38c52e,1607899197355:342da76e-a3ff-4184-9b91-02c4330c854e,"size == ""1""","isEmpty == ""True""","peek_obj_type == ""class java.lang.String""","push == ""False""","pop == ""False""","clear == ""True""","calledMethod == ""clear""","size_p == ""1""",Yes
7948,1607899197354:6746a272-c3b8-4318-ab09-0ef96e38c52e,1607899197355:342da76e-a3ff-4184-9b91-02c4330c854e,"size == ""1""","isEmpty == ""True""","peek_obj_type == ""class java.lang.String""","push == ""False""","pop == ""False""","clear == ""True""","calledMethod == ""clear""","size_p == ""1""",Yes
7949,1607899197354:6746a272-c3b8-4318-ab09-0ef96e38c52e,1607899197355:342da76e-a3ff-4184-9b91-02c4330c854e,"size == ""1""","isEmpty == ""True""","peek_obj_type == ""class java.lang.String""","push == ""False""","pop == ""False""","clear == ""True""","calledMethod == ""clear""","size_p == ""1""",Yes
7952,1607899197354:56476f4d-9cc8-4eb9-bd1f-fe6f838a137a,1607899197354:2c20a521-e673-4bf3-bf34-7fd8cd698dd5,"size == ""1""","isEmpty == ""True""","peek_obj_type == ""class java.lang.String""","push == ""True""","pop == ""False""","clear == ""False""","calledMethod == ""push""","size_p == ""0""",Yes
7953,1607899197354:56476f4d-9cc8-4eb9-bd1f-fe6f838a137a,1607899197354:2c20a521-e673-4bf3-bf34-7fd8cd698dd5,"size == ""1""","isEmpty == ""True""","peek_obj_type == ""class java.lang.String""","push == ""False""","pop == ""True""","clear == ""False""","calledMethod == ""pop""","size_p == ""1""",Yes
7955,1607899197354:2a750713-861c-427e-b366-2214e4af5b65,1607899197354:d8d11f9f-0f41-4ca9-b780-627f5bb11a93,"size == ""1""","isEmpty == ""True""","peek_obj_type == ""class java.lang.String""","push == ""True""","pop == ""False""","clear == ""False""","calledMethod == ""push""","size_p == ""0""",Yes
7956,1607899197354:2a750713-861c-427e-b366-2214e4af5b65,1607899197354:d8d11f9f-0f41-4ca9-b780-627f5bb11a93,"size == ""1""","isEmpty == ""True""","peek_obj_type == ""class java.lang.String""","push == ""False""","pop == ""True""","clear == ""False""","calledMethod == ""pop""","size_p == ""1""",Yes
7958,1607899197354:20f1953b-e183-4f12-954d-90d087a2b973,1607899197354:2b8dc770-0948-4c22-b1ad-8ff31155e6ff,"size == ""1""","isEmpty == ""True""","peek_obj_type == ""class java.lang.String""","push == ""True""","pop == ""False""","clear == ""False""","calledMethod == ""push""","size_p == ""0""",Yes
7959,1607899197354:20f1953b-e183-4f12-954d-90d087a2b973,1607899197354:2b8dc770-0948-4c22-b1ad-8ff31155e6ff,"size == ""1""","isEmpty == ""True""","peek_obj_type == ""class java.lang.String""","push == ""False""","pop == ""True""","clear == ""False""","calledMethod == ""pop""","size_p == ""1""",Yes
7961,1607899197354:0469ba88-bffa-47b1-b39e-9d30d73c36c4,1607899197354:071400a0-87c7-4450-9732-4babad4972b0,"size == ""1""","isEmpty == ""True""","peek_obj_type == ""class java.lang.String""","push == ""True""","pop == ""False""","clear == ""False""","calledMethod == ""push""","size_p == ""0""",Yes
7962,1607899197354:0469ba88-bffa-47b1-b39e-9d30d73c36c4,1607899197354:071400a0-87c7-4450-9732-4babad4972b0,"size == ""1""","isEmpty == ""True""","peek_obj_type == ""class java.lang.String""","push == ""False""","pop == ""True""","clear == ""False""","calledMethod == ""pop""","size_p == ""1""",Yes
7964,1607899197353:929cafbc-9b0b-421b-b5e6-4d4ae7069366,1607899197353:d9ee2016-ab28-454b-9fcb-d9129f98e5a9,"size == ""1""","isEmpty == ""True""","peek_obj_type == ""class java.lang.String""","push == ""True""","pop == ""False""","clear == ""False""","calledMethod == ""push""","size_p == ""0""",Yes
7966,1607899197353:929cafbc-9b0b-421b-b5e6-4d4ae7069366,1607899197353:b8b95bd2-87a0-48ce-9e7b-163fb962c8ae,"size == ""1""","isEmpty == ""True""","peek_obj_type == ""class java.lang.String""","push == ""True""","pop == ""False""","clear == ""False""","calledMethod == ""push""","size_p == ""0""",Yes
7967,1607899197353:929cafbc-9b0b-421b-b5e6-4d4ae7069366,1607899197353:b8b95bd2-87a0-48ce-9e7b-163fb962c8ae,"size == ""1""","isEmpty == ""True""","peek_obj_type == ""class java.lang.String""","push == ""False""","pop == ""True""","clear == ""False""","calledMethod == ""pop""","size_p == ""1""",Yes
7970,1607899197353:8619a54b-a5f1-4d29-bc07-30577dffa9da,1607899197353:07d1e632-9b30-48c2-9652-f758ba5c5417,"size == ""1""","isEmpty == ""True""","peek_obj_type == ""class java.lang.String""","push == ""True""","pop == ""False""","clear == ""False""","calledMethod == ""push""","size_p == ""0""",Yes
7971,1607899197353:8619a54b-a5f1-4d29-bc07-30577dffa9da,1607899197353:07d1e632-9b30-48c2-9652-f758ba5c5417,"size == ""1""","isEmpty == ""True""","peek_obj_type == ""class java.lang.String""","push == ""False""","pop == ""True""","clear == ""False""","calledMethod == ""pop""","size_p == ""1""",Yes
7973,1607899197353:562dba63-bc49-4cff-85d8-f2277d34d0ba,1607899197353:acae4e3c-c11d-4451-995d-36c7116ddf19,"size == ""1""","isEmpty == ""True""","peek_obj_type == ""class java.lang.String""","push == ""True""","pop == ""False""","clear == ""False""","calledMethod == ""push""","size_p == ""0""",Yes
7974,1607899197353:562dba63-bc49-4cff-85d8-f2277d34d0ba,1607899197353:acae4e3c-c11d-4451-995d-36c7116ddf19,"size == ""2""","isEmpty == ""True""","peek_obj_type == ""class java.lang.String""","push == ""True""","pop == ""False""","clear == ""False""","calledMethod == ""push""","size_p == ""1""",Yes
7976,1607899197353:562dba63-bc49-4cff-85d8-f2277d34d0ba,1607899197353:12c7a507-461f-44ed-9f6c-d59d00f67711,"size == ""1""","isEmpty == ""True""","peek_obj_type == ""class java.lang.String""","push == ""True""","pop == ""False""","clear == ""False""","calledMethod == ""push""","size_p == ""0""",Yes
7977,1607899197353:562dba63-bc49-4cff-85d8-f2277d34d0ba,1607899197353:12c7a507-461f-44ed-9f6c-d59d00f67711,"size == ""1""","isEmpty == ""True""","peek_obj_type == ""class java.lang.String""","push == ""False""","pop == ""True""","clear == ""False""","calledMethod == ""pop""","size_p == ""1""",Yes
7979,1607899197352:b2dcec64-0675-493b-845e-750d9f7839ff,1607899197352:8a6f2b61-b697-443b-ad4a-d182c7e44d89,"size == ""1""","isEmpty == ""True""","peek_obj_type == ""class java.lang.String""","push == ""True""","pop == ""False""","clear == ""False""","calledMethod == ""push""","size_p == ""0""",Yes
7980,1607899197352:b2dcec64-0675-493b-845e-750d9f7839ff,1607899197352:8a6f2b61-b697-443b-ad4a-d182c7e44d89,"size == ""1""","isEmpty == ""True""","peek_obj_type == ""class java.lang.String""","push == ""False""","pop == ""True""","clear == ""False""","calledMethod == ""pop""","size_p == ""1""",Yes
7982,1607899197352:af82cfa6-c114-41f7-bc24-b2a72fe7e08f,1607899197352:98a4102f-11a4-4aed-908d-26831980248b,"size == ""1""","isEmpty == ""True""","peek_obj_type == ""class java.lang.String""","push == ""True""","pop == ""False""","clear == ""False""","calledMethod == ""push""","size_p == ""0""",Yes
7983,1607899197352:af82cfa6-c114-41f7-bc24-b2a72fe7e08f,1607899197352:98a4102f-11a4-4aed-908d-26831980248b,"size == ""1""","isEmpty == ""True""","peek_obj_type == ""class java.lang.String""","push == ""False""","pop == ""True""","clear == ""False""","calledMethod == ""pop""","size_p == ""1""",Yes
7985,1607899197352:5ab060ab-74f7-48eb-a812-a2faaff9c265,1607899197352:f41d04ee-b167-44f0-b76d-7cb809fc9f72,"size == ""1""","isEmpty == ""True""","peek_obj_type == ""class java.lang.String""","push == ""True""","pop == ""False""","clear == ""False""","calledMethod == ""push""","size_p == ""0""",Yes
7988,1607899197352:5ab060ab-74f7-48eb-a812-a2faaff9c265,1607899197352:20c2c4d3-6fb3-4476-9a6f-e031fe9193fa,"size == ""1""","isEmpty == ""True""","peek_obj_type == ""class java.lang.String""","push == ""True""","pop == ""False""","clear == ""False""","calledMethod == ""push""","size_p == ""0""",Yes
7989,1607899197352:5ab060ab-74f7-48eb-a812-a2faaff9c265,1607899197352:20c2c4d3-6fb3-4476-9a6f-e031fe9193fa,"size == ""1""","isEmpty == ""True""","peek_obj_type == ""class java.lang.String""","push == ""False""","pop == ""True""","clear == ""False""","calledMethod == ""pop""","size_p == ""1""",Yes
7992,1607899197352:47d7995f-fff6-474e-b954-59d1da52e90b,1607899197352:fb7ff487-ecd6-4280-9bde-6975f137082d,"size == ""1""","isEmpty == ""True""","peek_obj_type == ""class java.lang.String""","push == ""True""","pop == ""False""","clear == ""False""","calledMethod == ""push""","size_p == ""0""",Yes
7993,1607899197352:47d7995f-fff6-474e-b954-59d1da52e90b,1607899197352:fb7ff487-ecd6-4280-9bde-6975f137082d,"size == ""1""","isEmpty == ""True""","peek_obj_type == ""class java.lang.String""","push == ""False""","pop == ""True""","clear == ""False""","calledMethod == ""pop""","size_p == ""1""",Yes
7995,1607899197351:e1dc9cdc-5177-486f-a48c-d658f451f845,1607899197351:a480b6f2-4983-40a2-aacc-0ee2aab9690b,"size == ""1""","isEmpty == ""True""","peek_obj_type == ""class java.lang.String""","push == ""True""","pop == ""False""","clear == ""False""","calledMethod == ""push""","size_p == ""0""",Yes
7996,1607899197351:e1dc9cdc-5177-486f-a48c-d658f451f845,1607899197351:a480b6f2-4983-40a2-aacc-0ee2aab9690b,"size == ""1""","isEmpty == ""True""","peek_obj_type == ""class java.lang.String""","push == ""False""","pop == ""True""","clear == ""False""","calledMethod == ""pop""","size_p == ""1""",Yes
7999,1607899197351:e1dc9cdc-5177-486f-a48c-d658f451f845,1607899197351:2e69062d-fc7d-4c71-b95b-b1b65e5e6f73,"size == ""1""","isEmpty == ""True""","peek_obj_type == ""class java.lang.String""","push == ""True""","pop == ""False""","clear == ""False""","calledMethod == ""push""","size_p == ""0""",Yes
8001,1607899197351:e0f5de36-aa38-48da-982b-b466b552539f,1607899197352:f4a602e3-5f76-41b9-8fab-f520a9177ae6,"size == ""1""","isEmpty == ""True""","peek_obj_type == ""class java.lang.String""","push == ""True""","pop == ""False""","clear == ""False""","calledMethod == ""push""","size_p == ""0""",Yes
8002,1607899197351:e0f5de36-aa38-48da-982b-b466b552539f,1607899197352:f4a602e3-5f76-41b9-8fab-f520a9177ae6,"size == ""1""","isEmpty == ""True""","peek_obj_type == ""class java.lang.String""","push == ""False""","pop == ""True""","clear == ""False""","calledMethod == ""pop""","size_p == ""1""",Yes
8005,1607899197351:e0f5de36-aa38-48da-982b-b466b552539f,1607899197351:cf8fd2dd-bfe6-4287-b0ad-64d9fe9b2fba,"size == ""1""","isEmpty == ""True""","peek_obj_type == ""class java.lang.String""","push == ""True""","pop == ""False""","clear == ""False""","calledMethod == ""push""","size_p == ""0""",Yes
8006,1607899197351:e0f5de36-aa38-48da-982b-b466b552539f,1607899197351:cf8fd2dd-bfe6-4287-b0ad-64d9fe9b2fba,"size == ""1""","isEmpty == ""True""","peek_obj_type == ""class java.lang.String""","push == ""False""","pop == ""False""","clear == ""True""","calledMethod == ""clear""","size_p == ""1""",Yes
8007,1607899197351:e0f5de36-aa38-48da-982b-b466b552539f,1607899197351:cf8fd2dd-bfe6-4287-b0ad-64d9fe9b2fba,"size == ""1""","isEmpty == ""True""","peek_obj_type == ""class java.lang.String""","push == ""False""","pop == ""False""","clear == ""True""","calledMethod == ""clear""","size_p == ""1""",Yes
8008,1607899197351:e0f5de36-aa38-48da-982b-b466b552539f,1607899197351:cf8fd2dd-bfe6-4287-b0ad-64d9fe9b2fba,"size == ""1""","isEmpty == ""True""","peek_obj_type == ""class java.lang.String""","push == ""False""","pop == ""False""","clear == ""True""","calledMethod == ""clear""","size_p == ""1""",Yes
8010,1607899197351:d4009c9a-fb07-410a-a516-115d30ac4be8,1607899197351:3363c245-fa27-4c76-908b-6ae0b1b36c02,"size == ""1""","isEmpty == ""True""","peek_obj_type == ""class java.lang.String""","push == ""True""","pop == ""False""","clear == ""False""","calledMethod == ""push""","size_p == ""0""",Yes
8011,1607899197351:d4009c9a-fb07-410a-a516-115d30ac4be8,1607899197351:3363c245-fa27-4c76-908b-6ae0b1b36c02,"size == ""1""","isEmpty == ""True""","peek_obj_type == ""class java.lang.String""","push == ""False""","pop == ""True""","clear == ""False""","calledMethod == ""pop""","size_p == ""1""",Yes
8013,1607899197351:b449bbaf-ff56-4f03-b429-a0a0f326547c,1607899197351:364dde00-9f9c-42b7-a8e7-27658e50186a,"size == ""1""","isEmpty == ""True""","peek_obj_type == ""class java.lang.String""","push == ""True""","pop == ""False""","clear == ""False""","calledMethod == ""push""","size_p == ""0""",Yes
8014,1607899197351:b449bbaf-ff56-4f03-b429-a0a0f326547c,1607899197351:364dde00-9f9c-42b7-a8e7-27658e50186a,"size == ""1""","isEmpty == ""True""","peek_obj_type == ""class java.lang.String""","push == ""False""","pop == ""True""","clear == ""False""","calledMethod == ""pop""","size_p == ""1""",Yes
8016,1607899197350:e38b985f-7aa0-4659-b617-1abb4d05c8c6,1607899197350:f2e2c80d-609c-4b8b-bcfd-fa3ca853e3b2,"size == ""1""","isEmpty == ""True""","peek_obj_type == ""class java.lang.String""","push == ""True""","pop == ""False""","clear == ""False""","calledMethod == ""push""","size_p == ""0""",Yes
8017,1607899197350:e38b985f-7aa0-4659-b617-1abb4d05c8c6,1607899197350:f2e2c80d-609c-4b8b-bcfd-fa3ca853e3b2,"size == ""1""","isEmpty == ""True""","peek_obj_type == ""class java.lang.String""","push == ""False""","pop == ""True""","clear == ""False""","calledMethod == ""pop""","size_p == ""1""",Yes
8019,1607899197350:758fff81-9db1-4ba2-b8a3-2598deb7f34e,1607899197350:82a11667-49ac-4499-9ceb-cb18d827387d,"size == ""1""","isEmpty == ""True""","peek_obj_type == ""class java.lang.String""","push == ""True""","pop == ""False""","clear == ""False""","calledMethod == ""push""","size_p == ""0""",Yes
8020,1607899197350:758fff81-9db1-4ba2-b8a3-2598deb7f34e,1607899197350:82a11667-49ac-4499-9ceb-cb18d827387d,"size == ""1""","isEmpty == ""True""","peek_obj_type == ""class java.lang.String""","push == ""False""","pop == ""True""","clear == ""False""","calledMethod == ""pop""","size_p == ""1""",Yes
8022,1607899197350:68004c7f-6e68-4ef9-977f-e1252da9043d,1607899197350:5f6bb2e9-af38-4365-b8eb-1293384d0c91,"size == ""1""","isEmpty == ""True""","peek_obj_type == ""class java.lang.String""","push == ""True""","pop == ""False""","clear == ""False""","calledMethod == ""push""","size_p == ""0""",Yes
8024,1607899197350:68004c7f-6e68-4ef9-977f-e1252da9043d,1607899197350:4f618d25-7215-4dbb-98d2-4c2d4efd9b4b,"size == ""1""","isEmpty == ""True""","peek_obj_type == ""class java.lang.String""","push == ""True""","pop == ""False""","clear == ""False""","calledMethod == ""push""","size_p == ""0""",Yes
8025,1607899197350:68004c7f-6e68-4ef9-977f-e1252da9043d,1607899197350:4f618d25-7215-4dbb-98d2-4c2d4efd9b4b,"size == ""1""","isEmpty == ""True""","peek_obj_type == ""class java.lang.String""","push == ""False""","pop == ""True""","clear == ""False""","calledMethod == ""pop""","size_p == ""1""",Yes
8028,1607899197350:06315a03-65d4-4380-b125-9082abb3dcaf,1607899197350:a40e57cb-3d1f-494c-8eab-2ee275cfee8b,"size == ""1""","isEmpty == ""True""","peek_obj_type == ""class java.lang.String""","push == ""True""","pop == ""False""","clear == ""False""","calledMethod == ""push""","size_p == ""0""",Yes
8029,1607899197350:06315a03-65d4-4380-b125-9082abb3dcaf,1607899197350:a40e57cb-3d1f-494c-8eab-2ee275cfee8b,"size == ""2""","isEmpty == ""True""","peek_obj_type == ""class java.lang.String""","push == ""True""","pop == ""False""","clear == ""False""","calledMethod == ""push""","size_p == ""1""",Yes
8031,1607899197350:06315a03-65d4-4380-b125-9082abb3dcaf,1607899197350:36fbff91-4aac-46ac-b351-609937912047,"size == ""1""","isEmpty == ""True""","peek_obj_type == ""class java.lang.String""","push == ""True""","pop == ""False""","clear == ""False""","calledMethod == ""push""","size_p == ""0""",Yes
8032,1607899197350:06315a03-65d4-4380-b125-9082abb3dcaf,1607899197350:36fbff91-4aac-46ac-b351-609937912047,"size == ""1""","isEmpty == ""True""","peek_obj_type == ""class java.lang.String""","push == ""False""","pop == ""True""","clear == ""False""","calledMethod == ""pop""","size_p == ""1""",Yes
8034,1607899197349:c6bdd723-fcdc-4e88-b821-38e5f83fa3ae,1607899197349:d83c5126-5fbf-4caa-abb0-ccc46e6e9c4c,"size == ""1""","isEmpty == ""True""","peek_obj_type == ""class java.lang.String""","push == ""True""","pop == ""False""","clear == ""False""","calledMethod == ""push""","size_p == ""0""",Yes
8035,1607899197349:c6bdd723-fcdc-4e88-b821-38e5f83fa3ae,1607899197349:d83c5126-5fbf-4caa-abb0-ccc46e6e9c4c,"size == ""1""","isEmpty == ""True""","peek_obj_type == ""class java.lang.String""","push == ""False""","pop == ""True""","clear == ""False""","calledMethod == ""pop""","size_p == ""1""",Yes
8038,1607899197349:8f574350-64f5-412f-8ffc-c3179a7d5721,1607899197349:2fc2ac2b-c1dd-44fd-a080-ffc31dbdb144,"size == ""1""","isEmpty == ""True""","peek_obj_type == ""class java.lang.String""","push == ""True""","pop == ""False""","clear == ""False""","calledMethod == ""push""","size_p == ""0""",Yes
8039,1607899197349:8f574350-64f5-412f-8ffc-c3179a7d5721,1607899197349:2fc2ac2b-c1dd-44fd-a080-ffc31dbdb144,"size == ""1""","isEmpty == ""True""","peek_obj_type == ""class java.lang.String""","push == ""False""","pop == ""True""","clear == ""False""","calledMethod == ""pop""","size_p == ""1""",Yes
8041,1607899197349:4f1ef8a9-cfed-4b50-a1b2-3f3b52f16882,1607899197349:d66b9730-c038-4c40-b052-09c9370d0ac6,"size == ""1""","isEmpty == ""True""","peek_obj_type == ""class java.lang.String""","push == ""True""","pop == ""False""","clear == ""False""","calledMethod == ""push""","size_p == ""0""",Yes
8042,1607899197349:4f1ef8a9-cfed-4b50-a1b2-3f3b52f16882,1607899197349:d66b9730-c038-4c40-b052-09c9370d0ac6,"size == ""1""","isEmpty == ""True""","peek_obj_type == ""class java.lang.String""","push == ""False""","pop == ""True""","clear == ""False""","calledMethod == ""pop""","size_p == ""1""",Yes
8044,1607899197349:4f1ef8a9-cfed-4b50-a1b2-3f3b52f16882,1607899197349:15908703-6427-448a-b678-189467f89497,"size == ""1""","isEmpty == ""True""","peek_obj_type == ""class java.lang.String""","push == ""True""","pop == ""False""","clear == ""False""","calledMethod == ""push""","size_p == ""0""",Yes
8046,1607899197348:90b5401e-28b8-4699-bebb-8268f912e85f,1607899197348:e065bd99-69fe-4016-ae73-728b8230aa7c,"size == ""1""","isEmpty == ""True""","peek_obj_type == ""class java.lang.String""","push == ""True""","pop == ""False""","clear == ""False""","calledMethod == ""push""","size_p == ""0""",Yes
8047,1607899197348:90b5401e-28b8-4699-bebb-8268f912e85f,1607899197348:e065bd99-69fe-4016-ae73-728b8230aa7c,"size == ""1""","isEmpty == ""True""","peek_obj_type == ""class java.lang.String""","push == ""False""","pop == ""True""","clear == ""False""","calledMethod == ""pop""","size_p == ""1""",Yes
8049,1607899197348:90b5401e-28b8-4699-bebb-8268f912e85f,1607899197348:e0318d46-6fe6-47ac-bafa-3b596397df2e,"size == ""1""","isEmpty == ""True""","peek_obj_type == ""class java.lang.String""","push == ""True""","pop == ""False""","clear == ""False""","calledMethod == ""push""","size_p == ""0""",Yes
8051,1607899197348:551c2fcb-cd6d-4781-8f64-c54a82712112,1607899197348:f0773cba-7152-48a5-a797-12428953bb75,"size == ""1""","isEmpty == ""True""","peek_obj_type == ""class java.lang.String""","push == ""True""","pop == ""False""","clear == ""False""","calledMethod == ""push""","size_p == ""0""",Yes
8052,1607899197348:551c2fcb-cd6d-4781-8f64-c54a82712112,1607899197348:f0773cba-7152-48a5-a797-12428953bb75,"size == ""2""","isEmpty == ""True""","peek_obj_type == ""class java.lang.String""","push == ""True""","pop == ""False""","clear == ""False""","calledMethod == ""push""","size_p == ""1""",Yes
8054,1607899197348:551c2fcb-cd6d-4781-8f64-c54a82712112,1607899197348:6ba0e45e-ed6e-487b-8987-a3b7351ce486,"size == ""1""","isEmpty == ""True""","peek_obj_type == ""class java.lang.String""","push == ""True""","pop == ""False""","clear == ""False""","calledMethod == ""push""","size_p == ""0""",Yes
8055,1607899197348:551c2fcb-cd6d-4781-8f64-c54a82712112,1607899197348:6ba0e45e-ed6e-487b-8987-a3b7351ce486,"size == ""1""","isEmpty == ""True""","peek_obj_type == ""class java.lang.String""","push == ""False""","pop == ""True""","clear == ""False""","calledMethod == ""pop""","size_p == ""1""",Yes
8057,1607899197348:3fff7873-3d79-4db7-bd4c-7f5971cd2941,1607899197349:546a231b-8b22-421d-910c-3e3761ff8f5c,"size == ""1""","isEmpty == ""True""","peek_obj_type == ""class java.lang.String""","push == ""True""","pop == ""False""","clear == ""False""","calledMethod == ""push""","size_p == ""0""",Yes
8058,1607899197348:3fff7873-3d79-4db7-bd4c-7f5971cd2941,1607899197349:546a231b-8b22-421d-910c-3e3761ff8f5c,"size == ""1""","isEmpty == ""True""","peek_obj_type == ""class java.lang.String""","push == ""False""","pop == ""True""","clear == ""False""","calledMethod == ""pop""","size_p == ""1""",Yes
8060,1607899197348:3fff7873-3d79-4db7-bd4c-7f5971cd2941,1607899197349:14db32fd-f3cc-4bbd-ba62-aa8d369b6912,"size == ""1""","isEmpty == ""True""","peek_obj_type == ""class java.lang.String""","push == ""True""","pop == ""False""","clear == ""False""","calledMethod == ""push""","size_p == ""0""",Yes
8061,1607899197348:3fff7873-3d79-4db7-bd4c-7f5971cd2941,1607899197349:14db32fd-f3cc-4bbd-ba62-aa8d369b6912,"size == ""2""","isEmpty == ""True""","peek_obj_type == ""class java.lang.String""","push == ""True""","pop == ""False""","clear == ""False""","calledMethod == ""push""","size_p == ""1""",Yes
8063,1607899197348:025e4b0e-d694-4f2d-a6ac-399a574a64ce,1607899197348:ffa4a731-d2e4-40b3-b7a9-73aab8657605,"size == ""1""","isEmpty == ""True""","peek_obj_type == ""class java.lang.String""","push == ""True""","pop == ""False""","clear == ""False""","calledMethod == ""push""","size_p == ""0""",Yes
8064,1607899197348:025e4b0e-d694-4f2d-a6ac-399a574a64ce,1607899197348:ffa4a731-d2e4-40b3-b7a9-73aab8657605,"size == ""1""","isEmpty == ""True""","peek_obj_type == ""class java.lang.String""","push == ""False""","pop == ""True""","clear == ""False""","calledMethod == ""pop""","size_p == ""1""",Yes
8066,1607899197348:025e4b0e-d694-4f2d-a6ac-399a574a64ce,1607899197348:6142f24b-7471-4643-9b66-2eaae819d53d,"size == ""1""","isEmpty == ""True""","peek_obj_type == ""class java.lang.String""","push == ""True""","pop == ""False""","clear == ""False""","calledMethod == ""push""","size_p == ""0""",Yes
8069,1607899197347:bc615d4c-5da3-47a5-bfb2-7508f0272997,1607899197347:795cc146-0061-43bc-b99e-ebe6dc9151b5,"size == ""1""","isEmpty == ""True""","peek_obj_type == ""class java.lang.String""","push == ""True""","pop == ""False""","clear == ""False""","calledMethod == ""push""","size_p == ""0""",Yes
8070,1607899197347:bc615d4c-5da3-47a5-bfb2-7508f0272997,1607899197347:795cc146-0061-43bc-b99e-ebe6dc9151b5,"size == ""1""","isEmpty == ""True""","peek_obj_type == ""class java.lang.String""","push == ""False""","pop == ""True""","clear == ""False""","calledMethod == ""pop""","size_p == ""1""",Yes
8072,1607899197347:a8710435-9d0e-403a-8288-a0bf54b1659d,1607899197347:b2b76e3e-2f08-4970-b072-f3cb0115abab,"size == ""1""","isEmpty == ""True""","peek_obj_type == ""class java.lang.String""","push == ""True""","pop == ""False""","clear == ""False""","calledMethod == ""push""","size_p == ""0""",Yes
8073,1607899197347:a8710435-9d0e-403a-8288-a0bf54b1659d,1607899197347:b2b76e3e-2f08-4970-b072-f3cb0115abab,"size == ""1""","isEmpty == ""True""","peek_obj_type == ""class java.lang.String""","push == ""False""","pop == ""True""","clear == ""False""","calledMethod == ""pop""","size_p == ""1""",Yes
8075,1607899197347:a8710435-9d0e-403a-8288-a0bf54b1659d,1607899197347:1574e390-6662-4fb6-a286-80ceb606bc3a,"size == ""1""","isEmpty == ""True""","peek_obj_type == ""class java.lang.String""","push == ""True""","pop == ""False""","clear == ""False""","calledMethod == ""push""","size_p == ""0""",Yes
8077,1607899197347:31d9e408-2c90-40c4-b388-422ce9a5eb3e,1607899197347:9ef891be-60cf-461e-8e4e-4301c4f58e49,"size == ""1""","isEmpty == ""True""","peek_obj_type == ""class java.lang.String""","push == ""True""","pop == ""False""","clear == ""False""","calledMethod == ""push""","size_p == ""0""",Yes
8078,1607899197347:31d9e408-2c90-40c4-b388-422ce9a5eb3e,1607899197347:9ef891be-60cf-461e-8e4e-4301c4f58e49,"size == ""1""","isEmpty == ""True""","peek_obj_type == ""class java.lang.String""","push == ""False""","pop == ""True""","clear == ""False""","calledMethod == ""pop""","size_p == ""1""",Yes
8080,1607899197347:308d8918-6c83-422e-a45b-148ac3f583b6,1607899197347:a46403af-f737-4927-b417-e153a8e86305,"size == ""1""","isEmpty == ""True""","peek_obj_type == ""class java.lang.String""","push == ""True""","pop == ""False""","clear == ""False""","calledMethod == ""push""","size_p == ""0""",Yes
8081,1607899197347:308d8918-6c83-422e-a45b-148ac3f583b6,1607899197347:a46403af-f737-4927-b417-e153a8e86305,"size == ""1""","isEmpty == ""True""","peek_obj_type == ""class java.lang.String""","push == ""False""","pop == ""True""","clear == ""False""","calledMethod == ""pop""","size_p == ""1""",Yes
8083,1607899197346:a6c8f497-517e-4734-9fe4-37acbabbad6b,1607899197346:bec85db9-7924-4b7e-84bf-2948a5e7cc70,"size == ""1""","isEmpty == ""True""","peek_obj_type == ""class java.lang.String""","push == ""True""","pop == ""False""","clear == ""False""","calledMethod == ""push""","size_p == ""0""",Yes
8086,1607899197346:a6c8f497-517e-4734-9fe4-37acbabbad6b,1607899197346:1446b4ae-c0cc-4e51-bf33-963a603086ce,"size == ""1""","isEmpty == ""True""","peek_obj_type == ""class java.lang.String""","push == ""True""","pop == ""False""","clear == ""False""","calledMethod == ""push""","size_p == ""0""",Yes
8087,1607899197346:a6c8f497-517e-4734-9fe4-37acbabbad6b,1607899197346:1446b4ae-c0cc-4e51-bf33-963a603086ce,"size == ""1""","isEmpty == ""True""","peek_obj_type == ""class java.lang.String""","push == ""False""","pop == ""True""","clear == ""False""","calledMethod == ""pop""","size_p == ""1""",Yes
8089,1607899197346:8c262e9b-4039-4e70-b8cc-5bef8a1ee27f,1607899197346:8e2ad9f7-7771-4129-aa24-3d39f54ab0bb,"size == ""1""","isEmpty == ""True""","peek_obj_type == ""class java.lang.String""","push == ""True""","pop == ""False""","clear == ""False""","calledMethod == ""push""","size_p == ""0""",Yes
8090,1607899197346:8c262e9b-4039-4e70-b8cc-5bef8a1ee27f,1607899197346:8e2ad9f7-7771-4129-aa24-3d39f54ab0bb,"size == ""1""","isEmpty == ""True""","peek_obj_type == ""class java.lang.String""","push == ""False""","pop == ""True""","clear == ""False""","calledMethod == ""pop""","size_p == ""1""",Yes
8093,1607899197346:8c262e9b-4039-4e70-b8cc-5bef8a1ee27f,1607899197346:59a5011a-7161-4c7f-a078-26534d0e86d1,"size == ""1""","isEmpty == ""True""","peek_obj_type == ""class java.lang.String""","push == ""True""","pop == ""False""","clear == ""False""","calledMethod == ""push""","size_p == ""0""",Yes
8094,1607899197346:8c262e9b-4039-4e70-b8cc-5bef8a1ee27f,1607899197346:59a5011a-7161-4c7f-a078-26534d0e86d1,"size == ""1""","isEmpty == ""True""","peek_obj_type == ""class java.lang.String""","push == ""False""","pop == ""False""","clear == ""True""","calledMethod == ""clear""","size_p == ""1""",Yes
8095,1607899197346:8c262e9b-4039-4e70-b8cc-5bef8a1ee27f,1607899197346:59a5011a-7161-4c7f-a078-26534d0e86d1,"size == ""1""","isEmpty == ""True""","peek_obj_type == ""class java.lang.String""","push == ""False""","pop == ""False""","clear == ""True""","calledMethod == ""clear""","size_p == ""1""",Yes
8096,1607899197346:8c262e9b-4039-4e70-b8cc-5bef8a1ee27f,1607899197346:59a5011a-7161-4c7f-a078-26534d0e86d1,"size == ""1""","isEmpty == ""True""","peek_obj_type == ""class java.lang.String""","push == ""False""","pop == ""False""","clear == ""True""","calledMethod == ""clear""","size_p == ""1""",Yes
8098,1607899197346:27134c98-33ca-48ab-a634-250b7b072e3b,1607899197346:edd935e9-9223-4952-9d93-6e22be3538f4,"size == ""1""","isEmpty == ""True""","peek_obj_type == ""class java.lang.String""","push == ""True""","pop == ""False""","clear == ""False""","calledMethod == ""push""","size_p == ""0""",Yes
8099,1607899197346:27134c98-33ca-48ab-a634-250b7b072e3b,1607899197346:edd935e9-9223-4952-9d93-6e22be3538f4,"size == ""1""","isEmpty == ""True""","peek_obj_type == ""class java.lang.String""","push == ""False""","pop == ""True""","clear == ""False""","calledMethod == ""pop""","size_p == ""1""",Yes
8101,1607899197345:c81f2354-edd2-4f30-9d17-f7505cb980d7,1607899197345:6fe7274f-a20d-4ca6-9de3-e7a904dcaa15,"size == ""1""","isEmpty == ""True""","peek_obj_type == ""class java.lang.String""","push == ""True""","pop == ""False""","clear == ""False""","calledMethod == ""push""","size_p == ""0""",Yes
8102,1607899197345:c81f2354-edd2-4f30-9d17-f7505cb980d7,1607899197345:6fe7274f-a20d-4ca6-9de3-e7a904dcaa15,"size == ""2""","isEmpty == ""True""","peek_obj_type == ""class java.lang.String""","push == ""True""","pop == ""False""","clear == ""False""","calledMethod == ""push""","size_p == ""1""",Yes
8103,1607899197345:c81f2354-edd2-4f30-9d17-f7505cb980d7,1607899197345:6fe7274f-a20d-4ca6-9de3-e7a904dcaa15,"size == ""2""","isEmpty == ""True""","peek_obj_type == ""class java.lang.String""","push == ""False""","pop == ""False""","clear == ""True""","calledMethod == ""clear""","size_p == ""2""",Yes
8104,1607899197345:c81f2354-edd2-4f30-9d17-f7505cb980d7,1607899197345:6fe7274f-a20d-4ca6-9de3-e7a904dcaa15,"size == ""2""","isEmpty == ""True""","peek_obj_type == ""class java.lang.String""","push == ""False""","pop == ""False""","clear == ""True""","calledMethod == ""clear""","size_p == ""2""",Yes
8105,1607899197345:c81f2354-edd2-4f30-9d17-f7505cb980d7,1607899197345:6fe7274f-a20d-4ca6-9de3-e7a904dcaa15,"size == ""2""","isEmpty == ""True""","peek_obj_type == ""class java.lang.String""","push == ""False""","pop == ""True""","clear == ""False""","calledMethod == ""pop""","size_p == ""2""",Yes
8108,1607899197345:a7494445-a405-42bb-be68-c508304a2c92,1607899197345:eee0ab30-772f-41a4-a63c-cdf69daa64fe,"size == ""1""","isEmpty == ""True""","peek_obj_type == ""class java.lang.String""","push == ""True""","pop == ""False""","clear == ""False""","calledMethod == ""push""","size_p == ""0""",Yes
8109,1607899197345:a7494445-a405-42bb-be68-c508304a2c92,1607899197345:eee0ab30-772f-41a4-a63c-cdf69daa64fe,"size == ""1""","isEmpty == ""True""","peek_obj_type == ""class java.lang.String""","push == ""False""","pop == ""False""","clear == ""True""","calledMethod == ""clear""","size_p == ""1""",Yes
8110,1607899197345:a7494445-a405-42bb-be68-c508304a2c92,1607899197345:eee0ab30-772f-41a4-a63c-cdf69daa64fe,"size == ""1""","isEmpty == ""True""","peek_obj_type == ""class java.lang.String""","push == ""False""","pop == ""False""","clear == ""True""","calledMethod == ""clear""","size_p == ""1""",Yes
8111,1607899197345:a7494445-a405-42bb-be68-c508304a2c92,1607899197345:eee0ab30-772f-41a4-a63c-cdf69daa64fe,"size == ""1""","isEmpty == ""True""","peek_obj_type == ""class java.lang.String""","push == ""False""","pop == ""False""","clear == ""True""","calledMethod == ""clear""","size_p == ""1""",Yes
8113,1607899197345:a7494445-a405-42bb-be68-c508304a2c92,1607899197345:5b0ca017-826f-4b30-8740-50bca8ae5473,"size == ""1""","isEmpty == ""True""","peek_obj_type == ""class java.lang.String""","push == ""True""","pop == ""False""","clear == ""False""","calledMethod == ""push""","size_p == ""0""",Yes
8114,1607899197345:a7494445-a405-42bb-be68-c508304a2c92,1607899197345:5b0ca017-826f-4b30-8740-50bca8ae5473,"size == ""1""","isEmpty == ""True""","peek_obj_type == ""class java.lang.String""","push == ""False""","pop == ""True""","clear == ""False""","calledMethod == ""pop""","size_p == ""1""",Yes
8117,1607899197345:52fc4f47-b4e9-4dee-8a9f-ba366d94f04b,1607899197345:f388f754-24af-430b-ba4c-e6b5c9c06d06,"size == ""1""","isEmpty == ""True""","peek_obj_type == ""class java.lang.String""","push == ""True""","pop == ""False""","clear == ""False""","calledMethod == ""push""","size_p == ""0""",Yes
8118,1607899197345:52fc4f47-b4e9-4dee-8a9f-ba366d94f04b,1607899197345:f388f754-24af-430b-ba4c-e6b5c9c06d06,"size == ""1""","isEmpty == ""True""","peek_obj_type == ""class java.lang.String""","push == ""False""","pop == ""True""","clear == ""False""","calledMethod == ""pop""","size_p == ""1""",Yes
8120,1607899197345:1cb76ff1-ddc6-4ed2-ba95-df7b1e091db8,1607899197345:ce7838b6-8d71-4d75-bf2f-0fae76a6f069,"size == ""1""","isEmpty == ""True""","peek_obj_type == ""class java.lang.String""","push == ""True""","pop == ""False""","clear == ""False""","calledMethod == ""push""","size_p == ""0""",Yes
8121,1607899197345:1cb76ff1-ddc6-4ed2-ba95-df7b1e091db8,1607899197345:ce7838b6-8d71-4d75-bf2f-0fae76a6f069,"size == ""1""","isEmpty == ""True""","peek_obj_type == ""class java.lang.String""","push == ""False""","pop == ""True""","clear == ""False""","calledMethod == ""pop""","size_p == ""1""",Yes
8123,1607899197345:1cb76ff1-ddc6-4ed2-ba95-df7b1e091db8,1607899197345:91533c39-221d-42d6-8798-3f5fd0ddf340,"size == ""1""","isEmpty == ""True""","peek_obj_type == ""class java.lang.String""","push == ""True""","pop == ""False""","clear == ""False""","calledMethod == ""push""","size_p == ""0""",Yes
8124,1607899197345:1cb76ff1-ddc6-4ed2-ba95-df7b1e091db8,1607899197345:91533c39-221d-42d6-8798-3f5fd0ddf340,"size == ""2""","isEmpty == ""True""","peek_obj_type == ""class java.lang.String""","push == ""True""","pop == ""False""","clear == ""False""","calledMethod == ""push""","size_p == ""1""",Yes
8126,1607899197345:0e74e6b9-1693-4ee6-995e-acaf9e92b938,1607899197346:8a3bd57f-783e-475f-b013-0b995e53ce85,"size == ""1""","isEmpty == ""True""","peek_obj_type == ""class java.lang.String""","push == ""True""","pop == ""False""","clear == ""False""","calledMethod == ""push""","size_p == ""0""",Yes
8127,1607899197345:0e74e6b9-1693-4ee6-995e-acaf9e92b938,1607899197346:8a3bd57f-783e-475f-b013-0b995e53ce85,"size == ""1""","isEmpty == ""True""","peek_obj_type == ""class java.lang.String""","push == ""False""","pop == ""True""","clear == ""False""","calledMethod == ""pop""","size_p == ""1""",Yes
8130,1607899197345:0e74e6b9-1693-4ee6-995e-acaf9e92b938,1607899197345:1f2b3ef4-014e-459f-a462-b10b0eda09b2,"size == ""1""","isEmpty == ""True""","peek_obj_type == ""class java.lang.String""","push == ""True""","pop == ""False""","clear == ""False""","calledMethod == ""push""","size_p == ""0""",Yes
8131,1607899197345:0e74e6b9-1693-4ee6-995e-acaf9e92b938,1607899197345:1f2b3ef4-014e-459f-a462-b10b0eda09b2,"size == ""1""","isEmpty == ""True""","peek_obj_type == ""class java.lang.String""","push == ""False""","pop == ""False""","clear == ""True""","calledMethod == ""clear""","size_p == ""1""",Yes
8132,1607899197345:0e74e6b9-1693-4ee6-995e-acaf9e92b938,1607899197345:1f2b3ef4-014e-459f-a462-b10b0eda09b2,"size == ""1""","isEmpty == ""True""","peek_obj_type == ""class java.lang.String""","push == ""False""","pop == ""False""","clear == ""True""","calledMethod == ""clear""","size_p == ""1""",Yes
8133,1607899197345:0e74e6b9-1693-4ee6-995e-acaf9e92b938,1607899197345:1f2b3ef4-014e-459f-a462-b10b0eda09b2,"size == ""1""","isEmpty == ""True""","peek_obj_type == ""class java.lang.String""","push == ""False""","pop == ""False""","clear == ""True""","calledMethod == ""clear""","size_p == ""1""",Yes
8135,1607899197344:e4c6cb9e-f7d9-4a62-9222-a42b997883fd,1607899197344:3bcb9236-f873-4cf1-af71-a1b9fbda5a5e,"size == ""1""","isEmpty == ""True""","peek_obj_type == ""class java.lang.String""","push == ""True""","pop == ""False""","clear == ""False""","calledMethod == ""push""","size_p == ""0""",Yes
8136,1607899197344:e4c6cb9e-f7d9-4a62-9222-a42b997883fd,1607899197344:3bcb9236-f873-4cf1-af71-a1b9fbda5a5e,"size == ""1""","isEmpty == ""True""","peek_obj_type == ""class java.lang.String""","push == ""False""","pop == ""True""","clear == ""False""","calledMethod == ""pop""","size_p == ""1""",Yes
8138,1607899197344:c3c37c60-0338-4359-a8de-f4a6ecaa333e,1607899197344:b1e81b82-a90c-449f-b3a0-37d83174c727,"size == ""1""","isEmpty == ""True""","peek_obj_type == ""class java.lang.String""","push == ""True""","pop == ""False""","clear == ""False""","calledMethod == ""push""","size_p == ""0""",Yes
8139,1607899197344:c3c37c60-0338-4359-a8de-f4a6ecaa333e,1607899197344:b1e81b82-a90c-449f-b3a0-37d83174c727,"size == ""1""","isEmpty == ""True""","peek_obj_type == ""class java.lang.String""","push == ""False""","pop == ""True""","clear == ""False""","calledMethod == ""pop""","size_p == ""1""",Yes
8141,1607899197344:938a73c2-64ae-4a70-8e8b-d4e6354896fa,1607899197344:bc045cc2-f060-4501-9e94-3596af6e406f,"size == ""1""","isEmpty == ""True""","peek_obj_type == ""class java.lang.String""","push == ""True""","pop == ""False""","clear == ""False""","calledMethod == ""push""","size_p == ""0""",Yes
8142,1607899197344:938a73c2-64ae-4a70-8e8b-d4e6354896fa,1607899197344:bc045cc2-f060-4501-9e94-3596af6e406f,"size == ""2""","isEmpty == ""True""","peek_obj_type == ""class java.lang.String""","push == ""True""","pop == ""False""","clear == ""False""","calledMethod == ""push""","size_p == ""1""",Yes
8143,1607899197344:938a73c2-64ae-4a70-8e8b-d4e6354896fa,1607899197344:bc045cc2-f060-4501-9e94-3596af6e406f,"size == ""2""","isEmpty == ""True""","peek_obj_type == ""class java.lang.String""","push == ""False""","pop == ""False""","clear == ""True""","calledMethod == ""clear""","size_p == ""2""",Yes
8145,1607899197344:938a73c2-64ae-4a70-8e8b-d4e6354896fa,1607899197344:332c30ca-9a19-4fb3-b473-13bbb27ab228,"size == ""1""","isEmpty == ""True""","peek_obj_type == ""class java.lang.String""","push == ""True""","pop == ""False""","clear == ""False""","calledMethod == ""push""","size_p == ""0""",Yes
8146,1607899197344:938a73c2-64ae-4a70-8e8b-d4e6354896fa,1607899197344:332c30ca-9a19-4fb3-b473-13bbb27ab228,"size == ""1""","isEmpty == ""True""","peek_obj_type == ""class java.lang.String""","push == ""False""","pop == ""True""","clear == ""False""","calledMethod == ""pop""","size_p == ""1""",Yes
8148,1607899197344:11ba4ba4-89ab-4850-b494-5c4e5531bd8c,1607899197344:7dfea6da-352e-4d09-9f12-4f096bac193b,"size == ""1""","isEmpty == ""True""","peek_obj_type == ""class java.lang.String""","push == ""True""","pop == ""False""","clear == ""False""","calledMethod == ""push""","size_p == ""0""",Yes
8149,1607899197344:11ba4ba4-89ab-4850-b494-5c4e5531bd8c,1607899197344:7dfea6da-352e-4d09-9f12-4f096bac193b,"size == ""1""","isEmpty == ""True""","peek_obj_type == ""class java.lang.String""","push == ""False""","pop == ""True""","clear == ""False""","calledMethod == ""pop""","size_p == ""1""",Yes
8151,1607899197344:11ba4ba4-89ab-4850-b494-5c4e5531bd8c,1607899197344:12d97ed5-fd44-4230-bf6b-d73198f97adb,"size == ""1""","isEmpty == ""True""","peek_obj_type == ""class java.lang.String""","push == ""True""","pop == ""False""","clear == ""False""","calledMethod == ""push""","size_p == ""0""",Yes
8152,1607899197344:11ba4ba4-89ab-4850-b494-5c4e5531bd8c,1607899197344:12d97ed5-fd44-4230-bf6b-d73198f97adb,"size == ""2""","isEmpty == ""True""","peek_obj_type == ""class java.lang.String""","push == ""True""","pop == ""False""","clear == ""False""","calledMethod == ""push""","size_p == ""1""",Yes
8154,1607899197344:02468104-9e98-449e-a8a3-d1be80873587,1607899197344:d8bf5767-c40e-47cb-84c6-56e7bdee81fb,"size == ""1""","isEmpty == ""True""","peek_obj_type == ""class java.lang.String""","push == ""True""","pop == ""False""","clear == ""False""","calledMethod == ""push""","size_p == ""0""",Yes
8155,1607899197344:02468104-9e98-449e-a8a3-d1be80873587,1607899197344:d8bf5767-c40e-47cb-84c6-56e7bdee81fb,"size == ""1""","isEmpty == ""True""","peek_obj_type == ""class java.lang.String""","push == ""False""","pop == ""True""","clear == ""False""","calledMethod == ""pop""","size_p == ""1""",Yes
8158,1607899197344:02468104-9e98-449e-a8a3-d1be80873587,1607899197344:563bbb1d-5f11-42cc-812b-1d112b304145,"size == ""1""","isEmpty == ""True""","peek_obj_type == ""class java.lang.String""","push == ""True""","pop == ""False""","clear == ""False""","calledMethod == ""push""","size_p == ""0""",Yes
8159,1607899197344:02468104-9e98-449e-a8a3-d1be80873587,1607899197344:563bbb1d-5f11-42cc-812b-1d112b304145,"size == ""1""","isEmpty == ""True""","peek_obj_type == ""class java.lang.String""","push == ""False""","pop == ""False""","clear == ""True""","calledMethod == ""clear""","size_p == ""1""",Yes
8160,1607899197344:02468104-9e98-449e-a8a3-d1be80873587,1607899197344:563bbb1d-5f11-42cc-812b-1d112b304145,"size == ""1""","isEmpty == ""True""","peek_obj_type == ""class java.lang.String""","push == ""False""","pop == ""False""","clear == ""True""","calledMethod == ""clear""","size_p == ""1""",Yes
8161,1607899197344:02468104-9e98-449e-a8a3-d1be80873587,1607899197344:563bbb1d-5f11-42cc-812b-1d112b304145,"size == ""1""","isEmpty == ""True""","peek_obj_type == ""class java.lang.String""","push == ""False""","pop == ""False""","clear == ""True""","calledMethod == ""clear""","size_p == ""1""",Yes
8163,1607899197343:a53c5d1b-806e-4a3f-a4ff-8cf07deecbfc,1607899197343:6559fa34-0e94-48be-b2d0-11dca4790a57,"size == ""1""","isEmpty == ""True""","peek_obj_type == ""class java.lang.String""","push == ""True""","pop == ""False""","clear == ""False""","calledMethod == ""push""","size_p == ""0""",Yes
8164,1607899197343:a53c5d1b-806e-4a3f-a4ff-8cf07deecbfc,1607899197343:6559fa34-0e94-48be-b2d0-11dca4790a57,"size == ""1""","isEmpty == ""True""","peek_obj_type == ""class java.lang.String""","push == ""False""","pop == ""True""","clear == ""False""","calledMethod == ""pop""","size_p == ""1""",Yes
8167,1607899197343:7591be98-f4e8-437b-b8ae-2eb8216eba9b,1607899197343:8c37a6d3-e77d-402a-9328-db699cf198af,"size == ""1""","isEmpty == ""True""","peek_obj_type == ""class java.lang.String""","push == ""True""","pop == ""False""","clear == ""False""","calledMethod == ""push""","size_p == ""0""",Yes
8168,1607899197343:7591be98-f4e8-437b-b8ae-2eb8216eba9b,1607899197343:8c37a6d3-e77d-402a-9328-db699cf198af,"size == ""1""","isEmpty == ""True""","peek_obj_type == ""class java.lang.String""","push == ""False""","pop == ""True""","clear == ""False""","calledMethod == ""pop""","size_p == ""1""",Yes
8171,1607899197343:488f115a-c6fd-4c37-9af8-74ad9849b46b,1607899197343:1a7328a6-dcd2-4a33-bff2-99281c01c48e,"size == ""1""","isEmpty == ""True""","peek_obj_type == ""class java.lang.String""","push == ""True""","pop == ""False""","clear == ""False""","calledMethod == ""push""","size_p == ""0""",Yes
8172,1607899197343:488f115a-c6fd-4c37-9af8-74ad9849b46b,1607899197343:1a7328a6-dcd2-4a33-bff2-99281c01c48e,"size == ""1""","isEmpty == ""True""","peek_obj_type == ""class java.lang.String""","push == ""False""","pop == ""True""","clear == ""False""","calledMethod == ""pop""","size_p == ""1""",Yes
8174,1607899197343:488f115a-c6fd-4c37-9af8-74ad9849b46b,1607899197343:094a9e00-b05b-4670-b71d-58b414ba3e5d,"size == ""1""","isEmpty == ""True""","peek_obj_type == ""class java.lang.String""","push == ""True""","pop == ""False""","clear == ""False""","calledMethod == ""push""","size_p == ""0""",Yes
8176,1607899197343:27230de9-3700-41e5-acd4-023de3dddcca,1607899197343:fca62a75-dca0-4499-85dd-7df7115123ce,"size == ""1""","isEmpty == ""True""","peek_obj_type == ""class java.lang.String""","push == ""True""","pop == ""False""","clear == ""False""","calledMethod == ""push""","size_p == ""0""",Yes
8179,1607899197343:27230de9-3700-41e5-acd4-023de3dddcca,1607899197343:2b4e72b7-ee61-4cae-bd67-3a4c9fc764a3,"size == ""1""","isEmpty == ""True""","peek_obj_type == ""class java.lang.String""","push == ""True""","pop == ""False""","clear == ""False""","calledMethod == ""push""","size_p == ""0""",Yes
8180,1607899197343:27230de9-3700-41e5-acd4-023de3dddcca,1607899197343:2b4e72b7-ee61-4cae-bd67-3a4c9fc764a3,"size == ""1""","isEmpty == ""True""","peek_obj_type == ""class java.lang.String""","push == ""False""","pop == ""True""","clear == ""False""","calledMethod == ""pop""","size_p == ""1""",Yes
8182,1607899197343:1561d519-5fda-4caf-b5c0-60385fddc948,1607899197343:1260b0af-ae0f-41cb-a4de-cfc9f85c8209,"size == ""1""","isEmpty == ""True""","peek_obj_type == ""class java.lang.String""","push == ""True""","pop == ""False""","clear == ""False""","calledMethod == ""push""","size_p == ""0""",Yes
8183,1607899197343:1561d519-5fda-4caf-b5c0-60385fddc948,1607899197343:1260b0af-ae0f-41cb-a4de-cfc9f85c8209,"size == ""1""","isEmpty == ""True""","peek_obj_type == ""class java.lang.String""","push == ""False""","pop == ""True""","clear == ""False""","calledMethod == ""pop""","size_p == ""1""",Yes
8185,1607899197342:f96a8f57-5a3d-4bf4-a00e-edc97e19309f,1607899197342:aa27088e-b26a-4faf-8263-52e0c0747c70,"size == ""1""","isEmpty == ""True""","peek_obj_type == ""class java.lang.String""","push == ""True""","pop == ""False""","clear == ""False""","calledMethod == ""push""","size_p == ""0""",Yes
8186,1607899197342:f96a8f57-5a3d-4bf4-a00e-edc97e19309f,1607899197342:aa27088e-b26a-4faf-8263-52e0c0747c70,"size == ""1""","isEmpty == ""True""","peek_obj_type == ""class java.lang.String""","push == ""False""","pop == ""True""","clear == ""False""","calledMethod == ""pop""","size_p == ""1""",Yes
8188,1607899197342:e3b0c6eb-4f37-4354-83d3-6c6c899362a4,1607899197342:bc347857-3c23-43ee-b5ae-d1ab9c1548a6,"size == ""1""","isEmpty == ""True""","peek_obj_type == ""class java.lang.String""","push == ""True""","pop == ""False""","clear == ""False""","calledMethod == ""push""","size_p == ""0""",Yes
8189,1607899197342:e3b0c6eb-4f37-4354-83d3-6c6c899362a4,1607899197342:bc347857-3c23-43ee-b5ae-d1ab9c1548a6,"size == ""1""","isEmpty == ""True""","peek_obj_type == ""class java.lang.String""","push == ""False""","pop == ""True""","clear == ""False""","calledMethod == ""pop""","size_p == ""1""",Yes
8191,1607899197342:46bca804-7b26-4c59-be9a-f3248443838b,1607899197342:b949776e-6c12-4922-ab5e-54d771dd6be9,"size == ""1""","isEmpty == ""True""","peek_obj_type == ""class java.lang.String""","push == ""True""","pop == ""False""","clear == ""False""","calledMethod == ""push""","size_p == ""0""",Yes
8192,1607899197342:46bca804-7b26-4c59-be9a-f3248443838b,1607899197342:b949776e-6c12-4922-ab5e-54d771dd6be9,"size == ""1""","isEmpty == ""True""","peek_obj_type == ""class java.lang.String""","push == ""False""","pop == ""True""","clear == ""False""","calledMethod == ""pop""","size_p == ""1""",Yes
8194,1607899197342:176b0e61-88d1-4645-a2ff-08eccaeef90d,1607899197342:d18a26db-7738-4b8f-af03-c15f141fa1c3,"size == ""1""","isEmpty == ""True""","peek_obj_type == ""class java.lang.String""","push == ""True""","pop == ""False""","clear == ""False""","calledMethod == ""push""","size_p == ""0""",Yes
8195,1607899197342:176b0e61-88d1-4645-a2ff-08eccaeef90d,1607899197342:d18a26db-7738-4b8f-af03-c15f141fa1c3,"size == ""1""","isEmpty == ""True""","peek_obj_type == ""class java.lang.String""","push == ""False""","pop == ""True""","clear == ""False""","calledMethod == ""pop""","size_p == ""1""",Yes
8197,1607899197342:176b0e61-88d1-4645-a2ff-08eccaeef90d,1607899197342:840f574d-6acb-412d-b3c1-86d7013d8b75,"size == ""1""","isEmpty == ""True""","peek_obj_type == ""class java.lang.String""","push == ""True""","pop == ""False""","clear == ""False""","calledMethod == ""push""","size_p == ""0""",Yes
8198,1607899197342:176b0e61-88d1-4645-a2ff-08eccaeef90d,1607899197342:840f574d-6acb-412d-b3c1-86d7013d8b75,"size == ""2""","isEmpty == ""True""","peek_obj_type == ""class java.lang.String""","push == ""True""","pop == ""False""","clear == ""False""","calledMethod == ""push""","size_p == ""1""",Yes
8200,1607899197342:170d2724-4fc7-4106-98d2-793e05d18e60,1607899197342:22f6360d-dafd-466f-8f3b-79f2bc1cdf64,"size == ""1""","isEmpty == ""True""","peek_obj_type == ""class java.lang.String""","push == ""True""","pop == ""False""","clear == ""False""","calledMethod == ""push""","size_p == ""0""",Yes
8201,1607899197342:170d2724-4fc7-4106-98d2-793e05d18e60,1607899197342:22f6360d-dafd-466f-8f3b-79f2bc1cdf64,"size == ""1""","isEmpty == ""True""","peek_obj_type == ""class java.lang.String""","push == ""False""","pop == ""True""","clear == ""False""","calledMethod == ""pop""","size_p == ""1""",Yes
8203,1607899197342:007a275d-0b0a-4fb2-926c-4775173e6b79,1607899197342:5d0601ca-9b33-4e73-8793-f1ba292495f1,"size == ""1""","isEmpty == ""True""","peek_obj_type == ""class java.lang.String""","push == ""True""","pop == ""False""","clear == ""False""","calledMethod == ""push""","size_p == ""0""",Yes
8204,1607899197342:007a275d-0b0a-4fb2-926c-4775173e6b79,1607899197342:5d0601ca-9b33-4e73-8793-f1ba292495f1,"size == ""1""","isEmpty == ""True""","peek_obj_type == ""class java.lang.String""","push == ""False""","pop == ""True""","clear == ""False""","calledMethod == ""pop""","size_p == ""1""",Yes
8206,1607899197341:fa53ae73-0b4c-45ec-9e3a-8118b4b4065b,1607899197341:cecce71d-297d-4463-8933-691dfa1397ec,"size == ""1""","isEmpty == ""True""","peek_obj_type == ""class java.lang.String""","push == ""True""","pop == ""False""","clear == ""False""","calledMethod == ""push""","size_p == ""0""",Yes
8209,1607899197341:fa53ae73-0b4c-45ec-9e3a-8118b4b4065b,1607899197341:04b05944-abe6-4503-ad33-b28a0e8cdb2b,"size == ""1""","isEmpty == ""True""","peek_obj_type == ""class java.lang.String""","push == ""True""","pop == ""False""","clear == ""False""","calledMethod == ""push""","size_p == ""0""",Yes
8210,1607899197341:fa53ae73-0b4c-45ec-9e3a-8118b4b4065b,1607899197341:04b05944-abe6-4503-ad33-b28a0e8cdb2b,"size == ""1""","isEmpty == ""True""","peek_obj_type == ""class java.lang.String""","push == ""False""","pop == ""True""","clear == ""False""","calledMethod == ""pop""","size_p == ""1""",Yes
8212,1607899197341:bc47ed14-3e7c-40f2-a7e2-3287cd212e7d,1607899197341:4e4b619d-baff-4169-967d-5ee46097f6a8,"size == ""1""","isEmpty == ""True""","peek_obj_type == ""class java.lang.String""","push == ""True""","pop == ""False""","clear == ""False""","calledMethod == ""push""","size_p == ""0""",Yes
8213,1607899197341:bc47ed14-3e7c-40f2-a7e2-3287cd212e7d,1607899197341:4e4b619d-baff-4169-967d-5ee46097f6a8,"size == ""1""","isEmpty == ""True""","peek_obj_type == ""class java.lang.String""","push == ""False""","pop == ""True""","clear == ""False""","calledMethod == ""pop""","size_p == ""1""",Yes
8215,1607899197341:aaa2e979-0ade-4cf4-821e-12e234f9d501,1607899197341:3b80cf3c-13fa-4530-b528-18ff1cfda49c,"size == ""1""","isEmpty == ""True""","peek_obj_type == ""class java.lang.String""","push == ""True""","pop == ""False""","clear == ""False""","calledMethod == ""push""","size_p == ""0""",Yes
8216,1607899197341:aaa2e979-0ade-4cf4-821e-12e234f9d501,1607899197341:3b80cf3c-13fa-4530-b528-18ff1cfda49c,"size == ""1""","isEmpty == ""True""","peek_obj_type == ""class java.lang.String""","push == ""False""","pop == ""True""","clear == ""False""","calledMethod == ""pop""","size_p == ""1""",Yes
8218,1607899197341:2fd09b14-8450-4281-b8a8-b6aa378fa4d9,1607899197341:c8cd994c-527b-4e0d-8dad-4bf3e3685224,"size == ""1""","isEmpty == ""True""","peek_obj_type == ""class java.lang.String""","push == ""True""","pop == ""False""","clear == ""False""","calledMethod == ""push""","size_p == ""0""",Yes
8219,1607899197341:2fd09b14-8450-4281-b8a8-b6aa378fa4d9,1607899197341:c8cd994c-527b-4e0d-8dad-4bf3e3685224,"size == ""1""","isEmpty == ""True""","peek_obj_type == ""class java.lang.String""","push == ""False""","pop == ""True""","clear == ""False""","calledMethod == ""pop""","size_p == ""1""",Yes
8222,1607899197341:2fd09b14-8450-4281-b8a8-b6aa378fa4d9,1607899197341:67b30e56-f314-4348-bbb9-848ee0d0d9cd,"size == ""1""","isEmpty == ""True""","peek_obj_type == ""class java.lang.String""","push == ""True""","pop == ""False""","clear == ""False""","calledMethod == ""push""","size_p == ""0""",Yes
8223,1607899197341:2fd09b14-8450-4281-b8a8-b6aa378fa4d9,1607899197341:67b30e56-f314-4348-bbb9-848ee0d0d9cd,"size == ""1""","isEmpty == ""True""","peek_obj_type == ""class java.lang.String""","push == ""False""","pop == ""False""","clear == ""True""","calledMethod == ""clear""","size_p == ""1""",Yes
8224,1607899197341:2fd09b14-8450-4281-b8a8-b6aa378fa4d9,1607899197341:67b30e56-f314-4348-bbb9-848ee0d0d9cd,"size == ""1""","isEmpty == ""True""","peek_obj_type == ""class java.lang.String""","push == ""False""","pop == ""False""","clear == ""True""","calledMethod == ""clear""","size_p == ""1""",Yes
8225,1607899197341:2fd09b14-8450-4281-b8a8-b6aa378fa4d9,1607899197341:67b30e56-f314-4348-bbb9-848ee0d0d9cd,"size == ""1""","isEmpty == ""True""","peek_obj_type == ""class java.lang.String""","push == ""False""","pop == ""False""","clear == ""True""","calledMethod == ""clear""","size_p == ""1""",Yes
8227,1607899197341:2096acbd-7086-4f03-ab43-834013401d1c,1607899197341:d5d25357-59db-4c49-bf70-08547aa1fc50,"size == ""1""","isEmpty == ""True""","peek_obj_type == ""class java.lang.String""","push == ""True""","pop == ""False""","clear == ""False""","calledMethod == ""push""","size_p == ""0""",Yes
8228,1607899197341:2096acbd-7086-4f03-ab43-834013401d1c,1607899197341:d5d25357-59db-4c49-bf70-08547aa1fc50,"size == ""1""","isEmpty == ""True""","peek_obj_type == ""class java.lang.String""","push == ""False""","pop == ""True""","clear == ""False""","calledMethod == ""pop""","size_p == ""1""",Yes
8231,1607899197340:e8503cd7-48d3-41b6-a6fa-c8d7905bb5e8,1607899197340:f0d98656-4c18-4a8c-8004-129a970c7398,"size == ""1""","isEmpty == ""True""","peek_obj_type == ""class java.lang.String""","push == ""True""","pop == ""False""","clear == ""False""","calledMethod == ""push""","size_p == ""0""",Yes
8232,1607899197340:e8503cd7-48d3-41b6-a6fa-c8d7905bb5e8,1607899197340:f0d98656-4c18-4a8c-8004-129a970c7398,"size == ""1""","isEmpty == ""True""","peek_obj_type == ""class java.lang.String""","push == ""False""","pop == ""False""","clear == ""True""","calledMethod == ""clear""","size_p == ""1""",Yes
8233,1607899197340:e8503cd7-48d3-41b6-a6fa-c8d7905bb5e8,1607899197340:f0d98656-4c18-4a8c-8004-129a970c7398,"size == ""1""","isEmpty == ""True""","peek_obj_type == ""class java.lang.String""","push == ""False""","pop == ""False""","clear == ""True""","calledMethod == ""clear""","size_p == ""1""",Yes
8234,1607899197340:e8503cd7-48d3-41b6-a6fa-c8d7905bb5e8,1607899197340:f0d98656-4c18-4a8c-8004-129a970c7398,"size == ""1""","isEmpty == ""True""","peek_obj_type == ""class java.lang.String""","push == ""False""","pop == ""False""","clear == ""True""","calledMethod == ""clear""","size_p == ""1""",Yes
8236,1607899197340:e8503cd7-48d3-41b6-a6fa-c8d7905bb5e8,1607899197340:1a5eb9a1-a940-4249-969d-7d12f7d24831,"size == ""1""","isEmpty == ""True""","peek_obj_type == ""class java.lang.String""","push == ""True""","pop == ""False""","clear == ""False""","calledMethod == ""push""","size_p == ""0""",Yes
8237,1607899197340:e8503cd7-48d3-41b6-a6fa-c8d7905bb5e8,1607899197340:1a5eb9a1-a940-4249-969d-7d12f7d24831,"size == ""1""","isEmpty == ""True""","peek_obj_type == ""class java.lang.String""","push == ""False""","pop == ""True""","clear == ""False""","calledMethod == ""pop""","size_p == ""1""",Yes
8239,1607899197340:c34941be-0df9-41f9-a3e4-2298444bd806,1607899197340:0b776f05-7baa-455b-8001-3c808b77836b,"size == ""1""","isEmpty == ""True""","peek_obj_type == ""class java.lang.String""","push == ""True""","pop == ""False""","clear == ""False""","calledMethod == ""push""","size_p == ""0""",Yes
8240,1607899197340:c34941be-0df9-41f9-a3e4-2298444bd806,1607899197340:0b776f05-7baa-455b-8001-3c808b77836b,"size == ""1""","isEmpty == ""True""","peek_obj_type == ""class java.lang.String""","push == ""False""","pop == ""True""","clear == ""False""","calledMethod == ""pop""","size_p == ""1""",Yes
8242,1607899197340:7f6d5547-c70c-407d-b2c6-d0455b9d05b1,1607899197340:b4e7675c-9e15-460d-8c73-91b784d21613,"size == ""1""","isEmpty == ""True""","peek_obj_type == ""class java.lang.String""","push == ""True""","pop == ""False""","clear == ""False""","calledMethod == ""push""","size_p == ""0""",Yes
8243,1607899197340:7f6d5547-c70c-407d-b2c6-d0455b9d05b1,1607899197340:b4e7675c-9e15-460d-8c73-91b784d21613,"size == ""1""","isEmpty == ""True""","peek_obj_type == ""class java.lang.String""","push == ""False""","pop == ""True""","clear == ""False""","calledMethod == ""pop""","size_p == ""1""",Yes
8245,1607899197340:7f6d5547-c70c-407d-b2c6-d0455b9d05b1,1607899197340:a252ab67-5854-4d23-822d-8e8acd13a658,"size == ""1""","isEmpty == ""True""","peek_obj_type == ""class java.lang.String""","push == ""True""","pop == ""False""","clear == ""False""","calledMethod == ""push""","size_p == ""0""",Yes
8248,1607899197340:5f444044-d12c-41bc-b07a-ce724de992c0,1607899197340:702b3f7f-f656-41cf-beef-27d36c8ba634,"size == ""1""","isEmpty == ""True""","peek_obj_type == ""class java.lang.String""","push == ""True""","pop == ""False""","clear == ""False""","calledMethod == ""push""","size_p == ""0""",Yes
8249,1607899197340:5f444044-d12c-41bc-b07a-ce724de992c0,1607899197340:702b3f7f-f656-41cf-beef-27d36c8ba634,"size == ""1""","isEmpty == ""True""","peek_obj_type == ""class java.lang.String""","push == ""False""","pop == ""True""","clear == ""False""","calledMethod == ""pop""","size_p == ""1""",Yes
8251,1607899197339:ce13b82e-1067-402e-9ed1-64067cd0db57,1607899197340:66348031-3aee-46d8-88c9-75cd57e6840e,"size == ""1""","isEmpty == ""True""","peek_obj_type == ""class java.lang.String""","push == ""True""","pop == ""False""","clear == ""False""","calledMethod == ""push""","size_p == ""0""",Yes
8252,1607899197339:ce13b82e-1067-402e-9ed1-64067cd0db57,1607899197340:66348031-3aee-46d8-88c9-75cd57e6840e,"size == ""1""","isEmpty == ""True""","peek_obj_type == ""class java.lang.String""","push == ""False""","pop == ""True""","clear == ""False""","calledMethod == ""pop""","size_p == ""1""",Yes
8254,1607899197339:ce13b82e-1067-402e-9ed1-64067cd0db57,1607899197339:577e2772-b9d1-4df8-8915-60f0e74183c0,"size == ""1""","isEmpty == ""True""","peek_obj_type == ""class java.lang.String""","push == ""True""","pop == ""False""","clear == ""False""","calledMethod == ""push""","size_p == ""0""",Yes
8256,1607899197339:cd017bc3-47c6-4092-a725-e0c0d0c582c3,1607899197339:8ddefdba-8aa7-4443-be32-466c0e967de0,"size == ""1""","isEmpty == ""True""","peek_obj_type == ""class java.lang.String""","push == ""True""","pop == ""False""","clear == ""False""","calledMethod == ""push""","size_p == ""0""",Yes
8257,1607899197339:cd017bc3-47c6-4092-a725-e0c0d0c582c3,1607899197339:8ddefdba-8aa7-4443-be32-466c0e967de0,"size == ""1""","isEmpty == ""True""","peek_obj_type == ""class java.lang.String""","push == ""False""","pop == ""True""","clear == ""False""","calledMethod == ""pop""","size_p == ""1""",Yes
8260,1607899197339:cd017bc3-47c6-4092-a725-e0c0d0c582c3,1607899197339:2bdfdb6c-5ac5-48d6-ab0f-4f5111da0e3c,"size == ""1""","isEmpty == ""True""","peek_obj_type == ""class java.lang.String""","push == ""True""","pop == ""False""","clear == ""False""","calledMethod == ""push""","size_p == ""0""",Yes
8262,1607899197339:c6c1e106-8f4b-4301-bc57-8974eb2c65ff,1607899197339:495ae1e0-676b-41c4-a4a6-d8ea2cd68962,"size == ""1""","isEmpty == ""True""","peek_obj_type == ""class java.lang.String""","push == ""True""","pop == ""False""","clear == ""False""","calledMethod == ""push""","size_p == ""0""",Yes
8263,1607899197339:c6c1e106-8f4b-4301-bc57-8974eb2c65ff,1607899197339:495ae1e0-676b-41c4-a4a6-d8ea2cd68962,"size == ""1""","isEmpty == ""True""","peek_obj_type == ""class java.lang.String""","push == ""False""","pop == ""True""","clear == ""False""","calledMethod == ""pop""","size_p == ""1""",Yes
8265,1607899197339:a2fb9753-9d57-4b26-b93e-0c67fa144b0d,1607899197339:c13dc06d-9e64-464f-9682-d26b58728ebb,"size == ""1""","isEmpty == ""True""","peek_obj_type == ""class java.lang.String""","push == ""True""","pop == ""False""","clear == ""False""","calledMethod == ""push""","size_p == ""0""",Yes
8266,1607899197339:a2fb9753-9d57-4b26-b93e-0c67fa144b0d,1607899197339:c13dc06d-9e64-464f-9682-d26b58728ebb,"size == ""1""","isEmpty == ""True""","peek_obj_type == ""class java.lang.String""","push == ""False""","pop == ""True""","clear == ""False""","calledMethod == ""pop""","size_p == ""1""",Yes
8268,1607899197338:f0407e93-877e-47f1-ae96-e5e6545488a8,1607899197338:511ba2da-b4d8-47ca-a3f8-033847472878,"size == ""1""","isEmpty == ""True""","peek_obj_type == ""class java.lang.String""","push == ""True""","pop == ""False""","clear == ""False""","calledMethod == ""push""","size_p == ""0""",Yes
8269,1607899197338:f0407e93-877e-47f1-ae96-e5e6545488a8,1607899197338:511ba2da-b4d8-47ca-a3f8-033847472878,"size == ""1""","isEmpty == ""True""","peek_obj_type == ""class java.lang.String""","push == ""False""","pop == ""True""","clear == ""False""","calledMethod == ""pop""","size_p == ""1""",Yes
8272,1607899197338:60dcea0c-008d-4090-b9b7-10b0562fbb5d,1607899197338:bcc8b3a2-34f2-44de-96f3-8a0f1e56e558,"size == ""1""","isEmpty == ""True""","peek_obj_type == ""class java.lang.String""","push == ""True""","pop == ""False""","clear == ""False""","calledMethod == ""push""","size_p == ""0""",Yes
8273,1607899197338:60dcea0c-008d-4090-b9b7-10b0562fbb5d,1607899197338:bcc8b3a2-34f2-44de-96f3-8a0f1e56e558,"size == ""1""","isEmpty == ""True""","peek_obj_type == ""class java.lang.String""","push == ""False""","pop == ""False""","clear == ""True""","calledMethod == ""clear""","size_p == ""1""",Yes
8274,1607899197338:60dcea0c-008d-4090-b9b7-10b0562fbb5d,1607899197338:bcc8b3a2-34f2-44de-96f3-8a0f1e56e558,"size == ""1""","isEmpty == ""True""","peek_obj_type == ""class java.lang.String""","push == ""False""","pop == ""False""","clear == ""True""","calledMethod == ""clear""","size_p == ""1""",Yes
8275,1607899197338:60dcea0c-008d-4090-b9b7-10b0562fbb5d,1607899197338:bcc8b3a2-34f2-44de-96f3-8a0f1e56e558,"size == ""1""","isEmpty == ""True""","peek_obj_type == ""class java.lang.String""","push == ""False""","pop == ""False""","clear == ""True""","calledMethod == ""clear""","size_p == ""1""",Yes
8277,1607899197338:60dcea0c-008d-4090-b9b7-10b0562fbb5d,1607899197338:1d3518f4-6412-40ab-bd0a-73ce225b0a7f,"size == ""1""","isEmpty == ""True""","peek_obj_type == ""class java.lang.String""","push == ""True""","pop == ""False""","clear == ""False""","calledMethod == ""push""","size_p == ""0""",Yes
8278,1607899197338:60dcea0c-008d-4090-b9b7-10b0562fbb5d,1607899197338:1d3518f4-6412-40ab-bd0a-73ce225b0a7f,"size == ""1""","isEmpty == ""True""","peek_obj_type == ""class java.lang.String""","push == ""False""","pop == ""True""","clear == ""False""","calledMethod == ""pop""","size_p == ""1""",Yes
8280,1607899197337:b0095cb4-0649-4752-b6f0-e1e5524e0ce9,1607899197337:50a514b1-3182-496c-8d2c-15acd66c4107,"size == ""1""","isEmpty == ""True""","peek_obj_type == ""class java.lang.String""","push == ""True""","pop == ""False""","clear == ""False""","calledMethod == ""push""","size_p == ""0""",Yes
8281,1607899197337:b0095cb4-0649-4752-b6f0-e1e5524e0ce9,1607899197337:50a514b1-3182-496c-8d2c-15acd66c4107,"size == ""1""","isEmpty == ""True""","peek_obj_type == ""class java.lang.String""","push == ""False""","pop == ""True""","clear == ""False""","calledMethod == ""pop""","size_p == ""1""",Yes
8284,1607899197337:8204edc4-c943-43ee-aca3-a1697255486f,1607899197337:6b9564f5-76da-4e85-8923-c9b76722634c,"size == ""1""","isEmpty == ""True""","peek_obj_type == ""class java.lang.String""","push == ""True""","pop == ""False""","clear == ""False""","calledMethod == ""push""","size_p == ""0""",Yes
8286,1607899197337:8204edc4-c943-43ee-aca3-a1697255486f,1607899197337:66a931b7-c7d8-424d-af0e-d72e8578dc16,"size == ""1""","isEmpty == ""True""","peek_obj_type == ""class java.lang.String""","push == ""True""","pop == ""False""","clear == ""False""","calledMethod == ""push""","size_p == ""0""",Yes
8287,1607899197337:8204edc4-c943-43ee-aca3-a1697255486f,1607899197337:66a931b7-c7d8-424d-af0e-d72e8578dc16,"size == ""1""","isEmpty == ""True""","peek_obj_type == ""class java.lang.String""","push == ""False""","pop == ""True""","clear == ""False""","calledMethod == ""pop""","size_p == ""1""",Yes
8289,1607899197337:536bdf47-ef2e-478f-a8e6-80f9dc1467db,1607899197337:f25eab3f-ac85-485d-9ef5-35f8467b9622,"size == ""1""","isEmpty == ""True""","peek_obj_type == ""class java.lang.String""","push == ""True""","pop == ""False""","clear == ""False""","calledMethod == ""push""","size_p == ""0""",Yes
8290,1607899197337:536bdf47-ef2e-478f-a8e6-80f9dc1467db,1607899197337:f25eab3f-ac85-485d-9ef5-35f8467b9622,"size == ""1""","isEmpty == ""True""","peek_obj_type == ""class java.lang.String""","push == ""False""","pop == ""True""","clear == ""False""","calledMethod == ""pop""","size_p == ""1""",Yes
8292,1607899197337:536bdf47-ef2e-478f-a8e6-80f9dc1467db,1607899197337:681930aa-e205-4049-ae04-2ec5243d2fcc,"size == ""1""","isEmpty == ""True""","peek_obj_type == ""class java.lang.String""","push == ""True""","pop == ""False""","clear == ""False""","calledMethod == ""push""","size_p == ""0""",Yes
8294,1607899197337:26fcca61-0f1a-42b9-a2e6-14ebb743ab2f,1607899197338:f6529f34-ac42-4d30-a8d1-4f332524c608,"size == ""1""","isEmpty == ""True""","peek_obj_type == ""class java.lang.String""","push == ""True""","pop == ""False""","clear == ""False""","calledMethod == ""push""","size_p == ""0""",Yes
8295,1607899197337:26fcca61-0f1a-42b9-a2e6-14ebb743ab2f,1607899197338:f6529f34-ac42-4d30-a8d1-4f332524c608,"size == ""1""","isEmpty == ""True""","peek_obj_type == ""class java.lang.String""","push == ""False""","pop == ""True""","clear == ""False""","calledMethod == ""pop""","size_p == ""1""",Yes
8297,1607899197337:26fcca61-0f1a-42b9-a2e6-14ebb743ab2f,1607899197337:6a571960-b019-4908-bbc1-64247c30a8b0,"size == ""1""","isEmpty == ""True""","peek_obj_type == ""class java.lang.String""","push == ""True""","pop == ""False""","clear == ""False""","calledMethod == ""push""","size_p == ""0""",Yes
8298,1607899197337:26fcca61-0f1a-42b9-a2e6-14ebb743ab2f,1607899197337:6a571960-b019-4908-bbc1-64247c30a8b0,"size == ""2""","isEmpty == ""True""","peek_obj_type == ""class java.lang.String""","push == ""True""","pop == ""False""","clear == ""False""","calledMethod == ""push""","size_p == ""1""",Yes
8300,1607899197336:fd114b9f-dae5-4d21-aff1-b6ff497507e6,1607899197336:02252311-f9ec-4a0b-ba16-4a96aa7e4a0e,"size == ""1""","isEmpty == ""True""","peek_obj_type == ""class java.lang.String""","push == ""True""","pop == ""False""","clear == ""False""","calledMethod == ""push""","size_p == ""0""",Yes
8301,1607899197336:fd114b9f-dae5-4d21-aff1-b6ff497507e6,1607899197336:02252311-f9ec-4a0b-ba16-4a96aa7e4a0e,"size == ""1""","isEmpty == ""True""","peek_obj_type == ""class java.lang.String""","push == ""False""","pop == ""True""","clear == ""False""","calledMethod == ""pop""","size_p == ""1""",Yes
8303,1607899197336:d62f324b-d32c-467d-8132-a6128cb64eac,1607899197336:e3e4a42e-193e-42da-9646-7213600bce33,"size == ""1""","isEmpty == ""True""","peek_obj_type == ""class java.lang.String""","push == ""True""","pop == ""False""","clear == ""False""","calledMethod == ""push""","size_p == ""0""",Yes
8304,1607899197336:d62f324b-d32c-467d-8132-a6128cb64eac,1607899197336:e3e4a42e-193e-42da-9646-7213600bce33,"size == ""1""","isEmpty == ""True""","peek_obj_type == ""class java.lang.String""","push == ""False""","pop == ""True""","clear == ""False""","calledMethod == ""pop""","size_p == ""1""",Yes
8306,1607899197336:d62f324b-d32c-467d-8132-a6128cb64eac,1607899197336:7ca932be-2edc-4830-81a4-c92a88c793c3,"size == ""1""","isEmpty == ""True""","peek_obj_type == ""class java.lang.String""","push == ""True""","pop == ""False""","clear == ""False""","calledMethod == ""push""","size_p == ""0""",Yes
8307,1607899197336:d62f324b-d32c-467d-8132-a6128cb64eac,1607899197336:7ca932be-2edc-4830-81a4-c92a88c793c3,"size == ""2""","isEmpty == ""True""","peek_obj_type == ""class java.lang.String""","push == ""True""","pop == ""False""","clear == ""False""","calledMethod == ""push""","size_p == ""1""",Yes
8308,1607899197336:d62f324b-d32c-467d-8132-a6128cb64eac,1607899197336:7ca932be-2edc-4830-81a4-c92a88c793c3,"size == ""2""","isEmpty == ""True""","peek_obj_type == ""class java.lang.String""","push == ""False""","pop == ""False""","clear == ""True""","calledMethod == ""clear""","size_p == ""2""",Yes
8310,1607899197336:ced8bb5c-76b6-4ca2-8d6e-17ead4565632,1607899197336:edfbba64-9ae6-4243-af88-0d7c80d25908,"size == ""1""","isEmpty == ""True""","peek_obj_type == ""class java.lang.String""","push == ""True""","pop == ""False""","clear == ""False""","calledMethod == ""push""","size_p == ""0""",Yes
8311,1607899197336:ced8bb5c-76b6-4ca2-8d6e-17ead4565632,1607899197336:edfbba64-9ae6-4243-af88-0d7c80d25908,"size == ""1""","isEmpty == ""True""","peek_obj_type == ""class java.lang.String""","push == ""False""","pop == ""True""","clear == ""False""","calledMethod == ""pop""","size_p == ""1""",Yes
8313,1607899197335:e9e63d0c-8181-475e-98a2-5d9afe8e99e8,1607899197335:df60db2b-9515-4089-906f-cb2f6692466d,"size == ""1""","isEmpty == ""True""","peek_obj_type == ""class java.lang.String""","push == ""True""","pop == ""False""","clear == ""False""","calledMethod == ""push""","size_p == ""0""",Yes
8314,1607899197335:e9e63d0c-8181-475e-98a2-5d9afe8e99e8,1607899197335:df60db2b-9515-4089-906f-cb2f6692466d,"size == ""1""","isEmpty == ""True""","peek_obj_type == ""class java.lang.String""","push == ""False""","pop == ""True""","clear == ""False""","calledMethod == ""pop""","size_p == ""1""",Yes
8316,1607899197335:e9e63d0c-8181-475e-98a2-5d9afe8e99e8,1607899197335:3a66ac09-ee8b-497c-ad17-7d348fc95bfd,"size == ""1""","isEmpty == ""True""","peek_obj_type == ""class java.lang.String""","push == ""True""","pop == ""False""","clear == ""False""","calledMethod == ""push""","size_p == ""0""",Yes
8319,1607899197335:e1408ad4-d7bb-4dd5-9472-2b01866e9ff3,1607899197335:8d604835-480c-4c5d-9fba-75b42e0ef192,"size == ""1""","isEmpty == ""True""","peek_obj_type == ""class java.lang.String""","push == ""True""","pop == ""False""","clear == ""False""","calledMethod == ""push""","size_p == ""0""",Yes
8320,1607899197335:e1408ad4-d7bb-4dd5-9472-2b01866e9ff3,1607899197335:8d604835-480c-4c5d-9fba-75b42e0ef192,"size == ""1""","isEmpty == ""True""","peek_obj_type == ""class java.lang.String""","push == ""False""","pop == ""True""","clear == ""False""","calledMethod == ""pop""","size_p == ""1""",Yes
8322,1607899197335:e1408ad4-d7bb-4dd5-9472-2b01866e9ff3,1607899197335:8d5db313-8bad-46bf-8974-846bcaeb008a,"size == ""1""","isEmpty == ""True""","peek_obj_type == ""class java.lang.String""","push == ""True""","pop == ""False""","clear == ""False""","calledMethod == ""push""","size_p == ""0""",Yes
8324,1607899197335:b4e8702c-4236-4b6b-ba2c-f1e2dd9d7547,1607899197335:d306ca23-eaeb-487d-ae03-13490580a6f6,"size == ""1""","isEmpty == ""True""","peek_obj_type == ""class java.lang.String""","push == ""True""","pop == ""False""","clear == ""False""","calledMethod == ""push""","size_p == ""0""",Yes
8325,1607899197335:b4e8702c-4236-4b6b-ba2c-f1e2dd9d7547,1607899197335:d306ca23-eaeb-487d-ae03-13490580a6f6,"size == ""1""","isEmpty == ""True""","peek_obj_type == ""class java.lang.String""","push == ""False""","pop == ""True""","clear == ""False""","calledMethod == ""pop""","size_p == ""1""",Yes
8327,1607899197334:bdce899d-4f5c-477e-a4f9-f03aa08c1bf1,1607899197334:abf87a29-c71e-4964-86f4-f8a49c9c3fa2,"size == ""1""","isEmpty == ""True""","peek_obj_type == ""class java.lang.String""","push == ""True""","pop == ""False""","clear == ""False""","calledMethod == ""push""","size_p == ""0""",Yes
8328,1607899197334:bdce899d-4f5c-477e-a4f9-f03aa08c1bf1,1607899197334:abf87a29-c71e-4964-86f4-f8a49c9c3fa2,"size == ""1""","isEmpty == ""True""","peek_obj_type == ""class java.lang.String""","push == ""False""","pop == ""True""","clear == ""False""","calledMethod == ""pop""","size_p == ""1""",Yes
8331,1607899197334:bdce899d-4f5c-477e-a4f9-f03aa08c1bf1,1607899197334:53a07a97-e2d5-4510-8aca-941cae8c79de,"size == ""1""","isEmpty == ""True""","peek_obj_type == ""class java.lang.String""","push == ""True""","pop == ""False""","clear == ""False""","calledMethod == ""push""","size_p == ""0""",Yes
8332,1607899197334:bdce899d-4f5c-477e-a4f9-f03aa08c1bf1,1607899197334:53a07a97-e2d5-4510-8aca-941cae8c79de,"size == ""1""","isEmpty == ""True""","peek_obj_type == ""class java.lang.String""","push == ""False""","pop == ""False""","clear == ""True""","calledMethod == ""clear""","size_p == ""1""",Yes
8333,1607899197334:bdce899d-4f5c-477e-a4f9-f03aa08c1bf1,1607899197334:53a07a97-e2d5-4510-8aca-941cae8c79de,"size == ""1""","isEmpty == ""True""","peek_obj_type == ""class java.lang.String""","push == ""False""","pop == ""False""","clear == ""True""","calledMethod == ""clear""","size_p == ""1""",Yes
8334,1607899197334:bdce899d-4f5c-477e-a4f9-f03aa08c1bf1,1607899197334:53a07a97-e2d5-4510-8aca-941cae8c79de,"size == ""1""","isEmpty == ""True""","peek_obj_type == ""class java.lang.String""","push == ""False""","pop == ""False""","clear == ""True""","calledMethod == ""clear""","size_p == ""1""",Yes
8336,1607899197334:5b8488cf-505a-4593-9226-50ac8ffd0739,1607899197334:ccd3158b-5d46-4606-a71f-f8cb8be5dca3,"size == ""1""","isEmpty == ""True""","peek_obj_type == ""class java.lang.String""","push == ""True""","pop == ""False""","clear == ""False""","calledMethod == ""push""","size_p == ""0""",Yes
8337,1607899197334:5b8488cf-505a-4593-9226-50ac8ffd0739,1607899197334:ccd3158b-5d46-4606-a71f-f8cb8be5dca3,"size == ""1""","isEmpty == ""True""","peek_obj_type == ""class java.lang.String""","push == ""False""","pop == ""True""","clear == ""False""","calledMethod == ""pop""","size_p == ""1""",Yes
8339,1607899197334:5b8488cf-505a-4593-9226-50ac8ffd0739,1607899197334:c568d0f3-ebc9-4462-98a3-0e21d7f1b883,"size == ""1""","isEmpty == ""True""","peek_obj_type == ""class java.lang.String""","push == ""True""","pop == ""False""","clear == ""False""","calledMethod == ""push""","size_p == ""0""",Yes
8341,1607899197334:20b4483d-1139-4dd2-b8a3-cedfcb078dc0,1607899197335:6b53d846-9103-48ff-97b9-de1f05ff67b9,"size == ""1""","isEmpty == ""True""","peek_obj_type == ""class java.lang.String""","push == ""True""","pop == ""False""","clear == ""False""","calledMethod == ""push""","size_p == ""0""",Yes
8342,1607899197334:20b4483d-1139-4dd2-b8a3-cedfcb078dc0,1607899197335:6b53d846-9103-48ff-97b9-de1f05ff67b9,"size == ""1""","isEmpty == ""True""","peek_obj_type == ""class java.lang.String""","push == ""False""","pop == ""True""","clear == ""False""","calledMethod == ""pop""","size_p == ""1""",Yes
8344,1607899197334:20b4483d-1139-4dd2-b8a3-cedfcb078dc0,1607899197334:9b3f522c-acf5-4abc-8d4c-eae8281aac52,"size == ""1""","isEmpty == ""True""","peek_obj_type == ""class java.lang.String""","push == ""True""","pop == ""False""","clear == ""False""","calledMethod == ""push""","size_p == ""0""",Yes
8345,1607899197334:20b4483d-1139-4dd2-b8a3-cedfcb078dc0,1607899197334:9b3f522c-acf5-4abc-8d4c-eae8281aac52,"size == ""2""","isEmpty == ""True""","peek_obj_type == ""class java.lang.String""","push == ""True""","pop == ""False""","clear == ""False""","calledMethod == ""push""","size_p == ""1""",Yes
8347,1607899197333:e9de5975-397f-43f9-b200-6707aa5dda48,1607899197333:7791e07a-a1dd-4c2f-be26-bd11518ce2f3,"size == ""1""","isEmpty == ""True""","peek_obj_type == ""class java.lang.String""","push == ""True""","pop == ""False""","clear == ""False""","calledMethod == ""push""","size_p == ""0""",Yes
8348,1607899197333:e9de5975-397f-43f9-b200-6707aa5dda48,1607899197333:7791e07a-a1dd-4c2f-be26-bd11518ce2f3,"size == ""1""","isEmpty == ""True""","peek_obj_type == ""class java.lang.String""","push == ""False""","pop == ""True""","clear == ""False""","calledMethod == ""pop""","size_p == ""1""",Yes
8350,1607899197333:bf35b5aa-eb31-4fb7-bba0-9fe72ab572c0,1607899197333:a000d284-2353-4cfc-8b81-ec2c0b8f5f32,"size == ""1""","isEmpty == ""True""","peek_obj_type == ""class java.lang.String""","push == ""True""","pop == ""False""","clear == ""False""","calledMethod == ""push""","size_p == ""0""",Yes
8351,1607899197333:bf35b5aa-eb31-4fb7-bba0-9fe72ab572c0,1607899197333:a000d284-2353-4cfc-8b81-ec2c0b8f5f32,"size == ""1""","isEmpty == ""True""","peek_obj_type == ""class java.lang.String""","push == ""False""","pop == ""True""","clear == ""False""","calledMethod == ""pop""","size_p == ""1""",Yes
8354,1607899197333:2dd5e856-1f79-4a3d-968e-a2d753c6065c,1607899197333:a683f81e-8965-4703-bac2-c8df2161da24,"size == ""1""","isEmpty == ""True""","peek_obj_type == ""class java.lang.String""","push == ""True""","pop == ""False""","clear == ""False""","calledMethod == ""push""","size_p == ""0""",Yes
8355,1607899197333:2dd5e856-1f79-4a3d-968e-a2d753c6065c,1607899197333:a683f81e-8965-4703-bac2-c8df2161da24,"size == ""1""","isEmpty == ""True""","peek_obj_type == ""class java.lang.String""","push == ""False""","pop == ""False""","clear == ""True""","calledMethod == ""clear""","size_p == ""1""",Yes
8356,1607899197333:2dd5e856-1f79-4a3d-968e-a2d753c6065c,1607899197333:a683f81e-8965-4703-bac2-c8df2161da24,"size == ""1""","isEmpty == ""True""","peek_obj_type == ""class java.lang.String""","push == ""False""","pop == ""False""","clear == ""True""","calledMethod == ""clear""","size_p == ""1""",Yes
8357,1607899197333:2dd5e856-1f79-4a3d-968e-a2d753c6065c,1607899197333:a683f81e-8965-4703-bac2-c8df2161da24,"size == ""1""","isEmpty == ""True""","peek_obj_type == ""class java.lang.String""","push == ""False""","pop == ""False""","clear == ""True""","calledMethod == ""clear""","size_p == ""1""",Yes
8358,1607899197333:2dd5e856-1f79-4a3d-968e-a2d753c6065c,1607899197333:a683f81e-8965-4703-bac2-c8df2161da24,"size == ""1""","isEmpty == ""True""","peek_obj_type == ""class java.lang.String""","push == ""False""","pop == ""False""","clear == ""True""","calledMethod == ""clear""","size_p == ""1""",Yes
8361,1607899197333:2dd5e856-1f79-4a3d-968e-a2d753c6065c,1607899197333:5e2379dd-0198-4f81-94c0-08ef15c5f9f1,"size == ""1""","isEmpty == ""True""","peek_obj_type == ""class java.lang.String""","push == ""True""","pop == ""False""","clear == ""False""","calledMethod == ""push""","size_p == ""0""",Yes
8362,1607899197333:2dd5e856-1f79-4a3d-968e-a2d753c6065c,1607899197333:5e2379dd-0198-4f81-94c0-08ef15c5f9f1,"size == ""1""","isEmpty == ""True""","peek_obj_type == ""class java.lang.String""","push == ""False""","pop == ""True""","clear == ""False""","calledMethod == ""pop""","size_p == ""1""",Yes
8364,1607899197333:2dd5e856-1f79-4a3d-968e-a2d753c6065c,1607899197333:5606df8c-bf45-4c3b-84c3-38f13f8b6440,"size == ""1""","isEmpty == ""True""","peek_obj_type == ""class java.lang.String""","push == ""True""","pop == ""False""","clear == ""False""","calledMethod == ""push""","size_p == ""0""",Yes
8366,1607899197332:513a599b-cc3c-4ab5-b7c9-ac7a717b291a,1607899197332:1cc4f370-c1b8-4f32-9279-6bf429468100,"size == ""1""","isEmpty == ""True""","peek_obj_type == ""class java.lang.String""","push == ""True""","pop == ""False""","clear == ""False""","calledMethod == ""push""","size_p == ""0""",Yes
8367,1607899197332:513a599b-cc3c-4ab5-b7c9-ac7a717b291a,1607899197332:1cc4f370-c1b8-4f32-9279-6bf429468100,"size == ""2""","isEmpty == ""True""","peek_obj_type == ""class java.lang.String""","push == ""True""","pop == ""False""","clear == ""False""","calledMethod == ""push""","size_p == ""1""",Yes
8369,1607899197332:513a599b-cc3c-4ab5-b7c9-ac7a717b291a,1607899197332:061f8cc7-317b-4f63-ab30-f64d25f32fec,"size == ""1""","isEmpty == ""True""","peek_obj_type == ""class java.lang.String""","push == ""True""","pop == ""False""","clear == ""False""","calledMethod == ""push""","size_p == ""0""",Yes
8370,1607899197332:513a599b-cc3c-4ab5-b7c9-ac7a717b291a,1607899197332:061f8cc7-317b-4f63-ab30-f64d25f32fec,"size == ""1""","isEmpty == ""True""","peek_obj_type == ""class java.lang.String""","push == ""False""","pop == ""True""","clear == ""False""","calledMethod == ""pop""","size_p == ""1""",Yes
8373,1607899197332:045e225b-516d-47f0-82e2-37cd0354e22d,1607899197332:7efe53c1-ceec-48e8-9891-cf969634f4c0,"size == ""1""","isEmpty == ""True""","peek_obj_type == ""class java.lang.String""","push == ""True""","pop == ""False""","clear == ""False""","calledMethod == ""push""","size_p == ""0""",Yes
8374,1607899197332:045e225b-516d-47f0-82e2-37cd0354e22d,1607899197332:7efe53c1-ceec-48e8-9891-cf969634f4c0,"size == ""1""","isEmpty == ""True""","peek_obj_type == ""class java.lang.String""","push == ""False""","pop == ""True""","clear == ""False""","calledMethod == ""pop""","size_p == ""1""",Yes
8376,1607899197331:bf3f5cec-29db-4dcb-a590-60049bea0d46,1607899197331:f473ac12-838b-4218-b88b-9dc8c308c79f,"size == ""1""","isEmpty == ""True""","peek_obj_type == ""class java.lang.String""","push == ""True""","pop == ""False""","clear == ""False""","calledMethod == ""push""","size_p == ""0""",Yes
8377,1607899197331:bf3f5cec-29db-4dcb-a590-60049bea0d46,1607899197331:f473ac12-838b-4218-b88b-9dc8c308c79f,"size == ""1""","isEmpty == ""True""","peek_obj_type == ""class java.lang.String""","push == ""False""","pop == ""True""","clear == ""False""","calledMethod == ""pop""","size_p == ""1""",Yes
8379,1607899197331:b9546fd5-4cc6-443a-b2e0-d15c18b6c11f,1607899197331:bc7508ce-9001-4365-96fe-1384bb90f24e,"size == ""1""","isEmpty == ""True""","peek_obj_type == ""class java.lang.String""","push == ""True""","pop == ""False""","clear == ""False""","calledMethod == ""push""","size_p == ""0""",Yes
8381,1607899197331:b9546fd5-4cc6-443a-b2e0-d15c18b6c11f,1607899197331:a96e7a8f-1a00-430c-9891-4b8d572c9775,"size == ""1""","isEmpty == ""True""","peek_obj_type == ""class java.lang.String""","push == ""True""","pop == ""False""","clear == ""False""","calledMethod == ""push""","size_p == ""0""",Yes
8382,1607899197331:b9546fd5-4cc6-443a-b2e0-d15c18b6c11f,1607899197331:a96e7a8f-1a00-430c-9891-4b8d572c9775,"size == ""1""","isEmpty == ""True""","peek_obj_type == ""class java.lang.String""","push == ""False""","pop == ""True""","clear == ""False""","calledMethod == ""pop""","size_p == ""1""",Yes
8384,1607899197331:65815d67-825e-4077-a3b3-fa1fbcd855b6,1607899197332:41751027-f626-4cc1-8259-a23496b84f3c,"size == ""1""","isEmpty == ""True""","peek_obj_type == ""class java.lang.String""","push == ""True""","pop == ""False""","clear == ""False""","calledMethod == ""push""","size_p == ""0""",Yes
8385,1607899197331:65815d67-825e-4077-a3b3-fa1fbcd855b6,1607899197332:41751027-f626-4cc1-8259-a23496b84f3c,"size == ""1""","isEmpty == ""True""","peek_obj_type == ""class java.lang.String""","push == ""False""","pop == ""True""","clear == ""False""","calledMethod == ""pop""","size_p == ""1""",Yes
8388,1607899197331:65815d67-825e-4077-a3b3-fa1fbcd855b6,1607899197331:455f67c4-3c14-4f95-95b8-9d55fe9659cc,"size == ""1""","isEmpty == ""True""","peek_obj_type == ""class java.lang.String""","push == ""True""","pop == ""False""","clear == ""False""","calledMethod == ""push""","size_p == ""0""",Yes
8389,1607899197331:65815d67-825e-4077-a3b3-fa1fbcd855b6,1607899197331:455f67c4-3c14-4f95-95b8-9d55fe9659cc,"size == ""1""","isEmpty == ""True""","peek_obj_type == ""class java.lang.String""","push == ""False""","pop == ""False""","clear == ""True""","calledMethod == ""clear""","size_p == ""1""",Yes
8390,1607899197331:65815d67-825e-4077-a3b3-fa1fbcd855b6,1607899197331:455f67c4-3c14-4f95-95b8-9d55fe9659cc,"size == ""1""","isEmpty == ""True""","peek_obj_type == ""class java.lang.String""","push == ""False""","pop == ""False""","clear == ""True""","calledMethod == ""clear""","size_p == ""1""",Yes
8391,1607899197331:65815d67-825e-4077-a3b3-fa1fbcd855b6,1607899197331:455f67c4-3c14-4f95-95b8-9d55fe9659cc,"size == ""1""","isEmpty == ""True""","peek_obj_type == ""class java.lang.String""","push == ""False""","pop == ""False""","clear == ""True""","calledMethod == ""clear""","size_p == ""1""",Yes
8393,1607899197330:c069db70-0f28-440a-a171-cbe054af0056,1607899197330:72c5412f-a130-4b94-bb05-e39808114a29,"size == ""1""","isEmpty == ""True""","peek_obj_type == ""class java.lang.String""","push == ""True""","pop == ""False""","clear == ""False""","calledMethod == ""push""","size_p == ""0""",Yes
8394,1607899197330:c069db70-0f28-440a-a171-cbe054af0056,1607899197330:72c5412f-a130-4b94-bb05-e39808114a29,"size == ""1""","isEmpty == ""True""","peek_obj_type == ""class java.lang.String""","push == ""False""","pop == ""True""","clear == ""False""","calledMethod == ""pop""","size_p == ""1""",Yes
8396,1607899197330:4f376977-e73c-4395-969b-f8d905f8e896,1607899197331:a72cf85b-4268-487e-aad4-2babfedf111c,"size == ""1""","isEmpty == ""True""","peek_obj_type == ""class java.lang.String""","push == ""True""","pop == ""False""","clear == ""False""","calledMethod == ""push""","size_p == ""0""",Yes
8397,1607899197330:4f376977-e73c-4395-969b-f8d905f8e896,1607899197331:a72cf85b-4268-487e-aad4-2babfedf111c,"size == ""1""","isEmpty == ""True""","peek_obj_type == ""class java.lang.String""","push == ""False""","pop == ""True""","clear == ""False""","calledMethod == ""pop""","size_p == ""1""",Yes
8400,1607899197330:4f376977-e73c-4395-969b-f8d905f8e896,1607899197330:65dcdb33-f391-4f51-98b3-e485a6f4fb5d,"size == ""1""","isEmpty == ""True""","peek_obj_type == ""class java.lang.String""","push == ""True""","pop == ""False""","clear == ""False""","calledMethod == ""push""","size_p == ""0""",Yes
8401,1607899197330:4f376977-e73c-4395-969b-f8d905f8e896,1607899197330:65dcdb33-f391-4f51-98b3-e485a6f4fb5d,"size == ""1""","isEmpty == ""True""","peek_obj_type == ""class java.lang.String""","push == ""False""","pop == ""False""","clear == ""True""","calledMethod == ""clear""","size_p == ""1""",Yes
8402,1607899197330:4f376977-e73c-4395-969b-f8d905f8e896,1607899197330:65dcdb33-f391-4f51-98b3-e485a6f4fb5d,"size == ""1""","isEmpty == ""True""","peek_obj_type == ""class java.lang.String""","push == ""False""","pop == ""False""","clear == ""True""","calledMethod == ""clear""","size_p == ""1""",Yes
8403,1607899197330:4f376977-e73c-4395-969b-f8d905f8e896,1607899197330:65dcdb33-f391-4f51-98b3-e485a6f4fb5d,"size == ""1""","isEmpty == ""True""","peek_obj_type == ""class java.lang.String""","push == ""False""","pop == ""False""","clear == ""True""","calledMethod == ""clear""","size_p == ""1""",Yes
8406,1607899197330:4f376977-e73c-4395-969b-f8d905f8e896,1607899197330:0eef035f-9ab4-40a7-902f-44d1d501dbdd,"size == ""1""","isEmpty == ""True""","peek_obj_type == ""class java.lang.String""","push == ""True""","pop == ""False""","clear == ""False""","calledMethod == ""push""","size_p == ""0""",Yes
8407,1607899197330:4f376977-e73c-4395-969b-f8d905f8e896,1607899197330:0eef035f-9ab4-40a7-902f-44d1d501dbdd,"size == ""1""","isEmpty == ""True""","peek_obj_type == ""class java.lang.String""","push == ""False""","pop == ""False""","clear == ""True""","calledMethod == ""clear""","size_p == ""1""",Yes
8408,1607899197330:4f376977-e73c-4395-969b-f8d905f8e896,1607899197330:0eef035f-9ab4-40a7-902f-44d1d501dbdd,"size == ""1""","isEmpty == ""True""","peek_obj_type == ""class java.lang.String""","push == ""False""","pop == ""False""","clear == ""True""","calledMethod == ""clear""","size_p == ""1""",Yes
8409,1607899197330:4f376977-e73c-4395-969b-f8d905f8e896,1607899197330:0eef035f-9ab4-40a7-902f-44d1d501dbdd,"size == ""1""","isEmpty == ""True""","peek_obj_type == ""class java.lang.String""","push == ""False""","pop == ""False""","clear == ""True""","calledMethod == ""clear""","size_p == ""1""",Yes
8412,1607899197329:b2128617-a150-43b3-91c4-0b44ed4fe252,1607899197329:4c016fc0-2289-4374-a97d-75bf69cfa7df,"size == ""1""","isEmpty == ""True""","peek_obj_type == ""class java.lang.String""","push == ""True""","pop == ""False""","clear == ""False""","calledMethod == ""push""","size_p == ""0""",Yes
8413,1607899197329:b2128617-a150-43b3-91c4-0b44ed4fe252,1607899197329:4c016fc0-2289-4374-a97d-75bf69cfa7df,"size == ""1""","isEmpty == ""True""","peek_obj_type == ""class java.lang.String""","push == ""False""","pop == ""False""","clear == ""True""","calledMethod == ""clear""","size_p == ""1""",Yes
8414,1607899197329:b2128617-a150-43b3-91c4-0b44ed4fe252,1607899197329:4c016fc0-2289-4374-a97d-75bf69cfa7df,"size == ""1""","isEmpty == ""True""","peek_obj_type == ""class java.lang.String""","push == ""False""","pop == ""False""","clear == ""True""","calledMethod == ""clear""","size_p == ""1""",Yes
8415,1607899197329:b2128617-a150-43b3-91c4-0b44ed4fe252,1607899197329:4c016fc0-2289-4374-a97d-75bf69cfa7df,"size == ""1""","isEmpty == ""True""","peek_obj_type == ""class java.lang.String""","push == ""False""","pop == ""False""","clear == ""True""","calledMethod == ""clear""","size_p == ""1""",Yes
8417,1607899197329:b2128617-a150-43b3-91c4-0b44ed4fe252,1607899197329:3a634e78-5b78-4718-b3af-57ecb23fe64a,"size == ""1""","isEmpty == ""True""","peek_obj_type == ""class java.lang.String""","push == ""True""","pop == ""False""","clear == ""False""","calledMethod == ""push""","size_p == ""0""",Yes
8418,1607899197329:b2128617-a150-43b3-91c4-0b44ed4fe252,1607899197329:3a634e78-5b78-4718-b3af-57ecb23fe64a,"size == ""1""","isEmpty == ""True""","peek_obj_type == ""class java.lang.String""","push == ""False""","pop == ""True""","clear == ""False""","calledMethod == ""pop""","size_p == ""1""",Yes
8420,1607899197329:0d058c56-2cae-4597-baab-4f7a29498256,1607899197330:f77e58e4-2e6d-4b33-a1f9-70d3ef40bbe4,"size == ""1""","isEmpty == ""True""","peek_obj_type == ""class java.lang.String""","push == ""True""","pop == ""False""","clear == ""False""","calledMethod == ""push""","size_p == ""0""",Yes
8421,1607899197329:0d058c56-2cae-4597-baab-4f7a29498256,1607899197330:f77e58e4-2e6d-4b33-a1f9-70d3ef40bbe4,"size == ""1""","isEmpty == ""True""","peek_obj_type == ""class java.lang.String""","push == ""False""","pop == ""True""","clear == ""False""","calledMethod == ""pop""","size_p == ""1""",Yes
8424,1607899197329:0d058c56-2cae-4597-baab-4f7a29498256,1607899197329:c49d48af-0867-425c-83aa-31adb93e0b24,"size == ""1""","isEmpty == ""True""","peek_obj_type == ""class java.lang.String""","push == ""True""","pop == ""False""","clear == ""False""","calledMethod == ""push""","size_p == ""0""",Yes
8425,1607899197329:0d058c56-2cae-4597-baab-4f7a29498256,1607899197329:c49d48af-0867-425c-83aa-31adb93e0b24,"size == ""1""","isEmpty == ""True""","peek_obj_type == ""class java.lang.String""","push == ""False""","pop == ""False""","clear == ""True""","calledMethod == ""clear""","size_p == ""1""",Yes
8426,1607899197329:0d058c56-2cae-4597-baab-4f7a29498256,1607899197329:c49d48af-0867-425c-83aa-31adb93e0b24,"size == ""1""","isEmpty == ""True""","peek_obj_type == ""class java.lang.String""","push == ""False""","pop == ""False""","clear == ""True""","calledMethod == ""clear""","size_p == ""1""",Yes
8427,1607899197329:0d058c56-2cae-4597-baab-4f7a29498256,1607899197329:c49d48af-0867-425c-83aa-31adb93e0b24,"size == ""1""","isEmpty == ""True""","peek_obj_type == ""class java.lang.String""","push == ""False""","pop == ""False""","clear == ""True""","calledMethod == ""clear""","size_p == ""1""",Yes
8430,1607899197328:cb97c5ea-87d5-40e9-b06d-48c64dfab2b7,1607899197328:9227cc58-39fb-4c60-a778-ba2b21f1bb36,"size == ""1""","isEmpty == ""True""","peek_obj_type == ""class java.lang.String""","push == ""True""","pop == ""False""","clear == ""False""","calledMethod == ""push""","size_p == ""0""",Yes
8431,1607899197328:cb97c5ea-87d5-40e9-b06d-48c64dfab2b7,1607899197328:9227cc58-39fb-4c60-a778-ba2b21f1bb36,"size == ""1""","isEmpty == ""True""","peek_obj_type == ""class java.lang.String""","push == ""False""","pop == ""True""","clear == ""False""","calledMethod == ""pop""","size_p == ""1""",Yes
8433,1607899197328:880beecf-6277-4935-8a22-d10074d6b3c5,1607899197329:ce3c17e6-541f-4bdd-9616-b90c80553fce,"size == ""1""","isEmpty == ""True""","peek_obj_type == ""class java.lang.String""","push == ""True""","pop == ""False""","clear == ""False""","calledMethod == ""push""","size_p == ""0""",Yes
8434,1607899197328:880beecf-6277-4935-8a22-d10074d6b3c5,1607899197329:ce3c17e6-541f-4bdd-9616-b90c80553fce,"size == ""1""","isEmpty == ""True""","peek_obj_type == ""class java.lang.String""","push == ""False""","pop == ""True""","clear == ""False""","calledMethod == ""pop""","size_p == ""1""",Yes
8436,1607899197328:880beecf-6277-4935-8a22-d10074d6b3c5,1607899197328:0ee5f6cb-b608-4fd0-beb6-560d597fc794,"size == ""1""","isEmpty == ""True""","peek_obj_type == ""class java.lang.String""","push == ""True""","pop == ""False""","clear == ""False""","calledMethod == ""push""","size_p == ""0""",Yes
8437,1607899197328:880beecf-6277-4935-8a22-d10074d6b3c5,1607899197328:0ee5f6cb-b608-4fd0-beb6-560d597fc794,"size == ""2""","isEmpty == ""True""","peek_obj_type == ""class java.lang.String""","push == ""True""","pop == ""False""","clear == ""False""","calledMethod == ""push""","size_p == ""1""",Yes
8439,1607899197328:8555b4f3-84cf-4104-976e-0e76e08f4210,1607899197328:483f767a-530f-4247-9610-8577d1139a3e,"size == ""1""","isEmpty == ""True""","peek_obj_type == ""class java.lang.String""","push == ""True""","pop == ""False""","clear == ""False""","calledMethod == ""push""","size_p == ""0""",Yes
8440,1607899197328:8555b4f3-84cf-4104-976e-0e76e08f4210,1607899197328:483f767a-530f-4247-9610-8577d1139a3e,"size == ""1""","isEmpty == ""True""","peek_obj_type == ""class java.lang.String""","push == ""False""","pop == ""True""","clear == ""False""","calledMethod == ""pop""","size_p == ""1""",Yes
8443,1607899197327:c05a6eaa-d4c7-4fed-9d7d-4623c986ae6f,1607899197327:45e95743-9bfb-4b33-8cd4-480d5d03146d,"size == ""1""","isEmpty == ""True""","peek_obj_type == ""class java.lang.String""","push == ""True""","pop == ""False""","clear == ""False""","calledMethod == ""push""","size_p == ""0""",Yes
8444,1607899197327:c05a6eaa-d4c7-4fed-9d7d-4623c986ae6f,1607899197327:45e95743-9bfb-4b33-8cd4-480d5d03146d,"size == ""1""","isEmpty == ""True""","peek_obj_type == ""class java.lang.String""","push == ""False""","pop == ""True""","clear == ""False""","calledMethod == ""pop""","size_p == ""1""",Yes
8446,1607899197327:c05a6eaa-d4c7-4fed-9d7d-4623c986ae6f,1607899197327:3518999b-2500-4c9a-8456-98565d6bedc0,"size == ""1""","isEmpty == ""True""","peek_obj_type == ""class java.lang.String""","push == ""True""","pop == ""False""","clear == ""False""","calledMethod == ""push""","size_p == ""0""",Yes
8448,1607899197327:b1860e39-6d33-49fd-a288-879c6050977f,1607899197327:e34b62f4-6ab4-4211-8244-9be25c29ba4b,"size == ""1""","isEmpty == ""True""","peek_obj_type == ""class java.lang.String""","push == ""True""","pop == ""False""","clear == ""False""","calledMethod == ""push""","size_p == ""0""",Yes
8449,1607899197327:b1860e39-6d33-49fd-a288-879c6050977f,1607899197327:e34b62f4-6ab4-4211-8244-9be25c29ba4b,"size == ""1""","isEmpty == ""True""","peek_obj_type == ""class java.lang.String""","push == ""False""","pop == ""True""","clear == ""False""","calledMethod == ""pop""","size_p == ""1""",Yes
8451,1607899197327:93d87ee5-2034-418d-a8ae-395bf839f80b,1607899197327:a5aa9273-9cea-4836-9c46-db8ff13fa673,"size == ""1""","isEmpty == ""True""","peek_obj_type == ""class java.lang.String""","push == ""True""","pop == ""False""","clear == ""False""","calledMethod == ""push""","size_p == ""0""",Yes
8452,1607899197327:93d87ee5-2034-418d-a8ae-395bf839f80b,1607899197327:a5aa9273-9cea-4836-9c46-db8ff13fa673,"size == ""2""","isEmpty == ""True""","peek_obj_type == ""class java.lang.String""","push == ""True""","pop == ""False""","clear == ""False""","calledMethod == ""push""","size_p == ""1""",Yes
8453,1607899197327:93d87ee5-2034-418d-a8ae-395bf839f80b,1607899197327:a5aa9273-9cea-4836-9c46-db8ff13fa673,"size == ""3""","isEmpty == ""True""","peek_obj_type == ""class java.lang.String""","push == ""True""","pop == ""False""","clear == ""False""","calledMethod == ""push""","size_p == ""2""",Yes
8455,1607899197327:93d87ee5-2034-418d-a8ae-395bf839f80b,1607899197327:544bb31e-550d-4c08-97d3-7be3c2055851,"size == ""1""","isEmpty == ""True""","peek_obj_type == ""class java.lang.String""","push == ""True""","pop == ""False""","clear == ""False""","calledMethod == ""push""","size_p == ""0""",Yes
8456,1607899197327:93d87ee5-2034-418d-a8ae-395bf839f80b,1607899197327:544bb31e-550d-4c08-97d3-7be3c2055851,"size == ""1""","isEmpty == ""True""","peek_obj_type == ""class java.lang.String""","push == ""False""","pop == ""True""","clear == ""False""","calledMethod == ""pop""","size_p == ""1""",Yes
8458,1607899197326:b70f7e13-13fa-4451-8f7c-157c3c795993,1607899197326:473802fa-2600-459a-8288-0bcd3155ac8f,"size == ""1""","isEmpty == ""True""","peek_obj_type == ""class java.lang.String""","push == ""True""","pop == ""False""","clear == ""False""","calledMethod == ""push""","size_p == ""0""",Yes
8459,1607899197326:b70f7e13-13fa-4451-8f7c-157c3c795993,1607899197326:473802fa-2600-459a-8288-0bcd3155ac8f,"size == ""1""","isEmpty == ""True""","peek_obj_type == ""class java.lang.String""","push == ""False""","pop == ""True""","clear == ""False""","calledMethod == ""pop""","size_p == ""1""",Yes
8462,1607899197326:9214d377-c716-4046-af7f-404ff9921a26,1607899197326:9cf9bba7-9799-41bd-99f8-5eae9162749c,"size == ""1""","isEmpty == ""True""","peek_obj_type == ""class java.lang.String""","push == ""True""","pop == ""False""","clear == ""False""","calledMethod == ""push""","size_p == ""0""",Yes
8463,1607899197326:9214d377-c716-4046-af7f-404ff9921a26,1607899197326:9cf9bba7-9799-41bd-99f8-5eae9162749c,"size == ""1""","isEmpty == ""True""","peek_obj_type == ""class java.lang.String""","push == ""False""","pop == ""False""","clear == ""True""","calledMethod == ""clear""","size_p == ""1""",Yes
8464,1607899197326:9214d377-c716-4046-af7f-404ff9921a26,1607899197326:9cf9bba7-9799-41bd-99f8-5eae9162749c,"size == ""1""","isEmpty == ""True""","peek_obj_type == ""class java.lang.String""","push == ""False""","pop == ""False""","clear == ""True""","calledMethod == ""clear""","size_p == ""1""",Yes
8465,1607899197326:9214d377-c716-4046-af7f-404ff9921a26,1607899197326:9cf9bba7-9799-41bd-99f8-5eae9162749c,"size == ""1""","isEmpty == ""True""","peek_obj_type == ""class java.lang.String""","push == ""False""","pop == ""False""","clear == ""True""","calledMethod == ""clear""","size_p == ""1""",Yes
8467,1607899197326:9214d377-c716-4046-af7f-404ff9921a26,1607899197326:28c1c1e2-357f-4519-865d-b91c0aba4dfb,"size == ""1""","isEmpty == ""True""","peek_obj_type == ""class java.lang.String""","push == ""True""","pop == ""False""","clear == ""False""","calledMethod == ""push""","size_p == ""0""",Yes
8468,1607899197326:9214d377-c716-4046-af7f-404ff9921a26,1607899197326:28c1c1e2-357f-4519-865d-b91c0aba4dfb,"size == ""1""","isEmpty == ""True""","peek_obj_type == ""class java.lang.String""","push == ""False""","pop == ""True""","clear == ""False""","calledMethod == ""pop""","size_p == ""1""",Yes
8470,1607899197326:8f66e7a8-2eb6-4e3b-8d66-5e141626f635,1607899197326:677dfc0f-1135-47a7-ae27-cef800d829ec,"size == ""1""","isEmpty == ""True""","peek_obj_type == ""class java.lang.String""","push == ""True""","pop == ""False""","clear == ""False""","calledMethod == ""push""","size_p == ""0""",Yes
8471,1607899197326:8f66e7a8-2eb6-4e3b-8d66-5e141626f635,1607899197326:677dfc0f-1135-47a7-ae27-cef800d829ec,"size == ""1""","isEmpty == ""True""","peek_obj_type == ""class java.lang.String""","push == ""False""","pop == ""True""","clear == ""False""","calledMethod == ""pop""","size_p == ""1""",Yes
8473,1607899197326:8b36fde1-94d7-4a7f-8ff0-2af51417857c,1607899197326:745226d5-8947-43ea-92ef-21a9332c7c60,"size == ""1""","isEmpty == ""True""","peek_obj_type == ""class java.lang.String""","push == ""True""","pop == ""False""","clear == ""False""","calledMethod == ""push""","size_p == ""0""",Yes
8474,1607899197326:8b36fde1-94d7-4a7f-8ff0-2af51417857c,1607899197326:745226d5-8947-43ea-92ef-21a9332c7c60,"size == ""1""","isEmpty == ""True""","peek_obj_type == ""class java.lang.String""","push == ""False""","pop == ""True""","clear == ""False""","calledMethod == ""pop""","size_p == ""1""",Yes
8476,1607899197326:5ad6a907-28c9-4618-bf2d-d45f66f5d389,1607899197326:a777d285-ee71-4ac5-bddc-0056628e89ab,"size == ""1""","isEmpty == ""True""","peek_obj_type == ""class java.lang.String""","push == ""True""","pop == ""False""","clear == ""False""","calledMethod == ""push""","size_p == ""0""",Yes
8477,1607899197326:5ad6a907-28c9-4618-bf2d-d45f66f5d389,1607899197326:a777d285-ee71-4ac5-bddc-0056628e89ab,"size == ""1""","isEmpty == ""True""","peek_obj_type == ""class java.lang.String""","push == ""False""","pop == ""True""","clear == ""False""","calledMethod == ""pop""","size_p == ""1""",Yes
8480,1607899197326:43242a40-917b-49d5-849e-1524073f710e,1607899197326:cebf2f13-b05a-4251-b75c-ccc3e1a59c77,"size == ""1""","isEmpty == ""True""","peek_obj_type == ""class java.lang.String""","push == ""True""","pop == ""False""","clear == ""False""","calledMethod == ""push""","size_p == ""0""",Yes
8481,1607899197326:43242a40-917b-49d5-849e-1524073f710e,1607899197326:cebf2f13-b05a-4251-b75c-ccc3e1a59c77,"size == ""1""","isEmpty == ""True""","peek_obj_type == ""class java.lang.String""","push == ""False""","pop == ""False""","clear == ""True""","calledMethod == ""clear""","size_p == ""1""",Yes
8482,1607899197326:43242a40-917b-49d5-849e-1524073f710e,1607899197326:cebf2f13-b05a-4251-b75c-ccc3e1a59c77,"size == ""1""","isEmpty == ""True""","peek_obj_type == ""class java.lang.String""","push == ""False""","pop == ""False""","clear == ""True""","calledMethod == ""clear""","size_p == ""1""",Yes
8483,1607899197326:43242a40-917b-49d5-849e-1524073f710e,1607899197326:cebf2f13-b05a-4251-b75c-ccc3e1a59c77,"size == ""1""","isEmpty == ""True""","peek_obj_type == ""class java.lang.String""","push == ""False""","pop == ""False""","clear == ""True""","calledMethod == ""clear""","size_p == ""1""",Yes
8485,1607899197326:43242a40-917b-49d5-849e-1524073f710e,1607899197326:bce6d13f-2b43-4b73-ba82-df5e15f0dab4,"size == ""1""","isEmpty == ""True""","peek_obj_type == ""class java.lang.String""","push == ""True""","pop == ""False""","clear == ""False""","calledMethod == ""push""","size_p == ""0""",Yes
8486,1607899197326:43242a40-917b-49d5-849e-1524073f710e,1607899197326:bce6d13f-2b43-4b73-ba82-df5e15f0dab4,"size == ""1""","isEmpty == ""True""","peek_obj_type == ""class java.lang.String""","push == ""False""","pop == ""True""","clear == ""False""","calledMethod == ""pop""","size_p == ""1""",Yes
8488,1607899197325:f3cd98d7-fb30-46c1-833f-78baddda0bf4,1607899197325:f938dc71-2ec5-4dc7-b3fd-645bdfa993bb,"size == ""1""","isEmpty == ""True""","peek_obj_type == ""class java.lang.String""","push == ""True""","pop == ""False""","clear == ""False""","calledMethod == ""push""","size_p == ""0""",Yes
8489,1607899197325:f3cd98d7-fb30-46c1-833f-78baddda0bf4,1607899197325:f938dc71-2ec5-4dc7-b3fd-645bdfa993bb,"size == ""2""","isEmpty == ""True""","peek_obj_type == ""class java.lang.String""","push == ""True""","pop == ""False""","clear == ""False""","calledMethod == ""push""","size_p == ""1""",Yes
8490,1607899197325:f3cd98d7-fb30-46c1-833f-78baddda0bf4,1607899197325:f938dc71-2ec5-4dc7-b3fd-645bdfa993bb,"size == ""2""","isEmpty == ""True""","peek_obj_type == ""class java.lang.String""","push == ""False""","pop == ""False""","clear == ""True""","calledMethod == ""clear""","size_p == ""2""",Yes
8492,1607899197325:f3cd98d7-fb30-46c1-833f-78baddda0bf4,1607899197325:eaa666ba-8cfe-404b-b3d1-8940c5e254ea,"size == ""1""","isEmpty == ""True""","peek_obj_type == ""class java.lang.String""","push == ""True""","pop == ""False""","clear == ""False""","calledMethod == ""push""","size_p == ""0""",Yes
8493,1607899197325:f3cd98d7-fb30-46c1-833f-78baddda0bf4,1607899197325:eaa666ba-8cfe-404b-b3d1-8940c5e254ea,"size == ""1""","isEmpty == ""True""","peek_obj_type == ""class java.lang.String""","push == ""False""","pop == ""True""","clear == ""False""","calledMethod == ""pop""","size_p == ""1""",Yes
8495,1607899197325:d553be51-303d-4a13-9659-8999f7ce9e35,1607899197325:cbb7e938-d361-4891-bd60-393c70e0be8c,"size == ""1""","isEmpty == ""True""","peek_obj_type == ""class java.lang.String""","push == ""True""","pop == ""False""","clear == ""False""","calledMethod == ""push""","size_p == ""0""",Yes
8496,1607899197325:d553be51-303d-4a13-9659-8999f7ce9e35,1607899197325:cbb7e938-d361-4891-bd60-393c70e0be8c,"size == ""1""","isEmpty == ""True""","peek_obj_type == ""class java.lang.String""","push == ""False""","pop == ""True""","clear == ""False""","calledMethod == ""pop""","size_p == ""1""",Yes
8498,1607899197325:d553be51-303d-4a13-9659-8999f7ce9e35,1607899197325:c13da4fd-5e14-4271-9b67-57b5d227be49,"size == ""1""","isEmpty == ""True""","peek_obj_type == ""class java.lang.String""","push == ""True""","pop == ""False""","clear == ""False""","calledMethod == ""push""","size_p == ""0""",Yes
8499,1607899197325:d553be51-303d-4a13-9659-8999f7ce9e35,1607899197325:c13da4fd-5e14-4271-9b67-57b5d227be49,"size == ""2""","isEmpty == ""True""","peek_obj_type == ""class java.lang.String""","push == ""True""","pop == ""False""","clear == ""False""","calledMethod == ""push""","size_p == ""1""",Yes
8501,1607899197325:7f30bac6-1956-4257-ae2f-a91c91a40aaf,1607899197325:ecf234c2-03f9-40d7-8440-9c5eb3cd1d1b,"size == ""1""","isEmpty == ""True""","peek_obj_type == ""class java.lang.String""","push == ""True""","pop == ""False""","clear == ""False""","calledMethod == ""push""","size_p == ""0""",Yes
8502,1607899197325:7f30bac6-1956-4257-ae2f-a91c91a40aaf,1607899197325:ecf234c2-03f9-40d7-8440-9c5eb3cd1d1b,"size == ""1""","isEmpty == ""True""","peek_obj_type == ""class java.lang.String""","push == ""False""","pop == ""True""","clear == ""False""","calledMethod == ""pop""","size_p == ""1""",Yes
8505,1607899197325:7f30bac6-1956-4257-ae2f-a91c91a40aaf,1607899197325:6b4e439c-34d1-45f1-84a3-ade959c8c5ad,"size == ""1""","isEmpty == ""True""","peek_obj_type == ""class java.lang.String""","push == ""True""","pop == ""False""","clear == ""False""","calledMethod == ""push""","size_p == ""0""",Yes
8506,1607899197325:7f30bac6-1956-4257-ae2f-a91c91a40aaf,1607899197325:6b4e439c-34d1-45f1-84a3-ade959c8c5ad,"size == ""1""","isEmpty == ""True""","peek_obj_type == ""class java.lang.String""","push == ""False""","pop == ""False""","clear == ""True""","calledMethod == ""clear""","size_p == ""1""",Yes
8507,1607899197325:7f30bac6-1956-4257-ae2f-a91c91a40aaf,1607899197325:6b4e439c-34d1-45f1-84a3-ade959c8c5ad,"size == ""1""","isEmpty == ""True""","peek_obj_type == ""class java.lang.String""","push == ""False""","pop == ""False""","clear == ""True""","calledMethod == ""clear""","size_p == ""1""",Yes
8508,1607899197325:7f30bac6-1956-4257-ae2f-a91c91a40aaf,1607899197325:6b4e439c-34d1-45f1-84a3-ade959c8c5ad,"size == ""1""","isEmpty == ""True""","peek_obj_type == ""class java.lang.String""","push == ""False""","pop == ""False""","clear == ""True""","calledMethod == ""clear""","size_p == ""1""",Yes
8510,1607899197325:415ed4c2-347e-48f4-a9b7-f7efa128c0f8,1607899197325:12956cb7-6695-4bff-b873-0ec2227d1762,"size == ""1""","isEmpty == ""True""","peek_obj_type == ""class java.lang.String""","push == ""True""","pop == ""False""","clear == ""False""","calledMethod == ""push""","size_p == ""0""",Yes
8511,1607899197325:415ed4c2-347e-48f4-a9b7-f7efa128c0f8,1607899197325:12956cb7-6695-4bff-b873-0ec2227d1762,"size == ""1""","isEmpty == ""True""","peek_obj_type == ""class java.lang.String""","push == ""False""","pop == ""True""","clear == ""False""","calledMethod == ""pop""","size_p == ""1""",Yes
8513,1607899197324:e2a678d5-e7f0-4667-9c90-f27332f50f43,1607899197324:07c31416-0b35-41d4-9175-084c92c3f391,"size == ""1""","isEmpty == ""True""","peek_obj_type == ""class java.lang.String""","push == ""True""","pop == ""False""","clear == ""False""","calledMethod == ""push""","size_p == ""0""",Yes
8514,1607899197324:e2a678d5-e7f0-4667-9c90-f27332f50f43,1607899197324:07c31416-0b35-41d4-9175-084c92c3f391,"size == ""1""","isEmpty == ""True""","peek_obj_type == ""class java.lang.String""","push == ""False""","pop == ""True""","clear == ""False""","calledMethod == ""pop""","size_p == ""1""",Yes
8516,1607899197324:6abe474a-d56d-4985-8a84-8147f8e16aa5,1607899197324:dfb424fd-e2dd-402b-8395-1d3036f4cd47,"size == ""1""","isEmpty == ""True""","peek_obj_type == ""class java.lang.String""","push == ""True""","pop == ""False""","clear == ""False""","calledMethod == ""push""","size_p == ""0""",Yes
8517,1607899197324:6abe474a-d56d-4985-8a84-8147f8e16aa5,1607899197324:dfb424fd-e2dd-402b-8395-1d3036f4cd47,"size == ""1""","isEmpty == ""True""","peek_obj_type == ""class java.lang.String""","push == ""False""","pop == ""True""","clear == ""False""","calledMethod == ""pop""","size_p == ""1""",Yes
8519,1607899197324:6abe474a-d56d-4985-8a84-8147f8e16aa5,1607899197324:c8be888e-63fd-442a-9229-c64b81df6fbf,"size == ""1""","isEmpty == ""True""","peek_obj_type == ""class java.lang.String""","push == ""True""","pop == ""False""","clear == ""False""","calledMethod == ""push""","size_p == ""0""",Yes
8520,1607899197324:6abe474a-d56d-4985-8a84-8147f8e16aa5,1607899197324:c8be888e-63fd-442a-9229-c64b81df6fbf,"size == ""2""","isEmpty == ""True""","peek_obj_type == ""class java.lang.String""","push == ""True""","pop == ""False""","clear == ""False""","calledMethod == ""push""","size_p == ""1""",Yes
8522,1607899197324:571c911c-b9ae-4f9b-a33d-cf251fd54ab4,1607899197324:c846f22f-255b-49e0-bd3b-78382bdb441a,"size == ""1""","isEmpty == ""True""","peek_obj_type == ""class java.lang.String""","push == ""True""","pop == ""False""","clear == ""False""","calledMethod == ""push""","size_p == ""0""",Yes
8523,1607899197324:571c911c-b9ae-4f9b-a33d-cf251fd54ab4,1607899197324:c846f22f-255b-49e0-bd3b-78382bdb441a,"size == ""1""","isEmpty == ""True""","peek_obj_type == ""class java.lang.String""","push == ""False""","pop == ""True""","clear == ""False""","calledMethod == ""pop""","size_p == ""1""",Yes
8526,1607899197324:3754a6b0-03f3-48e6-ae71-b9cefee81d55,1607899197324:5afb26f8-7caa-4234-bf2b-792f13ce68c0,"size == ""1""","isEmpty == ""True""","peek_obj_type == ""class java.lang.String""","push == ""True""","pop == ""False""","clear == ""False""","calledMethod == ""push""","size_p == ""0""",Yes
8527,1607899197324:3754a6b0-03f3-48e6-ae71-b9cefee81d55,1607899197324:5afb26f8-7caa-4234-bf2b-792f13ce68c0,"size == ""1""","isEmpty == ""True""","peek_obj_type == ""class java.lang.String""","push == ""False""","pop == ""True""","clear == ""False""","calledMethod == ""pop""","size_p == ""1""",Yes
8529,1607899197324:3754a6b0-03f3-48e6-ae71-b9cefee81d55,1607899197324:31972145-2dc7-4dd5-92a4-5e148a161fd7,"size == ""1""","isEmpty == ""True""","peek_obj_type == ""class java.lang.String""","push == ""True""","pop == ""False""","clear == ""False""","calledMethod == ""push""","size_p == ""0""",Yes
8531,1607899197324:095a8524-2b3b-4c0f-ae0c-9a5f8a8651da,1607899197324:e73db354-46f8-4160-be1d-6deab5cbfa9b,"size == ""1""","isEmpty == ""True""","peek_obj_type == ""class java.lang.String""","push == ""True""","pop == ""False""","clear == ""False""","calledMethod == ""push""","size_p == ""0""",Yes
8532,1607899197324:095a8524-2b3b-4c0f-ae0c-9a5f8a8651da,1607899197324:e73db354-46f8-4160-be1d-6deab5cbfa9b,"size == ""1""","isEmpty == ""True""","peek_obj_type == ""class java.lang.String""","push == ""False""","pop == ""True""","clear == ""False""","calledMethod == ""pop""","size_p == ""1""",Yes
8535,1607899197323:d8064124-1c4d-4d2b-a043-16b300b16ea0,1607899197323:2b7e0604-ff7d-4866-84f5-ca7fdb01ea08,"size == ""1""","isEmpty == ""True""","peek_obj_type == ""class java.lang.String""","push == ""True""","pop == ""False""","clear == ""False""","calledMethod == ""push""","size_p == ""0""",Yes
8536,1607899197323:d8064124-1c4d-4d2b-a043-16b300b16ea0,1607899197323:2b7e0604-ff7d-4866-84f5-ca7fdb01ea08,"size == ""1""","isEmpty == ""True""","peek_obj_type == ""class java.lang.String""","push == ""False""","pop == ""False""","clear == ""True""","calledMethod == ""clear""","size_p == ""1""",Yes
8537,1607899197323:d8064124-1c4d-4d2b-a043-16b300b16ea0,1607899197323:2b7e0604-ff7d-4866-84f5-ca7fdb01ea08,"size == ""1""","isEmpty == ""True""","peek_obj_type == ""class java.lang.String""","push == ""False""","pop == ""False""","clear == ""True""","calledMethod == ""clear""","size_p == ""1""",Yes
8538,1607899197323:d8064124-1c4d-4d2b-a043-16b300b16ea0,1607899197323:2b7e0604-ff7d-4866-84f5-ca7fdb01ea08,"size == ""1""","isEmpty == ""True""","peek_obj_type == ""class java.lang.String""","push == ""False""","pop == ""False""","clear == ""True""","calledMethod == ""clear""","size_p == ""1""",Yes
8541,1607899197323:d7fdc7ab-199e-4d1d-b456-31e17b0ea18d,1607899197323:a8d0ed22-cbf4-43ef-95f2-31991a947710,"size == ""1""","isEmpty == ""True""","peek_obj_type == ""class java.lang.String""","push == ""True""","pop == ""False""","clear == ""False""","calledMethod == ""push""","size_p == ""0""",Yes
8542,1607899197323:d7fdc7ab-199e-4d1d-b456-31e17b0ea18d,1607899197323:a8d0ed22-cbf4-43ef-95f2-31991a947710,"size == ""1""","isEmpty == ""True""","peek_obj_type == ""class java.lang.String""","push == ""False""","pop == ""False""","clear == ""True""","calledMethod == ""clear""","size_p == ""1""",Yes
8543,1607899197323:d7fdc7ab-199e-4d1d-b456-31e17b0ea18d,1607899197323:a8d0ed22-cbf4-43ef-95f2-31991a947710,"size == ""1""","isEmpty == ""True""","peek_obj_type == ""class java.lang.String""","push == ""False""","pop == ""False""","clear == ""True""","calledMethod == ""clear""","size_p == ""1""",Yes
8544,1607899197323:d7fdc7ab-199e-4d1d-b456-31e17b0ea18d,1607899197323:a8d0ed22-cbf4-43ef-95f2-31991a947710,"size == ""1""","isEmpty == ""True""","peek_obj_type == ""class java.lang.String""","push == ""False""","pop == ""False""","clear == ""True""","calledMethod == ""clear""","size_p == ""1""",Yes
8546,1607899197323:d7fdc7ab-199e-4d1d-b456-31e17b0ea18d,1607899197323:69b8a3af-a21d-473d-9e67-5685700f6e49,"size == ""1""","isEmpty == ""True""","peek_obj_type == ""class java.lang.String""","push == ""True""","pop == ""False""","clear == ""False""","calledMethod == ""push""","size_p == ""0""",Yes
8547,1607899197323:d7fdc7ab-199e-4d1d-b456-31e17b0ea18d,1607899197323:69b8a3af-a21d-473d-9e67-5685700f6e49,"size == ""1""","isEmpty == ""True""","peek_obj_type == ""class java.lang.String""","push == ""False""","pop == ""True""","clear == ""False""","calledMethod == ""pop""","size_p == ""1""",Yes
8549,1607899197323:9297071a-ca01-4082-b658-46f1d80a769e,1607899197323:f92dc715-702d-4ec2-9ee4-e6a958f6dccf,"size == ""1""","isEmpty == ""True""","peek_obj_type == ""class java.lang.String""","push == ""True""","pop == ""False""","clear == ""False""","calledMethod == ""push""","size_p == ""0""",Yes
8550,1607899197323:9297071a-ca01-4082-b658-46f1d80a769e,1607899197323:f92dc715-702d-4ec2-9ee4-e6a958f6dccf,"size == ""1""","isEmpty == ""True""","peek_obj_type == ""class java.lang.String""","push == ""False""","pop == ""True""","clear == ""False""","calledMethod == ""pop""","size_p == ""1""",Yes
8552,1607899197323:4b522b9e-c268-4f83-94be-e72edbc54d56,1607899197323:dad813d6-6298-4b92-8409-c40c339f71ac,"size == ""1""","isEmpty == ""True""","peek_obj_type == ""class java.lang.String""","push == ""True""","pop == ""False""","clear == ""False""","calledMethod == ""push""","size_p == ""0""",Yes
8553,1607899197323:4b522b9e-c268-4f83-94be-e72edbc54d56,1607899197323:dad813d6-6298-4b92-8409-c40c339f71ac,"size == ""1""","isEmpty == ""True""","peek_obj_type == ""class java.lang.String""","push == ""False""","pop == ""True""","clear == ""False""","calledMethod == ""pop""","size_p == ""1""",Yes
8556,1607899197322:f22d75fa-4f0f-4c2d-89ae-397a226a7bc0,1607899197322:a01e695c-f4fe-4c58-8cca-4f8525c38c65,"size == ""1""","isEmpty == ""True""","peek_obj_type == ""class java.lang.String""","push == ""True""","pop == ""False""","clear == ""False""","calledMethod == ""push""","size_p == ""0""",Yes
8557,1607899197322:f22d75fa-4f0f-4c2d-89ae-397a226a7bc0,1607899197322:a01e695c-f4fe-4c58-8cca-4f8525c38c65,"size == ""1""","isEmpty == ""True""","peek_obj_type == ""class java.lang.String""","push == ""False""","pop == ""False""","clear == ""True""","calledMethod == ""clear""","size_p == ""1""",Yes
8558,1607899197322:f22d75fa-4f0f-4c2d-89ae-397a226a7bc0,1607899197322:a01e695c-f4fe-4c58-8cca-4f8525c38c65,"size == ""1""","isEmpty == ""True""","peek_obj_type == ""class java.lang.String""","push == ""False""","pop == ""False""","clear == ""True""","calledMethod == ""clear""","size_p == ""1""",Yes
8559,1607899197322:f22d75fa-4f0f-4c2d-89ae-397a226a7bc0,1607899197322:a01e695c-f4fe-4c58-8cca-4f8525c38c65,"size == ""1""","isEmpty == ""True""","peek_obj_type == ""class java.lang.String""","push == ""False""","pop == ""False""","clear == ""True""","calledMethod == ""clear""","size_p == ""1""",Yes
8561,1607899197322:f22d75fa-4f0f-4c2d-89ae-397a226a7bc0,1607899197322:7eb4d7e9-38ed-4e11-8bc1-5414d824345f,"size == ""1""","isEmpty == ""True""","peek_obj_type == ""class java.lang.String""","push == ""True""","pop == ""False""","clear == ""False""","calledMethod == ""push""","size_p == ""0""",Yes
8562,1607899197322:f22d75fa-4f0f-4c2d-89ae-397a226a7bc0,1607899197322:7eb4d7e9-38ed-4e11-8bc1-5414d824345f,"size == ""1""","isEmpty == ""True""","peek_obj_type == ""class java.lang.String""","push == ""False""","pop == ""True""","clear == ""False""","calledMethod == ""pop""","size_p == ""1""",Yes
8565,1607899197322:b575d69f-e733-46ed-81bf-72679811cf1b,1607899197323:9b4afafd-9499-415f-8b4d-5c4bab3acf61,"size == ""1""","isEmpty == ""True""","peek_obj_type == ""class java.lang.String""","push == ""True""","pop == ""False""","clear == ""False""","calledMethod == ""push""","size_p == ""0""",Yes
8566,1607899197322:b575d69f-e733-46ed-81bf-72679811cf1b,1607899197323:9b4afafd-9499-415f-8b4d-5c4bab3acf61,"size == ""1""","isEmpty == ""True""","peek_obj_type == ""class java.lang.String""","push == ""False""","pop == ""False""","clear == ""True""","calledMethod == ""clear""","size_p == ""1""",Yes
8567,1607899197322:b575d69f-e733-46ed-81bf-72679811cf1b,1607899197323:9b4afafd-9499-415f-8b4d-5c4bab3acf61,"size == ""1""","isEmpty == ""True""","peek_obj_type == ""class java.lang.String""","push == ""False""","pop == ""False""","clear == ""True""","calledMethod == ""clear""","size_p == ""1""",Yes
8568,1607899197322:b575d69f-e733-46ed-81bf-72679811cf1b,1607899197323:9b4afafd-9499-415f-8b4d-5c4bab3acf61,"size == ""1""","isEmpty == ""True""","peek_obj_type == ""class java.lang.String""","push == ""False""","pop == ""False""","clear == ""True""","calledMethod == ""clear""","size_p == ""1""",Yes
8570,1607899197322:b575d69f-e733-46ed-81bf-72679811cf1b,1607899197323:730f5f20-e600-4144-91c3-d8f8c782d5c9,"size == ""1""","isEmpty == ""True""","peek_obj_type == ""class java.lang.String""","push == ""True""","pop == ""False""","clear == ""False""","calledMethod == ""push""","size_p == ""0""",Yes
8571,1607899197322:b575d69f-e733-46ed-81bf-72679811cf1b,1607899197323:730f5f20-e600-4144-91c3-d8f8c782d5c9,"size == ""1""","isEmpty == ""True""","peek_obj_type == ""class java.lang.String""","push == ""False""","pop == ""True""","clear == ""False""","calledMethod == ""pop""","size_p == ""1""",Yes
8574,1607899197322:b575d69f-e733-46ed-81bf-72679811cf1b,1607899197322:f9bfd248-8d8a-4cf1-b80d-a7497cc31ce2,"size == ""1""","isEmpty == ""True""","peek_obj_type == ""class java.lang.String""","push == ""True""","pop == ""False""","clear == ""False""","calledMethod == ""push""","size_p == ""0""",Yes
8575,1607899197322:b575d69f-e733-46ed-81bf-72679811cf1b,1607899197322:f9bfd248-8d8a-4cf1-b80d-a7497cc31ce2,"size == ""1""","isEmpty == ""True""","peek_obj_type == ""class java.lang.String""","push == ""False""","pop == ""False""","clear == ""True""","calledMethod == ""clear""","size_p == ""1""",Yes
8576,1607899197322:b575d69f-e733-46ed-81bf-72679811cf1b,1607899197322:f9bfd248-8d8a-4cf1-b80d-a7497cc31ce2,"size == ""1""","isEmpty == ""True""","peek_obj_type == ""class java.lang.String""","push == ""False""","pop == ""False""","clear == ""True""","calledMethod == ""clear""","size_p == ""1""",Yes
8577,1607899197322:b575d69f-e733-46ed-81bf-72679811cf1b,1607899197322:f9bfd248-8d8a-4cf1-b80d-a7497cc31ce2,"size == ""1""","isEmpty == ""True""","peek_obj_type == ""class java.lang.String""","push == ""False""","pop == ""False""","clear == ""True""","calledMethod == ""clear""","size_p == ""1""",Yes
8578,1607899197322:b575d69f-e733-46ed-81bf-72679811cf1b,1607899197322:f9bfd248-8d8a-4cf1-b80d-a7497cc31ce2,"size == ""1""","isEmpty == ""True""","peek_obj_type == ""class java.lang.String""","push == ""False""","pop == ""False""","clear == ""True""","calledMethod == ""clear""","size_p == ""1""",Yes
8579,1607899197322:b575d69f-e733-46ed-81bf-72679811cf1b,1607899197322:f9bfd248-8d8a-4cf1-b80d-a7497cc31ce2,"size == ""1""","isEmpty == ""True""","peek_obj_type == ""class java.lang.String""","push == ""False""","pop == ""False""","clear == ""True""","calledMethod == ""clear""","size_p == ""1""",Yes
8581,1607899197322:9d3d0c08-a97d-4481-9050-4f2bf1872ba6,1607899197322:7c891384-d732-4afd-b21a-9f790e137e22,"size == ""1""","isEmpty == ""True""","peek_obj_type == ""class java.lang.String""","push == ""True""","pop == ""False""","clear == ""False""","calledMethod == ""push""","size_p == ""0""",Yes
8582,1607899197322:9d3d0c08-a97d-4481-9050-4f2bf1872ba6,1607899197322:7c891384-d732-4afd-b21a-9f790e137e22,"size == ""1""","isEmpty == ""True""","peek_obj_type == ""class java.lang.String""","push == ""False""","pop == ""True""","clear == ""False""","calledMethod == ""pop""","size_p == ""1""",Yes
8584,1607899197322:591ed547-d101-472c-b4c2-b437ead11e79,1607899197322:fa8ce127-60cb-4497-a1ad-2cb65057c0dc,"size == ""1""","isEmpty == ""True""","peek_obj_type == ""class java.lang.String""","push == ""True""","pop == ""False""","clear == ""False""","calledMethod == ""push""","size_p == ""0""",Yes
8585,1607899197322:591ed547-d101-472c-b4c2-b437ead11e79,1607899197322:fa8ce127-60cb-4497-a1ad-2cb65057c0dc,"size == ""1""","isEmpty == ""True""","peek_obj_type == ""class java.lang.String""","push == ""False""","pop == ""True""","clear == ""False""","calledMethod == ""pop""","size_p == ""1""",Yes
8587,1607899197322:591ed547-d101-472c-b4c2-b437ead11e79,1607899197322:72d263db-1c0c-4c76-b003-4b6ffe330cc2,"size == ""1""","isEmpty == ""True""","peek_obj_type == ""class java.lang.String""","push == ""True""","pop == ""False""","clear == ""False""","calledMethod == ""push""","size_p == ""0""",Yes
8588,1607899197322:591ed547-d101-472c-b4c2-b437ead11e79,1607899197322:72d263db-1c0c-4c76-b003-4b6ffe330cc2,"size == ""2""","isEmpty == ""True""","peek_obj_type == ""class java.lang.String""","push == ""True""","pop == ""False""","clear == ""False""","calledMethod == ""push""","size_p == ""1""",Yes
8590,1607899197321:6770c9ea-3e69-4fb0-bda7-da550dcb3e69,1607899197321:be67056b-79a0-474b-ba87-1ebaf28c002a,"size == ""1""","isEmpty == ""True""","peek_obj_type == ""class java.lang.String""","push == ""True""","pop == ""False""","clear == ""False""","calledMethod == ""push""","size_p == ""0""",Yes
8591,1607899197321:6770c9ea-3e69-4fb0-bda7-da550dcb3e69,1607899197321:be67056b-79a0-474b-ba87-1ebaf28c002a,"size == ""1""","isEmpty == ""True""","peek_obj_type == ""class java.lang.String""","push == ""False""","pop == ""True""","clear == ""False""","calledMethod == ""pop""","size_p == ""1""",Yes
8593,1607899197321:6770c9ea-3e69-4fb0-bda7-da550dcb3e69,1607899197321:4e8a6b6b-6289-4bee-bee1-c9da1ed6b70d,"size == ""1""","isEmpty == ""True""","peek_obj_type == ""class java.lang.String""","push == ""True""","pop == ""False""","clear == ""False""","calledMethod == ""push""","size_p == ""0""",Yes
8595,1607899197321:62eaafbc-c09f-49df-971c-720007e27488,1607899197321:df7a564f-a51e-4b8c-a012-89434e2fff7c,"size == ""1""","isEmpty == ""True""","peek_obj_type == ""class java.lang.String""","push == ""True""","pop == ""False""","clear == ""False""","calledMethod == ""push""","size_p == ""0""",Yes
8596,1607899197321:62eaafbc-c09f-49df-971c-720007e27488,1607899197321:df7a564f-a51e-4b8c-a012-89434e2fff7c,"size == ""1""","isEmpty == ""True""","peek_obj_type == ""class java.lang.String""","push == ""False""","pop == ""True""","clear == ""False""","calledMethod == ""pop""","size_p == ""1""",Yes
8598,1607899197321:62eaafbc-c09f-49df-971c-720007e27488,1607899197321:67b396e2-ebb9-49de-b7a6-d73f7f1e8c1d,"size == ""1""","isEmpty == ""True""","peek_obj_type == ""class java.lang.String""","push == ""True""","pop == ""False""","clear == ""False""","calledMethod == ""push""","size_p == ""0""",Yes
8599,1607899197321:62eaafbc-c09f-49df-971c-720007e27488,1607899197321:67b396e2-ebb9-49de-b7a6-d73f7f1e8c1d,"size == ""2""","isEmpty == ""True""","peek_obj_type == ""class java.lang.String""","push == ""True""","pop == ""False""","clear == ""False""","calledMethod == ""push""","size_p == ""1""",Yes
8601,1607899197321:2b40ba5a-289d-4a65-a27c-3afe58539c71,1607899197321:f2dcd8da-34c9-4964-b9a5-bbea5d64fcd9,"size == ""1""","isEmpty == ""True""","peek_obj_type == ""class java.lang.String""","push == ""True""","pop == ""False""","clear == ""False""","calledMethod == ""push""","size_p == ""0""",Yes
8602,1607899197321:2b40ba5a-289d-4a65-a27c-3afe58539c71,1607899197321:f2dcd8da-34c9-4964-b9a5-bbea5d64fcd9,"size == ""1""","isEmpty == ""True""","peek_obj_type == ""class java.lang.String""","push == ""False""","pop == ""True""","clear == ""False""","calledMethod == ""pop""","size_p == ""1""",Yes
8604,1607899197321:2b40ba5a-289d-4a65-a27c-3afe58539c71,1607899197321:3cbd67fb-8943-4560-a800-daa1d7e053b2,"size == ""1""","isEmpty == ""True""","peek_obj_type == ""class java.lang.String""","push == ""True""","pop == ""False""","clear == ""False""","calledMethod == ""push""","size_p == ""0""",Yes
8606,1607899197321:26406b53-00e1-4015-860d-2bf2c3ba86ea,1607899197321:aeed9ff5-bb26-4b41-a63d-fcfd9ff8a452,"size == ""1""","isEmpty == ""True""","peek_obj_type == ""class java.lang.String""","push == ""True""","pop == ""False""","clear == ""False""","calledMethod == ""push""","size_p == ""0""",Yes
8607,1607899197321:26406b53-00e1-4015-860d-2bf2c3ba86ea,1607899197321:aeed9ff5-bb26-4b41-a63d-fcfd9ff8a452,"size == ""1""","isEmpty == ""True""","peek_obj_type == ""class java.lang.String""","push == ""False""","pop == ""True""","clear == ""False""","calledMethod == ""pop""","size_p == ""1""",Yes
8609,1607899197321:26406b53-00e1-4015-860d-2bf2c3ba86ea,1607899197321:ab7f37be-22ca-4ce2-8990-fc2afa00de0a,"size == ""1""","isEmpty == ""True""","peek_obj_type == ""class java.lang.String""","push == ""True""","pop == ""False""","clear == ""False""","calledMethod == ""push""","size_p == ""0""",Yes
8610,1607899197321:26406b53-00e1-4015-860d-2bf2c3ba86ea,1607899197321:ab7f37be-22ca-4ce2-8990-fc2afa00de0a,"size == ""2""","isEmpty == ""True""","peek_obj_type == ""class java.lang.String""","push == ""True""","pop == ""False""","clear == ""False""","calledMethod == ""push""","size_p == ""1""",Yes
8612,1607899197321:136966b8-c0f4-4774-9314-ae07e8d7b05b,1607899197321:9deaeba3-2ee5-449f-9f55-de7bf46ffbb1,"size == ""1""","isEmpty == ""True""","peek_obj_type == ""class java.lang.String""","push == ""True""","pop == ""False""","clear == ""False""","calledMethod == ""push""","size_p == ""0""",Yes
8613,1607899197321:136966b8-c0f4-4774-9314-ae07e8d7b05b,1607899197321:9deaeba3-2ee5-449f-9f55-de7bf46ffbb1,"size == ""1""","isEmpty == ""True""","peek_obj_type == ""class java.lang.String""","push == ""False""","pop == ""True""","clear == ""False""","calledMethod == ""pop""","size_p == ""1""",Yes
8616,1607899197321:136966b8-c0f4-4774-9314-ae07e8d7b05b,1607899197321:2bd66641-2ed3-43e7-8d04-008d91e7a069,"size == ""1""","isEmpty == ""True""","peek_obj_type == ""class java.lang.String""","push == ""True""","pop == ""False""","clear == ""False""","calledMethod == ""push""","size_p == ""0""",Yes
8618,1607899197320:e68b00cc-794f-4f3f-8ac5-1b3c1fe748b2,1607899197320:59b8336f-b7da-49cb-9028-85619f5f7f6b,"size == ""1""","isEmpty == ""True""","peek_obj_type == ""class java.lang.String""","push == ""True""","pop == ""False""","clear == ""False""","calledMethod == ""push""","size_p == ""0""",Yes
8619,1607899197320:e68b00cc-794f-4f3f-8ac5-1b3c1fe748b2,1607899197320:59b8336f-b7da-49cb-9028-85619f5f7f6b,"size == ""1""","isEmpty == ""True""","peek_obj_type == ""class java.lang.String""","push == ""False""","pop == ""True""","clear == ""False""","calledMethod == ""pop""","size_p == ""1""",Yes
8621,1607899197320:6aee39b5-d9dc-4c5c-8321-d4c61441790a,1607899197320:208a8403-4eb9-41b5-862f-d2321f4b61c0,"size == ""1""","isEmpty == ""True""","peek_obj_type == ""class java.lang.String""","push == ""True""","pop == ""False""","clear == ""False""","calledMethod == ""push""","size_p == ""0""",Yes
8622,1607899197320:6aee39b5-d9dc-4c5c-8321-d4c61441790a,1607899197320:208a8403-4eb9-41b5-862f-d2321f4b61c0,"size == ""1""","isEmpty == ""True""","peek_obj_type == ""class java.lang.String""","push == ""False""","pop == ""True""","clear == ""False""","calledMethod == ""pop""","size_p == ""1""",Yes
8624,1607899197320:26de376b-8753-4bbc-b7ba-9445c9c317e3,1607899197320:a93cb067-99aa-4c22-9969-a22db7c54fed,"size == ""1""","isEmpty == ""True""","peek_obj_type == ""class java.lang.String""","push == ""True""","pop == ""False""","clear == ""False""","calledMethod == ""push""","size_p == ""0""",Yes
8625,1607899197320:26de376b-8753-4bbc-b7ba-9445c9c317e3,1607899197320:a93cb067-99aa-4c22-9969-a22db7c54fed,"size == ""2""","isEmpty == ""True""","peek_obj_type == ""class java.lang.String""","push == ""True""","pop == ""False""","clear == ""False""","calledMethod == ""push""","size_p == ""1""",Yes
8626,1607899197320:26de376b-8753-4bbc-b7ba-9445c9c317e3,1607899197320:a93cb067-99aa-4c22-9969-a22db7c54fed,"size == ""3""","isEmpty == ""True""","peek_obj_type == ""class java.lang.String""","push == ""True""","pop == ""False""","clear == ""False""","calledMethod == ""push""","size_p == ""2""",Yes
8628,1607899197320:26de376b-8753-4bbc-b7ba-9445c9c317e3,1607899197320:55830d2f-fc50-4cca-a7c2-b422735514f3,"size == ""1""","isEmpty == ""True""","peek_obj_type == ""class java.lang.String""","push == ""True""","pop == ""False""","clear == ""False""","calledMethod == ""push""","size_p == ""0""",Yes
8629,1607899197320:26de376b-8753-4bbc-b7ba-9445c9c317e3,1607899197320:55830d2f-fc50-4cca-a7c2-b422735514f3,"size == ""1""","isEmpty == ""True""","peek_obj_type == ""class java.lang.String""","push == ""False""","pop == ""True""","clear == ""False""","calledMethod == ""pop""","size_p == ""1""",Yes
8631,1607899197320:1e622c21-360c-480d-896e-b203885d2798,1607899197320:c6dedb0f-168d-4566-9cb4-62a2d4ece8b5,"size == ""1""","isEmpty == ""True""","peek_obj_type == ""class java.lang.String""","push == ""True""","pop == ""False""","clear == ""False""","calledMethod == ""push""","size_p == ""0""",Yes
8632,1607899197320:1e622c21-360c-480d-896e-b203885d2798,1607899197320:c6dedb0f-168d-4566-9cb4-62a2d4ece8b5,"size == ""1""","isEmpty == ""True""","peek_obj_type == ""class java.lang.String""","push == ""False""","pop == ""True""","clear == ""False""","calledMethod == ""pop""","size_p == ""1""",Yes
8635,1607899197320:1e622c21-360c-480d-896e-b203885d2798,1607899197320:5cc254c6-d0fe-404a-85fd-cd9a4a7d9017,"size == ""1""","isEmpty == ""True""","peek_obj_type == ""class java.lang.String""","push == ""True""","pop == ""False""","clear == ""False""","calledMethod == ""push""","size_p == ""0""",Yes
8636,1607899197320:1e622c21-360c-480d-896e-b203885d2798,1607899197320:5cc254c6-d0fe-404a-85fd-cd9a4a7d9017,"size == ""1""","isEmpty == ""True""","peek_obj_type == ""class java.lang.String""","push == ""False""","pop == ""False""","clear == ""True""","calledMethod == ""clear""","size_p == ""1""",Yes
8637,1607899197320:1e622c21-360c-480d-896e-b203885d2798,1607899197320:5cc254c6-d0fe-404a-85fd-cd9a4a7d9017,"size == ""1""","isEmpty == ""True""","peek_obj_type == ""class java.lang.String""","push == ""False""","pop == ""False""","clear == ""True""","calledMethod == ""clear""","size_p == ""1""",Yes
8638,1607899197320:1e622c21-360c-480d-896e-b203885d2798,1607899197320:5cc254c6-d0fe-404a-85fd-cd9a4a7d9017,"size == ""1""","isEmpty == ""True""","peek_obj_type == ""class java.lang.String""","push == ""False""","pop == ""False""","clear == ""True""","calledMethod == ""clear""","size_p == ""1""",Yes
8640,1607899197320:12767841-4f7a-4a26-9b40-dada7a2ec783,1607899197320:1867ceae-6812-4365-bcb2-90a4e523d021,"size == ""1""","isEmpty == ""True""","peek_obj_type == ""class java.lang.String""","push == ""True""","pop == ""False""","clear == ""False""","calledMethod == ""push""","size_p == ""0""",Yes
8641,1607899197320:12767841-4f7a-4a26-9b40-dada7a2ec783,1607899197320:1867ceae-6812-4365-bcb2-90a4e523d021,"size == ""1""","isEmpty == ""True""","peek_obj_type == ""class java.lang.String""","push == ""False""","pop == ""True""","clear == ""False""","calledMethod == ""pop""","size_p == ""1""",Yes
8643,1607899197319:bcccb454-bb1f-4725-92ab-72d6d08d2ac9,1607899197319:94803a33-d10f-4b5e-a92c-d3817aa758c7,"size == ""1""","isEmpty == ""True""","peek_obj_type == ""class java.lang.String""","push == ""True""","pop == ""False""","clear == ""False""","calledMethod == ""push""","size_p == ""0""",Yes
8645,1607899197319:bcccb454-bb1f-4725-92ab-72d6d08d2ac9,1607899197319:5bd30453-ec1a-4dca-becd-2b31c72e2e0c,"size == ""1""","isEmpty == ""True""","peek_obj_type == ""class java.lang.String""","push == ""True""","pop == ""False""","clear == ""False""","calledMethod == ""push""","size_p == ""0""",Yes
8646,1607899197319:bcccb454-bb1f-4725-92ab-72d6d08d2ac9,1607899197319:5bd30453-ec1a-4dca-becd-2b31c72e2e0c,"size == ""1""","isEmpty == ""True""","peek_obj_type == ""class java.lang.String""","push == ""False""","pop == ""True""","clear == ""False""","calledMethod == ""pop""","size_p == ""1""",Yes
8648,1607899197319:7c6a5625-3d66-45b5-a1e7-f2b6ec08c9e2,1607899197319:57148fc7-cdab-48fb-8698-0e2b20c76d7b,"size == ""1""","isEmpty == ""True""","peek_obj_type == ""class java.lang.String""","push == ""True""","pop == ""False""","clear == ""False""","calledMethod == ""push""","size_p == ""0""",Yes
8649,1607899197319:7c6a5625-3d66-45b5-a1e7-f2b6ec08c9e2,1607899197319:57148fc7-cdab-48fb-8698-0e2b20c76d7b,"size == ""2""","isEmpty == ""True""","peek_obj_type == ""class java.lang.String""","push == ""True""","pop == ""False""","clear == ""False""","calledMethod == ""push""","size_p == ""1""",Yes
8650,1607899197319:7c6a5625-3d66-45b5-a1e7-f2b6ec08c9e2,1607899197319:57148fc7-cdab-48fb-8698-0e2b20c76d7b,"size == ""2""","isEmpty == ""True""","peek_obj_type == ""class java.lang.String""","push == ""False""","pop == ""False""","clear == ""True""","calledMethod == ""clear""","size_p == ""2""",Yes
8652,1607899197319:7c6a5625-3d66-45b5-a1e7-f2b6ec08c9e2,1607899197319:43581219-411e-49bf-a1a0-6f4180fe81b2,"size == ""1""","isEmpty == ""True""","peek_obj_type == ""class java.lang.String""","push == ""True""","pop == ""False""","clear == ""False""","calledMethod == ""push""","size_p == ""0""",Yes
8653,1607899197319:7c6a5625-3d66-45b5-a1e7-f2b6ec08c9e2,1607899197319:43581219-411e-49bf-a1a0-6f4180fe81b2,"size == ""1""","isEmpty == ""True""","peek_obj_type == ""class java.lang.String""","push == ""False""","pop == ""True""","clear == ""False""","calledMethod == ""pop""","size_p == ""1""",Yes
8656,1607899197319:4187bb6c-fe47-4581-8d91-a0205a58be48,1607899197319:a6ba2667-38cd-456c-b6e6-3875f4c60bc8,"size == ""1""","isEmpty == ""True""","peek_obj_type == ""class java.lang.String""","push == ""True""","pop == ""False""","clear == ""False""","calledMethod == ""push""","size_p == ""0""",Yes
8657,1607899197319:4187bb6c-fe47-4581-8d91-a0205a58be48,1607899197319:a6ba2667-38cd-456c-b6e6-3875f4c60bc8,"size == ""1""","isEmpty == ""True""","peek_obj_type == ""class java.lang.String""","push == ""False""","pop == ""False""","clear == ""True""","calledMethod == ""clear""","size_p == ""1""",Yes
8658,1607899197319:4187bb6c-fe47-4581-8d91-a0205a58be48,1607899197319:a6ba2667-38cd-456c-b6e6-3875f4c60bc8,"size == ""1""","isEmpty == ""True""","peek_obj_type == ""class java.lang.String""","push == ""False""","pop == ""True""","clear == ""False""","calledMethod == ""pop""","size_p == ""1""",Yes
8660,1607899197319:2da37002-71fb-4359-ad2a-804f2f848f96,1607899197319:5269140b-a415-4957-8017-ef536480eb6b,"size == ""1""","isEmpty == ""True""","peek_obj_type == ""class java.lang.String""","push == ""True""","pop == ""False""","clear == ""False""","calledMethod == ""push""","size_p == ""0""",Yes
8661,1607899197319:2da37002-71fb-4359-ad2a-804f2f848f96,1607899197319:5269140b-a415-4957-8017-ef536480eb6b,"size == ""1""","isEmpty == ""True""","peek_obj_type == ""class java.lang.String""","push == ""False""","pop == ""True""","clear == ""False""","calledMethod == ""pop""","size_p == ""1""",Yes
8663,1607899197319:0170d321-b49e-43fb-949b-58a4297533fc,1607899197319:e33ba38d-c24b-4b52-af69-ab3e938544dd,"size == ""1""","isEmpty == ""True""","peek_obj_type == ""class java.lang.String""","push == ""True""","pop == ""False""","clear == ""False""","calledMethod == ""push""","size_p == ""0""",Yes
8664,1607899197319:0170d321-b49e-43fb-949b-58a4297533fc,1607899197319:e33ba38d-c24b-4b52-af69-ab3e938544dd,"size == ""1""","isEmpty == ""True""","peek_obj_type == ""class java.lang.String""","push == ""False""","pop == ""True""","clear == ""False""","calledMethod == ""pop""","size_p == ""1""",Yes
8667,1607899197319:0170d321-b49e-43fb-949b-58a4297533fc,1607899197319:0050c976-ca70-49ca-86ae-6e1cdae8b39b,"size == ""1""","isEmpty == ""True""","peek_obj_type == ""class java.lang.String""","push == ""True""","pop == ""False""","clear == ""False""","calledMethod == ""push""","size_p == ""0""",Yes
8668,1607899197319:0170d321-b49e-43fb-949b-58a4297533fc,1607899197319:0050c976-ca70-49ca-86ae-6e1cdae8b39b,"size == ""1""","isEmpty == ""True""","peek_obj_type == ""class java.lang.String""","push == ""False""","pop == ""False""","clear == ""True""","calledMethod == ""clear""","size_p == ""1""",Yes
8669,1607899197319:0170d321-b49e-43fb-949b-58a4297533fc,1607899197319:0050c976-ca70-49ca-86ae-6e1cdae8b39b,"size == ""1""","isEmpty == ""True""","peek_obj_type == ""class java.lang.String""","push == ""False""","pop == ""False""","clear == ""True""","calledMethod == ""clear""","size_p == ""1""",Yes
8670,1607899197319:0170d321-b49e-43fb-949b-58a4297533fc,1607899197319:0050c976-ca70-49ca-86ae-6e1cdae8b39b,"size == ""1""","isEmpty == ""True""","peek_obj_type == ""class java.lang.String""","push == ""False""","pop == ""False""","clear == ""True""","calledMethod == ""clear""","size_p == ""1""",Yes
8673,1607899197318:f702295d-319e-4b59-80d3-e5e43388aee1,1607899197318:0cf2cc7f-7c6b-4259-9e17-721337f492e8,"size == ""1""","isEmpty == ""True""","peek_obj_type == ""class java.lang.String""","push == ""True""","pop == ""False""","clear == ""False""","calledMethod == ""push""","size_p == ""0""",Yes
8674,1607899197318:f702295d-319e-4b59-80d3-e5e43388aee1,1607899197318:0cf2cc7f-7c6b-4259-9e17-721337f492e8,"size == ""1""","isEmpty == ""True""","peek_obj_type == ""class java.lang.String""","push == ""False""","pop == ""True""","clear == ""False""","calledMethod == ""pop""","size_p == ""1""",Yes
8676,1607899197318:e60d8ec9-9f6f-4e15-80e3-356ec49e4f72,1607899197318:95ffb519-b36a-4433-b1cd-eab9220a8a6b,"size == ""1""","isEmpty == ""True""","peek_obj_type == ""class java.lang.String""","push == ""True""","pop == ""False""","clear == ""False""","calledMethod == ""push""","size_p == ""0""",Yes
8677,1607899197318:e60d8ec9-9f6f-4e15-80e3-356ec49e4f72,1607899197318:95ffb519-b36a-4433-b1cd-eab9220a8a6b,"size == ""1""","isEmpty == ""True""","peek_obj_type == ""class java.lang.String""","push == ""False""","pop == ""True""","clear == ""False""","calledMethod == ""pop""","size_p == ""1""",Yes
8679,1607899197318:deaafc21-09ae-4523-9c5e-5eec11c708b7,1607899197318:b396b89a-f55c-4670-a3cf-d6b0e462049b,"size == ""1""","isEmpty == ""True""","peek_obj_type == ""class java.lang.String""","push == ""True""","pop == ""False""","clear == ""False""","calledMethod == ""push""","size_p == ""0""",Yes
8680,1607899197318:deaafc21-09ae-4523-9c5e-5eec11c708b7,1607899197318:b396b89a-f55c-4670-a3cf-d6b0e462049b,"size == ""1""","isEmpty == ""True""","peek_obj_type == ""class java.lang.String""","push == ""False""","pop == ""True""","clear == ""False""","calledMethod == ""pop""","size_p == ""1""",Yes
8682,1607899197318:deaafc21-09ae-4523-9c5e-5eec11c708b7,1607899197318:72109bce-7a26-4532-94b7-2b679f1a0543,"size == ""1""","isEmpty == ""True""","peek_obj_type == ""class java.lang.String""","push == ""True""","pop == ""False""","clear == ""False""","calledMethod == ""push""","size_p == ""0""",Yes
8684,1607899197318:61686f9a-55ca-42b0-a1b6-642912d7d0ef,1607899197318:cf4f79e1-f94c-4d97-9856-dc62e5647223,"size == ""1""","isEmpty == ""True""","peek_obj_type == ""class java.lang.String""","push == ""True""","pop == ""False""","clear == ""False""","calledMethod == ""push""","size_p == ""0""",Yes
8685,1607899197318:61686f9a-55ca-42b0-a1b6-642912d7d0ef,1607899197318:cf4f79e1-f94c-4d97-9856-dc62e5647223,"size == ""1""","isEmpty == ""True""","peek_obj_type == ""class java.lang.String""","push == ""False""","pop == ""True""","clear == ""False""","calledMethod == ""pop""","size_p == ""1""",Yes
8688,1607899197318:61686f9a-55ca-42b0-a1b6-642912d7d0ef,1607899197318:101c952e-8f68-44db-b101-64a038b2581c,"size == ""1""","isEmpty == ""True""","peek_obj_type == ""class java.lang.String""","push == ""True""","pop == ""False""","clear == ""False""","calledMethod == ""push""","size_p == ""0""",Yes
8689,1607899197318:61686f9a-55ca-42b0-a1b6-642912d7d0ef,1607899197318:101c952e-8f68-44db-b101-64a038b2581c,"size == ""1""","isEmpty == ""True""","peek_obj_type == ""class java.lang.String""","push == ""False""","pop == ""False""","clear == ""True""","calledMethod == ""clear""","size_p == ""1""",Yes
8690,1607899197318:61686f9a-55ca-42b0-a1b6-642912d7d0ef,1607899197318:101c952e-8f68-44db-b101-64a038b2581c,"size == ""1""","isEmpty == ""True""","peek_obj_type == ""class java.lang.String""","push == ""False""","pop == ""False""","clear == ""True""","calledMethod == ""clear""","size_p == ""1""",Yes
8691,1607899197318:61686f9a-55ca-42b0-a1b6-642912d7d0ef,1607899197318:101c952e-8f68-44db-b101-64a038b2581c,"size == ""1""","isEmpty == ""True""","peek_obj_type == ""class java.lang.String""","push == ""False""","pop == ""False""","clear == ""True""","calledMethod == ""clear""","size_p == ""1""",Yes
8693,1607899197318:1a3f8129-fcfb-4634-81c3-a27918ae7a98,1607899197318:d9f17f90-a6cd-4a2b-a5a3-b88adb687872,"size == ""1""","isEmpty == ""True""","peek_obj_type == ""class java.lang.String""","push == ""True""","pop == ""False""","clear == ""False""","calledMethod == ""push""","size_p == ""0""",Yes
8694,1607899197318:1a3f8129-fcfb-4634-81c3-a27918ae7a98,1607899197318:d9f17f90-a6cd-4a2b-a5a3-b88adb687872,"size == ""1""","isEmpty == ""True""","peek_obj_type == ""class java.lang.String""","push == ""False""","pop == ""True""","clear == ""False""","calledMethod == ""pop""","size_p == ""1""",Yes
8696,1607899197317:da3f9f1d-e4b5-4693-93ae-6753eec3b4f1,1607899197317:b08e97fd-c4c0-4b10-9bd7-8f713e5d83ac,"size == ""1""","isEmpty == ""True""","peek_obj_type == ""class java.lang.String""","push == ""True""","pop == ""False""","clear == ""False""","calledMethod == ""push""","size_p == ""0""",Yes
8697,1607899197317:da3f9f1d-e4b5-4693-93ae-6753eec3b4f1,1607899197317:b08e97fd-c4c0-4b10-9bd7-8f713e5d83ac,"size == ""1""","isEmpty == ""True""","peek_obj_type == ""class java.lang.String""","push == ""False""","pop == ""True""","clear == ""False""","calledMethod == ""pop""","size_p == ""1""",Yes
8700,1607899197317:da3f9f1d-e4b5-4693-93ae-6753eec3b4f1,1607899197317:9cdd75f0-621c-4af1-9247-a3847b88c518,"size == ""1""","isEmpty == ""True""","peek_obj_type == ""class java.lang.String""","push == ""True""","pop == ""False""","clear == ""False""","calledMethod == ""push""","size_p == ""0""",Yes
8701,1607899197317:da3f9f1d-e4b5-4693-93ae-6753eec3b4f1,1607899197317:9cdd75f0-621c-4af1-9247-a3847b88c518,"size == ""1""","isEmpty == ""True""","peek_obj_type == ""class java.lang.String""","push == ""False""","pop == ""False""","clear == ""True""","calledMethod == ""clear""","size_p == ""1""",Yes
8702,1607899197317:da3f9f1d-e4b5-4693-93ae-6753eec3b4f1,1607899197317:9cdd75f0-621c-4af1-9247-a3847b88c518,"size == ""1""","isEmpty == ""True""","peek_obj_type == ""class java.lang.String""","push == ""False""","pop == ""False""","clear == ""True""","calledMethod == ""clear""","size_p == ""1""",Yes
8703,1607899197317:da3f9f1d-e4b5-4693-93ae-6753eec3b4f1,1607899197317:9cdd75f0-621c-4af1-9247-a3847b88c518,"size == ""1""","isEmpty == ""True""","peek_obj_type == ""class java.lang.String""","push == ""False""","pop == ""False""","clear == ""True""","calledMethod == ""clear""","size_p == ""1""",Yes
8705,1607899197317:77b1e42d-5014-45a6-aa3d-38d5e076b5e3,1607899197317:7c650ecf-0a56-418b-8717-71ead7d83577,"size == ""1""","isEmpty == ""True""","peek_obj_type == ""class java.lang.String""","push == ""True""","pop == ""False""","clear == ""False""","calledMethod == ""push""","size_p == ""0""",Yes
8706,1607899197317:77b1e42d-5014-45a6-aa3d-38d5e076b5e3,1607899197317:7c650ecf-0a56-418b-8717-71ead7d83577,"size == ""2""","isEmpty == ""True""","peek_obj_type == ""class java.lang.String""","push == ""True""","pop == ""False""","clear == ""False""","calledMethod == ""push""","size_p == ""1""",Yes
8707,1607899197317:77b1e42d-5014-45a6-aa3d-38d5e076b5e3,1607899197317:7c650ecf-0a56-418b-8717-71ead7d83577,"size == ""3""","isEmpty == ""True""","peek_obj_type == ""class java.lang.String""","push == ""True""","pop == ""False""","clear == ""False""","calledMethod == ""push""","size_p == ""2""",Yes
8710,1607899197317:77b1e42d-5014-45a6-aa3d-38d5e076b5e3,1607899197317:56a3a3b0-93cb-41d7-8a6f-741fec68ea74,"size == ""1""","isEmpty == ""True""","peek_obj_type == ""class java.lang.String""","push == ""True""","pop == ""False""","clear == ""False""","calledMethod == ""push""","size_p == ""0""",Yes
8711,1607899197317:77b1e42d-5014-45a6-aa3d-38d5e076b5e3,1607899197317:56a3a3b0-93cb-41d7-8a6f-741fec68ea74,"size == ""1""","isEmpty == ""True""","peek_obj_type == ""class java.lang.String""","push == ""False""","pop == ""True""","clear == ""False""","calledMethod == ""pop""","size_p == ""1""",Yes
8714,1607899197316:f293cb12-33e4-4a29-a5ec-4efc8e373ff6,1607899197317:5e41faaa-3be5-4475-9a16-3e3490866b53,"size == ""1""","isEmpty == ""True""","peek_obj_type == ""class java.lang.String""","push == ""True""","pop == ""False""","clear == ""False""","calledMethod == ""push""","size_p == ""0""",Yes
8715,1607899197316:f293cb12-33e4-4a29-a5ec-4efc8e373ff6,1607899197317:5e41faaa-3be5-4475-9a16-3e3490866b53,"size == ""1""","isEmpty == ""True""","peek_obj_type == ""class java.lang.String""","push == ""False""","pop == ""False""","clear == ""True""","calledMethod == ""clear""","size_p == ""1""",Yes
8716,1607899197316:f293cb12-33e4-4a29-a5ec-4efc8e373ff6,1607899197317:5e41faaa-3be5-4475-9a16-3e3490866b53,"size == ""1""","isEmpty == ""True""","peek_obj_type == ""class java.lang.String""","push == ""False""","pop == ""False""","clear == ""True""","calledMethod == ""clear""","size_p == ""1""",Yes
8717,1607899197316:f293cb12-33e4-4a29-a5ec-4efc8e373ff6,1607899197317:5e41faaa-3be5-4475-9a16-3e3490866b53,"size == ""1""","isEmpty == ""True""","peek_obj_type == ""class java.lang.String""","push == ""False""","pop == ""False""","clear == ""True""","calledMethod == ""clear""","size_p == ""1""",Yes
8719,1607899197316:f293cb12-33e4-4a29-a5ec-4efc8e373ff6,1607899197317:0bd8a99a-e1e9-4f91-8085-647c93e4a816,"size == ""1""","isEmpty == ""True""","peek_obj_type == ""class java.lang.String""","push == ""True""","pop == ""False""","clear == ""False""","calledMethod == ""push""","size_p == ""0""",Yes
8720,1607899197316:f293cb12-33e4-4a29-a5ec-4efc8e373ff6,1607899197317:0bd8a99a-e1e9-4f91-8085-647c93e4a816,"size == ""1""","isEmpty == ""True""","peek_obj_type == ""class java.lang.String""","push == ""False""","pop == ""True""","clear == ""False""","calledMethod == ""pop""","size_p == ""1""",Yes
8722,1607899197316:dd65d510-a556-4ee0-96c3-bbb043d14694,1607899197316:de4be0f4-a010-4c83-beb1-22b52663a4e0,"size == ""1""","isEmpty == ""True""","peek_obj_type == ""class java.lang.String""","push == ""True""","pop == ""False""","clear == ""False""","calledMethod == ""push""","size_p == ""0""",Yes
8723,1607899197316:dd65d510-a556-4ee0-96c3-bbb043d14694,1607899197316:de4be0f4-a010-4c83-beb1-22b52663a4e0,"size == ""1""","isEmpty == ""True""","peek_obj_type == ""class java.lang.String""","push == ""False""","pop == ""True""","clear == ""False""","calledMethod == ""pop""","size_p == ""1""",Yes
8726,1607899197316:dd65d510-a556-4ee0-96c3-bbb043d14694,1607899197316:90287572-a5de-46c4-8956-6165499c6ae5,"size == ""1""","isEmpty == ""True""","peek_obj_type == ""class java.lang.String""","push == ""True""","pop == ""False""","clear == ""False""","calledMethod == ""push""","size_p == ""0""",Yes
8727,1607899197316:dd65d510-a556-4ee0-96c3-bbb043d14694,1607899197316:90287572-a5de-46c4-8956-6165499c6ae5,"size == ""1""","isEmpty == ""True""","peek_obj_type == ""class java.lang.String""","push == ""False""","pop == ""False""","clear == ""True""","calledMethod == ""clear""","size_p == ""1""",Yes
8728,1607899197316:dd65d510-a556-4ee0-96c3-bbb043d14694,1607899197316:90287572-a5de-46c4-8956-6165499c6ae5,"size == ""1""","isEmpty == ""True""","peek_obj_type == ""class java.lang.String""","push == ""False""","pop == ""False""","clear == ""True""","calledMethod == ""clear""","size_p == ""1""",Yes
8729,1607899197316:dd65d510-a556-4ee0-96c3-bbb043d14694,1607899197316:90287572-a5de-46c4-8956-6165499c6ae5,"size == ""1""","isEmpty == ""True""","peek_obj_type == ""class java.lang.String""","push == ""False""","pop == ""False""","clear == ""True""","calledMethod == ""clear""","size_p == ""1""",Yes
8732,1607899197316:4e9534af-8dea-4682-b4a4-e09833f8422d,1607899197316:ea6046a6-20e2-4587-8a66-1ab7b4513a6c,"size == ""1""","isEmpty == ""True""","peek_obj_type == ""class java.lang.String""","push == ""True""","pop == ""False""","clear == ""False""","calledMethod == ""push""","size_p == ""0""",Yes
8733,1607899197316:4e9534af-8dea-4682-b4a4-e09833f8422d,1607899197316:ea6046a6-20e2-4587-8a66-1ab7b4513a6c,"size == ""1""","isEmpty == ""True""","peek_obj_type == ""class java.lang.String""","push == ""False""","pop == ""False""","clear == ""True""","calledMethod == ""clear""","size_p == ""1""",Yes
8734,1607899197316:4e9534af-8dea-4682-b4a4-e09833f8422d,1607899197316:ea6046a6-20e2-4587-8a66-1ab7b4513a6c,"size == ""1""","isEmpty == ""True""","peek_obj_type == ""class java.lang.String""","push == ""False""","pop == ""False""","clear == ""True""","calledMethod == ""clear""","size_p == ""1""",Yes
8735,1607899197316:4e9534af-8dea-4682-b4a4-e09833f8422d,1607899197316:ea6046a6-20e2-4587-8a66-1ab7b4513a6c,"size == ""1""","isEmpty == ""True""","peek_obj_type == ""class java.lang.String""","push == ""False""","pop == ""False""","clear == ""True""","calledMethod == ""clear""","size_p == ""1""",Yes
8737,1607899197316:4e9534af-8dea-4682-b4a4-e09833f8422d,1607899197316:50eacece-72e5-4da3-bb26-9aa855e805dc,"size == ""1""","isEmpty == ""True""","peek_obj_type == ""class java.lang.String""","push == ""True""","pop == ""False""","clear == ""False""","calledMethod == ""push""","size_p == ""0""",Yes
8738,1607899197316:4e9534af-8dea-4682-b4a4-e09833f8422d,1607899197316:50eacece-72e5-4da3-bb26-9aa855e805dc,"size == ""1""","isEmpty == ""True""","peek_obj_type == ""class java.lang.String""","push == ""False""","pop == ""True""","clear == ""False""","calledMethod == ""pop""","size_p == ""1""",Yes
8740,1607899197316:213e033c-1546-4808-8696-6a360d2d41ab,1607899197316:bde975f6-efdc-45f4-a7fc-12b6bfa76f1c,"size == ""1""","isEmpty == ""True""","peek_obj_type == ""class java.lang.String""","push == ""True""","pop == ""False""","clear == ""False""","calledMethod == ""push""","size_p == ""0""",Yes
8741,1607899197316:213e033c-1546-4808-8696-6a360d2d41ab,1607899197316:bde975f6-efdc-45f4-a7fc-12b6bfa76f1c,"size == ""1""","isEmpty == ""True""","peek_obj_type == ""class java.lang.String""","push == ""False""","pop == ""True""","clear == ""False""","calledMethod == ""pop""","size_p == ""1""",Yes
8743,1607899197316:213e033c-1546-4808-8696-6a360d2d41ab,1607899197316:729dfa0c-dc78-4518-89b8-e628d6d6d57d,"size == ""1""","isEmpty == ""True""","peek_obj_type == ""class java.lang.String""","push == ""True""","pop == ""False""","clear == ""False""","calledMethod == ""push""","size_p == ""0""",Yes
8745,1607899197315:dfb3e010-08f6-45d4-974f-3c4065143db2,1607899197315:e59b25fd-4230-444f-9dec-40eba1a5fa47,"size == ""1""","isEmpty == ""True""","peek_obj_type == ""class java.lang.String""","push == ""True""","pop == ""False""","clear == ""False""","calledMethod == ""push""","size_p == ""0""",Yes
8746,1607899197315:dfb3e010-08f6-45d4-974f-3c4065143db2,1607899197315:e59b25fd-4230-444f-9dec-40eba1a5fa47,"size == ""1""","isEmpty == ""True""","peek_obj_type == ""class java.lang.String""","push == ""False""","pop == ""True""","clear == ""False""","calledMethod == ""pop""","size_p == ""1""",Yes
8748,1607899197315:b923c7c1-c18f-41cf-9c76-4da9ee726ee6,1607899197315:af20c685-ed30-49e3-8974-3a7ebaa0468a,"size == ""1""","isEmpty == ""True""","peek_obj_type == ""class java.lang.String""","push == ""True""","pop == ""False""","clear == ""False""","calledMethod == ""push""","size_p == ""0""",Yes
8749,1607899197315:b923c7c1-c18f-41cf-9c76-4da9ee726ee6,1607899197315:af20c685-ed30-49e3-8974-3a7ebaa0468a,"size == ""1""","isEmpty == ""True""","peek_obj_type == ""class java.lang.String""","push == ""False""","pop == ""True""","clear == ""False""","calledMethod == ""pop""","size_p == ""1""",Yes
8752,1607899197315:b923c7c1-c18f-41cf-9c76-4da9ee726ee6,1607899197315:7645eb94-3ab9-45b7-92ff-5d11b7c1d73d,"size == ""1""","isEmpty == ""True""","peek_obj_type == ""class java.lang.String""","push == ""True""","pop == ""False""","clear == ""False""","calledMethod == ""push""","size_p == ""0""",Yes
8753,1607899197315:b923c7c1-c18f-41cf-9c76-4da9ee726ee6,1607899197315:7645eb94-3ab9-45b7-92ff-5d11b7c1d73d,"size == ""1""","isEmpty == ""True""","peek_obj_type == ""class java.lang.String""","push == ""False""","pop == ""False""","clear == ""True""","calledMethod == ""clear""","size_p == ""1""",Yes
8754,1607899197315:b923c7c1-c18f-41cf-9c76-4da9ee726ee6,1607899197315:7645eb94-3ab9-45b7-92ff-5d11b7c1d73d,"size == ""1""","isEmpty == ""True""","peek_obj_type == ""class java.lang.String""","push == ""False""","pop == ""False""","clear == ""True""","calledMethod == ""clear""","size_p == ""1""",Yes
8755,1607899197315:b923c7c1-c18f-41cf-9c76-4da9ee726ee6,1607899197315:7645eb94-3ab9-45b7-92ff-5d11b7c1d73d,"size == ""1""","isEmpty == ""True""","peek_obj_type == ""class java.lang.String""","push == ""False""","pop == ""False""","clear == ""True""","calledMethod == ""clear""","size_p == ""1""",Yes
8758,1607899197315:7e278b46-7e58-4d64-8d93-2edd2383ffd0,1607899197315:da2b7a6a-511c-426e-9f5d-5c3c3d98f05d,"size == ""1""","isEmpty == ""True""","peek_obj_type == ""class java.lang.String""","push == ""True""","pop == ""False""","clear == ""False""","calledMethod == ""push""","size_p == ""0""",Yes
8759,1607899197315:7e278b46-7e58-4d64-8d93-2edd2383ffd0,1607899197315:da2b7a6a-511c-426e-9f5d-5c3c3d98f05d,"size == ""1""","isEmpty == ""True""","peek_obj_type == ""class java.lang.String""","push == ""False""","pop == ""False""","clear == ""True""","calledMethod == ""clear""","size_p == ""1""",Yes
8760,1607899197315:7e278b46-7e58-4d64-8d93-2edd2383ffd0,1607899197315:da2b7a6a-511c-426e-9f5d-5c3c3d98f05d,"size == ""1""","isEmpty == ""True""","peek_obj_type == ""class java.lang.String""","push == ""False""","pop == ""False""","clear == ""True""","calledMethod == ""clear""","size_p == ""1""",Yes
8761,1607899197315:7e278b46-7e58-4d64-8d93-2edd2383ffd0,1607899197315:da2b7a6a-511c-426e-9f5d-5c3c3d98f05d,"size == ""1""","isEmpty == ""True""","peek_obj_type == ""class java.lang.String""","push == ""False""","pop == ""False""","clear == ""True""","calledMethod == ""clear""","size_p == ""1""",Yes
8763,1607899197315:7e278b46-7e58-4d64-8d93-2edd2383ffd0,1607899197315:7b27eab5-d90c-4e19-8d9e-b3fb3f0d1301,"size == ""1""","isEmpty == ""True""","peek_obj_type == ""class java.lang.String""","push == ""True""","pop == ""False""","clear == ""False""","calledMethod == ""push""","size_p == ""0""",Yes
8764,1607899197315:7e278b46-7e58-4d64-8d93-2edd2383ffd0,1607899197315:7b27eab5-d90c-4e19-8d9e-b3fb3f0d1301,"size == ""1""","isEmpty == ""True""","peek_obj_type == ""class java.lang.String""","push == ""False""","pop == ""True""","clear == ""False""","calledMethod == ""pop""","size_p == ""1""",Yes
8766,1607899197315:3e21c854-a203-413a-905c-b60b5880dc41,1607899197315:32edd1b1-c050-42d1-98b4-fff08c15043e,"size == ""1""","isEmpty == ""True""","peek_obj_type == ""class java.lang.String""","push == ""True""","pop == ""False""","clear == ""False""","calledMethod == ""push""","size_p == ""0""",Yes
8767,1607899197315:3e21c854-a203-413a-905c-b60b5880dc41,1607899197315:32edd1b1-c050-42d1-98b4-fff08c15043e,"size == ""1""","isEmpty == ""True""","peek_obj_type == ""class java.lang.String""","push == ""False""","pop == ""True""","clear == ""False""","calledMethod == ""pop""","size_p == ""1""",Yes
8769,1607899197314:aca208d8-bdd4-4efc-8497-2c3156306ae0,1607899197314:399ceb55-ff6c-43cc-a791-14805be41541,"size == ""1""","isEmpty == ""True""","peek_obj_type == ""class java.lang.String""","push == ""True""","pop == ""False""","clear == ""False""","calledMethod == ""push""","size_p == ""0""",Yes
8770,1607899197314:aca208d8-bdd4-4efc-8497-2c3156306ae0,1607899197314:399ceb55-ff6c-43cc-a791-14805be41541,"size == ""1""","isEmpty == ""True""","peek_obj_type == ""class java.lang.String""","push == ""False""","pop == ""True""","clear == ""False""","calledMethod == ""pop""","size_p == ""1""",Yes
8772,1607899197314:91936a02-8204-4552-95df-dc411aa93ae9,1607899197314:f34e48d8-854e-4c1a-9c88-905efc04f4d7,"size == ""1""","isEmpty == ""True""","peek_obj_type == ""class java.lang.String""","push == ""True""","pop == ""False""","clear == ""False""","calledMethod == ""push""","size_p == ""0""",Yes
8773,1607899197314:91936a02-8204-4552-95df-dc411aa93ae9,1607899197314:f34e48d8-854e-4c1a-9c88-905efc04f4d7,"size == ""1""","isEmpty == ""True""","peek_obj_type == ""class java.lang.String""","push == ""False""","pop == ""True""","clear == ""False""","calledMethod == ""pop""","size_p == ""1""",Yes
8775,1607899197314:91936a02-8204-4552-95df-dc411aa93ae9,1607899197314:eeea606d-68cf-4dc6-b66a-4beab3ad638c,"size == ""1""","isEmpty == ""True""","peek_obj_type == ""class java.lang.String""","push == ""True""","pop == ""False""","clear == ""False""","calledMethod == ""push""","size_p == ""0""",Yes
8777,1607899197314:91936a02-8204-4552-95df-dc411aa93ae9,1607899197314:d8d4f27b-5436-4546-bb32-dc9bf58e6ea0,"size == ""1""","isEmpty == ""True""","peek_obj_type == ""class java.lang.String""","push == ""True""","pop == ""False""","clear == ""False""","calledMethod == ""push""","size_p == ""0""",Yes
8778,1607899197314:91936a02-8204-4552-95df-dc411aa93ae9,1607899197314:d8d4f27b-5436-4546-bb32-dc9bf58e6ea0,"size == ""2""","isEmpty == ""True""","peek_obj_type == ""class java.lang.String""","push == ""True""","pop == ""False""","clear == ""False""","calledMethod == ""push""","size_p == ""1""",Yes
8779,1607899197314:91936a02-8204-4552-95df-dc411aa93ae9,1607899197314:d8d4f27b-5436-4546-bb32-dc9bf58e6ea0,"size == ""3""","isEmpty == ""True""","peek_obj_type == ""class java.lang.String""","push == ""True""","pop == ""False""","clear == ""False""","calledMethod == ""push""","size_p == ""2""",Yes
8780,1607899197314:91936a02-8204-4552-95df-dc411aa93ae9,1607899197314:d8d4f27b-5436-4546-bb32-dc9bf58e6ea0,"size == ""3""","isEmpty == ""True""","peek_obj_type == ""class java.lang.String""","push == ""False""","pop == ""False""","clear == ""True""","calledMethod == ""clear""","size_p == ""3""",Yes
8782,1607899197314:1626226d-21f0-41fe-b005-f4a4e4234cad,1607899197314:1a6356e1-96ec-445f-8183-5b1ccf751165,"size == ""1""","isEmpty == ""True""","peek_obj_type == ""class java.lang.String""","push == ""True""","pop == ""False""","clear == ""False""","calledMethod == ""push""","size_p == ""0""",Yes
8783,1607899197314:1626226d-21f0-41fe-b005-f4a4e4234cad,1607899197314:1a6356e1-96ec-445f-8183-5b1ccf751165,"size == ""1""","isEmpty == ""True""","peek_obj_type == ""class java.lang.String""","push == ""False""","pop == ""True""","clear == ""False""","calledMethod == ""pop""","size_p == ""1""",Yes
8786,1607899197314:12528707-7ed8-4e07-b9a6-ae446a93fcd4,1607899197314:e9c88a34-5e90-4b0e-bd19-7792e6fbceab,"size == ""1""","isEmpty == ""True""","peek_obj_type == ""class java.lang.String""","push == ""True""","pop == ""False""","clear == ""False""","calledMethod == ""push""","size_p == ""0""",Yes
8787,1607899197314:12528707-7ed8-4e07-b9a6-ae446a93fcd4,1607899197314:e9c88a34-5e90-4b0e-bd19-7792e6fbceab,"size == ""1""","isEmpty == ""True""","peek_obj_type == ""class java.lang.String""","push == ""False""","pop == ""False""","clear == ""True""","calledMethod == ""clear""","size_p == ""1""",Yes
8788,1607899197314:12528707-7ed8-4e07-b9a6-ae446a93fcd4,1607899197314:e9c88a34-5e90-4b0e-bd19-7792e6fbceab,"size == ""1""","isEmpty == ""True""","peek_obj_type == ""class java.lang.String""","push == ""False""","pop == ""False""","clear == ""True""","calledMethod == ""clear""","size_p == ""1""",Yes
8789,1607899197314:12528707-7ed8-4e07-b9a6-ae446a93fcd4,1607899197314:e9c88a34-5e90-4b0e-bd19-7792e6fbceab,"size == ""1""","isEmpty == ""True""","peek_obj_type == ""class java.lang.String""","push == ""False""","pop == ""False""","clear == ""True""","calledMethod == ""clear""","size_p == ""1""",Yes
8791,1607899197314:12528707-7ed8-4e07-b9a6-ae446a93fcd4,1607899197314:903a5e4c-79a4-4ca4-a7a7-f0aa46c6ac10,"size == ""1""","isEmpty == ""True""","peek_obj_type == ""class java.lang.String""","push == ""True""","pop == ""False""","clear == ""False""","calledMethod == ""push""","size_p == ""0""",Yes
8792,1607899197314:12528707-7ed8-4e07-b9a6-ae446a93fcd4,1607899197314:903a5e4c-79a4-4ca4-a7a7-f0aa46c6ac10,"size == ""1""","isEmpty == ""True""","peek_obj_type == ""class java.lang.String""","push == ""False""","pop == ""True""","clear == ""False""","calledMethod == ""pop""","size_p == ""1""",Yes
8794,1607899197313:e37d260e-b316-4075-bd71-377415685ad1,1607899197313:0985f70a-0ff8-45d3-8dbb-38a67baf20af,"size == ""1""","isEmpty == ""True""","peek_obj_type == ""class java.lang.String""","push == ""True""","pop == ""False""","clear == ""False""","calledMethod == ""push""","size_p == ""0""",Yes
8795,1607899197313:e37d260e-b316-4075-bd71-377415685ad1,1607899197313:0985f70a-0ff8-45d3-8dbb-38a67baf20af,"size == ""1""","isEmpty == ""True""","peek_obj_type == ""class java.lang.String""","push == ""False""","pop == ""True""","clear == ""False""","calledMethod == ""pop""","size_p == ""1""",Yes
8797,1607899197313:ba2c937e-eef2-4fa4-a471-2178bb51d73a,1607899197313:fbf5e670-7c01-4d0b-abb7-795fb51a58f1,"size == ""1""","isEmpty == ""True""","peek_obj_type == ""class java.lang.String""","push == ""True""","pop == ""False""","clear == ""False""","calledMethod == ""push""","size_p == ""0""",Yes
8798,1607899197313:ba2c937e-eef2-4fa4-a471-2178bb51d73a,1607899197313:fbf5e670-7c01-4d0b-abb7-795fb51a58f1,"size == ""1""","isEmpty == ""True""","peek_obj_type == ""class java.lang.String""","push == ""False""","pop == ""True""","clear == ""False""","calledMethod == ""pop""","size_p == ""1""",Yes
8800,1607899197313:ba2c937e-eef2-4fa4-a471-2178bb51d73a,1607899197313:759bee0c-c5cb-4eff-8e3c-3b5b959a8b70,"size == ""1""","isEmpty == ""True""","peek_obj_type == ""class java.lang.String""","push == ""True""","pop == ""False""","clear == ""False""","calledMethod == ""push""","size_p == ""0""",Yes
8801,1607899197313:ba2c937e-eef2-4fa4-a471-2178bb51d73a,1607899197313:759bee0c-c5cb-4eff-8e3c-3b5b959a8b70,"size == ""2""","isEmpty == ""True""","peek_obj_type == ""class java.lang.String""","push == ""True""","pop == ""False""","clear == ""False""","calledMethod == ""push""","size_p == ""1""",Yes
8804,1607899197313:287ba1aa-4964-46df-b830-eccb2cb9b02c,1607899197313:c5af3228-096b-462c-bc3a-72b1ff1eba38,"size == ""1""","isEmpty == ""True""","peek_obj_type == ""class java.lang.String""","push == ""True""","pop == ""False""","clear == ""False""","calledMethod == ""push""","size_p == ""0""",Yes
8805,1607899197313:287ba1aa-4964-46df-b830-eccb2cb9b02c,1607899197313:c5af3228-096b-462c-bc3a-72b1ff1eba38,"size == ""1""","isEmpty == ""True""","peek_obj_type == ""class java.lang.String""","push == ""False""","pop == ""False""","clear == ""True""","calledMethod == ""clear""","size_p == ""1""",Yes
8806,1607899197313:287ba1aa-4964-46df-b830-eccb2cb9b02c,1607899197313:c5af3228-096b-462c-bc3a-72b1ff1eba38,"size == ""1""","isEmpty == ""True""","peek_obj_type == ""class java.lang.String""","push == ""False""","pop == ""False""","clear == ""True""","calledMethod == ""clear""","size_p == ""1""",Yes
8807,1607899197313:287ba1aa-4964-46df-b830-eccb2cb9b02c,1607899197313:c5af3228-096b-462c-bc3a-72b1ff1eba38,"size == ""1""","isEmpty == ""True""","peek_obj_type == ""class java.lang.String""","push == ""False""","pop == ""False""","clear == ""True""","calledMethod == ""clear""","size_p == ""1""",Yes
8809,1607899197313:287ba1aa-4964-46df-b830-eccb2cb9b02c,1607899197313:586b9f55-9c9e-4bbf-9217-606ac5b57aca,"size == ""1""","isEmpty == ""True""","peek_obj_type == ""class java.lang.String""","push == ""True""","pop == ""False""","clear == ""False""","calledMethod == ""push""","size_p == ""0""",Yes
8810,1607899197313:287ba1aa-4964-46df-b830-eccb2cb9b02c,1607899197313:586b9f55-9c9e-4bbf-9217-606ac5b57aca,"size == ""1""","isEmpty == ""True""","peek_obj_type == ""class java.lang.String""","push == ""False""","pop == ""True""","clear == ""False""","calledMethod == ""pop""","size_p == ""1""",Yes
8812,1607899197313:0ff456a4-9db0-4705-8189-0a3dd1d4b982,1607899197313:a035e571-faf3-443b-a246-4848c11f4aba,"size == ""1""","isEmpty == ""True""","peek_obj_type == ""class java.lang.String""","push == ""True""","pop == ""False""","clear == ""False""","calledMethod == ""push""","size_p == ""0""",Yes
8813,1607899197313:0ff456a4-9db0-4705-8189-0a3dd1d4b982,1607899197313:a035e571-faf3-443b-a246-4848c11f4aba,"size == ""1""","isEmpty == ""True""","peek_obj_type == ""class java.lang.String""","push == ""False""","pop == ""True""","clear == ""False""","calledMethod == ""pop""","size_p == ""1""",Yes
8815,1607899197313:0ff456a4-9db0-4705-8189-0a3dd1d4b982,1607899197313:173ee375-21ba-4b0f-9cae-95d8fbfe6f8c,"size == ""1""","isEmpty == ""True""","peek_obj_type == ""class java.lang.String""","push == ""True""","pop == ""False""","clear == ""False""","calledMethod == ""push""","size_p == ""0""",Yes
8816,1607899197313:0ff456a4-9db0-4705-8189-0a3dd1d4b982,1607899197313:173ee375-21ba-4b0f-9cae-95d8fbfe6f8c,"size == ""2""","isEmpty == ""True""","peek_obj_type == ""class java.lang.String""","push == ""True""","pop == ""False""","clear == ""False""","calledMethod == ""push""","size_p == ""1""",Yes
8818,1607899197313:0b06aaca-7efa-4f87-bd5e-05bc9c8f6680,1607899197313:69744303-7432-4f1c-8e32-919865214b4d,"size == ""1""","isEmpty == ""True""","peek_obj_type == ""class java.lang.String""","push == ""True""","pop == ""False""","clear == ""False""","calledMethod == ""push""","size_p == ""0""",Yes
8819,1607899197313:0b06aaca-7efa-4f87-bd5e-05bc9c8f6680,1607899197313:69744303-7432-4f1c-8e32-919865214b4d,"size == ""1""","isEmpty == ""True""","peek_obj_type == ""class java.lang.String""","push == ""False""","pop == ""True""","clear == ""False""","calledMethod == ""pop""","size_p == ""1""",Yes
8821,1607899197312:f0002ead-dff6-4bb4-b66d-4ddf9d065124,1607899197312:b08cb479-55f2-477a-8366-1d12e6da3b74,"size == ""1""","isEmpty == ""True""","peek_obj_type == ""class java.lang.String""","push == ""True""","pop == ""False""","clear == ""False""","calledMethod == ""push""","size_p == ""0""",Yes
8822,1607899197312:f0002ead-dff6-4bb4-b66d-4ddf9d065124,1607899197312:b08cb479-55f2-477a-8366-1d12e6da3b74,"size == ""1""","isEmpty == ""True""","peek_obj_type == ""class java.lang.String""","push == ""False""","pop == ""True""","clear == ""False""","calledMethod == ""pop""","size_p == ""1""",Yes
8824,1607899197312:e599f17e-9e0d-40ae-8327-663aef24ef1b,1607899197312:b7d6a0b8-d3f4-4390-9d3a-443a0ecbef35,"size == ""1""","isEmpty == ""True""","peek_obj_type == ""class java.lang.String""","push == ""True""","pop == ""False""","clear == ""False""","calledMethod == ""push""","size_p == ""0""",Yes
8826,1607899197312:e599f17e-9e0d-40ae-8327-663aef24ef1b,1607899197312:77fd865d-c3f6-4d20-9162-abaa0e2e17ef,"size == ""1""","isEmpty == ""True""","peek_obj_type == ""class java.lang.String""","push == ""True""","pop == ""False""","clear == ""False""","calledMethod == ""push""","size_p == ""0""",Yes
8827,1607899197312:e599f17e-9e0d-40ae-8327-663aef24ef1b,1607899197312:77fd865d-c3f6-4d20-9162-abaa0e2e17ef,"size == ""1""","isEmpty == ""True""","peek_obj_type == ""class java.lang.String""","push == ""False""","pop == ""True""","clear == ""False""","calledMethod == ""pop""","size_p == ""1""",Yes
8830,1607899197312:d766d909-b130-469c-b20f-dec4e2363b90,1607899197312:37c7924d-9471-4e3b-b192-600be5214b63,"size == ""1""","isEmpty == ""True""","peek_obj_type == ""class java.lang.String""","push == ""True""","pop == ""False""","clear == ""False""","calledMethod == ""push""","size_p == ""0""",Yes
8832,1607899197312:d766d909-b130-469c-b20f-dec4e2363b90,1607899197312:2094bfce-b2f2-4c5e-bcab-6e9c33dcf224,"size == ""1""","isEmpty == ""True""","peek_obj_type == ""class java.lang.String""","push == ""True""","pop == ""False""","clear == ""False""","calledMethod == ""push""","size_p == ""0""",Yes
8833,1607899197312:d766d909-b130-469c-b20f-dec4e2363b90,1607899197312:2094bfce-b2f2-4c5e-bcab-6e9c33dcf224,"size == ""1""","isEmpty == ""True""","peek_obj_type == ""class java.lang.String""","push == ""False""","pop == ""True""","clear == ""False""","calledMethod == ""pop""","size_p == ""1""",Yes
8835,1607899197312:50fae90d-4d9a-4fc8-9323-236061fd3281,1607899197312:93c1890b-9896-4a9d-b75e-920a1dc223f8,"size == ""1""","isEmpty == ""True""","peek_obj_type == ""class java.lang.String""","push == ""True""","pop == ""False""","clear == ""False""","calledMethod == ""push""","size_p == ""0""",Yes
8836,1607899197312:50fae90d-4d9a-4fc8-9323-236061fd3281,1607899197312:93c1890b-9896-4a9d-b75e-920a1dc223f8,"size == ""1""","isEmpty == ""True""","peek_obj_type == ""class java.lang.String""","push == ""False""","pop == ""True""","clear == ""False""","calledMethod == ""pop""","size_p == ""1""",Yes
8838,1607899197311:c1fa54b4-7fe1-4e54-877c-8e5425f4ad82,1607899197311:c21a5edf-f6e3-4b74-9cc6-4249ee6ffa63,"size == ""1""","isEmpty == ""True""","peek_obj_type == ""class java.lang.String""","push == ""True""","pop == ""False""","clear == ""False""","calledMethod == ""push""","size_p == ""0""",Yes
8839,1607899197311:c1fa54b4-7fe1-4e54-877c-8e5425f4ad82,1607899197311:c21a5edf-f6e3-4b74-9cc6-4249ee6ffa63,"size == ""1""","isEmpty == ""True""","peek_obj_type == ""class java.lang.String""","push == ""False""","pop == ""True""","clear == ""False""","calledMethod == ""pop""","size_p == ""1""",Yes
8841,1607899197311:93db35ab-7389-4393-b43d-e5a0be61b6cd,1607899197311:382cc7d2-299d-43ed-8664-4d9d817f1d0d,"size == ""1""","isEmpty == ""True""","peek_obj_type == ""class java.lang.String""","push == ""True""","pop == ""False""","clear == ""False""","calledMethod == ""push""","size_p == ""0""",Yes
8842,1607899197311:93db35ab-7389-4393-b43d-e5a0be61b6cd,1607899197311:382cc7d2-299d-43ed-8664-4d9d817f1d0d,"size == ""1""","isEmpty == ""True""","peek_obj_type == ""class java.lang.String""","push == ""False""","pop == ""True""","clear == ""False""","calledMethod == ""pop""","size_p == ""1""",Yes
8844,1607899197311:8ba50e35-14fe-40e2-9b69-3a4d9178a4cc,1607899197311:869cb0e7-3404-4cc8-81e4-0861a76978b7,"size == ""1""","isEmpty == ""True""","peek_obj_type == ""class java.lang.String""","push == ""True""","pop == ""False""","clear == ""False""","calledMethod == ""push""","size_p == ""0""",Yes
8845,1607899197311:8ba50e35-14fe-40e2-9b69-3a4d9178a4cc,1607899197311:869cb0e7-3404-4cc8-81e4-0861a76978b7,"size == ""1""","isEmpty == ""True""","peek_obj_type == ""class java.lang.String""","push == ""False""","pop == ""True""","clear == ""False""","calledMethod == ""pop""","size_p == ""1""",Yes
8847,1607899197311:61a5d908-6a89-4b16-888d-acaefcefddee,1607899197311:18bbc7a1-ca78-4ac1-943d-524a0bf7c8a9,"size == ""1""","isEmpty == ""True""","peek_obj_type == ""class java.lang.String""","push == ""True""","pop == ""False""","clear == ""False""","calledMethod == ""push""","size_p == ""0""",Yes
8848,1607899197311:61a5d908-6a89-4b16-888d-acaefcefddee,1607899197311:18bbc7a1-ca78-4ac1-943d-524a0bf7c8a9,"size == ""1""","isEmpty == ""True""","peek_obj_type == ""class java.lang.String""","push == ""False""","pop == ""True""","clear == ""False""","calledMethod == ""pop""","size_p == ""1""",Yes
8850,1607899197311:5bb41600-e56d-458b-80ec-290bbfff2052,1607899197311:302a8178-440f-4494-9df7-a8137850f533,"size == ""1""","isEmpty == ""True""","peek_obj_type == ""class java.lang.String""","push == ""True""","pop == ""False""","clear == ""False""","calledMethod == ""push""","size_p == ""0""",Yes
8851,1607899197311:5bb41600-e56d-458b-80ec-290bbfff2052,1607899197311:302a8178-440f-4494-9df7-a8137850f533,"size == ""1""","isEmpty == ""True""","peek_obj_type == ""class java.lang.String""","push == ""False""","pop == ""True""","clear == ""False""","calledMethod == ""pop""","size_p == ""1""",Yes
8853,1607899197311:5107aaa0-81d2-40cd-bb18-080fa4868656,1607899197312:8b0e4efc-ac10-4051-9e1d-0f22565874da,"size == ""1""","isEmpty == ""True""","peek_obj_type == ""class java.lang.String""","push == ""True""","pop == ""False""","clear == ""False""","calledMethod == ""push""","size_p == ""0""",Yes
8855,1607899197311:5107aaa0-81d2-40cd-bb18-080fa4868656,1607899197312:57cc60af-765c-490d-8ec1-528ad1edb904,"size == ""1""","isEmpty == ""True""","peek_obj_type == ""class java.lang.String""","push == ""True""","pop == ""False""","clear == ""False""","calledMethod == ""push""","size_p == ""0""",Yes
8856,1607899197311:5107aaa0-81d2-40cd-bb18-080fa4868656,1607899197312:57cc60af-765c-490d-8ec1-528ad1edb904,"size == ""1""","isEmpty == ""True""","peek_obj_type == ""class java.lang.String""","push == ""False""","pop == ""True""","clear == ""False""","calledMethod == ""pop""","size_p == ""1""",Yes
8858,1607899197311:2594b768-5554-482e-b060-3cd72c852588,1607899197311:c465fd33-03ce-4292-84ca-74dcdfeca094,"size == ""1""","isEmpty == ""True""","peek_obj_type == ""class java.lang.String""","push == ""True""","pop == ""False""","clear == ""False""","calledMethod == ""push""","size_p == ""0""",Yes
8859,1607899197311:2594b768-5554-482e-b060-3cd72c852588,1607899197311:c465fd33-03ce-4292-84ca-74dcdfeca094,"size == ""1""","isEmpty == ""True""","peek_obj_type == ""class java.lang.String""","push == ""False""","pop == ""True""","clear == ""False""","calledMethod == ""pop""","size_p == ""1""",Yes
8861,1607899197310:c578c05e-fde2-42cf-89f0-d40fe62f3f8d,1607899197310:7227820b-bb66-42f9-bbc9-1e49abd5f6fa,"size == ""1""","isEmpty == ""True""","peek_obj_type == ""class java.lang.String""","push == ""True""","pop == ""False""","clear == ""False""","calledMethod == ""push""","size_p == ""0""",Yes
8862,1607899197310:c578c05e-fde2-42cf-89f0-d40fe62f3f8d,1607899197310:7227820b-bb66-42f9-bbc9-1e49abd5f6fa,"size == ""1""","isEmpty == ""True""","peek_obj_type == ""class java.lang.String""","push == ""False""","pop == ""True""","clear == ""False""","calledMethod == ""pop""","size_p == ""1""",Yes
8865,1607899197310:c578c05e-fde2-42cf-89f0-d40fe62f3f8d,1607899197310:58f26d55-4e68-4871-8333-c60fc08d462d,"size == ""1""","isEmpty == ""True""","peek_obj_type == ""class java.lang.String""","push == ""True""","pop == ""False""","clear == ""False""","calledMethod == ""push""","size_p == ""0""",Yes
8866,1607899197310:c578c05e-fde2-42cf-89f0-d40fe62f3f8d,1607899197310:58f26d55-4e68-4871-8333-c60fc08d462d,"size == ""1""","isEmpty == ""True""","peek_obj_type == ""class java.lang.String""","push == ""False""","pop == ""False""","clear == ""True""","calledMethod == ""clear""","size_p == ""1""",Yes
8867,1607899197310:c578c05e-fde2-42cf-89f0-d40fe62f3f8d,1607899197310:58f26d55-4e68-4871-8333-c60fc08d462d,"size == ""1""","isEmpty == ""True""","peek_obj_type == ""class java.lang.String""","push == ""False""","pop == ""False""","clear == ""True""","calledMethod == ""clear""","size_p == ""1""",Yes
8868,1607899197310:c578c05e-fde2-42cf-89f0-d40fe62f3f8d,1607899197310:58f26d55-4e68-4871-8333-c60fc08d462d,"size == ""1""","isEmpty == ""True""","peek_obj_type == ""class java.lang.String""","push == ""False""","pop == ""False""","clear == ""True""","calledMethod == ""clear""","size_p == ""1""",Yes
8871,1607899197310:c0525213-f98e-4bf3-b310-79852e333499,1607899197310:8df47dc5-84d9-4d25-9859-3a7df0d0d599,"size == ""1""","isEmpty == ""True""","peek_obj_type == ""class java.lang.String""","push == ""True""","pop == ""False""","clear == ""False""","calledMethod == ""push""","size_p == ""0""",Yes
8872,1607899197310:c0525213-f98e-4bf3-b310-79852e333499,1607899197310:8df47dc5-84d9-4d25-9859-3a7df0d0d599,"size == ""1""","isEmpty == ""True""","peek_obj_type == ""class java.lang.String""","push == ""False""","pop == ""False""","clear == ""True""","calledMethod == ""clear""","size_p == ""1""",Yes
8873,1607899197310:c0525213-f98e-4bf3-b310-79852e333499,1607899197310:8df47dc5-84d9-4d25-9859-3a7df0d0d599,"size == ""1""","isEmpty == ""True""","peek_obj_type == ""class java.lang.String""","push == ""False""","pop == ""False""","clear == ""True""","calledMethod == ""clear""","size_p == ""1""",Yes
8874,1607899197310:c0525213-f98e-4bf3-b310-79852e333499,1607899197310:8df47dc5-84d9-4d25-9859-3a7df0d0d599,"size == ""1""","isEmpty == ""True""","peek_obj_type == ""class java.lang.String""","push == ""False""","pop == ""False""","clear == ""True""","calledMethod == ""clear""","size_p == ""1""",Yes
8876,1607899197310:c0525213-f98e-4bf3-b310-79852e333499,1607899197310:3ce35b7e-0512-449b-869d-85250a83a12f,"size == ""1""","isEmpty == ""True""","peek_obj_type == ""class java.lang.String""","push == ""True""","pop == ""False""","clear == ""False""","calledMethod == ""push""","size_p == ""0""",Yes
8877,1607899197310:c0525213-f98e-4bf3-b310-79852e333499,1607899197310:3ce35b7e-0512-449b-869d-85250a83a12f,"size == ""1""","isEmpty == ""True""","peek_obj_type == ""class java.lang.String""","push == ""False""","pop == ""True""","clear == ""False""","calledMethod == ""pop""","size_p == ""1""",Yes
8879,1607899197310:b0fc9cb9-ed07-48d5-be49-021d4749929b,1607899197310:8504963f-1e7d-49c6-8400-1830a134d929,"size == ""1""","isEmpty == ""True""","peek_obj_type == ""class java.lang.String""","push == ""True""","pop == ""False""","clear == ""False""","calledMethod == ""push""","size_p == ""0""",Yes
8880,1607899197310:b0fc9cb9-ed07-48d5-be49-021d4749929b,1607899197310:8504963f-1e7d-49c6-8400-1830a134d929,"size == ""2""","isEmpty == ""True""","peek_obj_type == ""class java.lang.String""","push == ""True""","pop == ""False""","clear == ""False""","calledMethod == ""push""","size_p == ""1""",Yes
8882,1607899197310:b0fc9cb9-ed07-48d5-be49-021d4749929b,1607899197310:582056c7-c3de-407a-bb73-18f6edbdeadc,"size == ""1""","isEmpty == ""True""","peek_obj_type == ""class java.lang.String""","push == ""True""","pop == ""False""","clear == ""False""","calledMethod == ""push""","size_p == ""0""",Yes
8883,1607899197310:b0fc9cb9-ed07-48d5-be49-021d4749929b,1607899197310:582056c7-c3de-407a-bb73-18f6edbdeadc,"size == ""1""","isEmpty == ""True""","peek_obj_type == ""class java.lang.String""","push == ""False""","pop == ""True""","clear == ""False""","calledMethod == ""pop""","size_p == ""1""",Yes
8885,1607899197310:760f7f7d-f721-4c03-88cc-f7d63659cc02,1607899197310:39fe643c-f852-44be-a68b-96ae2c66261e,"size == ""1""","isEmpty == ""True""","peek_obj_type == ""class java.lang.String""","push == ""True""","pop == ""False""","clear == ""False""","calledMethod == ""push""","size_p == ""0""",Yes
8886,1607899197310:760f7f7d-f721-4c03-88cc-f7d63659cc02,1607899197310:39fe643c-f852-44be-a68b-96ae2c66261e,"size == ""1""","isEmpty == ""True""","peek_obj_type == ""class java.lang.String""","push == ""False""","pop == ""True""","clear == ""False""","calledMethod == ""pop""","size_p == ""1""",Yes
8888,1607899197309:decc163a-b76d-4621-9441-f3987dab6097,1607899197309:457934d3-0856-4e41-8165-d5d8c6aa4310,"size == ""1""","isEmpty == ""True""","peek_obj_type == ""class java.lang.String""","push == ""True""","pop == ""False""","clear == ""False""","calledMethod == ""push""","size_p == ""0""",Yes
8889,1607899197309:decc163a-b76d-4621-9441-f3987dab6097,1607899197309:457934d3-0856-4e41-8165-d5d8c6aa4310,"size == ""1""","isEmpty == ""True""","peek_obj_type == ""class java.lang.String""","push == ""False""","pop == ""True""","clear == ""False""","calledMethod == ""pop""","size_p == ""1""",Yes
8891,1607899197309:dc1edf83-f1fd-4439-9759-e7d1f11cabfa,1607899197309:f7e624ef-f00c-4895-a707-82b02966a5e2,"size == ""1""","isEmpty == ""True""","peek_obj_type == ""class java.lang.String""","push == ""True""","pop == ""False""","clear == ""False""","calledMethod == ""push""","size_p == ""0""",Yes
8893,1607899197309:dc1edf83-f1fd-4439-9759-e7d1f11cabfa,1607899197309:a6a43fbc-ed55-4cf4-b0cf-551d20b85d00,"size == ""1""","isEmpty == ""True""","peek_obj_type == ""class java.lang.String""","push == ""True""","pop == ""False""","clear == ""False""","calledMethod == ""push""","size_p == ""0""",Yes
8894,1607899197309:dc1edf83-f1fd-4439-9759-e7d1f11cabfa,1607899197309:a6a43fbc-ed55-4cf4-b0cf-551d20b85d00,"size == ""1""","isEmpty == ""True""","peek_obj_type == ""class java.lang.String""","push == ""False""","pop == ""True""","clear == ""False""","calledMethod == ""pop""","size_p == ""1""",Yes
8896,1607899197309:75ce40f0-09b2-4ae4-b712-0d98871260f4,1607899197309:be37869f-83c2-4a7a-870d-8d016c2c556e,"size == ""1""","isEmpty == ""True""","peek_obj_type == ""class java.lang.String""","push == ""True""","pop == ""False""","clear == ""False""","calledMethod == ""push""","size_p == ""0""",Yes
8897,1607899197309:75ce40f0-09b2-4ae4-b712-0d98871260f4,1607899197309:be37869f-83c2-4a7a-870d-8d016c2c556e,"size == ""1""","isEmpty == ""True""","peek_obj_type == ""class java.lang.String""","push == ""False""","pop == ""True""","clear == ""False""","calledMethod == ""pop""","size_p == ""1""",Yes
8899,1607899197309:1e6b2ab0-a7d1-4af6-90f9-3f9e76d194f6,1607899197309:4f6bc3b9-8f0a-4c1c-8d59-019c2c362fe0,"size == ""1""","isEmpty == ""True""","peek_obj_type == ""class java.lang.String""","push == ""True""","pop == ""False""","clear == ""False""","calledMethod == ""push""","size_p == ""0""",Yes
8900,1607899197309:1e6b2ab0-a7d1-4af6-90f9-3f9e76d194f6,1607899197309:4f6bc3b9-8f0a-4c1c-8d59-019c2c362fe0,"size == ""1""","isEmpty == ""True""","peek_obj_type == ""class java.lang.String""","push == ""False""","pop == ""True""","clear == ""False""","calledMethod == ""pop""","size_p == ""1""",Yes
8903,1607899197308:ff80feaa-6063-4df0-b731-7905dee6b38a,1607899197308:0dd77398-ccc2-4008-b13e-56a90e52dc0b,"size == ""1""","isEmpty == ""True""","peek_obj_type == ""class java.lang.String""","push == ""True""","pop == ""False""","clear == ""False""","calledMethod == ""push""","size_p == ""0""",Yes
8904,1607899197308:ff80feaa-6063-4df0-b731-7905dee6b38a,1607899197308:0dd77398-ccc2-4008-b13e-56a90e52dc0b,"size == ""1""","isEmpty == ""True""","peek_obj_type == ""class java.lang.String""","push == ""False""","pop == ""True""","clear == ""False""","calledMethod == ""pop""","size_p == ""1""",Yes
8906,1607899197308:c752712c-d811-4292-bd44-9a186d49c5f7,1607899197308:81710a41-a606-4ec2-bec3-e5a1d1a32962,"size == ""1""","isEmpty == ""True""","peek_obj_type == ""class java.lang.String""","push == ""True""","pop == ""False""","clear == ""False""","calledMethod == ""push""","size_p == ""0""",Yes
8907,1607899197308:c752712c-d811-4292-bd44-9a186d49c5f7,1607899197308:81710a41-a606-4ec2-bec3-e5a1d1a32962,"size == ""1""","isEmpty == ""True""","peek_obj_type == ""class java.lang.String""","push == ""False""","pop == ""True""","clear == ""False""","calledMethod == ""pop""","size_p == ""1""",Yes
8910,1607899197308:c752712c-d811-4292-bd44-9a186d49c5f7,1607899197308:69aa2146-4a55-411f-9e08-016e83341c6a,"size == ""1""","isEmpty == ""True""","peek_obj_type == ""class java.lang.String""","push == ""True""","pop == ""False""","clear == ""False""","calledMethod == ""push""","size_p == ""0""",Yes
8911,1607899197308:c752712c-d811-4292-bd44-9a186d49c5f7,1607899197308:69aa2146-4a55-411f-9e08-016e83341c6a,"size == ""1""","isEmpty == ""True""","peek_obj_type == ""class java.lang.String""","push == ""False""","pop == ""False""","clear == ""True""","calledMethod == ""clear""","size_p == ""1""",Yes
8912,1607899197308:c752712c-d811-4292-bd44-9a186d49c5f7,1607899197308:69aa2146-4a55-411f-9e08-016e83341c6a,"size == ""1""","isEmpty == ""True""","peek_obj_type == ""class java.lang.String""","push == ""False""","pop == ""False""","clear == ""True""","calledMethod == ""clear""","size_p == ""1""",Yes
8913,1607899197308:c752712c-d811-4292-bd44-9a186d49c5f7,1607899197308:69aa2146-4a55-411f-9e08-016e83341c6a,"size == ""1""","isEmpty == ""True""","peek_obj_type == ""class java.lang.String""","push == ""False""","pop == ""False""","clear == ""True""","calledMethod == ""clear""","size_p == ""1""",Yes
8915,1607899197308:9abd88a2-1d5b-4e83-a65f-62c2757e9bb9,1607899197308:cc0f3c6c-df25-409b-9947-848892724246,"size == ""1""","isEmpty == ""True""","peek_obj_type == ""class java.lang.String""","push == ""True""","pop == ""False""","clear == ""False""","calledMethod == ""push""","size_p == ""0""",Yes
8916,1607899197308:9abd88a2-1d5b-4e83-a65f-62c2757e9bb9,1607899197308:cc0f3c6c-df25-409b-9947-848892724246,"size == ""1""","isEmpty == ""True""","peek_obj_type == ""class java.lang.String""","push == ""False""","pop == ""True""","clear == ""False""","calledMethod == ""pop""","size_p == ""1""",Yes
8918,1607899197307:d2ae3831-85c6-4716-ba93-f2255e524478,1607899197307:93d2333e-d902-4886-a1e7-eae5f85b7918,"size == ""1""","isEmpty == ""True""","peek_obj_type == ""class java.lang.String""","push == ""True""","pop == ""False""","clear == ""False""","calledMethod == ""push""","size_p == ""0""",Yes
8919,1607899197307:d2ae3831-85c6-4716-ba93-f2255e524478,1607899197307:93d2333e-d902-4886-a1e7-eae5f85b7918,"size == ""1""","isEmpty == ""True""","peek_obj_type == ""class java.lang.String""","push == ""False""","pop == ""True""","clear == ""False""","calledMethod == ""pop""","size_p == ""1""",Yes
8921,1607899197307:d2ae3831-85c6-4716-ba93-f2255e524478,1607899197307:51351e6b-0951-42a6-83d1-e0dfbc2da44c,"size == ""1""","isEmpty == ""True""","peek_obj_type == ""class java.lang.String""","push == ""True""","pop == ""False""","clear == ""False""","calledMethod == ""push""","size_p == ""0""",Yes
8922,1607899197307:d2ae3831-85c6-4716-ba93-f2255e524478,1607899197307:51351e6b-0951-42a6-83d1-e0dfbc2da44c,"size == ""2""","isEmpty == ""True""","peek_obj_type == ""class java.lang.String""","push == ""True""","pop == ""False""","clear == ""False""","calledMethod == ""push""","size_p == ""1""",Yes
8924,1607899197307:36896d29-5621-4cba-924a-28cb294de997,1607899197307:e145cb84-b5e1-48c2-84a2-3397c67fcf90,"size == ""1""","isEmpty == ""True""","peek_obj_type == ""class java.lang.String""","push == ""True""","pop == ""False""","clear == ""False""","calledMethod == ""push""","size_p == ""0""",Yes
8925,1607899197307:36896d29-5621-4cba-924a-28cb294de997,1607899197307:e145cb84-b5e1-48c2-84a2-3397c67fcf90,"size == ""1""","isEmpty == ""True""","peek_obj_type == ""class java.lang.String""","push == ""False""","pop == ""True""","clear == ""False""","calledMethod == ""pop""","size_p == ""1""",Yes
8927,1607899197307:2e1c4f95-0561-461e-8b76-a2f4979ace29,1607899197307:1d98390d-84f8-4348-9dce-ccd8a7c13957,"size == ""1""","isEmpty == ""True""","peek_obj_type == ""class java.lang.String""","push == ""True""","pop == ""False""","clear == ""False""","calledMethod == ""push""","size_p == ""0""",Yes
8928,1607899197307:2e1c4f95-0561-461e-8b76-a2f4979ace29,1607899197307:1d98390d-84f8-4348-9dce-ccd8a7c13957,"size == ""1""","isEmpty == ""True""","peek_obj_type == ""class java.lang.String""","push == ""False""","pop == ""True""","clear == ""False""","calledMethod == ""pop""","size_p == ""1""",Yes
8930,1607899197306:fd315c65-61b3-4444-8212-48aa94f41be3,1607899197306:6380b181-cb61-493f-98b8-2323ad8dec0f,"size == ""1""","isEmpty == ""True""","peek_obj_type == ""class java.lang.String""","push == ""True""","pop == ""False""","clear == ""False""","calledMethod == ""push""","size_p == ""0""",Yes
8931,1607899197306:fd315c65-61b3-4444-8212-48aa94f41be3,1607899197306:6380b181-cb61-493f-98b8-2323ad8dec0f,"size == ""1""","isEmpty == ""True""","peek_obj_type == ""class java.lang.String""","push == ""False""","pop == ""True""","clear == ""False""","calledMethod == ""pop""","size_p == ""1""",Yes
8933,1607899197306:3e8a0bec-1eef-4b6c-abf6-0bc6f0825640,1607899197306:f9d1dcfd-9a5f-4975-b5e9-32b9eae3bdc3,"size == ""1""","isEmpty == ""True""","peek_obj_type == ""class java.lang.String""","push == ""True""","pop == ""False""","clear == ""False""","calledMethod == ""push""","size_p == ""0""",Yes
8934,1607899197306:3e8a0bec-1eef-4b6c-abf6-0bc6f0825640,1607899197306:f9d1dcfd-9a5f-4975-b5e9-32b9eae3bdc3,"size == ""1""","isEmpty == ""True""","peek_obj_type == ""class java.lang.String""","push == ""False""","pop == ""True""","clear == ""False""","calledMethod == ""pop""","size_p == ""1""",Yes
8936,1607899197306:3e8a0bec-1eef-4b6c-abf6-0bc6f0825640,1607899197306:12997e4c-13b5-4426-a524-8802fec7cceb,"size == ""1""","isEmpty == ""True""","peek_obj_type == ""class java.lang.String""","push == ""True""","pop == ""False""","clear == ""False""","calledMethod == ""push""","size_p == ""0""",Yes
8939,1607899197305:f7a99ee9-c2d0-49d7-94d3-2d8a49ca14a6,1607899197305:1223ab31-eb63-45ea-9442-e638289bc7ef,"size == ""1""","isEmpty == ""True""","peek_obj_type == ""class java.lang.String""","push == ""True""","pop == ""False""","clear == ""False""","calledMethod == ""push""","size_p == ""0""",Yes
8940,1607899197305:f7a99ee9-c2d0-49d7-94d3-2d8a49ca14a6,1607899197305:1223ab31-eb63-45ea-9442-e638289bc7ef,"size == ""1""","isEmpty == ""True""","peek_obj_type == ""class java.lang.String""","push == ""False""","pop == ""True""","clear == ""False""","calledMethod == ""pop""","size_p == ""1""",Yes
8942,1607899197305:eb8ae15f-dda2-4af0-b17a-b7ecb332d4e0,1607899197306:b723ff00-893d-42ef-b8df-2dbea214925d,"size == ""1""","isEmpty == ""True""","peek_obj_type == ""class java.lang.String""","push == ""True""","pop == ""False""","clear == ""False""","calledMethod == ""push""","size_p == ""0""",Yes
8944,1607899197305:eb8ae15f-dda2-4af0-b17a-b7ecb332d4e0,1607899197306:17859e7a-a359-4573-8c60-9239cf661f97,"size == ""1""","isEmpty == ""True""","peek_obj_type == ""class java.lang.String""","push == ""True""","pop == ""False""","clear == ""False""","calledMethod == ""push""","size_p == ""0""",Yes
8945,1607899197305:eb8ae15f-dda2-4af0-b17a-b7ecb332d4e0,1607899197306:17859e7a-a359-4573-8c60-9239cf661f97,"size == ""1""","isEmpty == ""True""","peek_obj_type == ""class java.lang.String""","push == ""False""","pop == ""True""","clear == ""False""","calledMethod == ""pop""","size_p == ""1""",Yes
8948,1607899197305:eb8ae15f-dda2-4af0-b17a-b7ecb332d4e0,1607899197305:f31df8ec-f759-4888-bb1d-3cbcc5cb1b88,"size == ""1""","isEmpty == ""True""","peek_obj_type == ""class java.lang.String""","push == ""True""","pop == ""False""","clear == ""False""","calledMethod == ""push""","size_p == ""0""",Yes
8949,1607899197305:eb8ae15f-dda2-4af0-b17a-b7ecb332d4e0,1607899197305:f31df8ec-f759-4888-bb1d-3cbcc5cb1b88,"size == ""1""","isEmpty == ""True""","peek_obj_type == ""class java.lang.String""","push == ""False""","pop == ""False""","clear == ""True""","calledMethod == ""clear""","size_p == ""1""",Yes
8950,1607899197305:eb8ae15f-dda2-4af0-b17a-b7ecb332d4e0,1607899197305:f31df8ec-f759-4888-bb1d-3cbcc5cb1b88,"size == ""1""","isEmpty == ""True""","peek_obj_type == ""class java.lang.String""","push == ""False""","pop == ""False""","clear == ""True""","calledMethod == ""clear""","size_p == ""1""",Yes
8951,1607899197305:eb8ae15f-dda2-4af0-b17a-b7ecb332d4e0,1607899197305:f31df8ec-f759-4888-bb1d-3cbcc5cb1b88,"size == ""1""","isEmpty == ""True""","peek_obj_type == ""class java.lang.String""","push == ""False""","pop == ""False""","clear == ""True""","calledMethod == ""clear""","size_p == ""1""",Yes
8952,1607899197305:eb8ae15f-dda2-4af0-b17a-b7ecb332d4e0,1607899197305:f31df8ec-f759-4888-bb1d-3cbcc5cb1b88,"size == ""1""","isEmpty == ""True""","peek_obj_type == ""class java.lang.String""","push == ""False""","pop == ""False""","clear == ""True""","calledMethod == ""clear""","size_p == ""1""",Yes
8955,1607899197305:005801d9-fb17-4c13-8d23-651978c963ee,1607899197305:d3f427ba-2278-4ff6-897c-75c97eaf3978,"size == ""1""","isEmpty == ""True""","peek_obj_type == ""class java.lang.String""","push == ""True""","pop == ""False""","clear == ""False""","calledMethod == ""push""","size_p == ""0""",Yes
8956,1607899197305:005801d9-fb17-4c13-8d23-651978c963ee,1607899197305:d3f427ba-2278-4ff6-897c-75c97eaf3978,"size == ""2""","isEmpty == ""True""","peek_obj_type == ""class java.lang.String""","push == ""True""","pop == ""False""","clear == ""False""","calledMethod == ""push""","size_p == ""1""",Yes
8957,1607899197305:005801d9-fb17-4c13-8d23-651978c963ee,1607899197305:d3f427ba-2278-4ff6-897c-75c97eaf3978,"size == ""3""","isEmpty == ""True""","peek_obj_type == ""class java.lang.String""","push == ""True""","pop == ""False""","clear == ""False""","calledMethod == ""push""","size_p == ""2""",Yes
8958,1607899197305:005801d9-fb17-4c13-8d23-651978c963ee,1607899197305:d3f427ba-2278-4ff6-897c-75c97eaf3978,"size == ""3""","isEmpty == ""True""","peek_obj_type == ""class java.lang.String""","push == ""False""","pop == ""False""","clear == ""True""","calledMethod == ""clear""","size_p == ""3""",Yes
8960,1607899197305:005801d9-fb17-4c13-8d23-651978c963ee,1607899197305:2ef70e46-a9a3-4eda-abe2-4a72a64fee71,"size == ""1""","isEmpty == ""True""","peek_obj_type == ""class java.lang.String""","push == ""True""","pop == ""False""","clear == ""False""","calledMethod == ""push""","size_p == ""0""",Yes
8961,1607899197305:005801d9-fb17-4c13-8d23-651978c963ee,1607899197305:2ef70e46-a9a3-4eda-abe2-4a72a64fee71,"size == ""1""","isEmpty == ""True""","peek_obj_type == ""class java.lang.String""","push == ""False""","pop == ""True""","clear == ""False""","calledMethod == ""pop""","size_p == ""1""",Yes
8963,1607899197305:005801d9-fb17-4c13-8d23-651978c963ee,1607899197305:2378a727-b40f-46df-9ed5-4fe4a5d1dc14,"size == ""1""","isEmpty == ""True""","peek_obj_type == ""class java.lang.String""","push == ""True""","pop == ""False""","clear == ""False""","calledMethod == ""push""","size_p == ""0""",Yes
8965,1607899197304:e9d75c95-63b0-4eab-9861-2ed6d02444ac,1607899197304:f9d615fa-45cc-4cb9-818d-4fbaca046359,"size == ""1""","isEmpty == ""True""","peek_obj_type == ""class java.lang.String""","push == ""True""","pop == ""False""","clear == ""False""","calledMethod == ""push""","size_p == ""0""",Yes
8967,1607899197304:e9d75c95-63b0-4eab-9861-2ed6d02444ac,1607899197304:f6b9b10e-9a2c-4606-ba4d-d9a160a19e4c,"size == ""1""","isEmpty == ""True""","peek_obj_type == ""class java.lang.String""","push == ""True""","pop == ""False""","clear == ""False""","calledMethod == ""push""","size_p == ""0""",Yes
8968,1607899197304:e9d75c95-63b0-4eab-9861-2ed6d02444ac,1607899197304:f6b9b10e-9a2c-4606-ba4d-d9a160a19e4c,"size == ""1""","isEmpty == ""True""","peek_obj_type == ""class java.lang.String""","push == ""False""","pop == ""True""","clear == ""False""","calledMethod == ""pop""","size_p == ""1""",Yes
8970,1607899197304:4ee6ef6f-d228-4cc0-81f0-6777c6301909,1607899197304:fac9c036-dbf8-46a7-a6e3-cec2de669f2b,"size == ""1""","isEmpty == ""True""","peek_obj_type == ""class java.lang.String""","push == ""True""","pop == ""False""","clear == ""False""","calledMethod == ""push""","size_p == ""0""",Yes
8971,1607899197304:4ee6ef6f-d228-4cc0-81f0-6777c6301909,1607899197304:fac9c036-dbf8-46a7-a6e3-cec2de669f2b,"size == ""1""","isEmpty == ""True""","peek_obj_type == ""class java.lang.String""","push == ""False""","pop == ""True""","clear == ""False""","calledMethod == ""pop""","size_p == ""1""",Yes
8977,1607899197304:0a32b8e1-ea64-4364-b23a-4fda79c5da32,1607899197304:c0940be8-d406-4fed-bab0-7c86b42ae4ea,"size == ""1""","isEmpty == ""True""","peek_obj_type == ""class java.lang.String""","push == ""True""","pop == ""False""","clear == ""False""","calledMethod == ""push""","size_p == ""0""",Yes
8978,1607899197304:0a32b8e1-ea64-4364-b23a-4fda79c5da32,1607899197304:c0940be8-d406-4fed-bab0-7c86b42ae4ea,"size == ""1""","isEmpty == ""True""","peek_obj_type == ""class java.lang.String""","push == ""False""","pop == ""True""","clear == ""False""","calledMethod == ""pop""","size_p == ""1""",Yes
8980,1607899197303:a0caf370-edf9-4cab-8078-d76a09437dd7,1607899197303:1f0f5cc6-d003-48df-8f77-4b56ea536653,"size == ""1""","isEmpty == ""True""","peek_obj_type == ""class java.lang.String""","push == ""True""","pop == ""False""","clear == ""False""","calledMethod == ""push""","size_p == ""0""",Yes
8981,1607899197303:a0caf370-edf9-4cab-8078-d76a09437dd7,1607899197303:1f0f5cc6-d003-48df-8f77-4b56ea536653,"size == ""1""","isEmpty == ""True""","peek_obj_type == ""class java.lang.String""","push == ""False""","pop == ""True""","clear == ""False""","calledMethod == ""pop""","size_p == ""1""",Yes
8983,1607899197302:e490ca51-9b8f-469b-a612-1e9220333710,1607899197302:8b272262-8f45-4adc-a6d0-cee1401a7845,"size == ""1""","isEmpty == ""True""","peek_obj_type == ""class java.lang.String""","push == ""True""","pop == ""False""","clear == ""False""","calledMethod == ""push""","size_p == ""0""",Yes
8984,1607899197302:e490ca51-9b8f-469b-a612-1e9220333710,1607899197302:8b272262-8f45-4adc-a6d0-cee1401a7845,"size == ""1""","isEmpty == ""True""","peek_obj_type == ""class java.lang.String""","push == ""False""","pop == ""True""","clear == ""False""","calledMethod == ""pop""","size_p == ""1""",Yes
8986,1607899197302:a3aea035-86c7-4d0f-982f-c68ca842f0a2,1607899197302:fd302020-c02a-40a2-83fa-64436e05c0a7,"size == ""1""","isEmpty == ""True""","peek_obj_type == ""class java.lang.String""","push == ""True""","pop == ""False""","clear == ""False""","calledMethod == ""push""","size_p == ""0""",Yes
8987,1607899197302:a3aea035-86c7-4d0f-982f-c68ca842f0a2,1607899197302:fd302020-c02a-40a2-83fa-64436e05c0a7,"size == ""1""","isEmpty == ""True""","peek_obj_type == ""class java.lang.String""","push == ""False""","pop == ""True""","clear == ""False""","calledMethod == ""pop""","size_p == ""1""",Yes
8989,1607899197302:8b327ac7-28ee-43d9-b222-97f2bf44692e,1607899197302:8c6eb0ba-c54b-48a0-9e21-b2da107ef7e8,"size == ""1""","isEmpty == ""True""","peek_obj_type == ""class java.lang.String""","push == ""True""","pop == ""False""","clear == ""False""","calledMethod == ""push""","size_p == ""0""",Yes
8991,1607899197302:8b327ac7-28ee-43d9-b222-97f2bf44692e,1607899197302:79d419cc-63ec-4338-a432-e99fdbf4f9ab,"size == ""1""","isEmpty == ""True""","peek_obj_type == ""class java.lang.String""","push == ""True""","pop == ""False""","clear == ""False""","calledMethod == ""push""","size_p == ""0""",Yes
8992,1607899197302:8b327ac7-28ee-43d9-b222-97f2bf44692e,1607899197302:79d419cc-63ec-4338-a432-e99fdbf4f9ab,"size == ""1""","isEmpty == ""True""","peek_obj_type == ""class java.lang.String""","push == ""False""","pop == ""True""","clear == ""False""","calledMethod == ""pop""","size_p == ""1""",Yes
8996,1607899197302:6fe4316b-623b-4964-afc5-4afbe8a1020e,1607899197302:c9410da9-bce2-427e-8c8f-21780cff65d4,"size == ""1""","isEmpty == ""True""","peek_obj_type == ""class java.lang.String""","push == ""True""","pop == ""False""","clear == ""False""","calledMethod == ""push""","size_p == ""0""",Yes
8997,1607899197302:6fe4316b-623b-4964-afc5-4afbe8a1020e,1607899197302:c9410da9-bce2-427e-8c8f-21780cff65d4,"size == ""1""","isEmpty == ""True""","peek_obj_type == ""class java.lang.String""","push == ""False""","pop == ""True""","clear == ""False""","calledMethod == ""pop""","size_p == ""1""",Yes
8999,1607899197302:4b2998e2-b331-48d0-bc89-29770f4aa4b2,1607899197302:68a517c9-6e58-4800-a40b-917204b2e296,"size == ""1""","isEmpty == ""True""","peek_obj_type == ""class java.lang.String""","push == ""True""","pop == ""False""","clear == ""False""","calledMethod == ""push""","size_p == ""0""",Yes
9000,1607899197302:4b2998e2-b331-48d0-bc89-29770f4aa4b2,1607899197302:68a517c9-6e58-4800-a40b-917204b2e296,"size == ""1""","isEmpty == ""True""","peek_obj_type == ""class java.lang.String""","push == ""False""","pop == ""True""","clear == ""False""","calledMethod == ""pop""","size_p == ""1""",Yes
9002,1607899197302:271f5d9d-25ae-405d-8ff3-21dc4a83ba2a,1607899197302:072c6458-1a7a-446a-904f-5443ea4b757b,"size == ""1""","isEmpty == ""True""","peek_obj_type == ""class java.lang.String""","push == ""True""","pop == ""False""","clear == ""False""","calledMethod == ""push""","size_p == ""0""",Yes
9003,1607899197302:271f5d9d-25ae-405d-8ff3-21dc4a83ba2a,1607899197302:072c6458-1a7a-446a-904f-5443ea4b757b,"size == ""1""","isEmpty == ""True""","peek_obj_type == ""class java.lang.String""","push == ""False""","pop == ""True""","clear == ""False""","calledMethod == ""pop""","size_p == ""1""",Yes
9005,1607899197301:d2438ca9-537d-4ad2-9be8-8c4a30f79e96,1607899197301:9d4c525a-cdb4-4889-bdea-59c8b33607b0,"size == ""1""","isEmpty == ""True""","peek_obj_type == ""class java.lang.String""","push == ""True""","pop == ""False""","clear == ""False""","calledMethod == ""push""","size_p == ""0""",Yes
9006,1607899197301:d2438ca9-537d-4ad2-9be8-8c4a30f79e96,1607899197301:9d4c525a-cdb4-4889-bdea-59c8b33607b0,"size == ""1""","isEmpty == ""True""","peek_obj_type == ""class java.lang.String""","push == ""False""","pop == ""True""","clear == ""False""","calledMethod == ""pop""","size_p == ""1""",Yes
9009,1607899197301:2d053a49-9094-4111-a0fd-d3d1419961ee,1607899197301:d9cc1a1c-2316-410a-91c1-25d2a7237b54,"size == ""1""","isEmpty == ""True""","peek_obj_type == ""class java.lang.String""","push == ""True""","pop == ""False""","clear == ""False""","calledMethod == ""push""","size_p == ""0""",Yes
9010,1607899197301:2d053a49-9094-4111-a0fd-d3d1419961ee,1607899197301:d9cc1a1c-2316-410a-91c1-25d2a7237b54,"size == ""1""","isEmpty == ""True""","peek_obj_type == ""class java.lang.String""","push == ""False""","pop == ""False""","clear == ""True""","calledMethod == ""clear""","size_p == ""1""",Yes
9011,1607899197301:2d053a49-9094-4111-a0fd-d3d1419961ee,1607899197301:d9cc1a1c-2316-410a-91c1-25d2a7237b54,"size == ""1""","isEmpty == ""True""","peek_obj_type == ""class java.lang.String""","push == ""False""","pop == ""False""","clear == ""True""","calledMethod == ""clear""","size_p == ""1""",Yes
9012,1607899197301:2d053a49-9094-4111-a0fd-d3d1419961ee,1607899197301:d9cc1a1c-2316-410a-91c1-25d2a7237b54,"size == ""1""","isEmpty == ""True""","peek_obj_type == ""class java.lang.String""","push == ""False""","pop == ""False""","clear == ""True""","calledMethod == ""clear""","size_p == ""1""",Yes
9014,1607899197301:2d053a49-9094-4111-a0fd-d3d1419961ee,1607899197301:02749887-3c36-4645-828a-f1d0db44d54b,"size == ""1""","isEmpty == ""True""","peek_obj_type == ""class java.lang.String""","push == ""True""","pop == ""False""","clear == ""False""","calledMethod == ""push""","size_p == ""0""",Yes
9015,1607899197301:2d053a49-9094-4111-a0fd-d3d1419961ee,1607899197301:02749887-3c36-4645-828a-f1d0db44d54b,"size == ""1""","isEmpty == ""True""","peek_obj_type == ""class java.lang.String""","push == ""False""","pop == ""True""","clear == ""False""","calledMethod == ""pop""","size_p == ""1""",Yes
9017,1607899197300:bc0c828a-935e-4751-9aad-ce32930b70e2,1607899197300:accf92b4-6201-4a3f-b3dc-461877feda0a,"size == ""1""","isEmpty == ""True""","peek_obj_type == ""class java.lang.String""","push == ""True""","pop == ""False""","clear == ""False""","calledMethod == ""push""","size_p == ""0""",Yes
9018,1607899197300:bc0c828a-935e-4751-9aad-ce32930b70e2,1607899197300:accf92b4-6201-4a3f-b3dc-461877feda0a,"size == ""1""","isEmpty == ""True""","peek_obj_type == ""class java.lang.String""","push == ""False""","pop == ""True""","clear == ""False""","calledMethod == ""pop""","size_p == ""1""",Yes
9020,1607899197300:8834f670-57de-44ef-b6cf-60054a01a62d,1607899197300:d95a4874-69b2-4915-aa66-c65bf2e2438c,"size == ""1""","isEmpty == ""True""","peek_obj_type == ""class java.lang.String""","push == ""True""","pop == ""False""","clear == ""False""","calledMethod == ""push""","size_p == ""0""",Yes
9021,1607899197300:8834f670-57de-44ef-b6cf-60054a01a62d,1607899197300:d95a4874-69b2-4915-aa66-c65bf2e2438c,"size == ""1""","isEmpty == ""True""","peek_obj_type == ""class java.lang.String""","push == ""False""","pop == ""True""","clear == ""False""","calledMethod == ""pop""","size_p == ""1""",Yes
9023,1607899197300:8834f670-57de-44ef-b6cf-60054a01a62d,1607899197300:35e1cbce-ee68-460f-a4d4-4dc3fbcc07d6,"size == ""1""","isEmpty == ""True""","peek_obj_type == ""class java.lang.String""","push == ""True""","pop == ""False""","clear == ""False""","calledMethod == ""push""","size_p == ""0""",Yes
9026,1607899197300:4099be97-d801-47fd-996a-415a6e4360b4,1607899197300:4431740b-9810-46e2-85c9-552346418f4c,"size == ""1""","isEmpty == ""True""","peek_obj_type == ""class java.lang.String""","push == ""True""","pop == ""False""","clear == ""False""","calledMethod == ""push""","size_p == ""0""",Yes
9027,1607899197300:4099be97-d801-47fd-996a-415a6e4360b4,1607899197300:4431740b-9810-46e2-85c9-552346418f4c,"size == ""1""","isEmpty == ""True""","peek_obj_type == ""class java.lang.String""","push == ""False""","pop == ""False""","clear == ""True""","calledMethod == ""clear""","size_p == ""1""",Yes
9028,1607899197300:4099be97-d801-47fd-996a-415a6e4360b4,1607899197300:4431740b-9810-46e2-85c9-552346418f4c,"size == ""1""","isEmpty == ""True""","peek_obj_type == ""class java.lang.String""","push == ""False""","pop == ""False""","clear == ""True""","calledMethod == ""clear""","size_p == ""1""",Yes
9029,1607899197300:4099be97-d801-47fd-996a-415a6e4360b4,1607899197300:4431740b-9810-46e2-85c9-552346418f4c,"size == ""1""","isEmpty == ""True""","peek_obj_type == ""class java.lang.String""","push == ""False""","pop == ""False""","clear == ""True""","calledMethod == ""clear""","size_p == ""1""",Yes
9031,1607899197300:4099be97-d801-47fd-996a-415a6e4360b4,1607899197300:2d578ed8-5c71-431f-9d7e-98f610505ae1,"size == ""1""","isEmpty == ""True""","peek_obj_type == ""class java.lang.String""","push == ""True""","pop == ""False""","clear == ""False""","calledMethod == ""push""","size_p == ""0""",Yes
9032,1607899197300:4099be97-d801-47fd-996a-415a6e4360b4,1607899197300:2d578ed8-5c71-431f-9d7e-98f610505ae1,"size == ""1""","isEmpty == ""True""","peek_obj_type == ""class java.lang.String""","push == ""False""","pop == ""True""","clear == ""False""","calledMethod == ""pop""","size_p == ""1""",Yes
9034,1607899197299:cb190ed9-fbf7-48b2-b26a-cd243b65b771,1607899197299:4956a374-a370-4091-8f28-ee2b7e5a90ef,"size == ""1""","isEmpty == ""True""","peek_obj_type == ""class java.lang.String""","push == ""True""","pop == ""False""","clear == ""False""","calledMethod == ""push""","size_p == ""0""",Yes
9035,1607899197299:cb190ed9-fbf7-48b2-b26a-cd243b65b771,1607899197299:4956a374-a370-4091-8f28-ee2b7e5a90ef,"size == ""1""","isEmpty == ""True""","peek_obj_type == ""class java.lang.String""","push == ""False""","pop == ""True""","clear == ""False""","calledMethod == ""pop""","size_p == ""1""",Yes
9037,1607899197299:bd07e931-9461-4479-9f5e-2be7fe980668,1607899197299:20fc25c5-d10e-4b91-b08e-f8adfebaff8f,"size == ""1""","isEmpty == ""True""","peek_obj_type == ""class java.lang.String""","push == ""True""","pop == ""False""","clear == ""False""","calledMethod == ""push""","size_p == ""0""",Yes
9038,1607899197299:bd07e931-9461-4479-9f5e-2be7fe980668,1607899197299:20fc25c5-d10e-4b91-b08e-f8adfebaff8f,"size == ""1""","isEmpty == ""True""","peek_obj_type == ""class java.lang.String""","push == ""False""","pop == ""True""","clear == ""False""","calledMethod == ""pop""","size_p == ""1""",Yes
9040,1607899197299:0102785e-761b-498f-943d-589c9cd4e5ee,1607899197299:7f02ec09-f4dd-43e9-945b-769f4099b998,"size == ""1""","isEmpty == ""True""","peek_obj_type == ""class java.lang.String""","push == ""True""","pop == ""False""","clear == ""False""","calledMethod == ""push""","size_p == ""0""",Yes
9041,1607899197299:0102785e-761b-498f-943d-589c9cd4e5ee,1607899197299:7f02ec09-f4dd-43e9-945b-769f4099b998,"size == ""1""","isEmpty == ""True""","peek_obj_type == ""class java.lang.String""","push == ""False""","pop == ""True""","clear == ""False""","calledMethod == ""pop""","size_p == ""1""",Yes
9043,1607899197298:8782549e-98b3-4094-a735-7b386276c089,1607899197298:be5d0a1c-132e-4186-9b19-529d3b722d83,"size == ""1""","isEmpty == ""True""","peek_obj_type == ""class java.lang.String""","push == ""True""","pop == ""False""","clear == ""False""","calledMethod == ""push""","size_p == ""0""",Yes
9044,1607899197298:8782549e-98b3-4094-a735-7b386276c089,1607899197298:be5d0a1c-132e-4186-9b19-529d3b722d83,"size == ""1""","isEmpty == ""True""","peek_obj_type == ""class java.lang.String""","push == ""False""","pop == ""True""","clear == ""False""","calledMethod == ""pop""","size_p == ""1""",Yes
9046,1607899197298:8782549e-98b3-4094-a735-7b386276c089,1607899197298:91f02979-e174-4746-a906-2f2435d18d8a,"size == ""1""","isEmpty == ""True""","peek_obj_type == ""class java.lang.String""","push == ""True""","pop == ""False""","clear == ""False""","calledMethod == ""push""","size_p == ""0""",Yes
9048,1607899197298:506c4b26-f6da-4aea-93e7-0b27b9f02314,1607899197298:67cc03da-1823-4dd0-ac04-697fcc282179,"size == ""1""","isEmpty == ""True""","peek_obj_type == ""class java.lang.String""","push == ""True""","pop == ""False""","clear == ""False""","calledMethod == ""push""","size_p == ""0""",Yes
9049,1607899197298:506c4b26-f6da-4aea-93e7-0b27b9f02314,1607899197298:67cc03da-1823-4dd0-ac04-697fcc282179,"size == ""1""","isEmpty == ""True""","peek_obj_type == ""class java.lang.String""","push == ""False""","pop == ""True""","clear == ""False""","calledMethod == ""pop""","size_p == ""1""",Yes
9051,1607899197297:aeec2bb5-2f69-40dc-ac82-162bab677a25,1607899197298:e1875190-eaf3-48a2-ab19-07881e17d7bd,"size == ""1""","isEmpty == ""True""","peek_obj_type == ""class java.lang.String""","push == ""True""","pop == ""False""","clear == ""False""","calledMethod == ""push""","size_p == ""0""",Yes
9054,1607899197297:aeec2bb5-2f69-40dc-ac82-162bab677a25,1607899197298:2a9c0895-4e49-4be6-b06a-e15806157e04,"size == ""1""","isEmpty == ""True""","peek_obj_type == ""class java.lang.String""","push == ""True""","pop == ""False""","clear == ""False""","calledMethod == ""push""","size_p == ""0""",Yes
9055,1607899197297:aeec2bb5-2f69-40dc-ac82-162bab677a25,1607899197298:2a9c0895-4e49-4be6-b06a-e15806157e04,"size == ""1""","isEmpty == ""True""","peek_obj_type == ""class java.lang.String""","push == ""False""","pop == ""True""","clear == ""False""","calledMethod == ""pop""","size_p == ""1""",Yes
9057,1607899197297:437e9e1b-3f66-4924-a3cc-de3d62cf1596,1607899197297:818304ed-d058-4c91-ab4d-57137288edb7,"size == ""1""","isEmpty == ""True""","peek_obj_type == ""class java.lang.String""","push == ""True""","pop == ""False""","clear == ""False""","calledMethod == ""push""","size_p == ""0""",Yes
9058,1607899197297:437e9e1b-3f66-4924-a3cc-de3d62cf1596,1607899197297:818304ed-d058-4c91-ab4d-57137288edb7,"size == ""1""","isEmpty == ""True""","peek_obj_type == ""class java.lang.String""","push == ""False""","pop == ""True""","clear == ""False""","calledMethod == ""pop""","size_p == ""1""",Yes
9061,1607899197297:437e9e1b-3f66-4924-a3cc-de3d62cf1596,1607899197297:4877a372-d9d4-4411-b057-bcc50da74ab5,"size == ""1""","isEmpty == ""True""","peek_obj_type == ""class java.lang.String""","push == ""True""","pop == ""False""","clear == ""False""","calledMethod == ""push""","size_p == ""0""",Yes
9062,1607899197297:437e9e1b-3f66-4924-a3cc-de3d62cf1596,1607899197297:4877a372-d9d4-4411-b057-bcc50da74ab5,"size == ""1""","isEmpty == ""True""","peek_obj_type == ""class java.lang.String""","push == ""False""","pop == ""False""","clear == ""True""","calledMethod == ""clear""","size_p == ""1""",Yes
9063,1607899197297:437e9e1b-3f66-4924-a3cc-de3d62cf1596,1607899197297:4877a372-d9d4-4411-b057-bcc50da74ab5,"size == ""1""","isEmpty == ""True""","peek_obj_type == ""class java.lang.String""","push == ""False""","pop == ""False""","clear == ""True""","calledMethod == ""clear""","size_p == ""1""",Yes
9064,1607899197297:437e9e1b-3f66-4924-a3cc-de3d62cf1596,1607899197297:4877a372-d9d4-4411-b057-bcc50da74ab5,"size == ""1""","isEmpty == ""True""","peek_obj_type == ""class java.lang.String""","push == ""False""","pop == ""False""","clear == ""True""","calledMethod == ""clear""","size_p == ""1""",Yes
9066,1607899197296:ff67d858-3599-4cd1-9633-3c34f91ba181,1607899197297:9844d2f5-6f38-4a7d-8726-be9ceeb10f25,"size == ""1""","isEmpty == ""True""","peek_obj_type == ""class java.lang.String""","push == ""True""","pop == ""False""","clear == ""False""","calledMethod == ""push""","size_p == ""0""",Yes
9067,1607899197296:ff67d858-3599-4cd1-9633-3c34f91ba181,1607899197297:9844d2f5-6f38-4a7d-8726-be9ceeb10f25,"size == ""1""","isEmpty == ""True""","peek_obj_type == ""class java.lang.String""","push == ""False""","pop == ""True""","clear == ""False""","calledMethod == ""pop""","size_p == ""1""",Yes
9070,1607899197296:ff67d858-3599-4cd1-9633-3c34f91ba181,1607899197296:4e6c31e6-f057-41b7-ad70-d13811dc6152,"size == ""1""","isEmpty == ""True""","peek_obj_type == ""class java.lang.String""","push == ""True""","pop == ""False""","clear == ""False""","calledMethod == ""push""","size_p == ""0""",Yes
9071,1607899197296:ff67d858-3599-4cd1-9633-3c34f91ba181,1607899197296:4e6c31e6-f057-41b7-ad70-d13811dc6152,"size == ""1""","isEmpty == ""True""","peek_obj_type == ""class java.lang.String""","push == ""False""","pop == ""False""","clear == ""True""","calledMethod == ""clear""","size_p == ""1""",Yes
9072,1607899197296:ff67d858-3599-4cd1-9633-3c34f91ba181,1607899197296:4e6c31e6-f057-41b7-ad70-d13811dc6152,"size == ""1""","isEmpty == ""True""","peek_obj_type == ""class java.lang.String""","push == ""False""","pop == ""False""","clear == ""True""","calledMethod == ""clear""","size_p == ""1""",Yes
9073,1607899197296:ff67d858-3599-4cd1-9633-3c34f91ba181,1607899197296:4e6c31e6-f057-41b7-ad70-d13811dc6152,"size == ""1""","isEmpty == ""True""","peek_obj_type == ""class java.lang.String""","push == ""False""","pop == ""False""","clear == ""True""","calledMethod == ""clear""","size_p == ""1""",Yes
9075,1607899197296:33a90d8b-8eb1-47f9-941b-1ea4819d7843,1607899197296:461b3796-ac51-407f-bce5-59ef22e5af2f,"size == ""1""","isEmpty == ""True""","peek_obj_type == ""class java.lang.String""","push == ""True""","pop == ""False""","clear == ""False""","calledMethod == ""push""","size_p == ""0""",Yes
9076,1607899197296:33a90d8b-8eb1-47f9-941b-1ea4819d7843,1607899197296:461b3796-ac51-407f-bce5-59ef22e5af2f,"size == ""1""","isEmpty == ""True""","peek_obj_type == ""class java.lang.String""","push == ""False""","pop == ""True""","clear == ""False""","calledMethod == ""pop""","size_p == ""1""",Yes
9078,1607899197295:c97baf86-4c40-4cf7-a280-55f20bace11a,1607899197296:057fdedd-4d24-466d-b754-5ad3de9cb853,"size == ""1""","isEmpty == ""True""","peek_obj_type == ""class java.lang.String""","push == ""True""","pop == ""False""","clear == ""False""","calledMethod == ""push""","size_p == ""0""",Yes
9079,1607899197295:c97baf86-4c40-4cf7-a280-55f20bace11a,1607899197296:057fdedd-4d24-466d-b754-5ad3de9cb853,"size == ""1""","isEmpty == ""True""","peek_obj_type == ""class java.lang.String""","push == ""False""","pop == ""True""","clear == ""False""","calledMethod == ""pop""","size_p == ""1""",Yes
9082,1607899197295:c97baf86-4c40-4cf7-a280-55f20bace11a,1607899197295:9aa9d7ca-36e9-4737-877b-095147a5837b,"size == ""1""","isEmpty == ""True""","peek_obj_type == ""class java.lang.String""","push == ""True""","pop == ""False""","clear == ""False""","calledMethod == ""push""","size_p == ""0""",Yes
9083,1607899197295:c97baf86-4c40-4cf7-a280-55f20bace11a,1607899197295:9aa9d7ca-36e9-4737-877b-095147a5837b,"size == ""1""","isEmpty == ""True""","peek_obj_type == ""class java.lang.String""","push == ""False""","pop == ""False""","clear == ""True""","calledMethod == ""clear""","size_p == ""1""",Yes
9084,1607899197295:c97baf86-4c40-4cf7-a280-55f20bace11a,1607899197295:9aa9d7ca-36e9-4737-877b-095147a5837b,"size == ""1""","isEmpty == ""True""","peek_obj_type == ""class java.lang.String""","push == ""False""","pop == ""False""","clear == ""True""","calledMethod == ""clear""","size_p == ""1""",Yes
9085,1607899197295:c97baf86-4c40-4cf7-a280-55f20bace11a,1607899197295:9aa9d7ca-36e9-4737-877b-095147a5837b,"size == ""1""","isEmpty == ""True""","peek_obj_type == ""class java.lang.String""","push == ""False""","pop == ""False""","clear == ""True""","calledMethod == ""clear""","size_p == ""1""",Yes
9087,1607899197295:98c0783a-cdeb-4405-b16c-b6ba5d199334,1607899197295:79ffc129-544a-42d3-b215-d7ce7bef14c8,"size == ""1""","isEmpty == ""True""","peek_obj_type == ""class java.lang.String""","push == ""True""","pop == ""False""","clear == ""False""","calledMethod == ""push""","size_p == ""0""",Yes
9089,1607899197295:98c0783a-cdeb-4405-b16c-b6ba5d199334,1607899197295:057a21d3-2a47-4850-a766-3732bf065751,"size == ""1""","isEmpty == ""True""","peek_obj_type == ""class java.lang.String""","push == ""True""","pop == ""False""","clear == ""False""","calledMethod == ""push""","size_p == ""0""",Yes
9090,1607899197295:98c0783a-cdeb-4405-b16c-b6ba5d199334,1607899197295:057a21d3-2a47-4850-a766-3732bf065751,"size == ""1""","isEmpty == ""True""","peek_obj_type == ""class java.lang.String""","push == ""False""","pop == ""True""","clear == ""False""","calledMethod == ""pop""","size_p == ""1""",Yes
9092,1607899197294:fba25605-3a24-43c3-b415-801feb0ba2a2,1607899197294:f1c55fbd-d1e6-443c-a1d0-02225c61b665,"size == ""1""","isEmpty == ""True""","peek_obj_type == ""class java.lang.String""","push == ""True""","pop == ""False""","clear == ""False""","calledMethod == ""push""","size_p == ""0""",Yes
9093,1607899197294:fba25605-3a24-43c3-b415-801feb0ba2a2,1607899197294:f1c55fbd-d1e6-443c-a1d0-02225c61b665,"size == ""1""","isEmpty == ""True""","peek_obj_type == ""class java.lang.String""","push == ""False""","pop == ""True""","clear == ""False""","calledMethod == ""pop""","size_p == ""1""",Yes
9095,1607899197294:f5790bbf-7e6f-4077-b693-92f6608d1ccb,1607899197294:ac99c8ad-375a-4c4c-99cb-f05965fd9def,"size == ""1""","isEmpty == ""True""","peek_obj_type == ""class java.lang.String""","push == ""True""","pop == ""False""","clear == ""False""","calledMethod == ""push""","size_p == ""0""",Yes
9096,1607899197294:f5790bbf-7e6f-4077-b693-92f6608d1ccb,1607899197294:ac99c8ad-375a-4c4c-99cb-f05965fd9def,"size == ""1""","isEmpty == ""True""","peek_obj_type == ""class java.lang.String""","push == ""False""","pop == ""True""","clear == ""False""","calledMethod == ""pop""","size_p == ""1""",Yes
9098,1607899197294:de5b01ae-9d95-4c8a-b501-5de71d0f21b1,1607899197294:e2c7ebf6-a972-44b1-a685-bf72d40958d8,"size == ""1""","isEmpty == ""True""","peek_obj_type == ""class java.lang.String""","push == ""True""","pop == ""False""","clear == ""False""","calledMethod == ""push""","size_p == ""0""",Yes
9099,1607899197294:de5b01ae-9d95-4c8a-b501-5de71d0f21b1,1607899197294:e2c7ebf6-a972-44b1-a685-bf72d40958d8,"size == ""1""","isEmpty == ""True""","peek_obj_type == ""class java.lang.String""","push == ""False""","pop == ""True""","clear == ""False""","calledMethod == ""pop""","size_p == ""1""",Yes
9102,1607899197294:de5b01ae-9d95-4c8a-b501-5de71d0f21b1,1607899197294:bc4bc4e6-0086-4ebf-9476-119ed8fcb4b6,"size == ""1""","isEmpty == ""True""","peek_obj_type == ""class java.lang.String""","push == ""True""","pop == ""False""","clear == ""False""","calledMethod == ""push""","size_p == ""0""",Yes
9103,1607899197294:de5b01ae-9d95-4c8a-b501-5de71d0f21b1,1607899197294:bc4bc4e6-0086-4ebf-9476-119ed8fcb4b6,"size == ""1""","isEmpty == ""True""","peek_obj_type == ""class java.lang.String""","push == ""False""","pop == ""False""","clear == ""True""","calledMethod == ""clear""","size_p == ""1""",Yes
9104,1607899197294:de5b01ae-9d95-4c8a-b501-5de71d0f21b1,1607899197294:bc4bc4e6-0086-4ebf-9476-119ed8fcb4b6,"size == ""1""","isEmpty == ""True""","peek_obj_type == ""class java.lang.String""","push == ""False""","pop == ""False""","clear == ""True""","calledMethod == ""clear""","size_p == ""1""",Yes
9105,1607899197294:de5b01ae-9d95-4c8a-b501-5de71d0f21b1,1607899197294:bc4bc4e6-0086-4ebf-9476-119ed8fcb4b6,"size == ""1""","isEmpty == ""True""","peek_obj_type == ""class java.lang.String""","push == ""False""","pop == ""False""","clear == ""True""","calledMethod == ""clear""","size_p == ""1""",Yes
9107,1607899197293:e5a799dc-fb33-4c94-8825-6afc43f82ef8,1607899197293:8916b575-f057-47ce-894e-37610c397674,"size == ""1""","isEmpty == ""True""","peek_obj_type == ""class java.lang.String""","push == ""True""","pop == ""False""","clear == ""False""","calledMethod == ""push""","size_p == ""0""",Yes
9108,1607899197293:e5a799dc-fb33-4c94-8825-6afc43f82ef8,1607899197293:8916b575-f057-47ce-894e-37610c397674,"size == ""1""","isEmpty == ""True""","peek_obj_type == ""class java.lang.String""","push == ""False""","pop == ""True""","clear == ""False""","calledMethod == ""pop""","size_p == ""1""",Yes
9110,1607899197293:a8a9d53e-7a27-4de7-9f73-e3884eb01309,1607899197293:e1fa8df3-ca65-4bd1-80d2-9a586637932e,"size == ""1""","isEmpty == ""True""","peek_obj_type == ""class java.lang.String""","push == ""True""","pop == ""False""","clear == ""False""","calledMethod == ""push""","size_p == ""0""",Yes
9111,1607899197293:a8a9d53e-7a27-4de7-9f73-e3884eb01309,1607899197293:e1fa8df3-ca65-4bd1-80d2-9a586637932e,"size == ""2""","isEmpty == ""True""","peek_obj_type == ""class java.lang.String""","push == ""True""","pop == ""False""","clear == ""False""","calledMethod == ""push""","size_p == ""1""",Yes
9112,1607899197293:a8a9d53e-7a27-4de7-9f73-e3884eb01309,1607899197293:e1fa8df3-ca65-4bd1-80d2-9a586637932e,"size == ""3""","isEmpty == ""True""","peek_obj_type == ""class java.lang.String""","push == ""True""","pop == ""False""","clear == ""False""","calledMethod == ""push""","size_p == ""2""",Yes
9114,1607899197293:a8a9d53e-7a27-4de7-9f73-e3884eb01309,1607899197293:681737c9-96a1-4c91-9699-f02f362e4776,"size == ""1""","isEmpty == ""True""","peek_obj_type == ""class java.lang.String""","push == ""True""","pop == ""False""","clear == ""False""","calledMethod == ""push""","size_p == ""0""",Yes
9115,1607899197293:a8a9d53e-7a27-4de7-9f73-e3884eb01309,1607899197293:681737c9-96a1-4c91-9699-f02f362e4776,"size == ""1""","isEmpty == ""True""","peek_obj_type == ""class java.lang.String""","push == ""False""","pop == ""True""","clear == ""False""","calledMethod == ""pop""","size_p == ""1""",Yes
9117,1607899197293:14011d02-3f77-4d93-b1e2-ebf482017750,1607899197293:67d1dc71-48b7-428c-9706-0c287581441b,"size == ""1""","isEmpty == ""True""","peek_obj_type == ""class java.lang.String""","push == ""True""","pop == ""False""","clear == ""False""","calledMethod == ""push""","size_p == ""0""",Yes
9118,1607899197293:14011d02-3f77-4d93-b1e2-ebf482017750,1607899197293:67d1dc71-48b7-428c-9706-0c287581441b,"size == ""1""","isEmpty == ""True""","peek_obj_type == ""class java.lang.String""","push == ""False""","pop == ""True""","clear == ""False""","calledMethod == ""pop""","size_p == ""1""",Yes
9120,1607899197292:fc1693f1-b9df-4187-aba3-090ef59fbd47,1607899197292:0e528090-ce91-4315-a439-7f7e1b78c3a2,"size == ""1""","isEmpty == ""True""","peek_obj_type == ""class java.lang.String""","push == ""True""","pop == ""False""","clear == ""False""","calledMethod == ""push""","size_p == ""0""",Yes
9121,1607899197292:fc1693f1-b9df-4187-aba3-090ef59fbd47,1607899197292:0e528090-ce91-4315-a439-7f7e1b78c3a2,"size == ""1""","isEmpty == ""True""","peek_obj_type == ""class java.lang.String""","push == ""False""","pop == ""True""","clear == ""False""","calledMethod == ""pop""","size_p == ""1""",Yes
9123,1607899197292:79f54589-5391-418d-8c71-775f0e31f7eb,1607899197292:c7f30de8-04b0-4ab0-bd5a-161dfa768eb7,"size == ""1""","isEmpty == ""True""","peek_obj_type == ""class java.lang.String""","push == ""True""","pop == ""False""","clear == ""False""","calledMethod == ""push""","size_p == ""0""",Yes
9124,1607899197292:79f54589-5391-418d-8c71-775f0e31f7eb,1607899197292:c7f30de8-04b0-4ab0-bd5a-161dfa768eb7,"size == ""1""","isEmpty == ""True""","peek_obj_type == ""class java.lang.String""","push == ""False""","pop == ""True""","clear == ""False""","calledMethod == ""pop""","size_p == ""1""",Yes
9126,1607899197291:f0d983c3-1e04-4690-9532-8598e5a71c04,1607899197291:ff88e20e-04a6-4a72-aea1-f6483164dfb4,"size == ""1""","isEmpty == ""True""","peek_obj_type == ""class java.lang.String""","push == ""True""","pop == ""False""","clear == ""False""","calledMethod == ""push""","size_p == ""0""",Yes
9127,1607899197291:f0d983c3-1e04-4690-9532-8598e5a71c04,1607899197291:ff88e20e-04a6-4a72-aea1-f6483164dfb4,"size == ""1""","isEmpty == ""True""","peek_obj_type == ""class java.lang.String""","push == ""False""","pop == ""True""","clear == ""False""","calledMethod == ""pop""","size_p == ""1""",Yes
9129,1607899197291:df50233f-7f0c-4b7e-9474-d7ec53b60b42,1607899197292:22a10035-cf7a-45f2-a48c-84581837e164,"size == ""1""","isEmpty == ""True""","peek_obj_type == ""class java.lang.String""","push == ""True""","pop == ""False""","clear == ""False""","calledMethod == ""push""","size_p == ""0""",Yes
9130,1607899197291:df50233f-7f0c-4b7e-9474-d7ec53b60b42,1607899197292:22a10035-cf7a-45f2-a48c-84581837e164,"size == ""1""","isEmpty == ""True""","peek_obj_type == ""class java.lang.String""","push == ""False""","pop == ""True""","clear == ""False""","calledMethod == ""pop""","size_p == ""1""",Yes
9133,1607899197291:df50233f-7f0c-4b7e-9474-d7ec53b60b42,1607899197291:781bdf24-8420-47f3-9ba2-4243cfbc1613,"size == ""1""","isEmpty == ""True""","peek_obj_type == ""class java.lang.String""","push == ""True""","pop == ""False""","clear == ""False""","calledMethod == ""push""","size_p == ""0""",Yes
9134,1607899197291:df50233f-7f0c-4b7e-9474-d7ec53b60b42,1607899197291:781bdf24-8420-47f3-9ba2-4243cfbc1613,"size == ""1""","isEmpty == ""True""","peek_obj_type == ""class java.lang.String""","push == ""False""","pop == ""False""","clear == ""True""","calledMethod == ""clear""","size_p == ""1""",Yes
9135,1607899197291:df50233f-7f0c-4b7e-9474-d7ec53b60b42,1607899197291:781bdf24-8420-47f3-9ba2-4243cfbc1613,"size == ""1""","isEmpty == ""True""","peek_obj_type == ""class java.lang.String""","push == ""False""","pop == ""False""","clear == ""True""","calledMethod == ""clear""","size_p == ""1""",Yes
9136,1607899197291:df50233f-7f0c-4b7e-9474-d7ec53b60b42,1607899197291:781bdf24-8420-47f3-9ba2-4243cfbc1613,"size == ""1""","isEmpty == ""True""","peek_obj_type == ""class java.lang.String""","push == ""False""","pop == ""False""","clear == ""True""","calledMethod == ""clear""","size_p == ""1""",Yes
9138,1607899197291:c547ae82-35e6-4ee3-b282-886f8d29c7ea,1607899197291:8a0e92de-df5a-44ae-9add-143bb1edc058,"size == ""1""","isEmpty == ""True""","peek_obj_type == ""class java.lang.String""","push == ""True""","pop == ""False""","clear == ""False""","calledMethod == ""push""","size_p == ""0""",Yes
9139,1607899197291:c547ae82-35e6-4ee3-b282-886f8d29c7ea,1607899197291:8a0e92de-df5a-44ae-9add-143bb1edc058,"size == ""1""","isEmpty == ""True""","peek_obj_type == ""class java.lang.String""","push == ""False""","pop == ""True""","clear == ""False""","calledMethod == ""pop""","size_p == ""1""",Yes
9142,1607899197290:5affb932-719d-4e76-ab06-20f7c0167f3e,1607899197290:4346a255-6e9e-454d-a35b-f3df7355f36a,"size == ""1""","isEmpty == ""True""","peek_obj_type == ""class java.lang.String""","push == ""True""","pop == ""False""","clear == ""False""","calledMethod == ""push""","size_p == ""0""",Yes
9143,1607899197290:5affb932-719d-4e76-ab06-20f7c0167f3e,1607899197290:4346a255-6e9e-454d-a35b-f3df7355f36a,"size == ""1""","isEmpty == ""True""","peek_obj_type == ""class java.lang.String""","push == ""False""","pop == ""True""","clear == ""False""","calledMethod == ""pop""","size_p == ""1""",Yes
9145,1607899197290:5affb932-719d-4e76-ab06-20f7c0167f3e,1607899197290:01dcd69d-64f6-4bb7-b590-48bef5f14ca3,"size == ""1""","isEmpty == ""True""","peek_obj_type == ""class java.lang.String""","push == ""True""","pop == ""False""","clear == ""False""","calledMethod == ""push""","size_p == ""0""",Yes
9147,1607899197290:31fcc070-6ceb-47f9-86fe-c01d095aadc7,1607899197290:47bc187f-69c1-49e4-9f5b-9a2e5761e6c0,"size == ""1""","isEmpty == ""True""","peek_obj_type == ""class java.lang.String""","push == ""True""","pop == ""False""","clear == ""False""","calledMethod == ""push""","size_p == ""0""",Yes
9148,1607899197290:31fcc070-6ceb-47f9-86fe-c01d095aadc7,1607899197290:47bc187f-69c1-49e4-9f5b-9a2e5761e6c0,"size == ""1""","isEmpty == ""True""","peek_obj_type == ""class java.lang.String""","push == ""False""","pop == ""True""","clear == ""False""","calledMethod == ""pop""","size_p == ""1""",Yes
9151,1607899197289:89b0ffa3-b618-4597-a3d0-36409bc6582b,1607899197289:f0178225-8b77-466c-8841-28f2e1961941,"size == ""1""","isEmpty == ""True""","peek_obj_type == ""class java.lang.String""","push == ""True""","pop == ""False""","clear == ""False""","calledMethod == ""push""","size_p == ""0""",Yes
9152,1607899197289:89b0ffa3-b618-4597-a3d0-36409bc6582b,1607899197289:f0178225-8b77-466c-8841-28f2e1961941,"size == ""1""","isEmpty == ""True""","peek_obj_type == ""class java.lang.String""","push == ""False""","pop == ""False""","clear == ""True""","calledMethod == ""clear""","size_p == ""1""",Yes
9153,1607899197289:89b0ffa3-b618-4597-a3d0-36409bc6582b,1607899197289:f0178225-8b77-466c-8841-28f2e1961941,"size == ""1""","isEmpty == ""True""","peek_obj_type == ""class java.lang.String""","push == ""False""","pop == ""False""","clear == ""True""","calledMethod == ""clear""","size_p == ""1""",Yes
9154,1607899197289:89b0ffa3-b618-4597-a3d0-36409bc6582b,1607899197289:f0178225-8b77-466c-8841-28f2e1961941,"size == ""1""","isEmpty == ""True""","peek_obj_type == ""class java.lang.String""","push == ""False""","pop == ""False""","clear == ""True""","calledMethod == ""clear""","size_p == ""1""",Yes
9156,1607899197289:89b0ffa3-b618-4597-a3d0-36409bc6582b,1607899197289:cfb8a77b-c22a-4328-b8b0-6b8c66a3ccb8,"size == ""1""","isEmpty == ""True""","peek_obj_type == ""class java.lang.String""","push == ""True""","pop == ""False""","clear == ""False""","calledMethod == ""push""","size_p == ""0""",Yes
9157,1607899197289:89b0ffa3-b618-4597-a3d0-36409bc6582b,1607899197289:cfb8a77b-c22a-4328-b8b0-6b8c66a3ccb8,"size == ""1""","isEmpty == ""True""","peek_obj_type == ""class java.lang.String""","push == ""False""","pop == ""True""","clear == ""False""","calledMethod == ""pop""","size_p == ""1""",Yes
9160,1607899197289:817d0448-398e-48a0-9adb-c91fe22ea893,1607899197289:5a7ebda2-14a3-4a72-8e1f-2e7a187e68a4,"size == ""1""","isEmpty == ""True""","peek_obj_type == ""class java.lang.String""","push == ""True""","pop == ""False""","clear == ""False""","calledMethod == ""push""","size_p == ""0""",Yes
9161,1607899197289:817d0448-398e-48a0-9adb-c91fe22ea893,1607899197289:5a7ebda2-14a3-4a72-8e1f-2e7a187e68a4,"size == ""1""","isEmpty == ""True""","peek_obj_type == ""class java.lang.String""","push == ""False""","pop == ""False""","clear == ""True""","calledMethod == ""clear""","size_p == ""1""",Yes
9162,1607899197289:817d0448-398e-48a0-9adb-c91fe22ea893,1607899197289:5a7ebda2-14a3-4a72-8e1f-2e7a187e68a4,"size == ""1""","isEmpty == ""True""","peek_obj_type == ""class java.lang.String""","push == ""False""","pop == ""False""","clear == ""True""","calledMethod == ""clear""","size_p == ""1""",Yes
9163,1607899197289:817d0448-398e-48a0-9adb-c91fe22ea893,1607899197289:5a7ebda2-14a3-4a72-8e1f-2e7a187e68a4,"size == ""1""","isEmpty == ""True""","peek_obj_type == ""class java.lang.String""","push == ""False""","pop == ""False""","clear == ""True""","calledMethod == ""clear""","size_p == ""1""",Yes
9165,1607899197289:817d0448-398e-48a0-9adb-c91fe22ea893,1607899197289:17bbe75a-b7cb-4d46-bb5c-da406ba841d5,"size == ""1""","isEmpty == ""True""","peek_obj_type == ""class java.lang.String""","push == ""True""","pop == ""False""","clear == ""False""","calledMethod == ""push""","size_p == ""0""",Yes
9166,1607899197289:817d0448-398e-48a0-9adb-c91fe22ea893,1607899197289:17bbe75a-b7cb-4d46-bb5c-da406ba841d5,"size == ""1""","isEmpty == ""True""","peek_obj_type == ""class java.lang.String""","push == ""False""","pop == ""True""","clear == ""False""","calledMethod == ""pop""","size_p == ""1""",Yes
9168,1607899197289:01f4aaf4-5916-4064-a8ec-2b1e2b9d325f,1607899197290:f3904284-d535-4b60-987e-64e543b498e6,"size == ""1""","isEmpty == ""True""","peek_obj_type == ""class java.lang.String""","push == ""True""","pop == ""False""","clear == ""False""","calledMethod == ""push""","size_p == ""0""",Yes
9169,1607899197289:01f4aaf4-5916-4064-a8ec-2b1e2b9d325f,1607899197290:f3904284-d535-4b60-987e-64e543b498e6,"size == ""1""","isEmpty == ""True""","peek_obj_type == ""class java.lang.String""","push == ""False""","pop == ""True""","clear == ""False""","calledMethod == ""pop""","size_p == ""1""",Yes
9172,1607899197289:01f4aaf4-5916-4064-a8ec-2b1e2b9d325f,1607899197289:fbb112d1-1b29-4122-bcbb-8bd1d736026a,"size == ""1""","isEmpty == ""True""","peek_obj_type == ""class java.lang.String""","push == ""True""","pop == ""False""","clear == ""False""","calledMethod == ""push""","size_p == ""0""",Yes
9173,1607899197289:01f4aaf4-5916-4064-a8ec-2b1e2b9d325f,1607899197289:fbb112d1-1b29-4122-bcbb-8bd1d736026a,"size == ""1""","isEmpty == ""True""","peek_obj_type == ""class java.lang.String""","push == ""False""","pop == ""False""","clear == ""True""","calledMethod == ""clear""","size_p == ""1""",Yes
9174,1607899197289:01f4aaf4-5916-4064-a8ec-2b1e2b9d325f,1607899197289:fbb112d1-1b29-4122-bcbb-8bd1d736026a,"size == ""1""","isEmpty == ""True""","peek_obj_type == ""class java.lang.String""","push == ""False""","pop == ""False""","clear == ""True""","calledMethod == ""clear""","size_p == ""1""",Yes
9175,1607899197289:01f4aaf4-5916-4064-a8ec-2b1e2b9d325f,1607899197289:fbb112d1-1b29-4122-bcbb-8bd1d736026a,"size == ""1""","isEmpty == ""True""","peek_obj_type == ""class java.lang.String""","push == ""False""","pop == ""False""","clear == ""True""","calledMethod == ""clear""","size_p == ""1""",Yes
9178,1607899197288:fe06ef14-cd32-4864-9d4a-d0b0790b5929,1607899197288:cff4ea6a-1956-4c79-a50a-65d4405faa10,"size == ""1""","isEmpty == ""True""","peek_obj_type == ""class java.lang.String""","push == ""True""","pop == ""False""","clear == ""False""","calledMethod == ""push""","size_p == ""0""",Yes
9179,1607899197288:fe06ef14-cd32-4864-9d4a-d0b0790b5929,1607899197288:cff4ea6a-1956-4c79-a50a-65d4405faa10,"size == ""1""","isEmpty == ""True""","peek_obj_type == ""class java.lang.String""","push == ""False""","pop == ""False""","clear == ""True""","calledMethod == ""clear""","size_p == ""1""",Yes
9180,1607899197288:fe06ef14-cd32-4864-9d4a-d0b0790b5929,1607899197288:cff4ea6a-1956-4c79-a50a-65d4405faa10,"size == ""1""","isEmpty == ""True""","peek_obj_type == ""class java.lang.String""","push == ""False""","pop == ""False""","clear == ""True""","calledMethod == ""clear""","size_p == ""1""",Yes
9181,1607899197288:fe06ef14-cd32-4864-9d4a-d0b0790b5929,1607899197288:cff4ea6a-1956-4c79-a50a-65d4405faa10,"size == ""1""","isEmpty == ""True""","peek_obj_type == ""class java.lang.String""","push == ""False""","pop == ""False""","clear == ""True""","calledMethod == ""clear""","size_p == ""1""",Yes
9183,1607899197288:fe06ef14-cd32-4864-9d4a-d0b0790b5929,1607899197288:7646f86b-c8e8-40b4-a204-cf54b1ef63c0,"size == ""1""","isEmpty == ""True""","peek_obj_type == ""class java.lang.String""","push == ""True""","pop == ""False""","clear == ""False""","calledMethod == ""push""","size_p == ""0""",Yes
9184,1607899197288:fe06ef14-cd32-4864-9d4a-d0b0790b5929,1607899197288:7646f86b-c8e8-40b4-a204-cf54b1ef63c0,"size == ""1""","isEmpty == ""True""","peek_obj_type == ""class java.lang.String""","push == ""False""","pop == ""True""","clear == ""False""","calledMethod == ""pop""","size_p == ""1""",Yes
9186,1607899197288:c1270166-cf79-4116-afde-f4eca94a549c,1607899197288:d33ba7f7-6510-49ff-8f12-c5674bfb1df3,"size == ""1""","isEmpty == ""True""","peek_obj_type == ""class java.lang.String""","push == ""True""","pop == ""False""","clear == ""False""","calledMethod == ""push""","size_p == ""0""",Yes
9187,1607899197288:c1270166-cf79-4116-afde-f4eca94a549c,1607899197288:d33ba7f7-6510-49ff-8f12-c5674bfb1df3,"size == ""1""","isEmpty == ""True""","peek_obj_type == ""class java.lang.String""","push == ""False""","pop == ""True""","clear == ""False""","calledMethod == ""pop""","size_p == ""1""",Yes
9193,1607899197288:b3581dbb-7215-4ddc-87a4-7817ba23e3e4,1607899197288:6f363bc9-8e97-4892-83e8-dab86cbead92,"size == ""1""","isEmpty == ""True""","peek_obj_type == ""class java.lang.String""","push == ""True""","pop == ""False""","clear == ""False""","calledMethod == ""push""","size_p == ""0""",Yes
9194,1607899197288:b3581dbb-7215-4ddc-87a4-7817ba23e3e4,1607899197288:6f363bc9-8e97-4892-83e8-dab86cbead92,"size == ""1""","isEmpty == ""True""","peek_obj_type == ""class java.lang.String""","push == ""False""","pop == ""True""","clear == ""False""","calledMethod == ""pop""","size_p == ""1""",Yes
9197,1607899197287:d138fbef-535c-4aca-8b8e-5b0c425cdde8,1607899197287:602b8af6-3847-4242-a5e6-206792ce9553,"size == ""1""","isEmpty == ""True""","peek_obj_type == ""class java.lang.String""","push == ""True""","pop == ""False""","clear == ""False""","calledMethod == ""push""","size_p == ""0""",Yes
9198,1607899197287:d138fbef-535c-4aca-8b8e-5b0c425cdde8,1607899197287:602b8af6-3847-4242-a5e6-206792ce9553,"size == ""1""","isEmpty == ""True""","peek_obj_type == ""class java.lang.String""","push == ""False""","pop == ""True""","clear == ""False""","calledMethod == ""pop""","size_p == ""1""",Yes
9200,1607899197287:d138fbef-535c-4aca-8b8e-5b0c425cdde8,1607899197287:30ece74c-bbf1-4875-b317-de5310d86eb8,"size == ""1""","isEmpty == ""True""","peek_obj_type == ""class java.lang.String""","push == ""True""","pop == ""False""","clear == ""False""","calledMethod == ""push""","size_p == ""0""",Yes
9202,1607899197287:be0a831e-145d-446a-a607-74e0eca22ebb,1607899197287:5e67bdd3-64c0-4bab-9872-9563c22466cc,"size == ""1""","isEmpty == ""True""","peek_obj_type == ""class java.lang.String""","push == ""True""","pop == ""False""","clear == ""False""","calledMethod == ""push""","size_p == ""0""",Yes
9203,1607899197287:be0a831e-145d-446a-a607-74e0eca22ebb,1607899197287:5e67bdd3-64c0-4bab-9872-9563c22466cc,"size == ""1""","isEmpty == ""True""","peek_obj_type == ""class java.lang.String""","push == ""False""","pop == ""True""","clear == ""False""","calledMethod == ""pop""","size_p == ""1""",Yes
9205,1607899197287:309a51ae-728c-41a3-ba4d-e09b9ca65267,1607899197287:d61fbfdd-b27b-4b78-8632-ba0af3b860ad,"size == ""1""","isEmpty == ""True""","peek_obj_type == ""class java.lang.String""","push == ""True""","pop == ""False""","clear == ""False""","calledMethod == ""push""","size_p == ""0""",Yes
9206,1607899197287:309a51ae-728c-41a3-ba4d-e09b9ca65267,1607899197287:d61fbfdd-b27b-4b78-8632-ba0af3b860ad,"size == ""1""","isEmpty == ""True""","peek_obj_type == ""class java.lang.String""","push == ""False""","pop == ""True""","clear == ""False""","calledMethod == ""pop""","size_p == ""1""",Yes
9208,1607899197287:309a51ae-728c-41a3-ba4d-e09b9ca65267,1607899197287:16106329-79ca-4f2e-9942-4e5bad05eca1,"size == ""1""","isEmpty == ""True""","peek_obj_type == ""class java.lang.String""","push == ""True""","pop == ""False""","clear == ""False""","calledMethod == ""push""","size_p == ""0""",Yes
9210,1607899197286:fddaf390-3fa2-47ae-a7b6-98e640fc91fe,1607899197286:1b975d20-a075-4915-8a56-4628c96ec323,"size == ""1""","isEmpty == ""True""","peek_obj_type == ""class java.lang.String""","push == ""True""","pop == ""False""","clear == ""False""","calledMethod == ""push""","size_p == ""0""",Yes
9211,1607899197286:fddaf390-3fa2-47ae-a7b6-98e640fc91fe,1607899197286:1b975d20-a075-4915-8a56-4628c96ec323,"size == ""1""","isEmpty == ""True""","peek_obj_type == ""class java.lang.String""","push == ""False""","pop == ""True""","clear == ""False""","calledMethod == ""pop""","size_p == ""1""",Yes
9213,1607899197286:d446b7e2-0b8f-4cb2-8ecd-a97ada5adc42,1607899197286:129fb8f7-a191-4362-b388-0b45f6958a4a,"size == ""1""","isEmpty == ""True""","peek_obj_type == ""class java.lang.String""","push == ""True""","pop == ""False""","clear == ""False""","calledMethod == ""push""","size_p == ""0""",Yes
9214,1607899197286:d446b7e2-0b8f-4cb2-8ecd-a97ada5adc42,1607899197286:129fb8f7-a191-4362-b388-0b45f6958a4a,"size == ""1""","isEmpty == ""True""","peek_obj_type == ""class java.lang.String""","push == ""False""","pop == ""True""","clear == ""False""","calledMethod == ""pop""","size_p == ""1""",Yes
9216,1607899197286:8b1049ae-9499-40fc-88ad-520e63904648,1607899197286:775466c5-ee66-4098-a441-4703977ce7d5,"size == ""1""","isEmpty == ""True""","peek_obj_type == ""class java.lang.String""","push == ""True""","pop == ""False""","clear == ""False""","calledMethod == ""push""","size_p == ""0""",Yes
9217,1607899197286:8b1049ae-9499-40fc-88ad-520e63904648,1607899197286:775466c5-ee66-4098-a441-4703977ce7d5,"size == ""1""","isEmpty == ""True""","peek_obj_type == ""class java.lang.String""","push == ""False""","pop == ""True""","clear == ""False""","calledMethod == ""pop""","size_p == ""1""",Yes
9219,1607899197286:8b1049ae-9499-40fc-88ad-520e63904648,1607899197286:49815e02-c5b6-405b-8c91-4e20fb1536b5,"size == ""1""","isEmpty == ""True""","peek_obj_type == ""class java.lang.String""","push == ""True""","pop == ""False""","clear == ""False""","calledMethod == ""push""","size_p == ""0""",Yes
9221,1607899197285:f21fccdb-436c-4bac-9124-a1871d30aeba,1607899197285:50ff8ad0-a01a-4a78-a326-606c8690de7f,"size == ""1""","isEmpty == ""True""","peek_obj_type == ""class java.lang.String""","push == ""True""","pop == ""False""","clear == ""False""","calledMethod == ""push""","size_p == ""0""",Yes
9222,1607899197285:f21fccdb-436c-4bac-9124-a1871d30aeba,1607899197285:50ff8ad0-a01a-4a78-a326-606c8690de7f,"size == ""1""","isEmpty == ""True""","peek_obj_type == ""class java.lang.String""","push == ""False""","pop == ""True""","clear == ""False""","calledMethod == ""pop""","size_p == ""1""",Yes
9224,1607899197285:aba7693c-1028-4ee2-ac9d-412f285c581a,1607899197285:86cc0448-bd2d-4e5f-96a3-e581ad74125b,"size == ""1""","isEmpty == ""True""","peek_obj_type == ""class java.lang.String""","push == ""True""","pop == ""False""","clear == ""False""","calledMethod == ""push""","size_p == ""0""",Yes
9225,1607899197285:aba7693c-1028-4ee2-ac9d-412f285c581a,1607899197285:86cc0448-bd2d-4e5f-96a3-e581ad74125b,"size == ""1""","isEmpty == ""True""","peek_obj_type == ""class java.lang.String""","push == ""False""","pop == ""True""","clear == ""False""","calledMethod == ""pop""","size_p == ""1""",Yes
9227,1607899197285:1b91e97e-7c84-48f5-9ef8-cf9aa71ccb9f,1607899197285:7ee26246-e903-4c73-b813-4487270923e6,"size == ""1""","isEmpty == ""True""","peek_obj_type == ""class java.lang.String""","push == ""True""","pop == ""False""","clear == ""False""","calledMethod == ""push""","size_p == ""0""",Yes
9228,1607899197285:1b91e97e-7c84-48f5-9ef8-cf9aa71ccb9f,1607899197285:7ee26246-e903-4c73-b813-4487270923e6,"size == ""1""","isEmpty == ""True""","peek_obj_type == ""class java.lang.String""","push == ""False""","pop == ""True""","clear == ""False""","calledMethod == ""pop""","size_p == ""1""",Yes
9231,1607899197285:1b91e97e-7c84-48f5-9ef8-cf9aa71ccb9f,1607899197285:05fd3f7a-13bf-432b-9a88-49abcbe6f49f,"size == ""1""","isEmpty == ""True""","peek_obj_type == ""class java.lang.String""","push == ""True""","pop == ""False""","clear == ""False""","calledMethod == ""push""","size_p == ""0""",Yes
9232,1607899197285:1b91e97e-7c84-48f5-9ef8-cf9aa71ccb9f,1607899197285:05fd3f7a-13bf-432b-9a88-49abcbe6f49f,"size == ""1""","isEmpty == ""True""","peek_obj_type == ""class java.lang.String""","push == ""False""","pop == ""False""","clear == ""True""","calledMethod == ""clear""","size_p == ""1""",Yes
9233,1607899197285:1b91e97e-7c84-48f5-9ef8-cf9aa71ccb9f,1607899197285:05fd3f7a-13bf-432b-9a88-49abcbe6f49f,"size == ""1""","isEmpty == ""True""","peek_obj_type == ""class java.lang.String""","push == ""False""","pop == ""False""","clear == ""True""","calledMethod == ""clear""","size_p == ""1""",Yes
9234,1607899197285:1b91e97e-7c84-48f5-9ef8-cf9aa71ccb9f,1607899197285:05fd3f7a-13bf-432b-9a88-49abcbe6f49f,"size == ""1""","isEmpty == ""True""","peek_obj_type == ""class java.lang.String""","push == ""False""","pop == ""False""","clear == ""True""","calledMethod == ""clear""","size_p == ""1""",Yes
9236,1607899197284:953e8303-5652-4fa7-bb97-453756dcee03,1607899197284:5a88a001-fcb0-4624-a0c5-fee2dd3a328d,"size == ""1""","isEmpty == ""True""","peek_obj_type == ""class java.lang.String""","push == ""True""","pop == ""False""","clear == ""False""","calledMethod == ""push""","size_p == ""0""",Yes
9237,1607899197284:953e8303-5652-4fa7-bb97-453756dcee03,1607899197284:5a88a001-fcb0-4624-a0c5-fee2dd3a328d,"size == ""1""","isEmpty == ""True""","peek_obj_type == ""class java.lang.String""","push == ""False""","pop == ""True""","clear == ""False""","calledMethod == ""pop""","size_p == ""1""",Yes
9239,1607899197284:2c5d5737-e455-443a-b404-c64308eed5fb,1607899197284:85243fe7-f8f0-497b-ae53-86c296294fbf,"size == ""1""","isEmpty == ""True""","peek_obj_type == ""class java.lang.String""","push == ""True""","pop == ""False""","clear == ""False""","calledMethod == ""push""","size_p == ""0""",Yes
9240,1607899197284:2c5d5737-e455-443a-b404-c64308eed5fb,1607899197284:85243fe7-f8f0-497b-ae53-86c296294fbf,"size == ""1""","isEmpty == ""True""","peek_obj_type == ""class java.lang.String""","push == ""False""","pop == ""True""","clear == ""False""","calledMethod == ""pop""","size_p == ""1""",Yes
9242,1607899197284:0996e331-eedb-40dd-85b9-a1527923146a,1607899197284:ccc2d1d9-15bc-4040-b290-659ad0105da0,"size == ""1""","isEmpty == ""True""","peek_obj_type == ""class java.lang.String""","push == ""True""","pop == ""False""","clear == ""False""","calledMethod == ""push""","size_p == ""0""",Yes
9243,1607899197284:0996e331-eedb-40dd-85b9-a1527923146a,1607899197284:ccc2d1d9-15bc-4040-b290-659ad0105da0,"size == ""1""","isEmpty == ""True""","peek_obj_type == ""class java.lang.String""","push == ""False""","pop == ""True""","clear == ""False""","calledMethod == ""pop""","size_p == ""1""",Yes
9246,1607899197283:54d0a805-2703-4de9-a192-6bcce3e06c3c,1607899197283:e31b3775-1fc7-4a90-b476-37420a35619f,"size == ""1""","isEmpty == ""True""","peek_obj_type == ""class java.lang.String""","push == ""True""","pop == ""False""","clear == ""False""","calledMethod == ""push""","size_p == ""0""",Yes
9247,1607899197283:54d0a805-2703-4de9-a192-6bcce3e06c3c,1607899197283:e31b3775-1fc7-4a90-b476-37420a35619f,"size == ""1""","isEmpty == ""True""","peek_obj_type == ""class java.lang.String""","push == ""False""","pop == ""True""","clear == ""False""","calledMethod == ""pop""","size_p == ""1""",Yes
9249,1607899197283:54d0a805-2703-4de9-a192-6bcce3e06c3c,1607899197283:2486e61a-2d16-49fc-85b6-ddf383e5ff59,"size == ""1""","isEmpty == ""True""","peek_obj_type == ""class java.lang.String""","push == ""True""","pop == ""False""","clear == ""False""","calledMethod == ""push""","size_p == ""0""",Yes
9251,1607899197283:420da78a-6d66-417e-a294-65b30c006ab6,1607899197284:a5477163-0993-43d3-a289-1c5c531f2360,"size == ""1""","isEmpty == ""True""","peek_obj_type == ""class java.lang.String""","push == ""True""","pop == ""False""","clear == ""False""","calledMethod == ""push""","size_p == ""0""",Yes
9252,1607899197283:420da78a-6d66-417e-a294-65b30c006ab6,1607899197284:a5477163-0993-43d3-a289-1c5c531f2360,"size == ""1""","isEmpty == ""True""","peek_obj_type == ""class java.lang.String""","push == ""False""","pop == ""True""","clear == ""False""","calledMethod == ""pop""","size_p == ""1""",Yes
9254,1607899197283:420da78a-6d66-417e-a294-65b30c006ab6,1607899197283:c343a4e6-a5ef-40df-be7d-245752eb34c3,"size == ""1""","isEmpty == ""True""","peek_obj_type == ""class java.lang.String""","push == ""True""","pop == ""False""","clear == ""False""","calledMethod == ""push""","size_p == ""0""",Yes
9255,1607899197283:420da78a-6d66-417e-a294-65b30c006ab6,1607899197283:c343a4e6-a5ef-40df-be7d-245752eb34c3,"size == ""2""","isEmpty == ""True""","peek_obj_type == ""class java.lang.String""","push == ""True""","pop == ""False""","clear == ""False""","calledMethod == ""push""","size_p == ""1""",Yes
9257,1607899197282:bc1d8e9d-c2fe-4647-b43a-0cab3d893391,1607899197282:1b8d6f8c-277f-4305-9612-f422443146ce,"size == ""1""","isEmpty == ""True""","peek_obj_type == ""class java.lang.String""","push == ""True""","pop == ""False""","clear == ""False""","calledMethod == ""push""","size_p == ""0""",Yes
9258,1607899197282:bc1d8e9d-c2fe-4647-b43a-0cab3d893391,1607899197282:1b8d6f8c-277f-4305-9612-f422443146ce,"size == ""1""","isEmpty == ""True""","peek_obj_type == ""class java.lang.String""","push == ""False""","pop == ""True""","clear == ""False""","calledMethod == ""pop""","size_p == ""1""",Yes
9261,1607899197282:8858bc81-822c-4ef5-8fb6-29de11939033,1607899197283:10dccb61-f759-4b7e-a534-530c3c86ea11,"size == ""1""","isEmpty == ""True""","peek_obj_type == ""class java.lang.String""","push == ""True""","pop == ""False""","clear == ""False""","calledMethod == ""push""","size_p == ""0""",Yes
9262,1607899197282:8858bc81-822c-4ef5-8fb6-29de11939033,1607899197283:10dccb61-f759-4b7e-a534-530c3c86ea11,"size == ""1""","isEmpty == ""True""","peek_obj_type == ""class java.lang.String""","push == ""False""","pop == ""True""","clear == ""False""","calledMethod == ""pop""","size_p == ""1""",Yes
9264,1607899197282:8858bc81-822c-4ef5-8fb6-29de11939033,1607899197282:f9adcb1e-71aa-484b-bbb7-56259b533bac,"size == ""1""","isEmpty == ""True""","peek_obj_type == ""class java.lang.String""","push == ""True""","pop == ""False""","clear == ""False""","calledMethod == ""push""","size_p == ""0""",Yes
9265,1607899197282:8858bc81-822c-4ef5-8fb6-29de11939033,1607899197282:f9adcb1e-71aa-484b-bbb7-56259b533bac,"size == ""2""","isEmpty == ""True""","peek_obj_type == ""class java.lang.String""","push == ""True""","pop == ""False""","clear == ""False""","calledMethod == ""push""","size_p == ""1""",Yes
9266,1607899197282:8858bc81-822c-4ef5-8fb6-29de11939033,1607899197282:f9adcb1e-71aa-484b-bbb7-56259b533bac,"size == ""3""","isEmpty == ""True""","peek_obj_type == ""class java.lang.String""","push == ""True""","pop == ""False""","clear == ""False""","calledMethod == ""push""","size_p == ""2""",Yes
9268,1607899197282:839e0b01-9a34-4233-9e88-c13004deca54,1607899197282:717e13cd-a7ff-42b2-a9d6-76022af6fe8e,"size == ""1""","isEmpty == ""True""","peek_obj_type == ""class java.lang.String""","push == ""True""","pop == ""False""","clear == ""False""","calledMethod == ""push""","size_p == ""0""",Yes
9269,1607899197282:839e0b01-9a34-4233-9e88-c13004deca54,1607899197282:717e13cd-a7ff-42b2-a9d6-76022af6fe8e,"size == ""2""","isEmpty == ""True""","peek_obj_type == ""class java.lang.String""","push == ""True""","pop == ""False""","clear == ""False""","calledMethod == ""push""","size_p == ""1""",Yes
9270,1607899197282:839e0b01-9a34-4233-9e88-c13004deca54,1607899197282:717e13cd-a7ff-42b2-a9d6-76022af6fe8e,"size == ""3""","isEmpty == ""True""","peek_obj_type == ""class java.lang.String""","push == ""True""","pop == ""False""","clear == ""False""","calledMethod == ""push""","size_p == ""2""",Yes
9273,1607899197282:839e0b01-9a34-4233-9e88-c13004deca54,1607899197282:24850d57-99f3-49af-b812-caa55eb1a2a8,"size == ""1""","isEmpty == ""True""","peek_obj_type == ""class java.lang.String""","push == ""True""","pop == ""False""","clear == ""False""","calledMethod == ""push""","size_p == ""0""",Yes
9274,1607899197282:839e0b01-9a34-4233-9e88-c13004deca54,1607899197282:24850d57-99f3-49af-b812-caa55eb1a2a8,"size == ""1""","isEmpty == ""True""","peek_obj_type == ""class java.lang.String""","push == ""False""","pop == ""True""","clear == ""False""","calledMethod == ""pop""","size_p == ""1""",Yes
9276,1607899197281:94692ef7-2b0f-4ba7-a455-155bd262b4f5,1607899197282:961a9755-926d-40ff-8e59-cff034e75271,"size == ""1""","isEmpty == ""True""","peek_obj_type == ""class java.lang.String""","push == ""True""","pop == ""False""","clear == ""False""","calledMethod == ""push""","size_p == ""0""",Yes
9277,1607899197281:94692ef7-2b0f-4ba7-a455-155bd262b4f5,1607899197282:961a9755-926d-40ff-8e59-cff034e75271,"size == ""1""","isEmpty == ""True""","peek_obj_type == ""class java.lang.String""","push == ""False""","pop == ""True""","clear == ""False""","calledMethod == ""pop""","size_p == ""1""",Yes
9279,1607899197281:94692ef7-2b0f-4ba7-a455-155bd262b4f5,1607899197281:f5bdd004-1731-48a9-9fd0-b85684484133,"size == ""1""","isEmpty == ""True""","peek_obj_type == ""class java.lang.String""","push == ""True""","pop == ""False""","clear == ""False""","calledMethod == ""push""","size_p == ""0""",Yes
9281,1607899197281:8d0261a6-ea9e-4fd5-a2a7-4c197bad4074,1607899197281:e4b47d72-24cf-4735-9072-dfab23e95657,"size == ""1""","isEmpty == ""True""","peek_obj_type == ""class java.lang.String""","push == ""True""","pop == ""False""","clear == ""False""","calledMethod == ""push""","size_p == ""0""",Yes
9282,1607899197281:8d0261a6-ea9e-4fd5-a2a7-4c197bad4074,1607899197281:e4b47d72-24cf-4735-9072-dfab23e95657,"size == ""1""","isEmpty == ""True""","peek_obj_type == ""class java.lang.String""","push == ""False""","pop == ""True""","clear == ""False""","calledMethod == ""pop""","size_p == ""1""",Yes
9284,1607899197281:1514091e-2d97-4ee0-93c4-40950b65e2a0,1607899197281:41ef8425-8336-496e-b6fc-b0df24adcba0,"size == ""1""","isEmpty == ""True""","peek_obj_type == ""class java.lang.String""","push == ""True""","pop == ""False""","clear == ""False""","calledMethod == ""push""","size_p == ""0""",Yes
9285,1607899197281:1514091e-2d97-4ee0-93c4-40950b65e2a0,1607899197281:41ef8425-8336-496e-b6fc-b0df24adcba0,"size == ""1""","isEmpty == ""True""","peek_obj_type == ""class java.lang.String""","push == ""False""","pop == ""True""","clear == ""False""","calledMethod == ""pop""","size_p == ""1""",Yes
9287,1607899197281:1514091e-2d97-4ee0-93c4-40950b65e2a0,1607899197281:13e4edb0-ba9e-4c89-85ab-d690086ed1b1,"size == ""1""","isEmpty == ""True""","peek_obj_type == ""class java.lang.String""","push == ""True""","pop == ""False""","clear == ""False""","calledMethod == ""push""","size_p == ""0""",Yes
9289,1607899197280:f519ea68-ec68-4752-9bac-899a99be8282,1607899197281:ae0838fd-b1a7-4311-93a0-7b9d5824568f,"size == ""1""","isEmpty == ""True""","peek_obj_type == ""class java.lang.String""","push == ""True""","pop == ""False""","clear == ""False""","calledMethod == ""push""","size_p == ""0""",Yes
9291,1607899197280:f519ea68-ec68-4752-9bac-899a99be8282,1607899197281:34c74e21-f042-4536-83e0-700f7081f052,"size == ""1""","isEmpty == ""True""","peek_obj_type == ""class java.lang.String""","push == ""True""","pop == ""False""","clear == ""False""","calledMethod == ""push""","size_p == ""0""",Yes
9292,1607899197280:f519ea68-ec68-4752-9bac-899a99be8282,1607899197281:34c74e21-f042-4536-83e0-700f7081f052,"size == ""1""","isEmpty == ""True""","peek_obj_type == ""class java.lang.String""","push == ""False""","pop == ""True""","clear == ""False""","calledMethod == ""pop""","size_p == ""1""",Yes
9295,1607899197280:84d18b94-e3cf-443b-be84-bcb72b35ac0c,1607899197280:773460f2-0105-4048-a532-c9965378f1a7,"size == ""1""","isEmpty == ""True""","peek_obj_type == ""class java.lang.String""","push == ""True""","pop == ""False""","clear == ""False""","calledMethod == ""push""","size_p == ""0""",Yes
9296,1607899197280:84d18b94-e3cf-443b-be84-bcb72b35ac0c,1607899197280:773460f2-0105-4048-a532-c9965378f1a7,"size == ""1""","isEmpty == ""True""","peek_obj_type == ""class java.lang.String""","push == ""False""","pop == ""True""","clear == ""False""","calledMethod == ""pop""","size_p == ""1""",Yes
9298,1607899197280:1dedbb12-f929-44dd-9191-f24d1f4267fb,1607899197280:ecf7e4d4-7c4c-4020-bd7f-4ab32d515c83,"size == ""1""","isEmpty == ""True""","peek_obj_type == ""class java.lang.String""","push == ""True""","pop == ""False""","clear == ""False""","calledMethod == ""push""","size_p == ""0""",Yes
9299,1607899197280:1dedbb12-f929-44dd-9191-f24d1f4267fb,1607899197280:ecf7e4d4-7c4c-4020-bd7f-4ab32d515c83,"size == ""1""","isEmpty == ""True""","peek_obj_type == ""class java.lang.String""","push == ""False""","pop == ""True""","clear == ""False""","calledMethod == ""pop""","size_p == ""1""",Yes
9301,1607899197279:f8799c9d-0045-48d0-bc5f-475312eb72f0,1607899197279:69b8da80-96f5-48c2-89cc-cfb6d1730f1a,"size == ""1""","isEmpty == ""True""","peek_obj_type == ""class java.lang.String""","push == ""True""","pop == ""False""","clear == ""False""","calledMethod == ""push""","size_p == ""0""",Yes
9304,1607899197279:f8799c9d-0045-48d0-bc5f-475312eb72f0,1607899197279:0560c1f1-fcb6-466c-9b6a-8b8b80ab6b09,"size == ""1""","isEmpty == ""True""","peek_obj_type == ""class java.lang.String""","push == ""True""","pop == ""False""","clear == ""False""","calledMethod == ""push""","size_p == ""0""",Yes
9305,1607899197279:f8799c9d-0045-48d0-bc5f-475312eb72f0,1607899197279:0560c1f1-fcb6-466c-9b6a-8b8b80ab6b09,"size == ""1""","isEmpty == ""True""","peek_obj_type == ""class java.lang.String""","push == ""False""","pop == ""True""","clear == ""False""","calledMethod == ""pop""","size_p == ""1""",Yes
9307,1607899197279:93e46514-9a6d-4916-b7a7-7336290309b2,1607899197279:2d5d9afe-ed71-4c8b-aaae-47857b66290b,"size == ""1""","isEmpty == ""True""","peek_obj_type == ""class java.lang.String""","push == ""True""","pop == ""False""","clear == ""False""","calledMethod == ""push""","size_p == ""0""",Yes
9308,1607899197279:93e46514-9a6d-4916-b7a7-7336290309b2,1607899197279:2d5d9afe-ed71-4c8b-aaae-47857b66290b,"size == ""2""","isEmpty == ""True""","peek_obj_type == ""class java.lang.String""","push == ""True""","pop == ""False""","clear == ""False""","calledMethod == ""push""","size_p == ""1""",Yes
9309,1607899197279:93e46514-9a6d-4916-b7a7-7336290309b2,1607899197279:2d5d9afe-ed71-4c8b-aaae-47857b66290b,"size == ""3""","isEmpty == ""True""","peek_obj_type == ""class java.lang.String""","push == ""True""","pop == ""False""","clear == ""False""","calledMethod == ""push""","size_p == ""2""",Yes
9310,1607899197279:93e46514-9a6d-4916-b7a7-7336290309b2,1607899197279:2d5d9afe-ed71-4c8b-aaae-47857b66290b,"size == ""3""","isEmpty == ""True""","peek_obj_type == ""class java.lang.String""","push == ""False""","pop == ""False""","clear == ""True""","calledMethod == ""clear""","size_p == ""3""",Yes
9311,1607899197279:93e46514-9a6d-4916-b7a7-7336290309b2,1607899197279:2d5d9afe-ed71-4c8b-aaae-47857b66290b,"size == ""3""","isEmpty == ""True""","peek_obj_type == ""class java.lang.String""","push == ""False""","pop == ""True""","clear == ""False""","calledMethod == ""pop""","size_p == ""3""",Yes
9313,1607899197279:82053ec7-d676-4c14-91a9-085d2b29606e,1607899197279:24b5d6e5-1727-4c35-9bc3-934fb04814c5,"size == ""1""","isEmpty == ""True""","peek_obj_type == ""class java.lang.String""","push == ""True""","pop == ""False""","clear == ""False""","calledMethod == ""push""","size_p == ""0""",Yes
9314,1607899197279:82053ec7-d676-4c14-91a9-085d2b29606e,1607899197279:24b5d6e5-1727-4c35-9bc3-934fb04814c5,"size == ""1""","isEmpty == ""True""","peek_obj_type == ""class java.lang.String""","push == ""False""","pop == ""True""","clear == ""False""","calledMethod == ""pop""","size_p == ""1""",Yes
9316,1607899197278:99b251a5-4959-4b65-94ec-b5bcee69ab85,1607899197278:40c36c3a-c0c3-47e6-a202-b7f661d6d3e6,"size == ""1""","isEmpty == ""True""","peek_obj_type == ""class java.lang.String""","push == ""True""","pop == ""False""","clear == ""False""","calledMethod == ""push""","size_p == ""0""",Yes
9317,1607899197278:99b251a5-4959-4b65-94ec-b5bcee69ab85,1607899197278:40c36c3a-c0c3-47e6-a202-b7f661d6d3e6,"size == ""1""","isEmpty == ""True""","peek_obj_type == ""class java.lang.String""","push == ""False""","pop == ""True""","clear == ""False""","calledMethod == ""pop""","size_p == ""1""",Yes
9320,1607899197278:456664e7-c7d4-4370-95cf-63a88db5c032,1607899197278:8aaf48ec-12d1-4383-9a39-60ef026cb08c,"size == ""1""","isEmpty == ""True""","peek_obj_type == ""class java.lang.String""","push == ""True""","pop == ""False""","clear == ""False""","calledMethod == ""push""","size_p == ""0""",Yes
9321,1607899197278:456664e7-c7d4-4370-95cf-63a88db5c032,1607899197278:8aaf48ec-12d1-4383-9a39-60ef026cb08c,"size == ""1""","isEmpty == ""True""","peek_obj_type == ""class java.lang.String""","push == ""False""","pop == ""True""","clear == ""False""","calledMethod == ""pop""","size_p == ""1""",Yes
9323,1607899197278:238de75d-3b36-4257-bb6b-a6e376f615f3,1607899197278:eb17c851-b5af-499f-807f-23aec06b28a3,"size == ""1""","isEmpty == ""True""","peek_obj_type == ""class java.lang.String""","push == ""True""","pop == ""False""","clear == ""False""","calledMethod == ""push""","size_p == ""0""",Yes
9325,1607899197278:238de75d-3b36-4257-bb6b-a6e376f615f3,1607899197278:3912e80c-cfd8-4ad7-99f0-1714bf32cdf7,"size == ""1""","isEmpty == ""True""","peek_obj_type == ""class java.lang.String""","push == ""True""","pop == ""False""","clear == ""False""","calledMethod == ""push""","size_p == ""0""",Yes
9326,1607899197278:238de75d-3b36-4257-bb6b-a6e376f615f3,1607899197278:3912e80c-cfd8-4ad7-99f0-1714bf32cdf7,"size == ""1""","isEmpty == ""True""","peek_obj_type == ""class java.lang.String""","push == ""False""","pop == ""True""","clear == ""False""","calledMethod == ""pop""","size_p == ""1""",Yes
9328,1607899197277:b219b1d8-514b-4683-bffe-bf12f72813cc,1607899197277:b5533769-9a21-4797-9395-a9ca7de8506d,"size == ""1""","isEmpty == ""True""","peek_obj_type == ""class java.lang.String""","push == ""True""","pop == ""False""","clear == ""False""","calledMethod == ""push""","size_p == ""0""",Yes
9329,1607899197277:b219b1d8-514b-4683-bffe-bf12f72813cc,1607899197277:b5533769-9a21-4797-9395-a9ca7de8506d,"size == ""2""","isEmpty == ""True""","peek_obj_type == ""class java.lang.String""","push == ""True""","pop == ""False""","clear == ""False""","calledMethod == ""push""","size_p == ""1""",Yes
9330,1607899197277:b219b1d8-514b-4683-bffe-bf12f72813cc,1607899197277:b5533769-9a21-4797-9395-a9ca7de8506d,"size == ""3""","isEmpty == ""True""","peek_obj_type == ""class java.lang.String""","push == ""True""","pop == ""False""","clear == ""False""","calledMethod == ""push""","size_p == ""2""",Yes
9332,1607899197277:b219b1d8-514b-4683-bffe-bf12f72813cc,1607899197277:66aaef78-bcf4-4682-a8c1-e825882f6304,"size == ""1""","isEmpty == ""True""","peek_obj_type == ""class java.lang.String""","push == ""True""","pop == ""False""","clear == ""False""","calledMethod == ""push""","size_p == ""0""",Yes
9333,1607899197277:b219b1d8-514b-4683-bffe-bf12f72813cc,1607899197277:66aaef78-bcf4-4682-a8c1-e825882f6304,"size == ""1""","isEmpty == ""True""","peek_obj_type == ""class java.lang.String""","push == ""False""","pop == ""True""","clear == ""False""","calledMethod == ""pop""","size_p == ""1""",Yes
9335,1607899197277:68b4e5a4-9ac6-4930-941c-31605d135bbd,1607899197278:61c8ff4e-5755-4a8e-8320-dfec9dc24827,"size == ""1""","isEmpty == ""True""","peek_obj_type == ""class java.lang.String""","push == ""True""","pop == ""False""","clear == ""False""","calledMethod == ""push""","size_p == ""0""",Yes
9336,1607899197277:68b4e5a4-9ac6-4930-941c-31605d135bbd,1607899197278:61c8ff4e-5755-4a8e-8320-dfec9dc24827,"size == ""1""","isEmpty == ""True""","peek_obj_type == ""class java.lang.String""","push == ""False""","pop == ""True""","clear == ""False""","calledMethod == ""pop""","size_p == ""1""",Yes
9339,1607899197277:68b4e5a4-9ac6-4930-941c-31605d135bbd,1607899197277:53937977-b0ab-4e53-beee-fc6471265515,"size == ""1""","isEmpty == ""True""","peek_obj_type == ""class java.lang.String""","push == ""True""","pop == ""False""","clear == ""False""","calledMethod == ""push""","size_p == ""0""",Yes
9340,1607899197277:68b4e5a4-9ac6-4930-941c-31605d135bbd,1607899197277:53937977-b0ab-4e53-beee-fc6471265515,"size == ""1""","isEmpty == ""True""","peek_obj_type == ""class java.lang.String""","push == ""False""","pop == ""False""","clear == ""True""","calledMethod == ""clear""","size_p == ""1""",Yes
9341,1607899197277:68b4e5a4-9ac6-4930-941c-31605d135bbd,1607899197277:53937977-b0ab-4e53-beee-fc6471265515,"size == ""1""","isEmpty == ""True""","peek_obj_type == ""class java.lang.String""","push == ""False""","pop == ""False""","clear == ""True""","calledMethod == ""clear""","size_p == ""1""",Yes
9342,1607899197277:68b4e5a4-9ac6-4930-941c-31605d135bbd,1607899197277:53937977-b0ab-4e53-beee-fc6471265515,"size == ""1""","isEmpty == ""True""","peek_obj_type == ""class java.lang.String""","push == ""False""","pop == ""False""","clear == ""True""","calledMethod == ""clear""","size_p == ""1""",Yes
9344,1607899197277:03aef894-04df-41b5-8896-ff13c693968b,1607899197277:d3d6eb51-5469-49b0-82b4-9bcbdf195f97,"size == ""1""","isEmpty == ""True""","peek_obj_type == ""class java.lang.String""","push == ""True""","pop == ""False""","clear == ""False""","calledMethod == ""push""","size_p == ""0""",Yes
9345,1607899197277:03aef894-04df-41b5-8896-ff13c693968b,1607899197277:d3d6eb51-5469-49b0-82b4-9bcbdf195f97,"size == ""1""","isEmpty == ""True""","peek_obj_type == ""class java.lang.String""","push == ""False""","pop == ""True""","clear == ""False""","calledMethod == ""pop""","size_p == ""1""",Yes
9348,1607899197277:03aef894-04df-41b5-8896-ff13c693968b,1607899197277:374bc842-7efa-4130-8dc9-407b2bf0f1a3,"size == ""1""","isEmpty == ""True""","peek_obj_type == ""class java.lang.String""","push == ""True""","pop == ""False""","clear == ""False""","calledMethod == ""push""","size_p == ""0""",Yes
9349,1607899197277:03aef894-04df-41b5-8896-ff13c693968b,1607899197277:374bc842-7efa-4130-8dc9-407b2bf0f1a3,"size == ""1""","isEmpty == ""True""","peek_obj_type == ""class java.lang.String""","push == ""False""","pop == ""False""","clear == ""True""","calledMethod == ""clear""","size_p == ""1""",Yes
9350,1607899197277:03aef894-04df-41b5-8896-ff13c693968b,1607899197277:374bc842-7efa-4130-8dc9-407b2bf0f1a3,"size == ""1""","isEmpty == ""True""","peek_obj_type == ""class java.lang.String""","push == ""False""","pop == ""False""","clear == ""True""","calledMethod == ""clear""","size_p == ""1""",Yes
9351,1607899197277:03aef894-04df-41b5-8896-ff13c693968b,1607899197277:374bc842-7efa-4130-8dc9-407b2bf0f1a3,"size == ""1""","isEmpty == ""True""","peek_obj_type == ""class java.lang.String""","push == ""False""","pop == ""False""","clear == ""True""","calledMethod == ""clear""","size_p == ""1""",Yes
9353,1607899197276:fa0dcd0b-a6aa-4ca2-be60-44e69be893ed,1607899197276:8ce791d6-721a-48d2-893d-a88e2a9edc6c,"size == ""1""","isEmpty == ""True""","peek_obj_type == ""class java.lang.String""","push == ""True""","pop == ""False""","clear == ""False""","calledMethod == ""push""","size_p == ""0""",Yes
9354,1607899197276:fa0dcd0b-a6aa-4ca2-be60-44e69be893ed,1607899197276:8ce791d6-721a-48d2-893d-a88e2a9edc6c,"size == ""1""","isEmpty == ""True""","peek_obj_type == ""class java.lang.String""","push == ""False""","pop == ""True""","clear == ""False""","calledMethod == ""pop""","size_p == ""1""",Yes
9357,1607899197276:fa0dcd0b-a6aa-4ca2-be60-44e69be893ed,1607899197276:6555e860-7120-44d4-85da-cab07a39de83,"size == ""1""","isEmpty == ""True""","peek_obj_type == ""class java.lang.String""","push == ""True""","pop == ""False""","clear == ""False""","calledMethod == ""push""","size_p == ""0""",Yes
9358,1607899197276:fa0dcd0b-a6aa-4ca2-be60-44e69be893ed,1607899197276:6555e860-7120-44d4-85da-cab07a39de83,"size == ""1""","isEmpty == ""True""","peek_obj_type == ""class java.lang.String""","push == ""False""","pop == ""False""","clear == ""True""","calledMethod == ""clear""","size_p == ""1""",Yes
9359,1607899197276:fa0dcd0b-a6aa-4ca2-be60-44e69be893ed,1607899197276:6555e860-7120-44d4-85da-cab07a39de83,"size == ""1""","isEmpty == ""True""","peek_obj_type == ""class java.lang.String""","push == ""False""","pop == ""False""","clear == ""True""","calledMethod == ""clear""","size_p == ""1""",Yes
9360,1607899197276:fa0dcd0b-a6aa-4ca2-be60-44e69be893ed,1607899197276:6555e860-7120-44d4-85da-cab07a39de83,"size == ""1""","isEmpty == ""True""","peek_obj_type == ""class java.lang.String""","push == ""False""","pop == ""False""","clear == ""True""","calledMethod == ""clear""","size_p == ""1""",Yes
9362,1607899197276:f76f2d28-9a24-4754-8fdd-37b63b109006,1607899197276:dcd7dd12-7946-4d38-8b35-e1e87d912a0c,"size == ""1""","isEmpty == ""True""","peek_obj_type == ""class java.lang.String""","push == ""True""","pop == ""False""","clear == ""False""","calledMethod == ""push""","size_p == ""0""",Yes
9363,1607899197276:f76f2d28-9a24-4754-8fdd-37b63b109006,1607899197276:dcd7dd12-7946-4d38-8b35-e1e87d912a0c,"size == ""1""","isEmpty == ""True""","peek_obj_type == ""class java.lang.String""","push == ""False""","pop == ""True""","clear == ""False""","calledMethod == ""pop""","size_p == ""1""",Yes
9365,1607899197276:f76f2d28-9a24-4754-8fdd-37b63b109006,1607899197276:1dbba699-290a-4919-8118-d99eb09695db,"size == ""1""","isEmpty == ""True""","peek_obj_type == ""class java.lang.String""","push == ""True""","pop == ""False""","clear == ""False""","calledMethod == ""push""","size_p == ""0""",Yes
9367,1607899197276:d4195c4c-c2bb-43e6-8ab6-a71497d69318,1607899197276:7c503091-3d93-4408-926f-97183363beda,"size == ""1""","isEmpty == ""True""","peek_obj_type == ""class java.lang.String""","push == ""True""","pop == ""False""","clear == ""False""","calledMethod == ""push""","size_p == ""0""",Yes
9368,1607899197276:d4195c4c-c2bb-43e6-8ab6-a71497d69318,1607899197276:7c503091-3d93-4408-926f-97183363beda,"size == ""1""","isEmpty == ""True""","peek_obj_type == ""class java.lang.String""","push == ""False""","pop == ""True""","clear == ""False""","calledMethod == ""pop""","size_p == ""1""",Yes
9371,1607899197275:7329617b-fb40-450d-a87f-4d4b4de208c7,1607899197275:eaf6d649-31f2-48cf-9183-38f3341a3c15,"size == ""1""","isEmpty == ""True""","peek_obj_type == ""class java.lang.String""","push == ""True""","pop == ""False""","clear == ""False""","calledMethod == ""push""","size_p == ""0""",Yes
9372,1607899197275:7329617b-fb40-450d-a87f-4d4b4de208c7,1607899197275:eaf6d649-31f2-48cf-9183-38f3341a3c15,"size == ""1""","isEmpty == ""True""","peek_obj_type == ""class java.lang.String""","push == ""False""","pop == ""False""","clear == ""True""","calledMethod == ""clear""","size_p == ""1""",Yes
9373,1607899197275:7329617b-fb40-450d-a87f-4d4b4de208c7,1607899197275:eaf6d649-31f2-48cf-9183-38f3341a3c15,"size == ""1""","isEmpty == ""True""","peek_obj_type == ""class java.lang.String""","push == ""False""","pop == ""False""","clear == ""True""","calledMethod == ""clear""","size_p == ""1""",Yes
9374,1607899197275:7329617b-fb40-450d-a87f-4d4b4de208c7,1607899197275:eaf6d649-31f2-48cf-9183-38f3341a3c15,"size == ""1""","isEmpty == ""True""","peek_obj_type == ""class java.lang.String""","push == ""False""","pop == ""False""","clear == ""True""","calledMethod == ""clear""","size_p == ""1""",Yes
9376,1607899197275:7329617b-fb40-450d-a87f-4d4b4de208c7,1607899197275:0499bced-74b1-490f-9201-ace60860a673,"size == ""1""","isEmpty == ""True""","peek_obj_type == ""class java.lang.String""","push == ""True""","pop == ""False""","clear == ""False""","calledMethod == ""push""","size_p == ""0""",Yes
9377,1607899197275:7329617b-fb40-450d-a87f-4d4b4de208c7,1607899197275:0499bced-74b1-490f-9201-ace60860a673,"size == ""1""","isEmpty == ""True""","peek_obj_type == ""class java.lang.String""","push == ""False""","pop == ""True""","clear == ""False""","calledMethod == ""pop""","size_p == ""1""",Yes
9379,1607899197275:4bcae01a-8ce0-41aa-a056-b9c0c1a675a9,1607899197275:620b79ae-3619-493a-8428-f8d86f96c8b4,"size == ""1""","isEmpty == ""True""","peek_obj_type == ""class java.lang.String""","push == ""True""","pop == ""False""","clear == ""False""","calledMethod == ""push""","size_p == ""0""",Yes
9380,1607899197275:4bcae01a-8ce0-41aa-a056-b9c0c1a675a9,1607899197275:620b79ae-3619-493a-8428-f8d86f96c8b4,"size == ""1""","isEmpty == ""True""","peek_obj_type == ""class java.lang.String""","push == ""False""","pop == ""True""","clear == ""False""","calledMethod == ""pop""","size_p == ""1""",Yes
9382,1607899197274:77f96dc1-5b82-4d2e-a24b-bc28a372c000,1607899197274:124c3d06-ba7d-44a5-813d-a9fe452ee7ac,"size == ""1""","isEmpty == ""True""","peek_obj_type == ""class java.lang.String""","push == ""True""","pop == ""False""","clear == ""False""","calledMethod == ""push""","size_p == ""0""",Yes
9383,1607899197274:77f96dc1-5b82-4d2e-a24b-bc28a372c000,1607899197274:124c3d06-ba7d-44a5-813d-a9fe452ee7ac,"size == ""1""","isEmpty == ""True""","peek_obj_type == ""class java.lang.String""","push == ""False""","pop == ""True""","clear == ""False""","calledMethod == ""pop""","size_p == ""1""",Yes
9385,1607899197274:46984638-4eed-403e-bbfe-8dd4740df571,1607899197274:a96b4d92-fcdc-42f9-aaab-e21226ddffd4,"size == ""1""","isEmpty == ""True""","peek_obj_type == ""class java.lang.String""","push == ""True""","pop == ""False""","clear == ""False""","calledMethod == ""push""","size_p == ""0""",Yes
9386,1607899197274:46984638-4eed-403e-bbfe-8dd4740df571,1607899197274:a96b4d92-fcdc-42f9-aaab-e21226ddffd4,"size == ""1""","isEmpty == ""True""","peek_obj_type == ""class java.lang.String""","push == ""False""","pop == ""True""","clear == ""False""","calledMethod == ""pop""","size_p == ""1""",Yes
9388,1607899197274:133ef2f7-cf00-4e46-8a1b-c36e0c7b4403,1607899197274:6be6ef47-1713-4682-ac16-c5aaf073e83d,"size == ""1""","isEmpty == ""True""","peek_obj_type == ""class java.lang.String""","push == ""True""","pop == ""False""","clear == ""False""","calledMethod == ""push""","size_p == ""0""",Yes
9389,1607899197274:133ef2f7-cf00-4e46-8a1b-c36e0c7b4403,1607899197274:6be6ef47-1713-4682-ac16-c5aaf073e83d,"size == ""1""","isEmpty == ""True""","peek_obj_type == ""class java.lang.String""","push == ""False""","pop == ""True""","clear == ""False""","calledMethod == ""pop""","size_p == ""1""",Yes
9391,1607899197273:8b262cac-0c41-48a2-a7d8-5e58ccc1a843,1607899197273:78649d10-54ab-452e-9511-520fe4d0b841,"size == ""1""","isEmpty == ""True""","peek_obj_type == ""class java.lang.String""","push == ""True""","pop == ""False""","clear == ""False""","calledMethod == ""push""","size_p == ""0""",Yes
9392,1607899197273:8b262cac-0c41-48a2-a7d8-5e58ccc1a843,1607899197273:78649d10-54ab-452e-9511-520fe4d0b841,"size == ""2""","isEmpty == ""True""","peek_obj_type == ""class java.lang.String""","push == ""True""","pop == ""False""","clear == ""False""","calledMethod == ""push""","size_p == ""1""",Yes
9393,1607899197273:8b262cac-0c41-48a2-a7d8-5e58ccc1a843,1607899197273:78649d10-54ab-452e-9511-520fe4d0b841,"size == ""3""","isEmpty == ""True""","peek_obj_type == ""class java.lang.String""","push == ""True""","pop == ""False""","clear == ""False""","calledMethod == ""push""","size_p == ""2""",Yes
9394,1607899197273:8b262cac-0c41-48a2-a7d8-5e58ccc1a843,1607899197273:78649d10-54ab-452e-9511-520fe4d0b841,"size == ""3""","isEmpty == ""True""","peek_obj_type == ""class java.lang.String""","push == ""False""","pop == ""True""","clear == ""False""","calledMethod == ""pop""","size_p == ""3""",Yes
9396,1607899197273:6a156f4f-b8e0-4399-bb41-22a603ed1bcc,1607899197273:8120ca5d-0d69-4900-bdeb-b7fca3ed9a51,"size == ""1""","isEmpty == ""True""","peek_obj_type == ""class java.lang.String""","push == ""True""","pop == ""False""","clear == ""False""","calledMethod == ""push""","size_p == ""0""",Yes
9398,1607899197273:6a156f4f-b8e0-4399-bb41-22a603ed1bcc,1607899197273:4fe6f055-abb6-4454-9698-df20f79148ba,"size == ""1""","isEmpty == ""True""","peek_obj_type == ""class java.lang.String""","push == ""True""","pop == ""False""","clear == ""False""","calledMethod == ""push""","size_p == ""0""",Yes
9399,1607899197273:6a156f4f-b8e0-4399-bb41-22a603ed1bcc,1607899197273:4fe6f055-abb6-4454-9698-df20f79148ba,"size == ""1""","isEmpty == ""True""","peek_obj_type == ""class java.lang.String""","push == ""False""","pop == ""True""","clear == ""False""","calledMethod == ""pop""","size_p == ""1""",Yes
9401,1607899197273:03b14e4d-fc4d-4f71-ac2d-b76db6257b77,1607899197273:a0283ea5-e7a5-40fb-94ac-589871aa9013,"size == ""1""","isEmpty == ""True""","peek_obj_type == ""class java.lang.String""","push == ""True""","pop == ""False""","clear == ""False""","calledMethod == ""push""","size_p == ""0""",Yes
9402,1607899197273:03b14e4d-fc4d-4f71-ac2d-b76db6257b77,1607899197273:a0283ea5-e7a5-40fb-94ac-589871aa9013,"size == ""1""","isEmpty == ""True""","peek_obj_type == ""class java.lang.String""","push == ""False""","pop == ""True""","clear == ""False""","calledMethod == ""pop""","size_p == ""1""",Yes
9404,1607899197272:fefb7b5a-dd56-4290-a5ed-5c691ba711d8,1607899197272:9b39cf79-5ee2-4dcd-bedd-1b76b1cf592b,"size == ""1""","isEmpty == ""True""","peek_obj_type == ""class java.lang.String""","push == ""True""","pop == ""False""","clear == ""False""","calledMethod == ""push""","size_p == ""0""",Yes
9405,1607899197272:fefb7b5a-dd56-4290-a5ed-5c691ba711d8,1607899197272:9b39cf79-5ee2-4dcd-bedd-1b76b1cf592b,"size == ""1""","isEmpty == ""True""","peek_obj_type == ""class java.lang.String""","push == ""False""","pop == ""True""","clear == ""False""","calledMethod == ""pop""","size_p == ""1""",Yes
9407,1607899197272:dd20d744-5b68-4aaf-8843-4d8eda5c4e28,1607899197272:6f397a9a-faf0-4d4c-b157-77532c54b2b7,"size == ""1""","isEmpty == ""True""","peek_obj_type == ""class java.lang.String""","push == ""True""","pop == ""False""","clear == ""False""","calledMethod == ""push""","size_p == ""0""",Yes
9408,1607899197272:dd20d744-5b68-4aaf-8843-4d8eda5c4e28,1607899197272:6f397a9a-faf0-4d4c-b157-77532c54b2b7,"size == ""1""","isEmpty == ""True""","peek_obj_type == ""class java.lang.String""","push == ""False""","pop == ""True""","clear == ""False""","calledMethod == ""pop""","size_p == ""1""",Yes
9410,1607899197272:b6e532ab-e7a4-4b46-80f6-4e459eae3568,1607899197272:ca720b22-f39f-4ff8-941c-a12797283c83,"size == ""1""","isEmpty == ""True""","peek_obj_type == ""class java.lang.String""","push == ""True""","pop == ""False""","clear == ""False""","calledMethod == ""push""","size_p == ""0""",Yes
9411,1607899197272:b6e532ab-e7a4-4b46-80f6-4e459eae3568,1607899197272:ca720b22-f39f-4ff8-941c-a12797283c83,"size == ""1""","isEmpty == ""True""","peek_obj_type == ""class java.lang.String""","push == ""False""","pop == ""True""","clear == ""False""","calledMethod == ""pop""","size_p == ""1""",Yes
9413,1607899197272:b6764338-4647-4d59-9b59-9212d678e1b6,1607899197273:26e9c391-7aab-4be6-a60a-10ab17cd33ed,"size == ""1""","isEmpty == ""True""","peek_obj_type == ""class java.lang.String""","push == ""True""","pop == ""False""","clear == ""False""","calledMethod == ""push""","size_p == ""0""",Yes
9414,1607899197272:b6764338-4647-4d59-9b59-9212d678e1b6,1607899197273:26e9c391-7aab-4be6-a60a-10ab17cd33ed,"size == ""1""","isEmpty == ""True""","peek_obj_type == ""class java.lang.String""","push == ""False""","pop == ""True""","clear == ""False""","calledMethod == ""pop""","size_p == ""1""",Yes
9416,1607899197271:f223bdc1-4129-47f8-b1c8-9a8ffdcd3956,1607899197271:344da237-1604-48e3-98d7-d47c8dd2979e,"size == ""1""","isEmpty == ""True""","peek_obj_type == ""class java.lang.String""","push == ""True""","pop == ""False""","clear == ""False""","calledMethod == ""push""","size_p == ""0""",Yes
9417,1607899197271:f223bdc1-4129-47f8-b1c8-9a8ffdcd3956,1607899197271:344da237-1604-48e3-98d7-d47c8dd2979e,"size == ""1""","isEmpty == ""True""","peek_obj_type == ""class java.lang.String""","push == ""False""","pop == ""True""","clear == ""False""","calledMethod == ""pop""","size_p == ""1""",Yes
9419,1607899197271:69149206-cd3f-426a-b43f-7bdcaa56dfd9,1607899197271:4ea3154e-b2aa-419c-b5b8-db612d5f0047,"size == ""1""","isEmpty == ""True""","peek_obj_type == ""class java.lang.String""","push == ""True""","pop == ""False""","clear == ""False""","calledMethod == ""push""","size_p == ""0""",Yes
9420,1607899197271:69149206-cd3f-426a-b43f-7bdcaa56dfd9,1607899197271:4ea3154e-b2aa-419c-b5b8-db612d5f0047,"size == ""1""","isEmpty == ""True""","peek_obj_type == ""class java.lang.String""","push == ""False""","pop == ""True""","clear == ""False""","calledMethod == ""pop""","size_p == ""1""",Yes
9422,1607899197271:2feef950-2331-4884-bc72-2590163e2a2f,1607899197271:feec5191-e412-4b75-937b-e9742743e19f,"size == ""1""","isEmpty == ""True""","peek_obj_type == ""class java.lang.String""","push == ""True""","pop == ""False""","clear == ""False""","calledMethod == ""push""","size_p == ""0""",Yes
9423,1607899197271:2feef950-2331-4884-bc72-2590163e2a2f,1607899197271:feec5191-e412-4b75-937b-e9742743e19f,"size == ""1""","isEmpty == ""True""","peek_obj_type == ""class java.lang.String""","push == ""False""","pop == ""True""","clear == ""False""","calledMethod == ""pop""","size_p == ""1""",Yes
9425,1607899197271:2feef950-2331-4884-bc72-2590163e2a2f,1607899197271:8a3fc526-6ded-45a0-b183-67b3eabc254f,"size == ""1""","isEmpty == ""True""","peek_obj_type == ""class java.lang.String""","push == ""True""","pop == ""False""","clear == ""False""","calledMethod == ""push""","size_p == ""0""",Yes
9428,1607899197270:85efb0eb-be9a-4e52-aaf4-744970952899,1607899197270:795f07ac-48c1-40e5-8a13-0c70dcc6570c,"size == ""1""","isEmpty == ""True""","peek_obj_type == ""class java.lang.String""","push == ""True""","pop == ""False""","clear == ""False""","calledMethod == ""push""","size_p == ""0""",Yes
9429,1607899197270:85efb0eb-be9a-4e52-aaf4-744970952899,1607899197270:795f07ac-48c1-40e5-8a13-0c70dcc6570c,"size == ""1""","isEmpty == ""True""","peek_obj_type == ""class java.lang.String""","push == ""False""","pop == ""True""","clear == ""False""","calledMethod == ""pop""","size_p == ""1""",Yes
9431,1607899197270:4a77e552-1eab-4e98-af82-f15e10086bd8,1607899197270:eb1a011f-23a9-4de8-a5f3-b8e1cc1332b9,"size == ""1""","isEmpty == ""True""","peek_obj_type == ""class java.lang.String""","push == ""True""","pop == ""False""","clear == ""False""","calledMethod == ""push""","size_p == ""0""",Yes
9432,1607899197270:4a77e552-1eab-4e98-af82-f15e10086bd8,1607899197270:eb1a011f-23a9-4de8-a5f3-b8e1cc1332b9,"size == ""1""","isEmpty == ""True""","peek_obj_type == ""class java.lang.String""","push == ""False""","pop == ""True""","clear == ""False""","calledMethod == ""pop""","size_p == ""1""",Yes
9435,1607899197270:4a77e552-1eab-4e98-af82-f15e10086bd8,1607899197270:36106efb-9258-430c-8b37-f705bed5ee7e,"size == ""1""","isEmpty == ""True""","peek_obj_type == ""class java.lang.String""","push == ""True""","pop == ""False""","clear == ""False""","calledMethod == ""push""","size_p == ""0""",Yes
9436,1607899197270:4a77e552-1eab-4e98-af82-f15e10086bd8,1607899197270:36106efb-9258-430c-8b37-f705bed5ee7e,"size == ""1""","isEmpty == ""True""","peek_obj_type == ""class java.lang.String""","push == ""False""","pop == ""False""","clear == ""True""","calledMethod == ""clear""","size_p == ""1""",Yes
9438,1607899197270:3d49d79d-6262-48c6-8185-13f1fd6c2f52,1607899197270:67d70a92-794d-4986-9bd1-cc0bcca00f81,"size == ""1""","isEmpty == ""True""","peek_obj_type == ""class java.lang.String""","push == ""True""","pop == ""False""","clear == ""False""","calledMethod == ""push""","size_p == ""0""",Yes
9439,1607899197270:3d49d79d-6262-48c6-8185-13f1fd6c2f52,1607899197270:67d70a92-794d-4986-9bd1-cc0bcca00f81,"size == ""1""","isEmpty == ""True""","peek_obj_type == ""class java.lang.String""","push == ""False""","pop == ""True""","clear == ""False""","calledMethod == ""pop""","size_p == ""1""",Yes
9442,1607899197269:eae8b8c1-04ef-44af-8bd0-74145661ad69,1607899197269:6ba6d32f-41b2-4453-a631-477ead98da9a,"size == ""1""","isEmpty == ""True""","peek_obj_type == ""class java.lang.String""","push == ""True""","pop == ""False""","clear == ""False""","calledMethod == ""push""","size_p == ""0""",Yes
9443,1607899197269:eae8b8c1-04ef-44af-8bd0-74145661ad69,1607899197269:6ba6d32f-41b2-4453-a631-477ead98da9a,"size == ""1""","isEmpty == ""True""","peek_obj_type == ""class java.lang.String""","push == ""False""","pop == ""False""","clear == ""True""","calledMethod == ""clear""","size_p == ""1""",Yes
9444,1607899197269:eae8b8c1-04ef-44af-8bd0-74145661ad69,1607899197269:6ba6d32f-41b2-4453-a631-477ead98da9a,"size == ""1""","isEmpty == ""True""","peek_obj_type == ""class java.lang.String""","push == ""False""","pop == ""False""","clear == ""True""","calledMethod == ""clear""","size_p == ""1""",Yes
9445,1607899197269:eae8b8c1-04ef-44af-8bd0-74145661ad69,1607899197269:6ba6d32f-41b2-4453-a631-477ead98da9a,"size == ""1""","isEmpty == ""True""","peek_obj_type == ""class java.lang.String""","push == ""False""","pop == ""False""","clear == ""True""","calledMethod == ""clear""","size_p == ""1""",Yes
9447,1607899197269:eae8b8c1-04ef-44af-8bd0-74145661ad69,1607899197269:2496b375-b5b6-4916-956f-bd445eecf35c,"size == ""1""","isEmpty == ""True""","peek_obj_type == ""class java.lang.String""","push == ""True""","pop == ""False""","clear == ""False""","calledMethod == ""push""","size_p == ""0""",Yes
9448,1607899197269:eae8b8c1-04ef-44af-8bd0-74145661ad69,1607899197269:2496b375-b5b6-4916-956f-bd445eecf35c,"size == ""1""","isEmpty == ""True""","peek_obj_type == ""class java.lang.String""","push == ""False""","pop == ""True""","clear == ""False""","calledMethod == ""pop""","size_p == ""1""",Yes
9451,1607899197269:5b9de58d-3c1a-4bf8-aae4-010cdbfb2dd6,1607899197269:3f3fc1a2-3356-494b-af02-81f2f273a7e0,"size == ""1""","isEmpty == ""True""","peek_obj_type == ""class java.lang.String""","push == ""True""","pop == ""False""","clear == ""False""","calledMethod == ""push""","size_p == ""0""",Yes
9452,1607899197269:5b9de58d-3c1a-4bf8-aae4-010cdbfb2dd6,1607899197269:3f3fc1a2-3356-494b-af02-81f2f273a7e0,"size == ""1""","isEmpty == ""True""","peek_obj_type == ""class java.lang.String""","push == ""False""","pop == ""True""","clear == ""False""","calledMethod == ""pop""","size_p == ""1""",Yes
9454,1607899197268:f9af2674-5f6a-4647-a266-37e474eaea62,1607899197268:c9a53c1c-3552-413a-9b37-513427a45ecd,"size == ""1""","isEmpty == ""True""","peek_obj_type == ""class java.lang.String""","push == ""True""","pop == ""False""","clear == ""False""","calledMethod == ""push""","size_p == ""0""",Yes
9455,1607899197268:f9af2674-5f6a-4647-a266-37e474eaea62,1607899197268:c9a53c1c-3552-413a-9b37-513427a45ecd,"size == ""1""","isEmpty == ""True""","peek_obj_type == ""class java.lang.String""","push == ""False""","pop == ""True""","clear == ""False""","calledMethod == ""pop""","size_p == ""1""",Yes
9458,1607899197268:f16d84f7-3588-4b1b-b173-619435fecf6a,1607899197269:df837534-adcd-4cab-8875-22568f49519c,"size == ""1""","isEmpty == ""True""","peek_obj_type == ""class java.lang.String""","push == ""True""","pop == ""False""","clear == ""False""","calledMethod == ""push""","size_p == ""0""",Yes
9460,1607899197268:f16d84f7-3588-4b1b-b173-619435fecf6a,1607899197269:9973de0a-7e6b-4000-b4b7-e055e29dfbda,"size == ""1""","isEmpty == ""True""","peek_obj_type == ""class java.lang.String""","push == ""True""","pop == ""False""","clear == ""False""","calledMethod == ""push""","size_p == ""0""",Yes
9461,1607899197268:f16d84f7-3588-4b1b-b173-619435fecf6a,1607899197269:9973de0a-7e6b-4000-b4b7-e055e29dfbda,"size == ""1""","isEmpty == ""True""","peek_obj_type == ""class java.lang.String""","push == ""False""","pop == ""True""","clear == ""False""","calledMethod == ""pop""","size_p == ""1""",Yes
9464,1607899197268:f16d84f7-3588-4b1b-b173-619435fecf6a,1607899197268:57921c16-4b4d-4037-8e2a-5478667143b9,"size == ""1""","isEmpty == ""True""","peek_obj_type == ""class java.lang.String""","push == ""True""","pop == ""False""","clear == ""False""","calledMethod == ""push""","size_p == ""0""",Yes
9465,1607899197268:f16d84f7-3588-4b1b-b173-619435fecf6a,1607899197268:57921c16-4b4d-4037-8e2a-5478667143b9,"size == ""1""","isEmpty == ""True""","peek_obj_type == ""class java.lang.String""","push == ""False""","pop == ""False""","clear == ""True""","calledMethod == ""clear""","size_p == ""1""",Yes
9466,1607899197268:f16d84f7-3588-4b1b-b173-619435fecf6a,1607899197268:57921c16-4b4d-4037-8e2a-5478667143b9,"size == ""1""","isEmpty == ""True""","peek_obj_type == ""class java.lang.String""","push == ""False""","pop == ""False""","clear == ""True""","calledMethod == ""clear""","size_p == ""1""",Yes
9467,1607899197268:f16d84f7-3588-4b1b-b173-619435fecf6a,1607899197268:57921c16-4b4d-4037-8e2a-5478667143b9,"size == ""1""","isEmpty == ""True""","peek_obj_type == ""class java.lang.String""","push == ""False""","pop == ""False""","clear == ""True""","calledMethod == ""clear""","size_p == ""1""",Yes
9468,1607899197268:f16d84f7-3588-4b1b-b173-619435fecf6a,1607899197268:57921c16-4b4d-4037-8e2a-5478667143b9,"size == ""1""","isEmpty == ""True""","peek_obj_type == ""class java.lang.String""","push == ""False""","pop == ""False""","clear == ""True""","calledMethod == ""clear""","size_p == ""1""",Yes
9470,1607899197268:662a1c7a-1db0-4adf-a3f3-758128009995,1607899197268:9c684c29-a320-4826-b1d7-23c4670cd025,"size == ""1""","isEmpty == ""True""","peek_obj_type == ""class java.lang.String""","push == ""True""","pop == ""False""","clear == ""False""","calledMethod == ""push""","size_p == ""0""",Yes
9471,1607899197268:662a1c7a-1db0-4adf-a3f3-758128009995,1607899197268:9c684c29-a320-4826-b1d7-23c4670cd025,"size == ""1""","isEmpty == ""True""","peek_obj_type == ""class java.lang.String""","push == ""False""","pop == ""True""","clear == ""False""","calledMethod == ""pop""","size_p == ""1""",Yes
9473,1607899197267:9d182749-1143-49a6-bb5f-a88ffba166d6,1607899197268:5c7ba619-ba12-4ba0-b159-ac81245a5747,"size == ""1""","isEmpty == ""True""","peek_obj_type == ""class java.lang.String""","push == ""True""","pop == ""False""","clear == ""False""","calledMethod == ""push""","size_p == ""0""",Yes
9474,1607899197267:9d182749-1143-49a6-bb5f-a88ffba166d6,1607899197268:5c7ba619-ba12-4ba0-b159-ac81245a5747,"size == ""1""","isEmpty == ""True""","peek_obj_type == ""class java.lang.String""","push == ""False""","pop == ""True""","clear == ""False""","calledMethod == ""pop""","size_p == ""1""",Yes
9476,1607899197267:9d182749-1143-49a6-bb5f-a88ffba166d6,1607899197267:adb31889-bad4-4129-8b46-0a4c1de67b72,"size == ""1""","isEmpty == ""True""","peek_obj_type == ""class java.lang.String""","push == ""True""","pop == ""False""","clear == ""False""","calledMethod == ""push""","size_p == ""0""",Yes
9477,1607899197267:9d182749-1143-49a6-bb5f-a88ffba166d6,1607899197267:adb31889-bad4-4129-8b46-0a4c1de67b72,"size == ""2""","isEmpty == ""True""","peek_obj_type == ""class java.lang.String""","push == ""True""","pop == ""False""","clear == ""False""","calledMethod == ""push""","size_p == ""1""",Yes
9479,1607899197267:4fefc829-78cd-411c-8a73-35cd300b6864,1607899197267:6a50a63c-9742-45e5-9b4c-bc06239e7cfd,"size == ""1""","isEmpty == ""True""","peek_obj_type == ""class java.lang.String""","push == ""True""","pop == ""False""","clear == ""False""","calledMethod == ""push""","size_p == ""0""",Yes
9480,1607899197267:4fefc829-78cd-411c-8a73-35cd300b6864,1607899197267:6a50a63c-9742-45e5-9b4c-bc06239e7cfd,"size == ""1""","isEmpty == ""True""","peek_obj_type == ""class java.lang.String""","push == ""False""","pop == ""True""","clear == ""False""","calledMethod == ""pop""","size_p == ""1""",Yes
9482,1607899197267:15bd7636-91f9-4e04-bc96-669d438699ac,1607899197267:4b7994cb-98a9-4142-abbf-0e92d7b38e9c,"size == ""1""","isEmpty == ""True""","peek_obj_type == ""class java.lang.String""","push == ""True""","pop == ""False""","clear == ""False""","calledMethod == ""push""","size_p == ""0""",Yes
9483,1607899197267:15bd7636-91f9-4e04-bc96-669d438699ac,1607899197267:4b7994cb-98a9-4142-abbf-0e92d7b38e9c,"size == ""1""","isEmpty == ""True""","peek_obj_type == ""class java.lang.String""","push == ""False""","pop == ""True""","clear == ""False""","calledMethod == ""pop""","size_p == ""1""",Yes
9485,1607899197267:15839f73-49f9-4d5e-8deb-4ebfb407d884,1607899197267:a1069b29-63b7-4492-af62-a680d8276a71,"size == ""1""","isEmpty == ""True""","peek_obj_type == ""class java.lang.String""","push == ""True""","pop == ""False""","clear == ""False""","calledMethod == ""push""","size_p == ""0""",Yes
9487,1607899197267:15839f73-49f9-4d5e-8deb-4ebfb407d884,1607899197267:44f800ed-af27-4dfb-bf3b-3991cd598b61,"size == ""1""","isEmpty == ""True""","peek_obj_type == ""class java.lang.String""","push == ""True""","pop == ""False""","clear == ""False""","calledMethod == ""push""","size_p == ""0""",Yes
9488,1607899197267:15839f73-49f9-4d5e-8deb-4ebfb407d884,1607899197267:44f800ed-af27-4dfb-bf3b-3991cd598b61,"size == ""1""","isEmpty == ""True""","peek_obj_type == ""class java.lang.String""","push == ""False""","pop == ""True""","clear == ""False""","calledMethod == ""pop""","size_p == ""1""",Yes
9491,1607899197266:7c98e961-f094-447a-b283-864a82131138,1607899197266:75ad7659-a0cb-4319-80a3-c26598c708c0,"size == ""1""","isEmpty == ""True""","peek_obj_type == ""class java.lang.String""","push == ""True""","pop == ""False""","clear == ""False""","calledMethod == ""push""","size_p == ""0""",Yes
9492,1607899197266:7c98e961-f094-447a-b283-864a82131138,1607899197266:75ad7659-a0cb-4319-80a3-c26598c708c0,"size == ""1""","isEmpty == ""True""","peek_obj_type == ""class java.lang.String""","push == ""False""","pop == ""False""","clear == ""True""","calledMethod == ""clear""","size_p == ""1""",Yes
9493,1607899197266:7c98e961-f094-447a-b283-864a82131138,1607899197266:75ad7659-a0cb-4319-80a3-c26598c708c0,"size == ""1""","isEmpty == ""True""","peek_obj_type == ""class java.lang.String""","push == ""False""","pop == ""False""","clear == ""True""","calledMethod == ""clear""","size_p == ""1""",Yes
9494,1607899197266:7c98e961-f094-447a-b283-864a82131138,1607899197266:75ad7659-a0cb-4319-80a3-c26598c708c0,"size == ""1""","isEmpty == ""True""","peek_obj_type == ""class java.lang.String""","push == ""False""","pop == ""False""","clear == ""True""","calledMethod == ""clear""","size_p == ""1""",Yes
9496,1607899197266:7c98e961-f094-447a-b283-864a82131138,1607899197266:603d9bbc-58bc-480d-b5a7-ee5798ba9ef6,"size == ""1""","isEmpty == ""True""","peek_obj_type == ""class java.lang.String""","push == ""True""","pop == ""False""","clear == ""False""","calledMethod == ""push""","size_p == ""0""",Yes
9497,1607899197266:7c98e961-f094-447a-b283-864a82131138,1607899197266:603d9bbc-58bc-480d-b5a7-ee5798ba9ef6,"size == ""1""","isEmpty == ""True""","peek_obj_type == ""class java.lang.String""","push == ""False""","pop == ""True""","clear == ""False""","calledMethod == ""pop""","size_p == ""1""",Yes
9499,1607899197266:55167093-a4ae-48da-8c25-9648712a54d4,1607899197266:d6af5d04-6ef4-4aef-a1aa-e48308b4d5be,"size == ""1""","isEmpty == ""True""","peek_obj_type == ""class java.lang.String""","push == ""True""","pop == ""False""","clear == ""False""","calledMethod == ""push""","size_p == ""0""",Yes
9501,1607899197266:55167093-a4ae-48da-8c25-9648712a54d4,1607899197266:7056da63-08b2-421c-9700-5bc95f7c266e,"size == ""1""","isEmpty == ""True""","peek_obj_type == ""class java.lang.String""","push == ""True""","pop == ""False""","clear == ""False""","calledMethod == ""push""","size_p == ""0""",Yes
9502,1607899197266:55167093-a4ae-48da-8c25-9648712a54d4,1607899197266:7056da63-08b2-421c-9700-5bc95f7c266e,"size == ""1""","isEmpty == ""True""","peek_obj_type == ""class java.lang.String""","push == ""False""","pop == ""True""","clear == ""False""","calledMethod == ""pop""","size_p == ""1""",Yes
9504,1607899197265:e416ca62-dab2-4113-86b2-b524f1edf213,1607899197265:897638b4-8fc3-44d0-ac60-b4a45a6a7edb,"size == ""1""","isEmpty == ""True""","peek_obj_type == ""class java.lang.String""","push == ""True""","pop == ""False""","clear == ""False""","calledMethod == ""push""","size_p == ""0""",Yes
9506,1607899197265:e416ca62-dab2-4113-86b2-b524f1edf213,1607899197265:346f8ddb-3123-45eb-86b1-7c1d579f8f38,"size == ""1""","isEmpty == ""True""","peek_obj_type == ""class java.lang.String""","push == ""True""","pop == ""False""","clear == ""False""","calledMethod == ""push""","size_p == ""0""",Yes
9507,1607899197265:e416ca62-dab2-4113-86b2-b524f1edf213,1607899197265:346f8ddb-3123-45eb-86b1-7c1d579f8f38,"size == ""1""","isEmpty == ""True""","peek_obj_type == ""class java.lang.String""","push == ""False""","pop == ""True""","clear == ""False""","calledMethod == ""pop""","size_p == ""1""",Yes
9509,1607899197265:74545da6-dc98-44e0-9eaa-7e9d97b33f56,1607899197265:97608dd6-6c95-4382-84f3-67950528eca8,"size == ""1""","isEmpty == ""True""","peek_obj_type == ""class java.lang.String""","push == ""True""","pop == ""False""","clear == ""False""","calledMethod == ""push""","size_p == ""0""",Yes
9510,1607899197265:74545da6-dc98-44e0-9eaa-7e9d97b33f56,1607899197265:97608dd6-6c95-4382-84f3-67950528eca8,"size == ""1""","isEmpty == ""True""","peek_obj_type == ""class java.lang.String""","push == ""False""","pop == ""True""","clear == ""False""","calledMethod == ""pop""","size_p == ""1""",Yes
9512,1607899197265:74545da6-dc98-44e0-9eaa-7e9d97b33f56,1607899197265:0d11c2cc-8bf7-4a7d-b126-da7a1eb6901e,"size == ""1""","isEmpty == ""True""","peek_obj_type == ""class java.lang.String""","push == ""True""","pop == ""False""","clear == ""False""","calledMethod == ""push""","size_p == ""0""",Yes
9514,1607899197265:264780bd-0984-4db1-b3ca-b5f20824eaea,1607899197265:7acdfa88-2f21-4529-9bb5-9e063e5cd7a0,"size == ""1""","isEmpty == ""True""","peek_obj_type == ""class java.lang.String""","push == ""True""","pop == ""False""","clear == ""False""","calledMethod == ""push""","size_p == ""0""",Yes
9515,1607899197265:264780bd-0984-4db1-b3ca-b5f20824eaea,1607899197265:7acdfa88-2f21-4529-9bb5-9e063e5cd7a0,"size == ""1""","isEmpty == ""True""","peek_obj_type == ""class java.lang.String""","push == ""False""","pop == ""True""","clear == ""False""","calledMethod == ""pop""","size_p == ""1""",Yes
9517,1607899197264:f3e37167-9a0d-48cd-9172-67c299053cb0,1607899197264:9bc5bf52-908d-4b5b-a1c5-1d9a1a4f9b4d,"size == ""1""","isEmpty == ""True""","peek_obj_type == ""class java.lang.String""","push == ""True""","pop == ""False""","clear == ""False""","calledMethod == ""push""","size_p == ""0""",Yes
9518,1607899197264:f3e37167-9a0d-48cd-9172-67c299053cb0,1607899197264:9bc5bf52-908d-4b5b-a1c5-1d9a1a4f9b4d,"size == ""1""","isEmpty == ""True""","peek_obj_type == ""class java.lang.String""","push == ""False""","pop == ""True""","clear == ""False""","calledMethod == ""pop""","size_p == ""1""",Yes
9520,1607899197264:b9213988-472a-4795-a43b-97148984998e,1607899197264:7f98d26a-21c6-4743-b6b3-90f3cdfa1013,"size == ""1""","isEmpty == ""True""","peek_obj_type == ""class java.lang.String""","push == ""True""","pop == ""False""","clear == ""False""","calledMethod == ""push""","size_p == ""0""",Yes
9521,1607899197264:b9213988-472a-4795-a43b-97148984998e,1607899197264:7f98d26a-21c6-4743-b6b3-90f3cdfa1013,"size == ""1""","isEmpty == ""True""","peek_obj_type == ""class java.lang.String""","push == ""False""","pop == ""True""","clear == ""False""","calledMethod == ""pop""","size_p == ""1""",Yes
9523,1607899197264:4e70f813-fdde-4b4f-8ce9-ad3ff546fe62,1607899197264:5efc2052-1a00-4cb9-b83b-025322809916,"size == ""1""","isEmpty == ""True""","peek_obj_type == ""class java.lang.String""","push == ""True""","pop == ""False""","clear == ""False""","calledMethod == ""push""","size_p == ""0""",Yes
9524,1607899197264:4e70f813-fdde-4b4f-8ce9-ad3ff546fe62,1607899197264:5efc2052-1a00-4cb9-b83b-025322809916,"size == ""1""","isEmpty == ""True""","peek_obj_type == ""class java.lang.String""","push == ""False""","pop == ""True""","clear == ""False""","calledMethod == ""pop""","size_p == ""1""",Yes
9526,1607899197264:4e70f813-fdde-4b4f-8ce9-ad3ff546fe62,1607899197264:3152790c-581b-4698-82f5-0a6ad442c961,"size == ""1""","isEmpty == ""True""","peek_obj_type == ""class java.lang.String""","push == ""True""","pop == ""False""","clear == ""False""","calledMethod == ""push""","size_p == ""0""",Yes
9529,1607899197263:de90e76d-b0bc-4fa7-a8e7-23eecfe1f22a,1607899197263:5a5dec34-be96-43e3-b8cc-3815fbeae99f,"size == ""1""","isEmpty == ""True""","peek_obj_type == ""class java.lang.String""","push == ""True""","pop == ""False""","clear == ""False""","calledMethod == ""push""","size_p == ""0""",Yes
9530,1607899197263:de90e76d-b0bc-4fa7-a8e7-23eecfe1f22a,1607899197263:5a5dec34-be96-43e3-b8cc-3815fbeae99f,"size == ""1""","isEmpty == ""True""","peek_obj_type == ""class java.lang.String""","push == ""False""","pop == ""True""","clear == ""False""","calledMethod == ""pop""","size_p == ""1""",Yes
9532,1607899197263:74e10e85-6dcb-4a02-8e49-b3cf0cd35ab0,1607899197263:d906c9b4-6da0-437a-8fd7-5471d5898803,"size == ""1""","isEmpty == ""True""","peek_obj_type == ""class java.lang.String""","push == ""True""","pop == ""False""","clear == ""False""","calledMethod == ""push""","size_p == ""0""",Yes
9534,1607899197263:74e10e85-6dcb-4a02-8e49-b3cf0cd35ab0,1607899197263:48469d3f-7de4-48cb-8868-05e84993dfda,"size == ""1""","isEmpty == ""True""","peek_obj_type == ""class java.lang.String""","push == ""True""","pop == ""False""","clear == ""False""","calledMethod == ""push""","size_p == ""0""",Yes
9535,1607899197263:74e10e85-6dcb-4a02-8e49-b3cf0cd35ab0,1607899197263:48469d3f-7de4-48cb-8868-05e84993dfda,"size == ""1""","isEmpty == ""True""","peek_obj_type == ""class java.lang.String""","push == ""False""","pop == ""True""","clear == ""False""","calledMethod == ""pop""","size_p == ""1""",Yes
9537,1607899197263:270b4208-01bf-4780-9010-a592205505fc,1607899197263:12119b73-22b8-474d-9bcb-578f9b29d952,"size == ""1""","isEmpty == ""True""","peek_obj_type == ""class java.lang.String""","push == ""True""","pop == ""False""","clear == ""False""","calledMethod == ""push""","size_p == ""0""",Yes
9538,1607899197263:270b4208-01bf-4780-9010-a592205505fc,1607899197263:12119b73-22b8-474d-9bcb-578f9b29d952,"size == ""1""","isEmpty == ""True""","peek_obj_type == ""class java.lang.String""","push == ""False""","pop == ""True""","clear == ""False""","calledMethod == ""pop""","size_p == ""1""",Yes
9540,1607899197262:bd64a0e5-d7c4-4a08-a45b-41c9c5c81d8c,1607899197262:6ebc580b-c857-4104-826d-f329dae8164b,"size == ""1""","isEmpty == ""True""","peek_obj_type == ""class java.lang.String""","push == ""True""","pop == ""False""","clear == ""False""","calledMethod == ""push""","size_p == ""0""",Yes
9541,1607899197262:bd64a0e5-d7c4-4a08-a45b-41c9c5c81d8c,1607899197262:6ebc580b-c857-4104-826d-f329dae8164b,"size == ""1""","isEmpty == ""True""","peek_obj_type == ""class java.lang.String""","push == ""False""","pop == ""True""","clear == ""False""","calledMethod == ""pop""","size_p == ""1""",Yes
9544,1607899197262:bd64a0e5-d7c4-4a08-a45b-41c9c5c81d8c,1607899197262:26efb6c5-23e1-4361-b3cb-9f4b6b3e2ec5,"size == ""1""","isEmpty == ""True""","peek_obj_type == ""class java.lang.String""","push == ""True""","pop == ""False""","clear == ""False""","calledMethod == ""push""","size_p == ""0""",Yes
9545,1607899197262:bd64a0e5-d7c4-4a08-a45b-41c9c5c81d8c,1607899197262:26efb6c5-23e1-4361-b3cb-9f4b6b3e2ec5,"size == ""1""","isEmpty == ""True""","peek_obj_type == ""class java.lang.String""","push == ""False""","pop == ""False""","clear == ""True""","calledMethod == ""clear""","size_p == ""1""",Yes
9546,1607899197262:bd64a0e5-d7c4-4a08-a45b-41c9c5c81d8c,1607899197262:26efb6c5-23e1-4361-b3cb-9f4b6b3e2ec5,"size == ""1""","isEmpty == ""True""","peek_obj_type == ""class java.lang.String""","push == ""False""","pop == ""False""","clear == ""True""","calledMethod == ""clear""","size_p == ""1""",Yes
9547,1607899197262:bd64a0e5-d7c4-4a08-a45b-41c9c5c81d8c,1607899197262:26efb6c5-23e1-4361-b3cb-9f4b6b3e2ec5,"size == ""1""","isEmpty == ""True""","peek_obj_type == ""class java.lang.String""","push == ""False""","pop == ""False""","clear == ""True""","calledMethod == ""clear""","size_p == ""1""",Yes
9549,1607899197262:b58d4a18-e9e6-4e17-ab3a-a552583125bf,1607899197262:66db9804-76a9-4afe-9ff0-2aa991047269,"size == ""1""","isEmpty == ""True""","peek_obj_type == ""class java.lang.String""","push == ""True""","pop == ""False""","clear == ""False""","calledMethod == ""push""","size_p == ""0""",Yes
9550,1607899197262:b58d4a18-e9e6-4e17-ab3a-a552583125bf,1607899197262:66db9804-76a9-4afe-9ff0-2aa991047269,"size == ""1""","isEmpty == ""True""","peek_obj_type == ""class java.lang.String""","push == ""False""","pop == ""True""","clear == ""False""","calledMethod == ""pop""","size_p == ""1""",Yes
9552,1607899197262:5402a555-2164-4f16-a356-62ced73b2a30,1607899197262:31da4591-bc06-468d-b8e4-e51b2442adaa,"size == ""1""","isEmpty == ""True""","peek_obj_type == ""class java.lang.String""","push == ""True""","pop == ""False""","clear == ""False""","calledMethod == ""push""","size_p == ""0""",Yes
9553,1607899197262:5402a555-2164-4f16-a356-62ced73b2a30,1607899197262:31da4591-bc06-468d-b8e4-e51b2442adaa,"size == ""1""","isEmpty == ""True""","peek_obj_type == ""class java.lang.String""","push == ""False""","pop == ""True""","clear == ""False""","calledMethod == ""pop""","size_p == ""1""",Yes
9555,1607899197261:f6587b20-91dd-40c1-91ac-655b3bf5e79b,1607899197261:62a498f6-11d7-4a40-9dac-85b25f4bf398,"size == ""1""","isEmpty == ""True""","peek_obj_type == ""class java.lang.String""","push == ""True""","pop == ""False""","clear == ""False""","calledMethod == ""push""","size_p == ""0""",Yes
9556,1607899197261:f6587b20-91dd-40c1-91ac-655b3bf5e79b,1607899197261:62a498f6-11d7-4a40-9dac-85b25f4bf398,"size == ""1""","isEmpty == ""True""","peek_obj_type == ""class java.lang.String""","push == ""False""","pop == ""True""","clear == ""False""","calledMethod == ""pop""","size_p == ""1""",Yes
9558,1607899197261:f11f4deb-e78d-4cbd-bbce-e6cbe728f5c5,1607899197261:6bbb2eb2-f7fa-4232-a754-ed3892be3290,"size == ""1""","isEmpty == ""True""","peek_obj_type == ""class java.lang.String""","push == ""True""","pop == ""False""","clear == ""False""","calledMethod == ""push""","size_p == ""0""",Yes
9559,1607899197261:f11f4deb-e78d-4cbd-bbce-e6cbe728f5c5,1607899197261:6bbb2eb2-f7fa-4232-a754-ed3892be3290,"size == ""1""","isEmpty == ""True""","peek_obj_type == ""class java.lang.String""","push == ""False""","pop == ""True""","clear == ""False""","calledMethod == ""pop""","size_p == ""1""",Yes
9561,1607899197261:a5daa246-f9c1-46e0-91f1-ca7804de041f,1607899197261:b5ab2644-4742-438c-a7a9-de13d9b2dd0d,"size == ""1""","isEmpty == ""True""","peek_obj_type == ""class java.lang.String""","push == ""True""","pop == ""False""","clear == ""False""","calledMethod == ""push""","size_p == ""0""",Yes
9562,1607899197261:a5daa246-f9c1-46e0-91f1-ca7804de041f,1607899197261:b5ab2644-4742-438c-a7a9-de13d9b2dd0d,"size == ""1""","isEmpty == ""True""","peek_obj_type == ""class java.lang.String""","push == ""False""","pop == ""True""","clear == ""False""","calledMethod == ""pop""","size_p == ""1""",Yes
9564,1607899197260:1f720cab-a919-4e9a-84a0-d2dd460a5f17,1607899197260:8336ed98-3577-4409-a4e8-89399afe4949,"size == ""1""","isEmpty == ""True""","peek_obj_type == ""class java.lang.String""","push == ""True""","pop == ""False""","clear == ""False""","calledMethod == ""push""","size_p == ""0""",Yes
9565,1607899197260:1f720cab-a919-4e9a-84a0-d2dd460a5f17,1607899197260:8336ed98-3577-4409-a4e8-89399afe4949,"size == ""1""","isEmpty == ""True""","peek_obj_type == ""class java.lang.String""","push == ""False""","pop == ""True""","clear == ""False""","calledMethod == ""pop""","size_p == ""1""",Yes
9567,1607899197260:048cdacf-00a7-4e7b-9ae5-f5da598aaf78,1607899197260:cbc4ff7e-466d-491c-a49b-1cd96f6523f9,"size == ""1""","isEmpty == ""True""","peek_obj_type == ""class java.lang.String""","push == ""True""","pop == ""False""","clear == ""False""","calledMethod == ""push""","size_p == ""0""",Yes
9568,1607899197260:048cdacf-00a7-4e7b-9ae5-f5da598aaf78,1607899197260:cbc4ff7e-466d-491c-a49b-1cd96f6523f9,"size == ""1""","isEmpty == ""True""","peek_obj_type == ""class java.lang.String""","push == ""False""","pop == ""True""","clear == ""False""","calledMethod == ""pop""","size_p == ""1""",Yes
9571,1607899197260:048cdacf-00a7-4e7b-9ae5-f5da598aaf78,1607899197260:89e80699-038b-4a28-9853-163b28e2b87e,"size == ""1""","isEmpty == ""True""","peek_obj_type == ""class java.lang.String""","push == ""True""","pop == ""False""","clear == ""False""","calledMethod == ""push""","size_p == ""0""",Yes
9572,1607899197260:048cdacf-00a7-4e7b-9ae5-f5da598aaf78,1607899197260:89e80699-038b-4a28-9853-163b28e2b87e,"size == ""1""","isEmpty == ""True""","peek_obj_type == ""class java.lang.String""","push == ""False""","pop == ""False""","clear == ""True""","calledMethod == ""clear""","size_p == ""1""",Yes
9573,1607899197260:048cdacf-00a7-4e7b-9ae5-f5da598aaf78,1607899197260:89e80699-038b-4a28-9853-163b28e2b87e,"size == ""1""","isEmpty == ""True""","peek_obj_type == ""class java.lang.String""","push == ""False""","pop == ""False""","clear == ""True""","calledMethod == ""clear""","size_p == ""1""",Yes
9574,1607899197260:048cdacf-00a7-4e7b-9ae5-f5da598aaf78,1607899197260:89e80699-038b-4a28-9853-163b28e2b87e,"size == ""1""","isEmpty == ""True""","peek_obj_type == ""class java.lang.String""","push == ""False""","pop == ""False""","clear == ""True""","calledMethod == ""clear""","size_p == ""1""",Yes
9576,1607899197259:ec016ea2-dda4-4d07-a9f0-f4a2f7e289d4,1607899197259:dcf7496d-2286-4b4b-8a3c-d6a2c1b47be3,"size == ""1""","isEmpty == ""True""","peek_obj_type == ""class java.lang.String""","push == ""True""","pop == ""False""","clear == ""False""","calledMethod == ""push""","size_p == ""0""",Yes
9577,1607899197259:ec016ea2-dda4-4d07-a9f0-f4a2f7e289d4,1607899197259:dcf7496d-2286-4b4b-8a3c-d6a2c1b47be3,"size == ""1""","isEmpty == ""True""","peek_obj_type == ""class java.lang.String""","push == ""False""","pop == ""True""","clear == ""False""","calledMethod == ""pop""","size_p == ""1""",Yes
9579,1607899197259:ec016ea2-dda4-4d07-a9f0-f4a2f7e289d4,1607899197259:b77cc0ef-2bf6-441d-8376-594c8632263f,"size == ""1""","isEmpty == ""True""","peek_obj_type == ""class java.lang.String""","push == ""True""","pop == ""False""","clear == ""False""","calledMethod == ""push""","size_p == ""0""",Yes
9582,1607899197259:395a2825-42a3-4665-a8f0-69f30f49c85f,1607899197259:b5b0d12d-d04a-4148-b7cd-f574239ca4b2,"size == ""1""","isEmpty == ""True""","peek_obj_type == ""class java.lang.String""","push == ""True""","pop == ""False""","clear == ""False""","calledMethod == ""push""","size_p == ""0""",Yes
9583,1607899197259:395a2825-42a3-4665-a8f0-69f30f49c85f,1607899197259:b5b0d12d-d04a-4148-b7cd-f574239ca4b2,"size == ""1""","isEmpty == ""True""","peek_obj_type == ""class java.lang.String""","push == ""False""","pop == ""True""","clear == ""False""","calledMethod == ""pop""","size_p == ""1""",Yes
9585,1607899197259:395a2825-42a3-4665-a8f0-69f30f49c85f,1607899197259:5e49f74f-6324-4e73-ae27-306ec77383c9,"size == ""1""","isEmpty == ""True""","peek_obj_type == ""class java.lang.String""","push == ""True""","pop == ""False""","clear == ""False""","calledMethod == ""push""","size_p == ""0""",Yes
9587,1607899197259:361b7a1d-e6d4-4ff4-b11a-5c0ed87fe986,1607899197259:89de6581-3c07-4257-8220-5bdcd3df1a61,"size == ""1""","isEmpty == ""True""","peek_obj_type == ""class java.lang.String""","push == ""True""","pop == ""False""","clear == ""False""","calledMethod == ""push""","size_p == ""0""",Yes
9588,1607899197259:361b7a1d-e6d4-4ff4-b11a-5c0ed87fe986,1607899197259:89de6581-3c07-4257-8220-5bdcd3df1a61,"size == ""1""","isEmpty == ""True""","peek_obj_type == ""class java.lang.String""","push == ""False""","pop == ""True""","clear == ""False""","calledMethod == ""pop""","size_p == ""1""",Yes
9590,1607899197258:d51b866c-c1e7-409c-860f-04a64587e765,1607899197258:aee93b03-c27f-4223-997d-515d4b283bbb,"size == ""1""","isEmpty == ""True""","peek_obj_type == ""class java.lang.String""","push == ""True""","pop == ""False""","clear == ""False""","calledMethod == ""push""","size_p == ""0""",Yes
9591,1607899197258:d51b866c-c1e7-409c-860f-04a64587e765,1607899197258:aee93b03-c27f-4223-997d-515d4b283bbb,"size == ""1""","isEmpty == ""True""","peek_obj_type == ""class java.lang.String""","push == ""False""","pop == ""True""","clear == ""False""","calledMethod == ""pop""","size_p == ""1""",Yes
9593,1607899197258:8ae2d1c4-c189-47f7-b454-e90e3d237462,1607899197258:3140e28e-e341-4c7c-9b78-7ec4625b7611,"size == ""1""","isEmpty == ""True""","peek_obj_type == ""class java.lang.String""","push == ""True""","pop == ""False""","clear == ""False""","calledMethod == ""push""","size_p == ""0""",Yes
9594,1607899197258:8ae2d1c4-c189-47f7-b454-e90e3d237462,1607899197258:3140e28e-e341-4c7c-9b78-7ec4625b7611,"size == ""1""","isEmpty == ""True""","peek_obj_type == ""class java.lang.String""","push == ""False""","pop == ""True""","clear == ""False""","calledMethod == ""pop""","size_p == ""1""",Yes
9596,1607899197258:04bead14-9af8-4ab8-85d2-849e0283b89a,1607899197258:5af97e4a-c7d8-4233-99a6-d676b40cf7b9,"size == ""1""","isEmpty == ""True""","peek_obj_type == ""class java.lang.String""","push == ""True""","pop == ""False""","clear == ""False""","calledMethod == ""push""","size_p == ""0""",Yes
9597,1607899197258:04bead14-9af8-4ab8-85d2-849e0283b89a,1607899197258:5af97e4a-c7d8-4233-99a6-d676b40cf7b9,"size == ""1""","isEmpty == ""True""","peek_obj_type == ""class java.lang.String""","push == ""False""","pop == ""True""","clear == ""False""","calledMethod == ""pop""","size_p == ""1""",Yes
9599,1607899197257:f9bb754c-f9bb-4959-ab71-eaa24b52a9dc,1607899197257:29abaf26-14b1-479a-91b5-7acf3657b13d,"size == ""1""","isEmpty == ""True""","peek_obj_type == ""class java.lang.String""","push == ""True""","pop == ""False""","clear == ""False""","calledMethod == ""push""","size_p == ""0""",Yes
9600,1607899197257:f9bb754c-f9bb-4959-ab71-eaa24b52a9dc,1607899197257:29abaf26-14b1-479a-91b5-7acf3657b13d,"size == ""1""","isEmpty == ""True""","peek_obj_type == ""class java.lang.String""","push == ""False""","pop == ""True""","clear == ""False""","calledMethod == ""pop""","size_p == ""1""",Yes
9603,1607899197257:f9bb754c-f9bb-4959-ab71-eaa24b52a9dc,1607899197257:03ce9c07-28dd-452e-b166-f3ef70b1c5b7,"size == ""1""","isEmpty == ""True""","peek_obj_type == ""class java.lang.String""","push == ""True""","pop == ""False""","clear == ""False""","calledMethod == ""push""","size_p == ""0""",Yes
9604,1607899197257:f9bb754c-f9bb-4959-ab71-eaa24b52a9dc,1607899197257:03ce9c07-28dd-452e-b166-f3ef70b1c5b7,"size == ""1""","isEmpty == ""True""","peek_obj_type == ""class java.lang.String""","push == ""False""","pop == ""False""","clear == ""True""","calledMethod == ""clear""","size_p == ""1""",Yes
9605,1607899197257:f9bb754c-f9bb-4959-ab71-eaa24b52a9dc,1607899197257:03ce9c07-28dd-452e-b166-f3ef70b1c5b7,"size == ""1""","isEmpty == ""True""","peek_obj_type == ""class java.lang.String""","push == ""False""","pop == ""False""","clear == ""True""","calledMethod == ""clear""","size_p == ""1""",Yes
9606,1607899197257:f9bb754c-f9bb-4959-ab71-eaa24b52a9dc,1607899197257:03ce9c07-28dd-452e-b166-f3ef70b1c5b7,"size == ""1""","isEmpty == ""True""","peek_obj_type == ""class java.lang.String""","push == ""False""","pop == ""False""","clear == ""True""","calledMethod == ""clear""","size_p == ""1""",Yes
9608,1607899197257:3c1d7369-56bd-4ae4-8a1a-0e2d082c54e8,1607899197257:9d063472-98d5-4d25-89de-8542740040d7,"size == ""1""","isEmpty == ""True""","peek_obj_type == ""class java.lang.String""","push == ""True""","pop == ""False""","clear == ""False""","calledMethod == ""push""","size_p == ""0""",Yes
9609,1607899197257:3c1d7369-56bd-4ae4-8a1a-0e2d082c54e8,1607899197257:9d063472-98d5-4d25-89de-8542740040d7,"size == ""1""","isEmpty == ""True""","peek_obj_type == ""class java.lang.String""","push == ""False""","pop == ""True""","clear == ""False""","calledMethod == ""pop""","size_p == ""1""",Yes
9611,1607899197256:1fad6d69-a9a5-4fcd-a632-db83719f70b5,1607899197256:e7417f19-5695-4aea-8b9c-1ad2dfe71838,"size == ""1""","isEmpty == ""True""","peek_obj_type == ""class java.lang.String""","push == ""True""","pop == ""False""","clear == ""False""","calledMethod == ""push""","size_p == ""0""",Yes
9612,1607899197256:1fad6d69-a9a5-4fcd-a632-db83719f70b5,1607899197256:e7417f19-5695-4aea-8b9c-1ad2dfe71838,"size == ""2""","isEmpty == ""True""","peek_obj_type == ""class java.lang.String""","push == ""True""","pop == ""False""","clear == ""False""","calledMethod == ""push""","size_p == ""1""",Yes
9613,1607899197256:1fad6d69-a9a5-4fcd-a632-db83719f70b5,1607899197256:e7417f19-5695-4aea-8b9c-1ad2dfe71838,"size == ""3""","isEmpty == ""True""","peek_obj_type == ""class java.lang.String""","push == ""True""","pop == ""False""","clear == ""False""","calledMethod == ""push""","size_p == ""2""",Yes
9614,1607899197256:1fad6d69-a9a5-4fcd-a632-db83719f70b5,1607899197256:e7417f19-5695-4aea-8b9c-1ad2dfe71838,"size == ""3""","isEmpty == ""True""","peek_obj_type == ""class java.lang.String""","push == ""False""","pop == ""False""","clear == ""True""","calledMethod == ""clear""","size_p == ""3""",Yes
9616,1607899197256:1fad6d69-a9a5-4fcd-a632-db83719f70b5,1607899197256:e43637a1-aafa-4d6c-9b92-25406c758a97,"size == ""1""","isEmpty == ""True""","peek_obj_type == ""class java.lang.String""","push == ""True""","pop == ""False""","clear == ""False""","calledMethod == ""push""","size_p == ""0""",Yes
9617,1607899197256:1fad6d69-a9a5-4fcd-a632-db83719f70b5,1607899197256:e43637a1-aafa-4d6c-9b92-25406c758a97,"size == ""1""","isEmpty == ""True""","peek_obj_type == ""class java.lang.String""","push == ""False""","pop == ""True""","clear == ""False""","calledMethod == ""pop""","size_p == ""1""",Yes
9619,1607899197256:1fad6d69-a9a5-4fcd-a632-db83719f70b5,1607899197256:c8d8f352-47c6-46de-b6aa-885cf844101b,"size == ""1""","isEmpty == ""True""","peek_obj_type == ""class java.lang.String""","push == ""True""","pop == ""False""","clear == ""False""","calledMethod == ""push""","size_p == ""0""",Yes
9621,1607899197256:1c77241a-5d19-4204-8997-f9054e74b366,1607899197256:c9047397-64c8-413b-ac33-2f60825cd6f6,"size == ""1""","isEmpty == ""True""","peek_obj_type == ""class java.lang.String""","push == ""True""","pop == ""False""","clear == ""False""","calledMethod == ""push""","size_p == ""0""",Yes
9623,1607899197256:1c77241a-5d19-4204-8997-f9054e74b366,1607899197256:61173202-60d7-463e-aea9-f635d5f9b9f9,"size == ""1""","isEmpty == ""True""","peek_obj_type == ""class java.lang.String""","push == ""True""","pop == ""False""","clear == ""False""","calledMethod == ""push""","size_p == ""0""",Yes
9624,1607899197256:1c77241a-5d19-4204-8997-f9054e74b366,1607899197256:61173202-60d7-463e-aea9-f635d5f9b9f9,"size == ""1""","isEmpty == ""True""","peek_obj_type == ""class java.lang.String""","push == ""False""","pop == ""True""","clear == ""False""","calledMethod == ""pop""","size_p == ""1""",Yes
9627,1607899197255:2af16287-1fbe-41e6-81e1-5e38a4da6977,1607899197255:61e0d3cb-8160-4837-ad02-433ed5379f68,"size == ""1""","isEmpty == ""True""","peek_obj_type == ""class java.lang.String""","push == ""True""","pop == ""False""","clear == ""False""","calledMethod == ""push""","size_p == ""0""",Yes
9628,1607899197255:2af16287-1fbe-41e6-81e1-5e38a4da6977,1607899197255:61e0d3cb-8160-4837-ad02-433ed5379f68,"size == ""1""","isEmpty == ""True""","peek_obj_type == ""class java.lang.String""","push == ""False""","pop == ""True""","clear == ""False""","calledMethod == ""pop""","size_p == ""1""",Yes
9630,1607899197255:12092e42-7aad-46e6-9ba7-c4fabb88be8d,1607899197255:98065248-ab63-4565-851b-b1f940a7733c,"size == ""1""","isEmpty == ""True""","peek_obj_type == ""class java.lang.String""","push == ""True""","pop == ""False""","clear == ""False""","calledMethod == ""push""","size_p == ""0""",Yes
9631,1607899197255:12092e42-7aad-46e6-9ba7-c4fabb88be8d,1607899197255:98065248-ab63-4565-851b-b1f940a7733c,"size == ""2""","isEmpty == ""True""","peek_obj_type == ""class java.lang.String""","push == ""True""","pop == ""False""","clear == ""False""","calledMethod == ""push""","size_p == ""1""",Yes
9633,1607899197255:12092e42-7aad-46e6-9ba7-c4fabb88be8d,1607899197255:2a9e7d47-85ca-4492-a13e-0597f9cb64f5,"size == ""1""","isEmpty == ""True""","peek_obj_type == ""class java.lang.String""","push == ""True""","pop == ""False""","clear == ""False""","calledMethod == ""push""","size_p == ""0""",Yes
9634,1607899197255:12092e42-7aad-46e6-9ba7-c4fabb88be8d,1607899197255:2a9e7d47-85ca-4492-a13e-0597f9cb64f5,"size == ""1""","isEmpty == ""True""","peek_obj_type == ""class java.lang.String""","push == ""False""","pop == ""True""","clear == ""False""","calledMethod == ""pop""","size_p == ""1""",Yes
9636,1607899197255:08fb95f0-2edd-4dec-ac3f-d486a3410048,1607899197255:20962a25-2997-4272-8bbb-e27aff527694,"size == ""1""","isEmpty == ""True""","peek_obj_type == ""class java.lang.String""","push == ""True""","pop == ""False""","clear == ""False""","calledMethod == ""push""","size_p == ""0""",Yes
9637,1607899197255:08fb95f0-2edd-4dec-ac3f-d486a3410048,1607899197255:20962a25-2997-4272-8bbb-e27aff527694,"size == ""1""","isEmpty == ""True""","peek_obj_type == ""class java.lang.String""","push == ""False""","pop == ""True""","clear == ""False""","calledMethod == ""pop""","size_p == ""1""",Yes
9639,1607899197254:d178943a-fd15-4f27-ac86-ba5d060ef93a,1607899197254:5665ef1b-c6be-478b-be3d-791ca08132d2,"size == ""1""","isEmpty == ""True""","peek_obj_type == ""class java.lang.String""","push == ""True""","pop == ""False""","clear == ""False""","calledMethod == ""push""","size_p == ""0""",Yes
9640,1607899197254:d178943a-fd15-4f27-ac86-ba5d060ef93a,1607899197254:5665ef1b-c6be-478b-be3d-791ca08132d2,"size == ""1""","isEmpty == ""True""","peek_obj_type == ""class java.lang.String""","push == ""False""","pop == ""True""","clear == ""False""","calledMethod == ""pop""","size_p == ""1""",Yes
9642,1607899197254:b69278c5-d0ac-4850-826f-bb513eb92d4e,1607899197254:a4519512-4153-4ecb-936c-376303a16949,"size == ""1""","isEmpty == ""True""","peek_obj_type == ""class java.lang.String""","push == ""True""","pop == ""False""","clear == ""False""","calledMethod == ""push""","size_p == ""0""",Yes
9643,1607899197254:b69278c5-d0ac-4850-826f-bb513eb92d4e,1607899197254:a4519512-4153-4ecb-936c-376303a16949,"size == ""2""","isEmpty == ""True""","peek_obj_type == ""class java.lang.String""","push == ""True""","pop == ""False""","clear == ""False""","calledMethod == ""push""","size_p == ""1""",Yes
9645,1607899197254:b69278c5-d0ac-4850-826f-bb513eb92d4e,1607899197254:27195bbd-bf79-4ac8-b3f6-d0e0c5050599,"size == ""1""","isEmpty == ""True""","peek_obj_type == ""class java.lang.String""","push == ""True""","pop == ""False""","clear == ""False""","calledMethod == ""push""","size_p == ""0""",Yes
9646,1607899197254:b69278c5-d0ac-4850-826f-bb513eb92d4e,1607899197254:27195bbd-bf79-4ac8-b3f6-d0e0c5050599,"size == ""1""","isEmpty == ""True""","peek_obj_type == ""class java.lang.String""","push == ""False""","pop == ""True""","clear == ""False""","calledMethod == ""pop""","size_p == ""1""",Yes
9648,1607899197253:ae57da54-aae5-4ff2-828b-78e8c16cd44e,1607899197253:d2a4365c-12b8-467c-a5cc-d1ea8054d45d,"size == ""1""","isEmpty == ""True""","peek_obj_type == ""class java.lang.String""","push == ""True""","pop == ""False""","clear == ""False""","calledMethod == ""push""","size_p == ""0""",Yes
9649,1607899197253:ae57da54-aae5-4ff2-828b-78e8c16cd44e,1607899197253:d2a4365c-12b8-467c-a5cc-d1ea8054d45d,"size == ""1""","isEmpty == ""True""","peek_obj_type == ""class java.lang.String""","push == ""False""","pop == ""True""","clear == ""False""","calledMethod == ""pop""","size_p == ""1""",Yes
9651,1607899197253:ae57da54-aae5-4ff2-828b-78e8c16cd44e,1607899197253:3abb3aa5-2d5d-4500-ae10-09f4ab2e2ebc,"size == ""1""","isEmpty == ""True""","peek_obj_type == ""class java.lang.String""","push == ""True""","pop == ""False""","clear == ""False""","calledMethod == ""push""","size_p == ""0""",Yes
9652,1607899197253:ae57da54-aae5-4ff2-828b-78e8c16cd44e,1607899197253:3abb3aa5-2d5d-4500-ae10-09f4ab2e2ebc,"size == ""2""","isEmpty == ""True""","peek_obj_type == ""class java.lang.String""","push == ""True""","pop == ""False""","clear == ""False""","calledMethod == ""push""","size_p == ""1""",Yes
9655,1607899197253:5e59396e-024f-4415-bdee-597a3f1ddcb0,1607899197253:717f4014-af85-4b91-8e6b-d22050682b32,"size == ""1""","isEmpty == ""True""","peek_obj_type == ""class java.lang.String""","push == ""True""","pop == ""False""","clear == ""False""","calledMethod == ""push""","size_p == ""0""",Yes
9656,1607899197253:5e59396e-024f-4415-bdee-597a3f1ddcb0,1607899197253:717f4014-af85-4b91-8e6b-d22050682b32,"size == ""1""","isEmpty == ""True""","peek_obj_type == ""class java.lang.String""","push == ""False""","pop == ""True""","clear == ""False""","calledMethod == ""pop""","size_p == ""1""",Yes
9658,1607899197253:30862997-97a1-4660-82ae-1067b71fc43c,1607899197253:85d7a204-4e78-48af-ae84-b3b4c0cdb4f6,"size == ""1""","isEmpty == ""True""","peek_obj_type == ""class java.lang.String""","push == ""True""","pop == ""False""","clear == ""False""","calledMethod == ""push""","size_p == ""0""",Yes
9660,1607899197253:30862997-97a1-4660-82ae-1067b71fc43c,1607899197253:75bd6199-d376-4107-9d4a-3103abaac6f9,"size == ""1""","isEmpty == ""True""","peek_obj_type == ""class java.lang.String""","push == ""True""","pop == ""False""","clear == ""False""","calledMethod == ""push""","size_p == ""0""",Yes
9661,1607899197253:30862997-97a1-4660-82ae-1067b71fc43c,1607899197253:75bd6199-d376-4107-9d4a-3103abaac6f9,"size == ""1""","isEmpty == ""True""","peek_obj_type == ""class java.lang.String""","push == ""False""","pop == ""True""","clear == ""False""","calledMethod == ""pop""","size_p == ""1""",Yes
9663,1607899197253:1d6b698a-6e5a-4512-a5da-d930eb8c7893,1607899197253:e8ded764-d1cc-4c7e-a46e-e674ffb6b130,"size == ""1""","isEmpty == ""True""","peek_obj_type == ""class java.lang.String""","push == ""True""","pop == ""False""","clear == ""False""","calledMethod == ""push""","size_p == ""0""",Yes
9664,1607899197253:1d6b698a-6e5a-4512-a5da-d930eb8c7893,1607899197253:e8ded764-d1cc-4c7e-a46e-e674ffb6b130,"size == ""1""","isEmpty == ""True""","peek_obj_type == ""class java.lang.String""","push == ""False""","pop == ""True""","clear == ""False""","calledMethod == ""pop""","size_p == ""1""",Yes
9667,1607899197252:e1927558-b2ea-4b23-9ada-3eaea92b0508,1607899197252:ec3068a6-d96b-4fa6-9a5b-e8b5ea70f415,"size == ""1""","isEmpty == ""True""","peek_obj_type == ""class java.lang.String""","push == ""True""","pop == ""False""","clear == ""False""","calledMethod == ""push""","size_p == ""0""",Yes
9668,1607899197252:e1927558-b2ea-4b23-9ada-3eaea92b0508,1607899197252:ec3068a6-d96b-4fa6-9a5b-e8b5ea70f415,"size == ""1""","isEmpty == ""True""","peek_obj_type == ""class java.lang.String""","push == ""False""","pop == ""False""","clear == ""True""","calledMethod == ""clear""","size_p == ""1""",Yes
9669,1607899197252:e1927558-b2ea-4b23-9ada-3eaea92b0508,1607899197252:ec3068a6-d96b-4fa6-9a5b-e8b5ea70f415,"size == ""1""","isEmpty == ""True""","peek_obj_type == ""class java.lang.String""","push == ""False""","pop == ""False""","clear == ""True""","calledMethod == ""clear""","size_p == ""1""",Yes
9670,1607899197252:e1927558-b2ea-4b23-9ada-3eaea92b0508,1607899197252:ec3068a6-d96b-4fa6-9a5b-e8b5ea70f415,"size == ""1""","isEmpty == ""True""","peek_obj_type == ""class java.lang.String""","push == ""False""","pop == ""False""","clear == ""True""","calledMethod == ""clear""","size_p == ""1""",Yes
9672,1607899197252:e1927558-b2ea-4b23-9ada-3eaea92b0508,1607899197252:55acd65a-fb23-4959-9d0e-9a1848e2c36a,"size == ""1""","isEmpty == ""True""","peek_obj_type == ""class java.lang.String""","push == ""True""","pop == ""False""","clear == ""False""","calledMethod == ""push""","size_p == ""0""",Yes
9673,1607899197252:e1927558-b2ea-4b23-9ada-3eaea92b0508,1607899197252:55acd65a-fb23-4959-9d0e-9a1848e2c36a,"size == ""1""","isEmpty == ""True""","peek_obj_type == ""class java.lang.String""","push == ""False""","pop == ""True""","clear == ""False""","calledMethod == ""pop""","size_p == ""1""",Yes
9675,1607899197252:bf9732e6-329c-43ec-82df-bc759535bcda,1607899197252:daebd365-c1e5-4d5f-b533-31d42e136207,"size == ""1""","isEmpty == ""True""","peek_obj_type == ""class java.lang.String""","push == ""True""","pop == ""False""","clear == ""False""","calledMethod == ""push""","size_p == ""0""",Yes
9676,1607899197252:bf9732e6-329c-43ec-82df-bc759535bcda,1607899197252:daebd365-c1e5-4d5f-b533-31d42e136207,"size == ""2""","isEmpty == ""True""","peek_obj_type == ""class java.lang.String""","push == ""True""","pop == ""False""","clear == ""False""","calledMethod == ""push""","size_p == ""1""",Yes
9677,1607899197252:bf9732e6-329c-43ec-82df-bc759535bcda,1607899197252:daebd365-c1e5-4d5f-b533-31d42e136207,"size == ""3""","isEmpty == ""True""","peek_obj_type == ""class java.lang.String""","push == ""True""","pop == ""False""","clear == ""False""","calledMethod == ""push""","size_p == ""2""",Yes
9678,1607899197252:bf9732e6-329c-43ec-82df-bc759535bcda,1607899197252:daebd365-c1e5-4d5f-b533-31d42e136207,"size == ""3""","isEmpty == ""True""","peek_obj_type == ""class java.lang.String""","push == ""False""","pop == ""False""","clear == ""True""","calledMethod == ""clear""","size_p == ""3""",Yes
9680,1607899197252:bf9732e6-329c-43ec-82df-bc759535bcda,1607899197252:a3b4fb24-c5e1-4beb-b72e-45cac9c58efb,"size == ""1""","isEmpty == ""True""","peek_obj_type == ""class java.lang.String""","push == ""True""","pop == ""False""","clear == ""False""","calledMethod == ""push""","size_p == ""0""",Yes
9682,1607899197252:bf9732e6-329c-43ec-82df-bc759535bcda,1607899197252:2480fbad-eac7-4073-9a91-3d1435d5ddbc,"size == ""1""","isEmpty == ""True""","peek_obj_type == ""class java.lang.String""","push == ""True""","pop == ""False""","clear == ""False""","calledMethod == ""push""","size_p == ""0""",Yes
9683,1607899197252:bf9732e6-329c-43ec-82df-bc759535bcda,1607899197252:2480fbad-eac7-4073-9a91-3d1435d5ddbc,"size == ""1""","isEmpty == ""True""","peek_obj_type == ""class java.lang.String""","push == ""False""","pop == ""True""","clear == ""False""","calledMethod == ""pop""","size_p == ""1""",Yes
9685,1607899197251:9f0c5b44-b27c-41e3-8b05-cdf3b0000621,1607899197251:a91263b9-754c-4767-bca5-9396ad879088,"size == ""1""","isEmpty == ""True""","peek_obj_type == ""class java.lang.String""","push == ""True""","pop == ""False""","clear == ""False""","calledMethod == ""push""","size_p == ""0""",Yes
9686,1607899197251:9f0c5b44-b27c-41e3-8b05-cdf3b0000621,1607899197251:a91263b9-754c-4767-bca5-9396ad879088,"size == ""1""","isEmpty == ""True""","peek_obj_type == ""class java.lang.String""","push == ""False""","pop == ""True""","clear == ""False""","calledMethod == ""pop""","size_p == ""1""",Yes
9689,1607899197251:9f0c5b44-b27c-41e3-8b05-cdf3b0000621,1607899197251:8488bfbe-6c0a-4564-b9fd-81c8bd7e960e,"size == ""1""","isEmpty == ""True""","peek_obj_type == ""class java.lang.String""","push == ""True""","pop == ""False""","clear == ""False""","calledMethod == ""push""","size_p == ""0""",Yes
9690,1607899197251:9f0c5b44-b27c-41e3-8b05-cdf3b0000621,1607899197251:8488bfbe-6c0a-4564-b9fd-81c8bd7e960e,"size == ""1""","isEmpty == ""True""","peek_obj_type == ""class java.lang.String""","push == ""False""","pop == ""False""","clear == ""True""","calledMethod == ""clear""","size_p == ""1""",Yes
9691,1607899197251:9f0c5b44-b27c-41e3-8b05-cdf3b0000621,1607899197251:8488bfbe-6c0a-4564-b9fd-81c8bd7e960e,"size == ""1""","isEmpty == ""True""","peek_obj_type == ""class java.lang.String""","push == ""False""","pop == ""False""","clear == ""True""","calledMethod == ""clear""","size_p == ""1""",Yes
9692,1607899197251:9f0c5b44-b27c-41e3-8b05-cdf3b0000621,1607899197251:8488bfbe-6c0a-4564-b9fd-81c8bd7e960e,"size == ""1""","isEmpty == ""True""","peek_obj_type == ""class java.lang.String""","push == ""False""","pop == ""False""","clear == ""True""","calledMethod == ""clear""","size_p == ""1""",Yes
9694,1607899197251:2248b8dc-b365-40be-ba49-10ade0942fc6,1607899197252:9b6f59f6-2d76-4109-b298-e42c79979443,"size == ""1""","isEmpty == ""True""","peek_obj_type == ""class java.lang.String""","push == ""True""","pop == ""False""","clear == ""False""","calledMethod == ""push""","size_p == ""0""",Yes
9696,1607899197251:2248b8dc-b365-40be-ba49-10ade0942fc6,1607899197252:00634b17-fa57-4efa-aaf4-d49d46b3436f,"size == ""1""","isEmpty == ""True""","peek_obj_type == ""class java.lang.String""","push == ""True""","pop == ""False""","clear == ""False""","calledMethod == ""push""","size_p == ""0""",Yes
9697,1607899197251:2248b8dc-b365-40be-ba49-10ade0942fc6,1607899197252:00634b17-fa57-4efa-aaf4-d49d46b3436f,"size == ""1""","isEmpty == ""True""","peek_obj_type == ""class java.lang.String""","push == ""False""","pop == ""True""","clear == ""False""","calledMethod == ""pop""","size_p == ""1""",Yes
9700,1607899197250:9002ca90-83e1-48ec-b669-93a53da9e711,1607899197251:ce508a86-4774-491e-a697-6ec77555858a,"size == ""1""","isEmpty == ""True""","peek_obj_type == ""class java.lang.String""","push == ""True""","pop == ""False""","clear == ""False""","calledMethod == ""push""","size_p == ""0""",Yes
9702,1607899197250:9002ca90-83e1-48ec-b669-93a53da9e711,1607899197251:629a5f2c-7710-4da8-88ea-770a6bfa8104,"size == ""1""","isEmpty == ""True""","peek_obj_type == ""class java.lang.String""","push == ""True""","pop == ""False""","clear == ""False""","calledMethod == ""push""","size_p == ""0""",Yes
9703,1607899197250:9002ca90-83e1-48ec-b669-93a53da9e711,1607899197251:629a5f2c-7710-4da8-88ea-770a6bfa8104,"size == ""1""","isEmpty == ""True""","peek_obj_type == ""class java.lang.String""","push == ""False""","pop == ""True""","clear == ""False""","calledMethod == ""pop""","size_p == ""1""",Yes
9706,1607899197250:0395863e-eb45-4dc9-bd72-c4f0f9bc4076,1607899197250:68a07513-9522-4654-9613-59d9a03e0474,"size == ""1""","isEmpty == ""True""","peek_obj_type == ""class java.lang.String""","push == ""True""","pop == ""False""","clear == ""False""","calledMethod == ""push""","size_p == ""0""",Yes
9708,1607899197250:0395863e-eb45-4dc9-bd72-c4f0f9bc4076,1607899197250:359f169e-abb8-48d5-a389-4251d4d8c759,"size == ""1""","isEmpty == ""True""","peek_obj_type == ""class java.lang.String""","push == ""True""","pop == ""False""","clear == ""False""","calledMethod == ""push""","size_p == ""0""",Yes
9709,1607899197250:0395863e-eb45-4dc9-bd72-c4f0f9bc4076,1607899197250:359f169e-abb8-48d5-a389-4251d4d8c759,"size == ""1""","isEmpty == ""True""","peek_obj_type == ""class java.lang.String""","push == ""False""","pop == ""True""","clear == ""False""","calledMethod == ""pop""","size_p == ""1""",Yes
9711,1607899197250:0395863e-eb45-4dc9-bd72-c4f0f9bc4076,1607899197250:0e124dd4-36a3-42ca-bc68-1a7f5aa2d52d,"size == ""1""","isEmpty == ""True""","peek_obj_type == ""class java.lang.String""","push == ""True""","pop == ""False""","clear == ""False""","calledMethod == ""push""","size_p == ""0""",Yes
9712,1607899197250:0395863e-eb45-4dc9-bd72-c4f0f9bc4076,1607899197250:0e124dd4-36a3-42ca-bc68-1a7f5aa2d52d,"size == ""2""","isEmpty == ""True""","peek_obj_type == ""class java.lang.String""","push == ""True""","pop == ""False""","clear == ""False""","calledMethod == ""push""","size_p == ""1""",Yes
9713,1607899197250:0395863e-eb45-4dc9-bd72-c4f0f9bc4076,1607899197250:0e124dd4-36a3-42ca-bc68-1a7f5aa2d52d,"size == ""3""","isEmpty == ""True""","peek_obj_type == ""class java.lang.String""","push == ""True""","pop == ""False""","clear == ""False""","calledMethod == ""push""","size_p == ""2""",Yes
9714,1607899197250:0395863e-eb45-4dc9-bd72-c4f0f9bc4076,1607899197250:0e124dd4-36a3-42ca-bc68-1a7f5aa2d52d,"size == ""3""","isEmpty == ""True""","peek_obj_type == ""class java.lang.String""","push == ""False""","pop == ""False""","clear == ""True""","calledMethod == ""clear""","size_p == ""3""",Yes
9716,1607899197249:f630b376-786e-4661-877b-3298154412fb,1607899197249:71b9e2f6-0ebc-4f94-a4af-82104d0917a7,"size == ""1""","isEmpty == ""True""","peek_obj_type == ""class java.lang.String""","push == ""True""","pop == ""False""","clear == ""False""","calledMethod == ""push""","size_p == ""0""",Yes
9717,1607899197249:f630b376-786e-4661-877b-3298154412fb,1607899197249:71b9e2f6-0ebc-4f94-a4af-82104d0917a7,"size == ""1""","isEmpty == ""True""","peek_obj_type == ""class java.lang.String""","push == ""False""","pop == ""True""","clear == ""False""","calledMethod == ""pop""","size_p == ""1""",Yes
9720,1607899197249:8bdd660a-aaa3-48dc-9f7a-cb024164e3dd,1607899197249:e406d82f-d39a-4563-b66b-78f7b92317bc,"size == ""1""","isEmpty == ""True""","peek_obj_type == ""class java.lang.String""","push == ""True""","pop == ""False""","clear == ""False""","calledMethod == ""push""","size_p == ""0""",Yes
9721,1607899197249:8bdd660a-aaa3-48dc-9f7a-cb024164e3dd,1607899197249:e406d82f-d39a-4563-b66b-78f7b92317bc,"size == ""1""","isEmpty == ""True""","peek_obj_type == ""class java.lang.String""","push == ""False""","pop == ""True""","clear == ""False""","calledMethod == ""pop""","size_p == ""1""",Yes
9723,1607899197249:1e27427f-ef9e-452a-8130-968d16736c33,1607899197249:59d9c37d-b3b4-4d73-b443-446540f3fe28,"size == ""1""","isEmpty == ""True""","peek_obj_type == ""class java.lang.String""","push == ""True""","pop == ""False""","clear == ""False""","calledMethod == ""push""","size_p == ""0""",Yes
9724,1607899197249:1e27427f-ef9e-452a-8130-968d16736c33,1607899197249:59d9c37d-b3b4-4d73-b443-446540f3fe28,"size == ""1""","isEmpty == ""True""","peek_obj_type == ""class java.lang.String""","push == ""False""","pop == ""True""","clear == ""False""","calledMethod == ""pop""","size_p == ""1""",Yes
9726,1607899197248:ef4c7895-0aec-4402-965c-4eb10f3125f0,1607899197248:f88a84a1-0c96-4326-95fc-6afc067f1149,"size == ""1""","isEmpty == ""True""","peek_obj_type == ""class java.lang.String""","push == ""True""","pop == ""False""","clear == ""False""","calledMethod == ""push""","size_p == ""0""",Yes
9727,1607899197248:ef4c7895-0aec-4402-965c-4eb10f3125f0,1607899197248:f88a84a1-0c96-4326-95fc-6afc067f1149,"size == ""1""","isEmpty == ""True""","peek_obj_type == ""class java.lang.String""","push == ""False""","pop == ""True""","clear == ""False""","calledMethod == ""pop""","size_p == ""1""",Yes
9729,1607899197248:b8a229f8-c54c-44a6-ad11-1364f0459402,1607899197248:faab427d-d304-4c7b-9a8b-2039f1167c00,"size == ""1""","isEmpty == ""True""","peek_obj_type == ""class java.lang.String""","push == ""True""","pop == ""False""","clear == ""False""","calledMethod == ""push""","size_p == ""0""",Yes
9731,1607899197248:b8a229f8-c54c-44a6-ad11-1364f0459402,1607899197248:eb67c692-5f69-4dfa-a639-e8ce218d1318,"size == ""1""","isEmpty == ""True""","peek_obj_type == ""class java.lang.String""","push == ""True""","pop == ""False""","clear == ""False""","calledMethod == ""push""","size_p == ""0""",Yes
9732,1607899197248:b8a229f8-c54c-44a6-ad11-1364f0459402,1607899197248:eb67c692-5f69-4dfa-a639-e8ce218d1318,"size == ""1""","isEmpty == ""True""","peek_obj_type == ""class java.lang.String""","push == ""False""","pop == ""True""","clear == ""False""","calledMethod == ""pop""","size_p == ""1""",Yes
9734,1607899197248:9ae35814-5401-435e-9ec9-7511ae515c4d,1607899197248:f89667c2-9fbe-4be1-b512-ddcab48b1e13,"size == ""1""","isEmpty == ""True""","peek_obj_type == ""class java.lang.String""","push == ""True""","pop == ""False""","clear == ""False""","calledMethod == ""push""","size_p == ""0""",Yes
9735,1607899197248:9ae35814-5401-435e-9ec9-7511ae515c4d,1607899197248:f89667c2-9fbe-4be1-b512-ddcab48b1e13,"size == ""1""","isEmpty == ""True""","peek_obj_type == ""class java.lang.String""","push == ""False""","pop == ""True""","clear == ""False""","calledMethod == ""pop""","size_p == ""1""",Yes
9738,1607899197247:d5d16f77-6a7a-40a0-a39b-f2dd1b8f3448,1607899197247:d5cf4b68-472d-4128-8a30-90ff960d8813,"size == ""1""","isEmpty == ""True""","peek_obj_type == ""class java.lang.String""","push == ""True""","pop == ""False""","clear == ""False""","calledMethod == ""push""","size_p == ""0""",Yes
9739,1607899197247:d5d16f77-6a7a-40a0-a39b-f2dd1b8f3448,1607899197247:d5cf4b68-472d-4128-8a30-90ff960d8813,"size == ""1""","isEmpty == ""True""","peek_obj_type == ""class java.lang.String""","push == ""False""","pop == ""False""","clear == ""True""","calledMethod == ""clear""","size_p == ""1""",Yes
9740,1607899197247:d5d16f77-6a7a-40a0-a39b-f2dd1b8f3448,1607899197247:d5cf4b68-472d-4128-8a30-90ff960d8813,"size == ""1""","isEmpty == ""True""","peek_obj_type == ""class java.lang.String""","push == ""False""","pop == ""False""","clear == ""True""","calledMethod == ""clear""","size_p == ""1""",Yes
9741,1607899197247:d5d16f77-6a7a-40a0-a39b-f2dd1b8f3448,1607899197247:d5cf4b68-472d-4128-8a30-90ff960d8813,"size == ""1""","isEmpty == ""True""","peek_obj_type == ""class java.lang.String""","push == ""False""","pop == ""False""","clear == ""True""","calledMethod == ""clear""","size_p == ""1""",Yes
9743,1607899197247:d5d16f77-6a7a-40a0-a39b-f2dd1b8f3448,1607899197247:d150e220-f594-4064-9f79-01cc78eb7b93,"size == ""1""","isEmpty == ""True""","peek_obj_type == ""class java.lang.String""","push == ""True""","pop == ""False""","clear == ""False""","calledMethod == ""push""","size_p == ""0""",Yes
9744,1607899197247:d5d16f77-6a7a-40a0-a39b-f2dd1b8f3448,1607899197247:d150e220-f594-4064-9f79-01cc78eb7b93,"size == ""1""","isEmpty == ""True""","peek_obj_type == ""class java.lang.String""","push == ""False""","pop == ""True""","clear == ""False""","calledMethod == ""pop""","size_p == ""1""",Yes
9746,1607899197246:352f470c-9074-4ffb-8828-9d697d4d9fb2,1607899197246:fc570468-cbe1-4620-8171-4cec305ed889,"size == ""1""","isEmpty == ""True""","peek_obj_type == ""class java.lang.String""","push == ""True""","pop == ""False""","clear == ""False""","calledMethod == ""push""","size_p == ""0""",Yes
9747,1607899197246:352f470c-9074-4ffb-8828-9d697d4d9fb2,1607899197246:fc570468-cbe1-4620-8171-4cec305ed889,"size == ""1""","isEmpty == ""True""","peek_obj_type == ""class java.lang.String""","push == ""False""","pop == ""True""","clear == ""False""","calledMethod == ""pop""","size_p == ""1""",Yes
9749,1607899197246:352f470c-9074-4ffb-8828-9d697d4d9fb2,1607899197246:74a7a2d8-d7d0-4d76-802e-6a9903ce1b23,"size == ""1""","isEmpty == ""True""","peek_obj_type == ""class java.lang.String""","push == ""True""","pop == ""False""","clear == ""False""","calledMethod == ""push""","size_p == ""0""",Yes
9752,1607899197246:31c04a4c-b8a3-46bf-85a8-9dddd7b503c0,1607899197246:ffafd99d-538d-406b-aa94-a0fc6f4bfd33,"size == ""1""","isEmpty == ""True""","peek_obj_type == ""class java.lang.String""","push == ""True""","pop == ""False""","clear == ""False""","calledMethod == ""push""","size_p == ""0""",Yes
9753,1607899197246:31c04a4c-b8a3-46bf-85a8-9dddd7b503c0,1607899197246:ffafd99d-538d-406b-aa94-a0fc6f4bfd33,"size == ""1""","isEmpty == ""True""","peek_obj_type == ""class java.lang.String""","push == ""False""","pop == ""True""","clear == ""False""","calledMethod == ""pop""","size_p == ""1""",Yes
9755,1607899197246:1a3def45-f803-4ed9-acea-cc7bd7ea6041,1607899197246:b7ecc068-5f8e-48e4-9179-f123be2c747b,"size == ""1""","isEmpty == ""True""","peek_obj_type == ""class java.lang.String""","push == ""True""","pop == ""False""","clear == ""False""","calledMethod == ""push""","size_p == ""0""",Yes
9756,1607899197246:1a3def45-f803-4ed9-acea-cc7bd7ea6041,1607899197246:b7ecc068-5f8e-48e4-9179-f123be2c747b,"size == ""1""","isEmpty == ""True""","peek_obj_type == ""class java.lang.String""","push == ""False""","pop == ""True""","clear == ""False""","calledMethod == ""pop""","size_p == ""1""",Yes
9758,1607899197245:f8eebc45-f159-4d47-897c-1778fcd1498c,1607899197246:7fe066ce-69d1-41a6-80aa-1a409a85d614,"size == ""1""","isEmpty == ""True""","peek_obj_type == ""class java.lang.String""","push == ""True""","pop == ""False""","clear == ""False""","calledMethod == ""push""","size_p == ""0""",Yes
9759,1607899197245:f8eebc45-f159-4d47-897c-1778fcd1498c,1607899197246:7fe066ce-69d1-41a6-80aa-1a409a85d614,"size == ""1""","isEmpty == ""True""","peek_obj_type == ""class java.lang.String""","push == ""False""","pop == ""True""","clear == ""False""","calledMethod == ""pop""","size_p == ""1""",Yes
9761,1607899197245:f8eebc45-f159-4d47-897c-1778fcd1498c,1607899197245:3e05e60b-e9bb-4cf8-aec9-25059f4f3413,"size == ""1""","isEmpty == ""True""","peek_obj_type == ""class java.lang.String""","push == ""True""","pop == ""False""","clear == ""False""","calledMethod == ""push""","size_p == ""0""",Yes
9763,1607899197245:9b89a265-a5f6-4038-a047-aed33810abaf,1607899197245:8de4c085-ec38-4f52-94a0-6ed41fbb0989,"size == ""1""","isEmpty == ""True""","peek_obj_type == ""class java.lang.String""","push == ""True""","pop == ""False""","clear == ""False""","calledMethod == ""push""","size_p == ""0""",Yes
9765,1607899197245:9b89a265-a5f6-4038-a047-aed33810abaf,1607899197245:8ba6067e-2ef7-435f-b2b2-7cf556ddf73d,"size == ""1""","isEmpty == ""True""","peek_obj_type == ""class java.lang.String""","push == ""True""","pop == ""False""","clear == ""False""","calledMethod == ""push""","size_p == ""0""",Yes
9766,1607899197245:9b89a265-a5f6-4038-a047-aed33810abaf,1607899197245:8ba6067e-2ef7-435f-b2b2-7cf556ddf73d,"size == ""1""","isEmpty == ""True""","peek_obj_type == ""class java.lang.String""","push == ""False""","pop == ""True""","clear == ""False""","calledMethod == ""pop""","size_p == ""1""",Yes
9769,1607899197245:6715109c-c981-4f29-9690-d683b0a70f7e,1607899197245:fdc1c0a4-ee25-4a8e-a4e5-d8acd47b6168,"size == ""1""","isEmpty == ""True""","peek_obj_type == ""class java.lang.String""","push == ""True""","pop == ""False""","clear == ""False""","calledMethod == ""push""","size_p == ""0""",Yes
9770,1607899197245:6715109c-c981-4f29-9690-d683b0a70f7e,1607899197245:fdc1c0a4-ee25-4a8e-a4e5-d8acd47b6168,"size == ""1""","isEmpty == ""True""","peek_obj_type == ""class java.lang.String""","push == ""False""","pop == ""True""","clear == ""False""","calledMethod == ""pop""","size_p == ""1""",Yes
9772,1607899197244:da1996ee-a259-422a-a2ae-7958ccca416c,1607899197244:c408bb39-b711-40c9-b4ec-7b0b7f6f9f0e,"size == ""1""","isEmpty == ""True""","peek_obj_type == ""class java.lang.String""","push == ""True""","pop == ""False""","clear == ""False""","calledMethod == ""push""","size_p == ""0""",Yes
9773,1607899197244:da1996ee-a259-422a-a2ae-7958ccca416c,1607899197244:c408bb39-b711-40c9-b4ec-7b0b7f6f9f0e,"size == ""1""","isEmpty == ""True""","peek_obj_type == ""class java.lang.String""","push == ""False""","pop == ""True""","clear == ""False""","calledMethod == ""pop""","size_p == ""1""",Yes
9776,1607899197244:da1996ee-a259-422a-a2ae-7958ccca416c,1607899197244:377686f3-286d-4339-a9fc-1aa5a13c74c1,"size == ""1""","isEmpty == ""True""","peek_obj_type == ""class java.lang.String""","push == ""True""","pop == ""False""","clear == ""False""","calledMethod == ""push""","size_p == ""0""",Yes
9777,1607899197244:da1996ee-a259-422a-a2ae-7958ccca416c,1607899197244:377686f3-286d-4339-a9fc-1aa5a13c74c1,"size == ""1""","isEmpty == ""True""","peek_obj_type == ""class java.lang.String""","push == ""False""","pop == ""False""","clear == ""True""","calledMethod == ""clear""","size_p == ""1""",Yes
9779,1607899197244:91664ace-c95f-4242-aad4-04c1d1c5f91a,1607899197244:35599b09-2580-4422-8cec-027bb3123780,"size == ""1""","isEmpty == ""True""","peek_obj_type == ""class java.lang.String""","push == ""True""","pop == ""False""","clear == ""False""","calledMethod == ""push""","size_p == ""0""",Yes
9780,1607899197244:91664ace-c95f-4242-aad4-04c1d1c5f91a,1607899197244:35599b09-2580-4422-8cec-027bb3123780,"size == ""1""","isEmpty == ""True""","peek_obj_type == ""class java.lang.String""","push == ""False""","pop == ""True""","clear == ""False""","calledMethod == ""pop""","size_p == ""1""",Yes
9783,1607899197244:48c135e9-c441-4cc7-a84d-9450783e05fd,1607899197244:80b80ff4-a3ab-4511-8f12-43c66a73b751,"size == ""1""","isEmpty == ""True""","peek_obj_type == ""class java.lang.String""","push == ""True""","pop == ""False""","clear == ""False""","calledMethod == ""push""","size_p == ""0""",Yes
9784,1607899197244:48c135e9-c441-4cc7-a84d-9450783e05fd,1607899197244:80b80ff4-a3ab-4511-8f12-43c66a73b751,"size == ""1""","isEmpty == ""True""","peek_obj_type == ""class java.lang.String""","push == ""False""","pop == ""True""","clear == ""False""","calledMethod == ""pop""","size_p == ""1""",Yes
9786,1607899197243:7070bae7-d1cd-4db0-a518-888c7dac8561,1607899197243:218eb353-c91b-4f90-9338-20f7193afa2c,"size == ""1""","isEmpty == ""True""","peek_obj_type == ""class java.lang.String""","push == ""True""","pop == ""False""","clear == ""False""","calledMethod == ""push""","size_p == ""0""",Yes
9787,1607899197243:7070bae7-d1cd-4db0-a518-888c7dac8561,1607899197243:218eb353-c91b-4f90-9338-20f7193afa2c,"size == ""1""","isEmpty == ""True""","peek_obj_type == ""class java.lang.String""","push == ""False""","pop == ""True""","clear == ""False""","calledMethod == ""pop""","size_p == ""1""",Yes
9789,1607899197243:11f5363d-8601-4b14-a466-0fe2f324e34e,1607899197243:d49840a8-fd69-4f6d-868b-1e9e1f73aae0,"size == ""1""","isEmpty == ""True""","peek_obj_type == ""class java.lang.String""","push == ""True""","pop == ""False""","clear == ""False""","calledMethod == ""push""","size_p == ""0""",Yes
9790,1607899197243:11f5363d-8601-4b14-a466-0fe2f324e34e,1607899197243:d49840a8-fd69-4f6d-868b-1e9e1f73aae0,"size == ""1""","isEmpty == ""True""","peek_obj_type == ""class java.lang.String""","push == ""False""","pop == ""True""","clear == ""False""","calledMethod == ""pop""","size_p == ""1""",Yes
9792,1607899197243:07b6ae5b-0c80-4a48-ae78-7b47721f6caf,1607899197243:02e7eb00-0457-4238-9bfb-079afa25b79c,"size == ""1""","isEmpty == ""True""","peek_obj_type == ""class java.lang.String""","push == ""True""","pop == ""False""","clear == ""False""","calledMethod == ""push""","size_p == ""0""",Yes
9793,1607899197243:07b6ae5b-0c80-4a48-ae78-7b47721f6caf,1607899197243:02e7eb00-0457-4238-9bfb-079afa25b79c,"size == ""1""","isEmpty == ""True""","peek_obj_type == ""class java.lang.String""","push == ""False""","pop == ""True""","clear == ""False""","calledMethod == ""pop""","size_p == ""1""",Yes
9795,1607899197242:670a4dde-e21a-428b-a8f7-72929463f03b,1607899197242:6b938a03-8960-40c4-806e-d6e239088759,"size == ""1""","isEmpty == ""True""","peek_obj_type == ""class java.lang.String""","push == ""True""","pop == ""False""","clear == ""False""","calledMethod == ""push""","size_p == ""0""",Yes
9796,1607899197242:670a4dde-e21a-428b-a8f7-72929463f03b,1607899197242:6b938a03-8960-40c4-806e-d6e239088759,"size == ""1""","isEmpty == ""True""","peek_obj_type == ""class java.lang.String""","push == ""False""","pop == ""True""","clear == ""False""","calledMethod == ""pop""","size_p == ""1""",Yes
9798,1607899197242:5c75e90f-4b91-4dfe-87f2-3539b721f842,1607899197243:94a8189c-1134-44b7-9d6f-fbda0cd285e7,"size == ""1""","isEmpty == ""True""","peek_obj_type == ""class java.lang.String""","push == ""True""","pop == ""False""","clear == ""False""","calledMethod == ""push""","size_p == ""0""",Yes
9799,1607899197242:5c75e90f-4b91-4dfe-87f2-3539b721f842,1607899197243:94a8189c-1134-44b7-9d6f-fbda0cd285e7,"size == ""1""","isEmpty == ""True""","peek_obj_type == ""class java.lang.String""","push == ""False""","pop == ""True""","clear == ""False""","calledMethod == ""pop""","size_p == ""1""",Yes
9801,1607899197242:5c75e90f-4b91-4dfe-87f2-3539b721f842,1607899197243:72575390-8ea1-497d-b3ba-2fd6d0a9a7f5,"size == ""1""","isEmpty == ""True""","peek_obj_type == ""class java.lang.String""","push == ""True""","pop == ""False""","clear == ""False""","calledMethod == ""push""","size_p == ""0""",Yes
9805,1607899197241:d2ed18ba-fda7-4079-8fb7-66024fc2c7b2,1607899197241:8d4a746e-b201-43fe-bfc3-8d712a438723,"size == ""1""","isEmpty == ""True""","peek_obj_type == ""class java.lang.String""","push == ""True""","pop == ""False""","clear == ""False""","calledMethod == ""push""","size_p == ""0""",Yes
9806,1607899197241:d2ed18ba-fda7-4079-8fb7-66024fc2c7b2,1607899197241:8d4a746e-b201-43fe-bfc3-8d712a438723,"size == ""1""","isEmpty == ""True""","peek_obj_type == ""class java.lang.String""","push == ""False""","pop == ""False""","clear == ""True""","calledMethod == ""clear""","size_p == ""1""",Yes
9807,1607899197241:d2ed18ba-fda7-4079-8fb7-66024fc2c7b2,1607899197241:8d4a746e-b201-43fe-bfc3-8d712a438723,"size == ""1""","isEmpty == ""True""","peek_obj_type == ""class java.lang.String""","push == ""False""","pop == ""False""","clear == ""True""","calledMethod == ""clear""","size_p == ""1""",Yes
9808,1607899197241:d2ed18ba-fda7-4079-8fb7-66024fc2c7b2,1607899197241:8d4a746e-b201-43fe-bfc3-8d712a438723,"size == ""1""","isEmpty == ""True""","peek_obj_type == ""class java.lang.String""","push == ""False""","pop == ""False""","clear == ""True""","calledMethod == ""clear""","size_p == ""1""",Yes
9810,1607899197241:d2ed18ba-fda7-4079-8fb7-66024fc2c7b2,1607899197241:54f2ea69-668b-4505-9be2-6345c104126e,"size == ""1""","isEmpty == ""True""","peek_obj_type == ""class java.lang.String""","push == ""True""","pop == ""False""","clear == ""False""","calledMethod == ""push""","size_p == ""0""",Yes
9811,1607899197241:d2ed18ba-fda7-4079-8fb7-66024fc2c7b2,1607899197241:54f2ea69-668b-4505-9be2-6345c104126e,"size == ""1""","isEmpty == ""True""","peek_obj_type == ""class java.lang.String""","push == ""False""","pop == ""True""","clear == ""False""","calledMethod == ""pop""","size_p == ""1""",Yes
9813,1607899197241:040fac75-27ca-44c8-a966-28aac4f3a4d2,1607899197242:36ed8f47-7f75-4cc9-8508-216833b30b9a,"size == ""1""","isEmpty == ""True""","peek_obj_type == ""class java.lang.String""","push == ""True""","pop == ""False""","clear == ""False""","calledMethod == ""push""","size_p == ""0""",Yes
9814,1607899197241:040fac75-27ca-44c8-a966-28aac4f3a4d2,1607899197242:36ed8f47-7f75-4cc9-8508-216833b30b9a,"size == ""2""","isEmpty == ""True""","peek_obj_type == ""class java.lang.String""","push == ""True""","pop == ""False""","clear == ""False""","calledMethod == ""push""","size_p == ""1""",Yes
9816,1607899197241:040fac75-27ca-44c8-a966-28aac4f3a4d2,1607899197242:0f5ea066-6697-409d-984d-ad06ea8723f8,"size == ""1""","isEmpty == ""True""","peek_obj_type == ""class java.lang.String""","push == ""True""","pop == ""False""","clear == ""False""","calledMethod == ""push""","size_p == ""0""",Yes
9817,1607899197241:040fac75-27ca-44c8-a966-28aac4f3a4d2,1607899197242:0f5ea066-6697-409d-984d-ad06ea8723f8,"size == ""1""","isEmpty == ""True""","peek_obj_type == ""class java.lang.String""","push == ""False""","pop == ""True""","clear == ""False""","calledMethod == ""pop""","size_p == ""1""",Yes
9819,1607899197240:404a8d93-8894-45b0-88b4-12fb6f9dc583,1607899197240:e5c89d79-47d4-4b43-a5a3-9ed2eb55e9de,"size == ""1""","isEmpty == ""True""","peek_obj_type == ""class java.lang.String""","push == ""True""","pop == ""False""","clear == ""False""","calledMethod == ""push""","size_p == ""0""",Yes
9820,1607899197240:404a8d93-8894-45b0-88b4-12fb6f9dc583,1607899197240:e5c89d79-47d4-4b43-a5a3-9ed2eb55e9de,"size == ""1""","isEmpty == ""True""","peek_obj_type == ""class java.lang.String""","push == ""False""","pop == ""True""","clear == ""False""","calledMethod == ""pop""","size_p == ""1""",Yes
9822,1607899197240:404a8d93-8894-45b0-88b4-12fb6f9dc583,1607899197240:cc129c8d-05cd-45c9-9d4b-12f3e281c593,"size == ""1""","isEmpty == ""True""","peek_obj_type == ""class java.lang.String""","push == ""True""","pop == ""False""","clear == ""False""","calledMethod == ""push""","size_p == ""0""",Yes
9823,1607899197240:404a8d93-8894-45b0-88b4-12fb6f9dc583,1607899197240:cc129c8d-05cd-45c9-9d4b-12f3e281c593,"size == ""2""","isEmpty == ""True""","peek_obj_type == ""class java.lang.String""","push == ""True""","pop == ""False""","clear == ""False""","calledMethod == ""push""","size_p == ""1""",Yes
9825,1607899197240:2894bccd-6345-45fb-9415-f548705117e6,1607899197240:fa1e7d1a-03a0-48a0-8d1a-70494afd7596,"size == ""1""","isEmpty == ""True""","peek_obj_type == ""class java.lang.String""","push == ""True""","pop == ""False""","clear == ""False""","calledMethod == ""push""","size_p == ""0""",Yes
9826,1607899197240:2894bccd-6345-45fb-9415-f548705117e6,1607899197240:fa1e7d1a-03a0-48a0-8d1a-70494afd7596,"size == ""1""","isEmpty == ""True""","peek_obj_type == ""class java.lang.String""","push == ""False""","pop == ""True""","clear == ""False""","calledMethod == ""pop""","size_p == ""1""",Yes
9828,1607899197239:824d64c8-73c3-4a12-a11e-76c684f544a5,1607899197239:89382c10-761a-48e7-a8ff-33e2298da19d,"size == ""1""","isEmpty == ""True""","peek_obj_type == ""class java.lang.String""","push == ""True""","pop == ""False""","clear == ""False""","calledMethod == ""push""","size_p == ""0""",Yes
9829,1607899197239:824d64c8-73c3-4a12-a11e-76c684f544a5,1607899197239:89382c10-761a-48e7-a8ff-33e2298da19d,"size == ""1""","isEmpty == ""True""","peek_obj_type == ""class java.lang.String""","push == ""False""","pop == ""True""","clear == ""False""","calledMethod == ""pop""","size_p == ""1""",Yes
9831,1607899197239:5b607456-1bcb-4d83-9cbd-61a9c9c80196,1607899197239:436fffd4-e2e0-4169-b085-66fe6d48a09a,"size == ""1""","isEmpty == ""True""","peek_obj_type == ""class java.lang.String""","push == ""True""","pop == ""False""","clear == ""False""","calledMethod == ""push""","size_p == ""0""",Yes
9833,1607899197239:5b607456-1bcb-4d83-9cbd-61a9c9c80196,1607899197239:3e6c855c-0302-4cf5-bf92-41763cbe6312,"size == ""1""","isEmpty == ""True""","peek_obj_type == ""class java.lang.String""","push == ""True""","pop == ""False""","clear == ""False""","calledMethod == ""push""","size_p == ""0""",Yes
9834,1607899197239:5b607456-1bcb-4d83-9cbd-61a9c9c80196,1607899197239:3e6c855c-0302-4cf5-bf92-41763cbe6312,"size == ""1""","isEmpty == ""True""","peek_obj_type == ""class java.lang.String""","push == ""False""","pop == ""True""","clear == ""False""","calledMethod == ""pop""","size_p == ""1""",Yes
9837,1607899197239:5820c94b-766f-4926-a00b-4a24500c6625,1607899197240:f7d3b6ec-85f7-499c-a99f-bca95dcf2a5e,"size == ""1""","isEmpty == ""True""","peek_obj_type == ""class java.lang.String""","push == ""True""","pop == ""False""","clear == ""False""","calledMethod == ""push""","size_p == ""0""",Yes
9838,1607899197239:5820c94b-766f-4926-a00b-4a24500c6625,1607899197240:f7d3b6ec-85f7-499c-a99f-bca95dcf2a5e,"size == ""1""","isEmpty == ""True""","peek_obj_type == ""class java.lang.String""","push == ""False""","pop == ""True""","clear == ""False""","calledMethod == ""pop""","size_p == ""1""",Yes
9840,1607899197239:5820c94b-766f-4926-a00b-4a24500c6625,1607899197239:e5ab32a0-7651-427a-ac18-ebe9b4a03ca0,"size == ""1""","isEmpty == ""True""","peek_obj_type == ""class java.lang.String""","push == ""True""","pop == ""False""","clear == ""False""","calledMethod == ""push""","size_p == ""0""",Yes
9841,1607899197239:5820c94b-766f-4926-a00b-4a24500c6625,1607899197239:e5ab32a0-7651-427a-ac18-ebe9b4a03ca0,"size == ""2""","isEmpty == ""True""","peek_obj_type == ""class java.lang.String""","push == ""True""","pop == ""False""","clear == ""False""","calledMethod == ""push""","size_p == ""1""",Yes
9843,1607899197238:ef3f0844-ce33-4557-8c7b-e379d97daf83,1607899197238:21cdf21e-48a4-4b8c-93f4-8da39a028d51,"size == ""1""","isEmpty == ""True""","peek_obj_type == ""class java.lang.String""","push == ""True""","pop == ""False""","clear == ""False""","calledMethod == ""push""","size_p == ""0""",Yes
9844,1607899197238:ef3f0844-ce33-4557-8c7b-e379d97daf83,1607899197238:21cdf21e-48a4-4b8c-93f4-8da39a028d51,"size == ""1""","isEmpty == ""True""","peek_obj_type == ""class java.lang.String""","push == ""False""","pop == ""True""","clear == ""False""","calledMethod == ""pop""","size_p == ""1""",Yes
9846,1607899197238:a90318a6-b846-4df4-bf5f-4159dca00b48,1607899197238:a85e6409-02a9-4815-9ad3-fdcf591fdfff,"size == ""1""","isEmpty == ""True""","peek_obj_type == ""class java.lang.String""","push == ""True""","pop == ""False""","clear == ""False""","calledMethod == ""push""","size_p == ""0""",Yes
9847,1607899197238:a90318a6-b846-4df4-bf5f-4159dca00b48,1607899197238:a85e6409-02a9-4815-9ad3-fdcf591fdfff,"size == ""1""","isEmpty == ""True""","peek_obj_type == ""class java.lang.String""","push == ""False""","pop == ""True""","clear == ""False""","calledMethod == ""pop""","size_p == ""1""",Yes
9850,1607899197237:c816b49b-f3d8-41cd-8cd2-473bb3652231,1607899197237:753d953e-ff6d-4a89-9bdf-839a7483c1da,"size == ""1""","isEmpty == ""True""","peek_obj_type == ""class java.lang.String""","push == ""True""","pop == ""False""","clear == ""False""","calledMethod == ""push""","size_p == ""0""",Yes
9851,1607899197237:c816b49b-f3d8-41cd-8cd2-473bb3652231,1607899197237:753d953e-ff6d-4a89-9bdf-839a7483c1da,"size == ""1""","isEmpty == ""True""","peek_obj_type == ""class java.lang.String""","push == ""False""","pop == ""False""","clear == ""True""","calledMethod == ""clear""","size_p == ""1""",Yes
9852,1607899197237:c816b49b-f3d8-41cd-8cd2-473bb3652231,1607899197237:753d953e-ff6d-4a89-9bdf-839a7483c1da,"size == ""1""","isEmpty == ""True""","peek_obj_type == ""class java.lang.String""","push == ""False""","pop == ""False""","clear == ""True""","calledMethod == ""clear""","size_p == ""1""",Yes
9853,1607899197237:c816b49b-f3d8-41cd-8cd2-473bb3652231,1607899197237:753d953e-ff6d-4a89-9bdf-839a7483c1da,"size == ""1""","isEmpty == ""True""","peek_obj_type == ""class java.lang.String""","push == ""False""","pop == ""False""","clear == ""True""","calledMethod == ""clear""","size_p == ""1""",Yes
9855,1607899197237:c816b49b-f3d8-41cd-8cd2-473bb3652231,1607899197237:49b40521-3c28-438e-a07f-cff0107c694b,"size == ""1""","isEmpty == ""True""","peek_obj_type == ""class java.lang.String""","push == ""True""","pop == ""False""","clear == ""False""","calledMethod == ""push""","size_p == ""0""",Yes
9856,1607899197237:c816b49b-f3d8-41cd-8cd2-473bb3652231,1607899197237:49b40521-3c28-438e-a07f-cff0107c694b,"size == ""1""","isEmpty == ""True""","peek_obj_type == ""class java.lang.String""","push == ""False""","pop == ""True""","clear == ""False""","calledMethod == ""pop""","size_p == ""1""",Yes
9858,1607899197237:5682b0b3-3404-44a5-9bf1-6d5eab7ad8f6,1607899197237:e121c9a2-616f-45cc-b97d-7c537188fa38,"size == ""1""","isEmpty == ""True""","peek_obj_type == ""class java.lang.String""","push == ""True""","pop == ""False""","clear == ""False""","calledMethod == ""push""","size_p == ""0""",Yes
9859,1607899197237:5682b0b3-3404-44a5-9bf1-6d5eab7ad8f6,1607899197237:e121c9a2-616f-45cc-b97d-7c537188fa38,"size == ""1""","isEmpty == ""True""","peek_obj_type == ""class java.lang.String""","push == ""False""","pop == ""True""","clear == ""False""","calledMethod == ""pop""","size_p == ""1""",Yes
9861,1607899197237:5682b0b3-3404-44a5-9bf1-6d5eab7ad8f6,1607899197237:af0d1b34-afc6-4585-80ca-8ebe20009222,"size == ""1""","isEmpty == ""True""","peek_obj_type == ""class java.lang.String""","push == ""True""","pop == ""False""","clear == ""False""","calledMethod == ""push""","size_p == ""0""",Yes
9862,1607899197237:5682b0b3-3404-44a5-9bf1-6d5eab7ad8f6,1607899197237:af0d1b34-afc6-4585-80ca-8ebe20009222,"size == ""2""","isEmpty == ""True""","peek_obj_type == ""class java.lang.String""","push == ""True""","pop == ""False""","clear == ""False""","calledMethod == ""push""","size_p == ""1""",Yes
9864,1607899197236:e36f8602-804d-4632-a67c-444efb30fd4e,1607899197236:e8d8556d-2f44-4c98-8885-5a13a2c33075,"size == ""1""","isEmpty == ""True""","peek_obj_type == ""class java.lang.String""","push == ""True""","pop == ""False""","clear == ""False""","calledMethod == ""push""","size_p == ""0""",Yes
9865,1607899197236:e36f8602-804d-4632-a67c-444efb30fd4e,1607899197236:e8d8556d-2f44-4c98-8885-5a13a2c33075,"size == ""1""","isEmpty == ""True""","peek_obj_type == ""class java.lang.String""","push == ""False""","pop == ""True""","clear == ""False""","calledMethod == ""pop""","size_p == ""1""",Yes
9867,1607899197236:506f83b6-df50-4f69-a803-eaebb1a4bc7c,1607899197236:f0393f66-d5bd-4928-8dbc-c6b76cc9f98b,"size == ""1""","isEmpty == ""True""","peek_obj_type == ""class java.lang.String""","push == ""True""","pop == ""False""","clear == ""False""","calledMethod == ""push""","size_p == ""0""",Yes
9868,1607899197236:506f83b6-df50-4f69-a803-eaebb1a4bc7c,1607899197236:f0393f66-d5bd-4928-8dbc-c6b76cc9f98b,"size == ""1""","isEmpty == ""True""","peek_obj_type == ""class java.lang.String""","push == ""False""","pop == ""True""","clear == ""False""","calledMethod == ""pop""","size_p == ""1""",Yes
9870,1607899197236:506f83b6-df50-4f69-a803-eaebb1a4bc7c,1607899197236:5f6bb75d-a08a-4789-95e5-c0055c8b6c06,"size == ""1""","isEmpty == ""True""","peek_obj_type == ""class java.lang.String""","push == ""True""","pop == ""False""","clear == ""False""","calledMethod == ""push""","size_p == ""0""",Yes
9872,1607899197235:48741461-3151-4a54-8037-d20d10d54ca9,1607899197235:effa6afb-6ba5-477f-b9d8-ad7bca6a6b32,"size == ""1""","isEmpty == ""True""","peek_obj_type == ""class java.lang.String""","push == ""True""","pop == ""False""","clear == ""False""","calledMethod == ""push""","size_p == ""0""",Yes
9873,1607899197235:48741461-3151-4a54-8037-d20d10d54ca9,1607899197235:effa6afb-6ba5-477f-b9d8-ad7bca6a6b32,"size == ""1""","isEmpty == ""True""","peek_obj_type == ""class java.lang.String""","push == ""False""","pop == ""True""","clear == ""False""","calledMethod == ""pop""","size_p == ""1""",Yes
9875,1607899197235:48741461-3151-4a54-8037-d20d10d54ca9,1607899197235:55c1313e-9958-4a90-b517-231d0e5954e3,"size == ""1""","isEmpty == ""True""","peek_obj_type == ""class java.lang.String""","push == ""True""","pop == ""False""","clear == ""False""","calledMethod == ""push""","size_p == ""0""",Yes
9876,1607899197235:48741461-3151-4a54-8037-d20d10d54ca9,1607899197235:55c1313e-9958-4a90-b517-231d0e5954e3,"size == ""2""","isEmpty == ""True""","peek_obj_type == ""class java.lang.String""","push == ""True""","pop == ""False""","clear == ""False""","calledMethod == ""push""","size_p == ""1""",Yes
9878,1607899197234:41eb702c-69d2-4fde-b1f2-da3df5332b68,1607899197234:7e86f5f4-bba7-45df-b0e8-c6e6d8a27468,"size == ""1""","isEmpty == ""True""","peek_obj_type == ""class java.lang.String""","push == ""True""","pop == ""False""","clear == ""False""","calledMethod == ""push""","size_p == ""0""",Yes
9879,1607899197234:41eb702c-69d2-4fde-b1f2-da3df5332b68,1607899197234:7e86f5f4-bba7-45df-b0e8-c6e6d8a27468,"size == ""1""","isEmpty == ""True""","peek_obj_type == ""class java.lang.String""","push == ""False""","pop == ""True""","clear == ""False""","calledMethod == ""pop""","size_p == ""1""",Yes
9882,1607899197234:41eb702c-69d2-4fde-b1f2-da3df5332b68,1607899197234:6776ae16-e9c2-4d59-9aea-d302e00f335e,"size == ""1""","isEmpty == ""True""","peek_obj_type == ""class java.lang.String""","push == ""True""","pop == ""False""","clear == ""False""","calledMethod == ""push""","size_p == ""0""",Yes
9883,1607899197234:41eb702c-69d2-4fde-b1f2-da3df5332b68,1607899197234:6776ae16-e9c2-4d59-9aea-d302e00f335e,"size == ""1""","isEmpty == ""True""","peek_obj_type == ""class java.lang.String""","push == ""False""","pop == ""False""","clear == ""True""","calledMethod == ""clear""","size_p == ""1""",Yes
9884,1607899197234:41eb702c-69d2-4fde-b1f2-da3df5332b68,1607899197234:6776ae16-e9c2-4d59-9aea-d302e00f335e,"size == ""1""","isEmpty == ""True""","peek_obj_type == ""class java.lang.String""","push == ""False""","pop == ""False""","clear == ""True""","calledMethod == ""clear""","size_p == ""1""",Yes
9885,1607899197234:41eb702c-69d2-4fde-b1f2-da3df5332b68,1607899197234:6776ae16-e9c2-4d59-9aea-d302e00f335e,"size == ""1""","isEmpty == ""True""","peek_obj_type == ""class java.lang.String""","push == ""False""","pop == ""False""","clear == ""True""","calledMethod == ""clear""","size_p == ""1""",Yes
9887,1607899197234:2e288b56-ef86-4d7b-884e-a1233df098a7,1607899197235:8add535c-b4f7-402c-9760-a65828b3c9ba,"size == ""1""","isEmpty == ""True""","peek_obj_type == ""class java.lang.String""","push == ""True""","pop == ""False""","clear == ""False""","calledMethod == ""push""","size_p == ""0""",Yes
9888,1607899197234:2e288b56-ef86-4d7b-884e-a1233df098a7,1607899197235:8add535c-b4f7-402c-9760-a65828b3c9ba,"size == ""1""","isEmpty == ""True""","peek_obj_type == ""class java.lang.String""","push == ""False""","pop == ""True""","clear == ""False""","calledMethod == ""pop""","size_p == ""1""",Yes
9890,1607899197233:6668ae9d-ff68-4872-abaa-e30a9ce4990f,1607899197233:078b6243-03da-4f9c-b075-d6821c12809f,"size == ""1""","isEmpty == ""True""","peek_obj_type == ""class java.lang.String""","push == ""True""","pop == ""False""","clear == ""False""","calledMethod == ""push""","size_p == ""0""",Yes
9891,1607899197233:6668ae9d-ff68-4872-abaa-e30a9ce4990f,1607899197233:078b6243-03da-4f9c-b075-d6821c12809f,"size == ""1""","isEmpty == ""True""","peek_obj_type == ""class java.lang.String""","push == ""False""","pop == ""True""","clear == ""False""","calledMethod == ""pop""","size_p == ""1""",Yes
9893,1607899197233:607fec7e-bc62-4336-95f8-5e0660499aff,1607899197233:902c8532-7c87-4f5e-a1f1-d5f1a4c57fe3,"size == ""1""","isEmpty == ""True""","peek_obj_type == ""class java.lang.String""","push == ""True""","pop == ""False""","clear == ""False""","calledMethod == ""push""","size_p == ""0""",Yes
9894,1607899197233:607fec7e-bc62-4336-95f8-5e0660499aff,1607899197233:902c8532-7c87-4f5e-a1f1-d5f1a4c57fe3,"size == ""1""","isEmpty == ""True""","peek_obj_type == ""class java.lang.String""","push == ""False""","pop == ""True""","clear == ""False""","calledMethod == ""pop""","size_p == ""1""",Yes
9897,1607899197233:607fec7e-bc62-4336-95f8-5e0660499aff,1607899197233:4c45f474-e8e1-4008-8b9d-bfa74a7c9ad6,"size == ""1""","isEmpty == ""True""","peek_obj_type == ""class java.lang.String""","push == ""True""","pop == ""False""","clear == ""False""","calledMethod == ""push""","size_p == ""0""",Yes
9898,1607899197233:607fec7e-bc62-4336-95f8-5e0660499aff,1607899197233:4c45f474-e8e1-4008-8b9d-bfa74a7c9ad6,"size == ""1""","isEmpty == ""True""","peek_obj_type == ""class java.lang.String""","push == ""False""","pop == ""False""","clear == ""True""","calledMethod == ""clear""","size_p == ""1""",Yes
9899,1607899197233:607fec7e-bc62-4336-95f8-5e0660499aff,1607899197233:4c45f474-e8e1-4008-8b9d-bfa74a7c9ad6,"size == ""1""","isEmpty == ""True""","peek_obj_type == ""class java.lang.String""","push == ""False""","pop == ""False""","clear == ""True""","calledMethod == ""clear""","size_p == ""1""",Yes
9900,1607899197233:607fec7e-bc62-4336-95f8-5e0660499aff,1607899197233:4c45f474-e8e1-4008-8b9d-bfa74a7c9ad6,"size == ""1""","isEmpty == ""True""","peek_obj_type == ""class java.lang.String""","push == ""False""","pop == ""False""","clear == ""True""","calledMethod == ""clear""","size_p == ""1""",Yes
9902,1607899197232:39d93d37-22ce-4ea8-a33c-46c7d18eadbc,1607899197232:954f4a9f-1f99-444a-bee1-390c76832c63,"size == ""1""","isEmpty == ""True""","peek_obj_type == ""class java.lang.String""","push == ""True""","pop == ""False""","clear == ""False""","calledMethod == ""push""","size_p == ""0""",Yes
9903,1607899197232:39d93d37-22ce-4ea8-a33c-46c7d18eadbc,1607899197232:954f4a9f-1f99-444a-bee1-390c76832c63,"size == ""1""","isEmpty == ""True""","peek_obj_type == ""class java.lang.String""","push == ""False""","pop == ""True""","clear == ""False""","calledMethod == ""pop""","size_p == ""1""",Yes
9905,1607899197232:0e36fb4c-6e99-45d7-9fe2-f553532815d8,1607899197232:b2299567-8e76-4df3-97d2-3319204f588c,"size == ""1""","isEmpty == ""True""","peek_obj_type == ""class java.lang.String""","push == ""True""","pop == ""False""","clear == ""False""","calledMethod == ""push""","size_p == ""0""",Yes
9906,1607899197232:0e36fb4c-6e99-45d7-9fe2-f553532815d8,1607899197232:b2299567-8e76-4df3-97d2-3319204f588c,"size == ""1""","isEmpty == ""True""","peek_obj_type == ""class java.lang.String""","push == ""False""","pop == ""True""","clear == ""False""","calledMethod == ""pop""","size_p == ""1""",Yes
9909,1607899197232:0e36fb4c-6e99-45d7-9fe2-f553532815d8,1607899197232:ade796c2-1ded-48a5-8cb2-d1a1bcc3bc6a,"size == ""1""","isEmpty == ""True""","peek_obj_type == ""class java.lang.String""","push == ""True""","pop == ""False""","clear == ""False""","calledMethod == ""push""","size_p == ""0""",Yes
9910,1607899197232:0e36fb4c-6e99-45d7-9fe2-f553532815d8,1607899197232:ade796c2-1ded-48a5-8cb2-d1a1bcc3bc6a,"size == ""1""","isEmpty == ""True""","peek_obj_type == ""class java.lang.String""","push == ""False""","pop == ""False""","clear == ""True""","calledMethod == ""clear""","size_p == ""1""",Yes
9912,1607899197231:d79b91be-f11c-4d8a-9ff2-d761e228c4d0,1607899197231:48faf153-810c-4602-8303-1b93335724cc,"size == ""1""","isEmpty == ""True""","peek_obj_type == ""class java.lang.String""","push == ""True""","pop == ""False""","clear == ""False""","calledMethod == ""push""","size_p == ""0""",Yes
9913,1607899197231:d79b91be-f11c-4d8a-9ff2-d761e228c4d0,1607899197231:48faf153-810c-4602-8303-1b93335724cc,"size == ""1""","isEmpty == ""True""","peek_obj_type == ""class java.lang.String""","push == ""False""","pop == ""True""","clear == ""False""","calledMethod == ""pop""","size_p == ""1""",Yes
9915,1607899197230:b9a9be42-dc05-435d-a80e-54b222429ccc,1607899197231:1fd1b191-45d8-4365-a899-23eddb18e4c8,"size == ""1""","isEmpty == ""True""","peek_obj_type == ""class java.lang.String""","push == ""True""","pop == ""False""","clear == ""False""","calledMethod == ""push""","size_p == ""0""",Yes
9916,1607899197230:b9a9be42-dc05-435d-a80e-54b222429ccc,1607899197231:1fd1b191-45d8-4365-a899-23eddb18e4c8,"size == ""1""","isEmpty == ""True""","peek_obj_type == ""class java.lang.String""","push == ""False""","pop == ""True""","clear == ""False""","calledMethod == ""pop""","size_p == ""1""",Yes
9919,1607899197230:b9a9be42-dc05-435d-a80e-54b222429ccc,1607899197230:f6a7432c-fb56-4966-9c63-6458ffa8514d,"size == ""1""","isEmpty == ""True""","peek_obj_type == ""class java.lang.String""","push == ""True""","pop == ""False""","clear == ""False""","calledMethod == ""push""","size_p == ""0""",Yes
9920,1607899197230:b9a9be42-dc05-435d-a80e-54b222429ccc,1607899197230:f6a7432c-fb56-4966-9c63-6458ffa8514d,"size == ""1""","isEmpty == ""True""","peek_obj_type == ""class java.lang.String""","push == ""False""","pop == ""False""","clear == ""True""","calledMethod == ""clear""","size_p == ""1""",Yes
9921,1607899197230:b9a9be42-dc05-435d-a80e-54b222429ccc,1607899197230:f6a7432c-fb56-4966-9c63-6458ffa8514d,"size == ""1""","isEmpty == ""True""","peek_obj_type == ""class java.lang.String""","push == ""False""","pop == ""False""","clear == ""True""","calledMethod == ""clear""","size_p == ""1""",Yes
9922,1607899197230:b9a9be42-dc05-435d-a80e-54b222429ccc,1607899197230:f6a7432c-fb56-4966-9c63-6458ffa8514d,"size == ""1""","isEmpty == ""True""","peek_obj_type == ""class java.lang.String""","push == ""False""","pop == ""False""","clear == ""True""","calledMethod == ""clear""","size_p == ""1""",Yes
9925,1607899197229:ff9d9f33-8a99-4a33-bc31-48273718b26b,1607899197229:f0f5b2a1-8b78-4383-a6a9-f8905c37b3da,"size == ""1""","isEmpty == ""True""","peek_obj_type == ""class java.lang.String""","push == ""True""","pop == ""False""","clear == ""False""","calledMethod == ""push""","size_p == ""0""",Yes
9926,1607899197229:ff9d9f33-8a99-4a33-bc31-48273718b26b,1607899197229:f0f5b2a1-8b78-4383-a6a9-f8905c37b3da,"size == ""1""","isEmpty == ""True""","peek_obj_type == ""class java.lang.String""","push == ""False""","pop == ""True""","clear == ""False""","calledMethod == ""pop""","size_p == ""1""",Yes
9928,1607899197228:d75ed6f7-420d-4cb9-bb9d-b9cebbdb17f5,1607899197229:623f7660-cd99-48a8-a624-63e17be7b16b,"size == ""1""","isEmpty == ""True""","peek_obj_type == ""class java.lang.String""","push == ""True""","pop == ""False""","clear == ""False""","calledMethod == ""push""","size_p == ""0""",Yes
9929,1607899197228:d75ed6f7-420d-4cb9-bb9d-b9cebbdb17f5,1607899197229:623f7660-cd99-48a8-a624-63e17be7b16b,"size == ""1""","isEmpty == ""True""","peek_obj_type == ""class java.lang.String""","push == ""False""","pop == ""True""","clear == ""False""","calledMethod == ""pop""","size_p == ""1""",Yes
9932,1607899197228:d75ed6f7-420d-4cb9-bb9d-b9cebbdb17f5,1607899197228:df065a16-e944-45c8-8c1c-a7135688d1ff,"size == ""1""","isEmpty == ""True""","peek_obj_type == ""class java.lang.String""","push == ""True""","pop == ""False""","clear == ""False""","calledMethod == ""push""","size_p == ""0""",Yes
9933,1607899197228:d75ed6f7-420d-4cb9-bb9d-b9cebbdb17f5,1607899197228:df065a16-e944-45c8-8c1c-a7135688d1ff,"size == ""1""","isEmpty == ""True""","peek_obj_type == ""class java.lang.String""","push == ""False""","pop == ""False""","clear == ""True""","calledMethod == ""clear""","size_p == ""1""",Yes
9934,1607899197228:d75ed6f7-420d-4cb9-bb9d-b9cebbdb17f5,1607899197228:df065a16-e944-45c8-8c1c-a7135688d1ff,"size == ""1""","isEmpty == ""True""","peek_obj_type == ""class java.lang.String""","push == ""False""","pop == ""False""","clear == ""True""","calledMethod == ""clear""","size_p == ""1""",Yes
9935,1607899197228:d75ed6f7-420d-4cb9-bb9d-b9cebbdb17f5,1607899197228:df065a16-e944-45c8-8c1c-a7135688d1ff,"size == ""1""","isEmpty == ""True""","peek_obj_type == ""class java.lang.String""","push == ""False""","pop == ""False""","clear == ""True""","calledMethod == ""clear""","size_p == ""1""",Yes
9938,1607899197228:03737a23-a655-4037-96b9-d45a8a4144a8,1607899197228:f03cdd06-ed82-4875-94ad-82a42f59c4df,"size == ""1""","isEmpty == ""True""","peek_obj_type == ""class java.lang.String""","push == ""True""","pop == ""False""","clear == ""False""","calledMethod == ""push""","size_p == ""0""",Yes
9939,1607899197228:03737a23-a655-4037-96b9-d45a8a4144a8,1607899197228:f03cdd06-ed82-4875-94ad-82a42f59c4df,"size == ""1""","isEmpty == ""True""","peek_obj_type == ""class java.lang.String""","push == ""False""","pop == ""False""","clear == ""True""","calledMethod == ""clear""","size_p == ""1""",Yes
9940,1607899197228:03737a23-a655-4037-96b9-d45a8a4144a8,1607899197228:f03cdd06-ed82-4875-94ad-82a42f59c4df,"size == ""1""","isEmpty == ""True""","peek_obj_type == ""class java.lang.String""","push == ""False""","pop == ""False""","clear == ""True""","calledMethod == ""clear""","size_p == ""1""",Yes
9941,1607899197228:03737a23-a655-4037-96b9-d45a8a4144a8,1607899197228:f03cdd06-ed82-4875-94ad-82a42f59c4df,"size == ""1""","isEmpty == ""True""","peek_obj_type == ""class java.lang.String""","push == ""False""","pop == ""False""","clear == ""True""","calledMethod == ""clear""","size_p == ""1""",Yes
9942,1607899197228:03737a23-a655-4037-96b9-d45a8a4144a8,1607899197228:f03cdd06-ed82-4875-94ad-82a42f59c4df,"size == ""1""","isEmpty == ""True""","peek_obj_type == ""class java.lang.String""","push == ""False""","pop == ""False""","clear == ""True""","calledMethod == ""clear""","size_p == ""1""",Yes
9943,1607899197228:03737a23-a655-4037-96b9-d45a8a4144a8,1607899197228:f03cdd06-ed82-4875-94ad-82a42f59c4df,"size == ""1""","isEmpty == ""True""","peek_obj_type == ""class java.lang.String""","push == ""False""","pop == ""False""","clear == ""True""","calledMethod == ""clear""","size_p == ""1""",Yes
9944,1607899197228:03737a23-a655-4037-96b9-d45a8a4144a8,1607899197228:f03cdd06-ed82-4875-94ad-82a42f59c4df,"size == ""1""","isEmpty == ""True""","peek_obj_type == ""class java.lang.String""","push == ""False""","pop == ""True""","clear == ""False""","calledMethod == ""pop""","size_p == ""1""",Yes
9946,1607899197227:f93564f9-13f9-4c44-b5d3-61b2af1e4334,1607899197227:e09d1b10-543f-4c5a-a059-8fd8a4ce7a76,"size == ""1""","isEmpty == ""True""","peek_obj_type == ""class java.lang.String""","push == ""True""","pop == ""False""","clear == ""False""","calledMethod == ""push""","size_p == ""0""",Yes
9947,1607899197227:f93564f9-13f9-4c44-b5d3-61b2af1e4334,1607899197227:e09d1b10-543f-4c5a-a059-8fd8a4ce7a76,"size == ""1""","isEmpty == ""True""","peek_obj_type == ""class java.lang.String""","push == ""False""","pop == ""True""","clear == ""False""","calledMethod == ""pop""","size_p == ""1""",Yes
9949,1607899197227:22937a3f-a036-46c0-bf68-40fb252d35fe,1607899197227:160e8677-f350-4674-a127-d0daa3bc51ec,"size == ""1""","isEmpty == ""True""","peek_obj_type == ""class java.lang.String""","push == ""True""","pop == ""False""","clear == ""False""","calledMethod == ""push""","size_p == ""0""",Yes
9950,1607899197227:22937a3f-a036-46c0-bf68-40fb252d35fe,1607899197227:160e8677-f350-4674-a127-d0daa3bc51ec,"size == ""1""","isEmpty == ""True""","peek_obj_type == ""class java.lang.String""","push == ""False""","pop == ""True""","clear == ""False""","calledMethod == ""pop""","size_p == ""1""",Yes
9952,1607899197226:57d89a0c-8de0-4f20-9364-c48cc9b20a66,1607899197227:d81ad58d-8aa1-4e6c-a148-f08bb3c521bf,"size == ""1""","isEmpty == ""True""","peek_obj_type == ""class java.lang.String""","push == ""True""","pop == ""False""","clear == ""False""","calledMethod == ""push""","size_p == ""0""",Yes
9953,1607899197226:57d89a0c-8de0-4f20-9364-c48cc9b20a66,1607899197227:d81ad58d-8aa1-4e6c-a148-f08bb3c521bf,"size == ""1""","isEmpty == ""True""","peek_obj_type == ""class java.lang.String""","push == ""False""","pop == ""True""","clear == ""False""","calledMethod == ""pop""","size_p == ""1""",Yes
9956,1607899197226:57d89a0c-8de0-4f20-9364-c48cc9b20a66,1607899197226:c1dd4bcc-d505-415f-a6d1-ab1fee4004a2,"size == ""1""","isEmpty == ""True""","peek_obj_type == ""class java.lang.String""","push == ""True""","pop == ""False""","clear == ""False""","calledMethod == ""push""","size_p == ""0""",Yes
9959,1607899197226:085cdca8-9afc-40f3-bd13-afec2c8d8e30,1607899197226:c0983f9c-e1bb-46ef-ba01-e160a197d7a5,"size == ""1""","isEmpty == ""True""","peek_obj_type == ""class java.lang.String""","push == ""True""","pop == ""False""","clear == ""False""","calledMethod == ""push""","size_p == ""0""",Yes
9960,1607899197226:085cdca8-9afc-40f3-bd13-afec2c8d8e30,1607899197226:c0983f9c-e1bb-46ef-ba01-e160a197d7a5,"size == ""1""","isEmpty == ""True""","peek_obj_type == ""class java.lang.String""","push == ""False""","pop == ""False""","clear == ""True""","calledMethod == ""clear""","size_p == ""1""",Yes
9961,1607899197226:085cdca8-9afc-40f3-bd13-afec2c8d8e30,1607899197226:c0983f9c-e1bb-46ef-ba01-e160a197d7a5,"size == ""1""","isEmpty == ""True""","peek_obj_type == ""class java.lang.String""","push == ""False""","pop == ""False""","clear == ""True""","calledMethod == ""clear""","size_p == ""1""",Yes
9962,1607899197226:085cdca8-9afc-40f3-bd13-afec2c8d8e30,1607899197226:c0983f9c-e1bb-46ef-ba01-e160a197d7a5,"size == ""1""","isEmpty == ""True""","peek_obj_type == ""class java.lang.String""","push == ""False""","pop == ""False""","clear == ""True""","calledMethod == ""clear""","size_p == ""1""",Yes
9964,1607899197226:085cdca8-9afc-40f3-bd13-afec2c8d8e30,1607899197226:89499646-893b-4453-88e9-5c9dbb77a28a,"size == ""1""","isEmpty == ""True""","peek_obj_type == ""class java.lang.String""","push == ""True""","pop == ""False""","clear == ""False""","calledMethod == ""push""","size_p == ""0""",Yes
9965,1607899197226:085cdca8-9afc-40f3-bd13-afec2c8d8e30,1607899197226:89499646-893b-4453-88e9-5c9dbb77a28a,"size == ""1""","isEmpty == ""True""","peek_obj_type == ""class java.lang.String""","push == ""False""","pop == ""True""","clear == ""False""","calledMethod == ""pop""","size_p == ""1""",Yes
9968,1607899197225:d3250ec0-a3c5-496a-a5dd-85e3460f81f4,1607899197225:d729bbd8-f2c7-4087-9f4b-93abc41d3614,"size == ""1""","isEmpty == ""True""","peek_obj_type == ""class java.lang.String""","push == ""True""","pop == ""False""","clear == ""False""","calledMethod == ""push""","size_p == ""0""",Yes
9969,1607899197225:d3250ec0-a3c5-496a-a5dd-85e3460f81f4,1607899197225:d729bbd8-f2c7-4087-9f4b-93abc41d3614,"size == ""1""","isEmpty == ""True""","peek_obj_type == ""class java.lang.String""","push == ""False""","pop == ""True""","clear == ""False""","calledMethod == ""pop""","size_p == ""1""",Yes
9971,1607899197225:1949bcf7-4bd4-4414-881b-908660d20b16,1607899197225:b8b9681c-f14c-4972-a971-6365ade77445,"size == ""1""","isEmpty == ""True""","peek_obj_type == ""class java.lang.String""","push == ""True""","pop == ""False""","clear == ""False""","calledMethod == ""push""","size_p == ""0""",Yes
9972,1607899197225:1949bcf7-4bd4-4414-881b-908660d20b16,1607899197225:b8b9681c-f14c-4972-a971-6365ade77445,"size == ""1""","isEmpty == ""True""","peek_obj_type == ""class java.lang.String""","push == ""False""","pop == ""True""","clear == ""False""","calledMethod == ""pop""","size_p == ""1""",Yes
9974,1607899197225:1949bcf7-4bd4-4414-881b-908660d20b16,1607899197225:329bcffe-42db-4a60-bbf0-218ee0d4666e,"size == ""1""","isEmpty == ""True""","peek_obj_type == ""class java.lang.String""","push == ""True""","pop == ""False""","clear == ""False""","calledMethod == ""push""","size_p == ""0""",Yes
9976,1607899197222:bf3fab8c-383e-4805-a2d5-4b4ad33c4f1e,1607899197223:873b7d35-78f1-4220-95d0-db754fa6405d,"size == ""1""","isEmpty == ""True""","peek_obj_type == ""class java.lang.String""","push == ""True""","pop == ""False""","clear == ""False""","calledMethod == ""push""","size_p == ""0""",Yes
9978,1607899197222:bf3fab8c-383e-4805-a2d5-4b4ad33c4f1e,1607899197223:57bbd7e6-d104-4fa5-ad60-e38c715fa07a,"size == ""1""","isEmpty == ""True""","peek_obj_type == ""class java.lang.String""","push == ""True""","pop == ""False""","clear == ""False""","calledMethod == ""push""","size_p == ""0""",Yes
9979,1607899197222:bf3fab8c-383e-4805-a2d5-4b4ad33c4f1e,1607899197223:57bbd7e6-d104-4fa5-ad60-e38c715fa07a,"size == ""1""","isEmpty == ""True""","peek_obj_type == ""class java.lang.String""","push == ""False""","pop == ""True""","clear == ""False""","calledMethod == ""pop""","size_p == ""1""",Yes
9981,1607899197222:bf3fab8c-383e-4805-a2d5-4b4ad33c4f1e,1607899197222:54b54096-9797-4b40-ac7a-0be1a75e3d51,"size == ""1""","isEmpty == ""True""","peek_obj_type == ""class java.lang.String""","push == ""True""","pop == ""False""","clear == ""False""","calledMethod == ""push""","size_p == ""0""",Yes
9982,1607899197222:bf3fab8c-383e-4805-a2d5-4b4ad33c4f1e,1607899197222:54b54096-9797-4b40-ac7a-0be1a75e3d51,"size == ""2""","isEmpty == ""True""","peek_obj_type == ""class java.lang.String""","push == ""True""","pop == ""False""","clear == ""False""","calledMethod == ""push""","size_p == ""1""",Yes
9983,1607899197222:bf3fab8c-383e-4805-a2d5-4b4ad33c4f1e,1607899197222:54b54096-9797-4b40-ac7a-0be1a75e3d51,"size == ""3""","isEmpty == ""True""","peek_obj_type == ""class java.lang.String""","push == ""True""","pop == ""False""","clear == ""False""","calledMethod == ""push""","size_p == ""2""",Yes
9984,1607899197222:bf3fab8c-383e-4805-a2d5-4b4ad33c4f1e,1607899197222:54b54096-9797-4b40-ac7a-0be1a75e3d51,"size == ""3""","isEmpty == ""True""","peek_obj_type == ""class java.lang.String""","push == ""False""","pop == ""False""","clear == ""True""","calledMethod == ""clear""","size_p == ""3""",Yes
9987,1607899197222:1617bbb3-2990-4cfa-ba39-22156a69a34d,1607899197222:7b6656a9-d273-4f17-9f0b-183dd6103f80,"size == ""1""","isEmpty == ""True""","peek_obj_type == ""class java.lang.String""","push == ""True""","pop == ""False""","clear == ""False""","calledMethod == ""push""","size_p == ""0""",Yes
9988,1607899197222:1617bbb3-2990-4cfa-ba39-22156a69a34d,1607899197222:7b6656a9-d273-4f17-9f0b-183dd6103f80,"size == ""1""","isEmpty == ""True""","peek_obj_type == ""class java.lang.String""","push == ""False""","pop == ""True""","clear == ""False""","calledMethod == ""pop""","size_p == ""1""",Yes
9990,1607899197221:64ff9077-edc4-42c2-acc1-a45b97a1a8f4,1607899197221:6a963b3b-c210-4e13-a253-c4d15a3d6a74,"size == ""1""","isEmpty == ""True""","peek_obj_type == ""class java.lang.String""","push == ""True""","pop == ""False""","clear == ""False""","calledMethod == ""push""","size_p == ""0""",Yes
9991,1607899197221:64ff9077-edc4-42c2-acc1-a45b97a1a8f4,1607899197221:6a963b3b-c210-4e13-a253-c4d15a3d6a74,"size == ""2""","isEmpty == ""True""","peek_obj_type == ""class java.lang.String""","push == ""True""","pop == ""False""","clear == ""False""","calledMethod == ""push""","size_p == ""1""",Yes
9993,1607899197221:64ff9077-edc4-42c2-acc1-a45b97a1a8f4,1607899197221:10010344-d546-4338-a88f-82724f413dc8,"size == ""1""","isEmpty == ""True""","peek_obj_type == ""class java.lang.String""","push == ""True""","pop == ""False""","clear == ""False""","calledMethod == ""push""","size_p == ""0""",Yes
9994,1607899197221:64ff9077-edc4-42c2-acc1-a45b97a1a8f4,1607899197221:10010344-d546-4338-a88f-82724f413dc8,"size == ""1""","isEmpty == ""True""","peek_obj_type == ""class java.lang.String""","push == ""False""","pop == ""True""","clear == ""False""","calledMethod == ""pop""","size_p == ""1""",Yes
9996,1607899197221:5429739c-8711-4cfb-95f0-20408b30ea45,1607899197221:e365e32f-46b8-4ece-988c-cefefd747613,"size == ""1""","isEmpty == ""True""","peek_obj_type == ""class java.lang.String""","push == ""True""","pop == ""False""","clear == ""False""","calledMethod == ""push""","size_p == ""0""",Yes
9997,1607899197221:5429739c-8711-4cfb-95f0-20408b30ea45,1607899197221:e365e32f-46b8-4ece-988c-cefefd747613,"size == ""1""","isEmpty == ""True""","peek_obj_type == ""class java.lang.String""","push == ""False""","pop == ""True""","clear == ""False""","calledMethod == ""pop""","size_p == ""1""",Yes
9999,1607899197221:4c8062da-30be-4e06-a250-f00ea49deb2b,1607899197222:a8140632-8c4b-4d34-9953-ba4017fe069e,"size == ""1""","isEmpty == ""True""","peek_obj_type == ""class java.lang.String""","push == ""True""","pop == ""False""","clear == ""False""","calledMethod == ""push""","size_p == ""0""",Yes
10000,1607899197221:4c8062da-30be-4e06-a250-f00ea49deb2b,1607899197222:a8140632-8c4b-4d34-9953-ba4017fe069e,"size == ""1""","isEmpty == ""True""","peek_obj_type == ""class java.lang.String""","push == ""False""","pop == ""True""","clear == ""False""","calledMethod == ""pop""","size_p == ""1""",Yes
10002,1607899197220:4a54ef30-9a37-4b20-b6a6-e20e5daf0e5a,1607899197220:f900b820-1898-4f6a-887c-a6b6c01da75a,"size == ""1""","isEmpty == ""True""","peek_obj_type == ""class java.lang.String""","push == ""True""","pop == ""False""","clear == ""False""","calledMethod == ""push""","size_p == ""0""",Yes
10003,1607899197220:4a54ef30-9a37-4b20-b6a6-e20e5daf0e5a,1607899197220:f900b820-1898-4f6a-887c-a6b6c01da75a,"size == ""1""","isEmpty == ""True""","peek_obj_type == ""class java.lang.String""","push == ""False""","pop == ""True""","clear == ""False""","calledMethod == ""pop""","size_p == ""1""",Yes
10005,1607899197220:4a54ef30-9a37-4b20-b6a6-e20e5daf0e5a,1607899197220:4c5113f4-06d1-4cf4-a39b-3e94148b4a42,"size == ""1""","isEmpty == ""True""","peek_obj_type == ""class java.lang.String""","push == ""True""","pop == ""False""","clear == ""False""","calledMethod == ""push""","size_p == ""0""",Yes
10008,1607899197220:3b206cee-a42e-42fb-bf2d-4bc3aa351445,1607899197220:1a13d8bc-65a4-493d-9fcf-7a6afa6bb83c,"size == ""1""","isEmpty == ""True""","peek_obj_type == ""class java.lang.String""","push == ""True""","pop == ""False""","clear == ""False""","calledMethod == ""push""","size_p == ""0""",Yes
10009,1607899197220:3b206cee-a42e-42fb-bf2d-4bc3aa351445,1607899197220:1a13d8bc-65a4-493d-9fcf-7a6afa6bb83c,"size == ""1""","isEmpty == ""True""","peek_obj_type == ""class java.lang.String""","push == ""False""","pop == ""True""","clear == ""False""","calledMethod == ""pop""","size_p == ""1""",Yes
10011,1607899197219:ea4cccc9-5a59-4699-ae7f-63d6904ce131,1607899197219:16fd25e7-3495-449e-af6a-8580f9ff369e,"size == ""1""","isEmpty == ""True""","peek_obj_type == ""class java.lang.String""","push == ""True""","pop == ""False""","clear == ""False""","calledMethod == ""push""","size_p == ""0""",Yes
10012,1607899197219:ea4cccc9-5a59-4699-ae7f-63d6904ce131,1607899197219:16fd25e7-3495-449e-af6a-8580f9ff369e,"size == ""1""","isEmpty == ""True""","peek_obj_type == ""class java.lang.String""","push == ""False""","pop == ""True""","clear == ""False""","calledMethod == ""pop""","size_p == ""1""",Yes
10014,1607899197219:d4ff2286-1539-44cd-a087-faf6116bea6e,1607899197219:c282f8ae-eabc-47db-a8ee-9f72b1075817,"size == ""1""","isEmpty == ""True""","peek_obj_type == ""class java.lang.String""","push == ""True""","pop == ""False""","clear == ""False""","calledMethod == ""push""","size_p == ""0""",Yes
10016,1607899197219:d4ff2286-1539-44cd-a087-faf6116bea6e,1607899197219:1ea16efc-d9d6-4d52-8499-9b94c9fed3de,"size == ""1""","isEmpty == ""True""","peek_obj_type == ""class java.lang.String""","push == ""True""","pop == ""False""","clear == ""False""","calledMethod == ""push""","size_p == ""0""",Yes
10017,1607899197219:d4ff2286-1539-44cd-a087-faf6116bea6e,1607899197219:1ea16efc-d9d6-4d52-8499-9b94c9fed3de,"size == ""1""","isEmpty == ""True""","peek_obj_type == ""class java.lang.String""","push == ""False""","pop == ""True""","clear == ""False""","calledMethod == ""pop""","size_p == ""1""",Yes
10019,1607899197218:938b482e-a742-4a95-b335-4a64f0515849,1607899197218:bee5903e-fc25-4588-ae67-b38eca5e9b18,"size == ""1""","isEmpty == ""True""","peek_obj_type == ""class java.lang.String""","push == ""True""","pop == ""False""","clear == ""False""","calledMethod == ""push""","size_p == ""0""",Yes
10020,1607899197218:938b482e-a742-4a95-b335-4a64f0515849,1607899197218:bee5903e-fc25-4588-ae67-b38eca5e9b18,"size == ""1""","isEmpty == ""True""","peek_obj_type == ""class java.lang.String""","push == ""False""","pop == ""True""","clear == ""False""","calledMethod == ""pop""","size_p == ""1""",Yes
10022,1607899197218:48db3af3-7a14-4580-9609-f9ff11b76435,1607899197218:72c52ab1-ed32-46e7-bca0-701985e83624,"size == ""1""","isEmpty == ""True""","peek_obj_type == ""class java.lang.String""","push == ""True""","pop == ""False""","clear == ""False""","calledMethod == ""push""","size_p == ""0""",Yes
10023,1607899197218:48db3af3-7a14-4580-9609-f9ff11b76435,1607899197218:72c52ab1-ed32-46e7-bca0-701985e83624,"size == ""1""","isEmpty == ""True""","peek_obj_type == ""class java.lang.String""","push == ""False""","pop == ""True""","clear == ""False""","calledMethod == ""pop""","size_p == ""1""",Yes
10025,1607899197218:0209e51a-39ca-4bbc-8276-637d924f674b,1607899197219:b7701188-7c1b-4035-8e35-116ad15e334b,"size == ""1""","isEmpty == ""True""","peek_obj_type == ""class java.lang.String""","push == ""True""","pop == ""False""","clear == ""False""","calledMethod == ""push""","size_p == ""0""",Yes
10026,1607899197218:0209e51a-39ca-4bbc-8276-637d924f674b,1607899197219:b7701188-7c1b-4035-8e35-116ad15e334b,"size == ""1""","isEmpty == ""True""","peek_obj_type == ""class java.lang.String""","push == ""False""","pop == ""True""","clear == ""False""","calledMethod == ""pop""","size_p == ""1""",Yes
10028,1607899197217:e292794f-efce-437b-a6a7-3028bc8b6a7e,1607899197217:9a6f0fa0-4aad-4507-8326-05be7f5b2e63,"size == ""1""","isEmpty == ""True""","peek_obj_type == ""class java.lang.String""","push == ""True""","pop == ""False""","clear == ""False""","calledMethod == ""push""","size_p == ""0""",Yes
10029,1607899197217:e292794f-efce-437b-a6a7-3028bc8b6a7e,1607899197217:9a6f0fa0-4aad-4507-8326-05be7f5b2e63,"size == ""1""","isEmpty == ""True""","peek_obj_type == ""class java.lang.String""","push == ""False""","pop == ""True""","clear == ""False""","calledMethod == ""pop""","size_p == ""1""",Yes
10031,1607899197217:9e616336-1374-4184-ad97-c5d5eee670b8,1607899197217:1de083b6-6e6d-468d-b5f5-f4dd65be9ac1,"size == ""1""","isEmpty == ""True""","peek_obj_type == ""class java.lang.String""","push == ""True""","pop == ""False""","clear == ""False""","calledMethod == ""push""","size_p == ""0""",Yes
10032,1607899197217:9e616336-1374-4184-ad97-c5d5eee670b8,1607899197217:1de083b6-6e6d-468d-b5f5-f4dd65be9ac1,"size == ""1""","isEmpty == ""True""","peek_obj_type == ""class java.lang.String""","push == ""False""","pop == ""True""","clear == ""False""","calledMethod == ""pop""","size_p == ""1""",Yes
10034,1607899197217:3fcdcfb8-2a87-45c8-9a6d-635956c69641,1607899197217:19758fa2-23ff-42e4-8f20-f48bee4fe346,"size == ""1""","isEmpty == ""True""","peek_obj_type == ""class java.lang.String""","push == ""True""","pop == ""False""","clear == ""False""","calledMethod == ""push""","size_p == ""0""",Yes
10035,1607899197217:3fcdcfb8-2a87-45c8-9a6d-635956c69641,1607899197217:19758fa2-23ff-42e4-8f20-f48bee4fe346,"size == ""1""","isEmpty == ""True""","peek_obj_type == ""class java.lang.String""","push == ""False""","pop == ""True""","clear == ""False""","calledMethod == ""pop""","size_p == ""1""",Yes
10038,1607899197216:e425e070-9f64-49af-8702-41d192b5d98f,1607899197216:434c3fdc-65f9-4b13-b1c8-843e2c282671,"size == ""1""","isEmpty == ""True""","peek_obj_type == ""class java.lang.String""","push == ""True""","pop == ""False""","clear == ""False""","calledMethod == ""push""","size_p == ""0""",Yes
10039,1607899197216:e425e070-9f64-49af-8702-41d192b5d98f,1607899197216:434c3fdc-65f9-4b13-b1c8-843e2c282671,"size == ""1""","isEmpty == ""True""","peek_obj_type == ""class java.lang.String""","push == ""False""","pop == ""False""","clear == ""True""","calledMethod == ""clear""","size_p == ""1""",Yes
10040,1607899197216:e425e070-9f64-49af-8702-41d192b5d98f,1607899197216:434c3fdc-65f9-4b13-b1c8-843e2c282671,"size == ""1""","isEmpty == ""True""","peek_obj_type == ""class java.lang.String""","push == ""False""","pop == ""False""","clear == ""True""","calledMethod == ""clear""","size_p == ""1""",Yes
10041,1607899197216:e425e070-9f64-49af-8702-41d192b5d98f,1607899197216:434c3fdc-65f9-4b13-b1c8-843e2c282671,"size == ""1""","isEmpty == ""True""","peek_obj_type == ""class java.lang.String""","push == ""False""","pop == ""False""","clear == ""True""","calledMethod == ""clear""","size_p == ""1""",Yes
10042,1607899197216:e425e070-9f64-49af-8702-41d192b5d98f,1607899197216:434c3fdc-65f9-4b13-b1c8-843e2c282671,"size == ""1""","isEmpty == ""True""","peek_obj_type == ""class java.lang.String""","push == ""False""","pop == ""False""","clear == ""True""","calledMethod == ""clear""","size_p == ""1""",Yes
10045,1607899197216:c1ae1b33-eb64-4907-9fd9-47608914df9d,1607899197216:529b5844-bb66-4d58-8ac9-4ff7b2308d55,"size == ""1""","isEmpty == ""True""","peek_obj_type == ""class java.lang.String""","push == ""True""","pop == ""False""","clear == ""False""","calledMethod == ""push""","size_p == ""0""",Yes
10046,1607899197216:c1ae1b33-eb64-4907-9fd9-47608914df9d,1607899197216:529b5844-bb66-4d58-8ac9-4ff7b2308d55,"size == ""1""","isEmpty == ""True""","peek_obj_type == ""class java.lang.String""","push == ""False""","pop == ""False""","clear == ""True""","calledMethod == ""clear""","size_p == ""1""",Yes
10047,1607899197216:c1ae1b33-eb64-4907-9fd9-47608914df9d,1607899197216:529b5844-bb66-4d58-8ac9-4ff7b2308d55,"size == ""1""","isEmpty == ""True""","peek_obj_type == ""class java.lang.String""","push == ""False""","pop == ""False""","clear == ""True""","calledMethod == ""clear""","size_p == ""1""",Yes
10048,1607899197216:c1ae1b33-eb64-4907-9fd9-47608914df9d,1607899197216:529b5844-bb66-4d58-8ac9-4ff7b2308d55,"size == ""1""","isEmpty == ""True""","peek_obj_type == ""class java.lang.String""","push == ""False""","pop == ""False""","clear == ""True""","calledMethod == ""clear""","size_p == ""1""",Yes
10050,1607899197216:c1ae1b33-eb64-4907-9fd9-47608914df9d,1607899197216:12d0b8ed-4b27-4fa4-9d3e-1676a9c19b61,"size == ""1""","isEmpty == ""True""","peek_obj_type == ""class java.lang.String""","push == ""True""","pop == ""False""","clear == ""False""","calledMethod == ""push""","size_p == ""0""",Yes
10051,1607899197216:c1ae1b33-eb64-4907-9fd9-47608914df9d,1607899197216:12d0b8ed-4b27-4fa4-9d3e-1676a9c19b61,"size == ""1""","isEmpty == ""True""","peek_obj_type == ""class java.lang.String""","push == ""False""","pop == ""True""","clear == ""False""","calledMethod == ""pop""","size_p == ""1""",Yes
10054,1607899197215:99f85a54-4496-47b5-b465-cc80c619827b,1607899197215:16e815ac-bd63-41ab-a068-991f9b09f2b3,"size == ""1""","isEmpty == ""True""","peek_obj_type == ""class java.lang.String""","push == ""True""","pop == ""False""","clear == ""False""","calledMethod == ""push""","size_p == ""0""",Yes
10055,1607899197215:99f85a54-4496-47b5-b465-cc80c619827b,1607899197215:16e815ac-bd63-41ab-a068-991f9b09f2b3,"size == ""1""","isEmpty == ""True""","peek_obj_type == ""class java.lang.String""","push == ""False""","pop == ""True""","clear == ""False""","calledMethod == ""pop""","size_p == ""1""",Yes
10057,1607899197215:89283787-7621-4971-8238-2e9e105b78a0,1607899197215:08cd1176-c8a4-4536-ad7b-25f10217f621,"size == ""1""","isEmpty == ""True""","peek_obj_type == ""class java.lang.String""","push == ""True""","pop == ""False""","clear == ""False""","calledMethod == ""push""","size_p == ""0""",Yes
10058,1607899197215:89283787-7621-4971-8238-2e9e105b78a0,1607899197215:08cd1176-c8a4-4536-ad7b-25f10217f621,"size == ""1""","isEmpty == ""True""","peek_obj_type == ""class java.lang.String""","push == ""False""","pop == ""True""","clear == ""False""","calledMethod == ""pop""","size_p == ""1""",Yes
10060,1607899197214:71d2ead0-2b4d-4052-9a67-197793335875,1607899197214:722af81a-8380-4744-877d-cafd0a47874e,"size == ""1""","isEmpty == ""True""","peek_obj_type == ""class java.lang.String""","push == ""True""","pop == ""False""","clear == ""False""","calledMethod == ""push""","size_p == ""0""",Yes
10061,1607899197214:71d2ead0-2b4d-4052-9a67-197793335875,1607899197214:722af81a-8380-4744-877d-cafd0a47874e,"size == ""1""","isEmpty == ""True""","peek_obj_type == ""class java.lang.String""","push == ""False""","pop == ""True""","clear == ""False""","calledMethod == ""pop""","size_p == ""1""",Yes
10063,1607899197214:08b43d6f-477f-4c59-89eb-5741c260b731,1607899197214:86908bc0-72f3-47fd-8830-6cc0b2df5193,"size == ""1""","isEmpty == ""True""","peek_obj_type == ""class java.lang.String""","push == ""True""","pop == ""False""","clear == ""False""","calledMethod == ""push""","size_p == ""0""",Yes
10064,1607899197214:08b43d6f-477f-4c59-89eb-5741c260b731,1607899197214:86908bc0-72f3-47fd-8830-6cc0b2df5193,"size == ""1""","isEmpty == ""True""","peek_obj_type == ""class java.lang.String""","push == ""False""","pop == ""True""","clear == ""False""","calledMethod == ""pop""","size_p == ""1""",Yes
10066,1607899197213:1b154a0b-b5b9-4b7f-8c1c-6bff72cca53f,1607899197213:3d172e6e-7712-41e6-afce-e7e0178ff39f,"size == ""1""","isEmpty == ""True""","peek_obj_type == ""class java.lang.String""","push == ""True""","pop == ""False""","clear == ""False""","calledMethod == ""push""","size_p == ""0""",Yes
10067,1607899197213:1b154a0b-b5b9-4b7f-8c1c-6bff72cca53f,1607899197213:3d172e6e-7712-41e6-afce-e7e0178ff39f,"size == ""1""","isEmpty == ""True""","peek_obj_type == ""class java.lang.String""","push == ""False""","pop == ""True""","clear == ""False""","calledMethod == ""pop""","size_p == ""1""",Yes
10069,1607899197212:e2018b10-9243-47dc-a1ba-226a6cca3f9c,1607899197213:20b973d9-5168-4604-af38-000d4ebeb1dc,"size == ""1""","isEmpty == ""True""","peek_obj_type == ""class java.lang.String""","push == ""True""","pop == ""False""","clear == ""False""","calledMethod == ""push""","size_p == ""0""",Yes
10070,1607899197212:e2018b10-9243-47dc-a1ba-226a6cca3f9c,1607899197213:20b973d9-5168-4604-af38-000d4ebeb1dc,"size == ""1""","isEmpty == ""True""","peek_obj_type == ""class java.lang.String""","push == ""False""","pop == ""False""","clear == ""True""","calledMethod == ""clear""","size_p == ""1""",Yes
10073,1607899197212:e2018b10-9243-47dc-a1ba-226a6cca3f9c,1607899197212:b3e7b756-e62d-4e95-9fad-0141837af2f3,"size == ""1""","isEmpty == ""True""","peek_obj_type == ""class java.lang.String""","push == ""True""","pop == ""False""","clear == ""False""","calledMethod == ""push""","size_p == ""0""",Yes
10076,1607899197212:c1624ab9-4d97-4ad1-896e-9ea6f068278e,1607899197212:df66cc94-2d34-47d2-873f-78ca8082e220,"size == ""1""","isEmpty == ""True""","peek_obj_type == ""class java.lang.String""","push == ""True""","pop == ""False""","clear == ""False""","calledMethod == ""push""","size_p == ""0""",Yes
10077,1607899197212:c1624ab9-4d97-4ad1-896e-9ea6f068278e,1607899197212:df66cc94-2d34-47d2-873f-78ca8082e220,"size == ""1""","isEmpty == ""True""","peek_obj_type == ""class java.lang.String""","push == ""False""","pop == ""False""","clear == ""True""","calledMethod == ""clear""","size_p == ""1""",Yes
10078,1607899197212:c1624ab9-4d97-4ad1-896e-9ea6f068278e,1607899197212:df66cc94-2d34-47d2-873f-78ca8082e220,"size == ""1""","isEmpty == ""True""","peek_obj_type == ""class java.lang.String""","push == ""False""","pop == ""False""","clear == ""True""","calledMethod == ""clear""","size_p == ""1""",Yes
10079,1607899197212:c1624ab9-4d97-4ad1-896e-9ea6f068278e,1607899197212:df66cc94-2d34-47d2-873f-78ca8082e220,"size == ""1""","isEmpty == ""True""","peek_obj_type == ""class java.lang.String""","push == ""False""","pop == ""False""","clear == ""True""","calledMethod == ""clear""","size_p == ""1""",Yes
10081,1607899197212:c1624ab9-4d97-4ad1-896e-9ea6f068278e,1607899197212:38b15206-d641-4d09-b82b-c979c608e390,"size == ""1""","isEmpty == ""True""","peek_obj_type == ""class java.lang.String""","push == ""True""","pop == ""False""","clear == ""False""","calledMethod == ""push""","size_p == ""0""",Yes
10082,1607899197212:c1624ab9-4d97-4ad1-896e-9ea6f068278e,1607899197212:38b15206-d641-4d09-b82b-c979c608e390,"size == ""1""","isEmpty == ""True""","peek_obj_type == ""class java.lang.String""","push == ""False""","pop == ""True""","clear == ""False""","calledMethod == ""pop""","size_p == ""1""",Yes
10084,1607899197211:ef0f4460-f638-45f7-aa6b-efd60e0a0067,1607899197211:bbd5459f-4e5b-4616-b88b-7a7e43f912e0,"size == ""1""","isEmpty == ""True""","peek_obj_type == ""class java.lang.String""","push == ""True""","pop == ""False""","clear == ""False""","calledMethod == ""push""","size_p == ""0""",Yes
10085,1607899197211:ef0f4460-f638-45f7-aa6b-efd60e0a0067,1607899197211:bbd5459f-4e5b-4616-b88b-7a7e43f912e0,"size == ""1""","isEmpty == ""True""","peek_obj_type == ""class java.lang.String""","push == ""False""","pop == ""True""","clear == ""False""","calledMethod == ""pop""","size_p == ""1""",Yes
10087,1607899197211:37a07b04-19a5-4dbb-96f2-99d9e9b31c4f,1607899197211:d8685958-6ae6-4136-a693-cf37b768e761,"size == ""1""","isEmpty == ""True""","peek_obj_type == ""class java.lang.String""","push == ""True""","pop == ""False""","clear == ""False""","calledMethod == ""push""","size_p == ""0""",Yes
10088,1607899197211:37a07b04-19a5-4dbb-96f2-99d9e9b31c4f,1607899197211:d8685958-6ae6-4136-a693-cf37b768e761,"size == ""1""","isEmpty == ""True""","peek_obj_type == ""class java.lang.String""","push == ""False""","pop == ""True""","clear == ""False""","calledMethod == ""pop""","size_p == ""1""",Yes
10090,1607899197211:37a07b04-19a5-4dbb-96f2-99d9e9b31c4f,1607899197211:bd1ffa63-1959-4d1b-95c5-a2baf7846ffe,"size == ""1""","isEmpty == ""True""","peek_obj_type == ""class java.lang.String""","push == ""True""","pop == ""False""","clear == ""False""","calledMethod == ""push""","size_p == ""0""",Yes
10092,1607899197210:b1dd5768-4c97-4586-9220-e16461e965b7,1607899197210:e55e0d5b-4688-474b-94c6-a11f07fc467d,"size == ""1""","isEmpty == ""True""","peek_obj_type == ""class java.lang.String""","push == ""True""","pop == ""False""","clear == ""False""","calledMethod == ""push""","size_p == ""0""",Yes
10093,1607899197210:b1dd5768-4c97-4586-9220-e16461e965b7,1607899197210:e55e0d5b-4688-474b-94c6-a11f07fc467d,"size == ""1""","isEmpty == ""True""","peek_obj_type == ""class java.lang.String""","push == ""False""","pop == ""True""","clear == ""False""","calledMethod == ""pop""","size_p == ""1""",Yes
10095,1607899197210:9160b295-fcfb-4e99-b37f-9e4ade5cfb7c,1607899197210:9cb81467-1b13-4cd1-9480-4021bf7869be,"size == ""1""","isEmpty == ""True""","peek_obj_type == ""class java.lang.String""","push == ""True""","pop == ""False""","clear == ""False""","calledMethod == ""push""","size_p == ""0""",Yes
10096,1607899197210:9160b295-fcfb-4e99-b37f-9e4ade5cfb7c,1607899197210:9cb81467-1b13-4cd1-9480-4021bf7869be,"size == ""1""","isEmpty == ""True""","peek_obj_type == ""class java.lang.String""","push == ""False""","pop == ""True""","clear == ""False""","calledMethod == ""pop""","size_p == ""1""",Yes
10098,1607899197209:57958683-4680-4ac7-b0ab-7992987044a9,1607899197209:9581af56-2012-489b-8b71-0439ee53eef5,"size == ""1""","isEmpty == ""True""","peek_obj_type == ""class java.lang.String""","push == ""True""","pop == ""False""","clear == ""False""","calledMethod == ""push""","size_p == ""0""",Yes
10100,1607899197209:57958683-4680-4ac7-b0ab-7992987044a9,1607899197209:5bdc4ac0-502f-4e27-842d-2e484055e78b,"size == ""1""","isEmpty == ""True""","peek_obj_type == ""class java.lang.String""","push == ""True""","pop == ""False""","clear == ""False""","calledMethod == ""push""","size_p == ""0""",Yes
10101,1607899197209:57958683-4680-4ac7-b0ab-7992987044a9,1607899197209:5bdc4ac0-502f-4e27-842d-2e484055e78b,"size == ""1""","isEmpty == ""True""","peek_obj_type == ""class java.lang.String""","push == ""False""","pop == ""True""","clear == ""False""","calledMethod == ""pop""","size_p == ""1""",Yes
10103,1607899197209:461a4416-2902-4561-8bc8-07d5b06bae46,1607899197209:7013fe30-d72a-426c-9a45-9d00a23e8b4f,"size == ""1""","isEmpty == ""True""","peek_obj_type == ""class java.lang.String""","push == ""True""","pop == ""False""","clear == ""False""","calledMethod == ""push""","size_p == ""0""",Yes
10104,1607899197209:461a4416-2902-4561-8bc8-07d5b06bae46,1607899197209:7013fe30-d72a-426c-9a45-9d00a23e8b4f,"size == ""1""","isEmpty == ""True""","peek_obj_type == ""class java.lang.String""","push == ""False""","pop == ""True""","clear == ""False""","calledMethod == ""pop""","size_p == ""1""",Yes
10106,1607899197208:fab07869-43d1-41ec-8142-c141a2ff3f3d,1607899197208:ff27b84a-6d69-4c54-a799-1bf412df01da,"size == ""1""","isEmpty == ""True""","peek_obj_type == ""class java.lang.String""","push == ""True""","pop == ""False""","clear == ""False""","calledMethod == ""push""","size_p == ""0""",Yes
10107,1607899197208:fab07869-43d1-41ec-8142-c141a2ff3f3d,1607899197208:ff27b84a-6d69-4c54-a799-1bf412df01da,"size == ""2""","isEmpty == ""True""","peek_obj_type == ""class java.lang.String""","push == ""True""","pop == ""False""","clear == ""False""","calledMethod == ""push""","size_p == ""1""",Yes
10108,1607899197208:fab07869-43d1-41ec-8142-c141a2ff3f3d,1607899197208:ff27b84a-6d69-4c54-a799-1bf412df01da,"size == ""3""","isEmpty == ""True""","peek_obj_type == ""class java.lang.String""","push == ""True""","pop == ""False""","clear == ""False""","calledMethod == ""push""","size_p == ""2""",Yes
10109,1607899197208:fab07869-43d1-41ec-8142-c141a2ff3f3d,1607899197208:ff27b84a-6d69-4c54-a799-1bf412df01da,"size == ""3""","isEmpty == ""True""","peek_obj_type == ""class java.lang.String""","push == ""False""","pop == ""False""","clear == ""True""","calledMethod == ""clear""","size_p == ""3""",Yes
10111,1607899197208:fab07869-43d1-41ec-8142-c141a2ff3f3d,1607899197208:b4395e4a-f54f-4c12-b7ab-3665792aed71,"size == ""1""","isEmpty == ""True""","peek_obj_type == ""class java.lang.String""","push == ""True""","pop == ""False""","clear == ""False""","calledMethod == ""push""","size_p == ""0""",Yes
10112,1607899197208:fab07869-43d1-41ec-8142-c141a2ff3f3d,1607899197208:b4395e4a-f54f-4c12-b7ab-3665792aed71,"size == ""1""","isEmpty == ""True""","peek_obj_type == ""class java.lang.String""","push == ""False""","pop == ""True""","clear == ""False""","calledMethod == ""pop""","size_p == ""1""",Yes
10114,1607899197208:fab07869-43d1-41ec-8142-c141a2ff3f3d,1607899197208:02019ee4-cf3f-485c-a793-0f2764eaae60,"size == ""1""","isEmpty == ""True""","peek_obj_type == ""class java.lang.String""","push == ""True""","pop == ""False""","clear == ""False""","calledMethod == ""push""","size_p == ""0""",Yes
10116,1607899197208:7065573b-54e2-4f16-867d-92148e97af4d,1607899197208:5eae15a1-1729-4b83-81f4-687ec421527f,"size == ""1""","isEmpty == ""True""","peek_obj_type == ""class java.lang.String""","push == ""True""","pop == ""False""","clear == ""False""","calledMethod == ""push""","size_p == ""0""",Yes
10117,1607899197208:7065573b-54e2-4f16-867d-92148e97af4d,1607899197208:5eae15a1-1729-4b83-81f4-687ec421527f,"size == ""1""","isEmpty == ""True""","peek_obj_type == ""class java.lang.String""","push == ""False""","pop == ""True""","clear == ""False""","calledMethod == ""pop""","size_p == ""1""",Yes
10119,1607899197207:dbf43c51-1edd-4c36-b501-2f78c30eea59,1607899197207:666a2716-4903-41bb-9450-a10d6e6fb1dd,"size == ""1""","isEmpty == ""True""","peek_obj_type == ""class java.lang.String""","push == ""True""","pop == ""False""","clear == ""False""","calledMethod == ""push""","size_p == ""0""",Yes
10120,1607899197207:dbf43c51-1edd-4c36-b501-2f78c30eea59,1607899197207:666a2716-4903-41bb-9450-a10d6e6fb1dd,"size == ""2""","isEmpty == ""True""","peek_obj_type == ""class java.lang.String""","push == ""True""","pop == ""False""","clear == ""False""","calledMethod == ""push""","size_p == ""1""",Yes
10121,1607899197207:dbf43c51-1edd-4c36-b501-2f78c30eea59,1607899197207:666a2716-4903-41bb-9450-a10d6e6fb1dd,"size == ""3""","isEmpty == ""True""","peek_obj_type == ""class java.lang.String""","push == ""True""","pop == ""False""","clear == ""False""","calledMethod == ""push""","size_p == ""2""",Yes
10122,1607899197207:dbf43c51-1edd-4c36-b501-2f78c30eea59,1607899197207:666a2716-4903-41bb-9450-a10d6e6fb1dd,"size == ""3""","isEmpty == ""True""","peek_obj_type == ""class java.lang.String""","push == ""False""","pop == ""False""","clear == ""True""","calledMethod == ""clear""","size_p == ""3""",Yes
10124,1607899197207:dbf43c51-1edd-4c36-b501-2f78c30eea59,1607899197207:519728f3-3e89-48ef-bec0-cbf3927fbb81,"size == ""1""","isEmpty == ""True""","peek_obj_type == ""class java.lang.String""","push == ""True""","pop == ""False""","clear == ""False""","calledMethod == ""push""","size_p == ""0""",Yes
10125,1607899197207:dbf43c51-1edd-4c36-b501-2f78c30eea59,1607899197207:519728f3-3e89-48ef-bec0-cbf3927fbb81,"size == ""1""","isEmpty == ""True""","peek_obj_type == ""class java.lang.String""","push == ""False""","pop == ""True""","clear == ""False""","calledMethod == ""pop""","size_p == ""1""",Yes
10127,1607899197207:dbf43c51-1edd-4c36-b501-2f78c30eea59,1607899197207:3d8ff0d9-d007-4ce0-b99e-0772764da837,"size == ""1""","isEmpty == ""True""","peek_obj_type == ""class java.lang.String""","push == ""True""","pop == ""False""","clear == ""False""","calledMethod == ""push""","size_p == ""0""",Yes
10129,1607899197206:95cf8863-6b73-4a52-9c6c-4750905704b6,1607899197206:76e0bbee-6ac5-44cc-8e7b-9b73ec0bb749,"size == ""1""","isEmpty == ""True""","peek_obj_type == ""class java.lang.String""","push == ""True""","pop == ""False""","clear == ""False""","calledMethod == ""push""","size_p == ""0""",Yes
10130,1607899197206:95cf8863-6b73-4a52-9c6c-4750905704b6,1607899197206:76e0bbee-6ac5-44cc-8e7b-9b73ec0bb749,"size == ""1""","isEmpty == ""True""","peek_obj_type == ""class java.lang.String""","push == ""False""","pop == ""True""","clear == ""False""","calledMethod == ""pop""","size_p == ""1""",Yes
10132,1607899197206:4f8a911d-8c3a-4051-92ac-3ac050989d78,1607899197206:54f10171-125a-4d55-ad76-ded002c147c7,"size == ""1""","isEmpty == ""True""","peek_obj_type == ""class java.lang.String""","push == ""True""","pop == ""False""","clear == ""False""","calledMethod == ""push""","size_p == ""0""",Yes
10133,1607899197206:4f8a911d-8c3a-4051-92ac-3ac050989d78,1607899197206:54f10171-125a-4d55-ad76-ded002c147c7,"size == ""1""","isEmpty == ""True""","peek_obj_type == ""class java.lang.String""","push == ""False""","pop == ""True""","clear == ""False""","calledMethod == ""pop""","size_p == ""1""",Yes
10136,1607899197205:cd03651c-4a7b-463e-98ae-ee3f2f0ab2e4,1607899197205:40f595c3-f41a-4fac-bdf5-95a508d40f6c,"size == ""1""","isEmpty == ""True""","peek_obj_type == ""class java.lang.String""","push == ""True""","pop == ""False""","clear == ""False""","calledMethod == ""push""","size_p == ""0""",Yes
10137,1607899197205:cd03651c-4a7b-463e-98ae-ee3f2f0ab2e4,1607899197205:40f595c3-f41a-4fac-bdf5-95a508d40f6c,"size == ""1""","isEmpty == ""True""","peek_obj_type == ""class java.lang.String""","push == ""False""","pop == ""True""","clear == ""False""","calledMethod == ""pop""","size_p == ""1""",Yes
10139,1607899197205:cd03651c-4a7b-463e-98ae-ee3f2f0ab2e4,1607899197205:26186b77-1afe-4f5b-8c70-5a46d89a8540,"size == ""1""","isEmpty == ""True""","peek_obj_type == ""class java.lang.String""","push == ""True""","pop == ""False""","clear == ""False""","calledMethod == ""push""","size_p == ""0""",Yes
10142,1607899197205:a5296092-19d7-471a-aa13-e960bcf4112b,1607899197205:767d422a-82d3-48ff-8c91-7c158d3c07c8,"size == ""1""","isEmpty == ""True""","peek_obj_type == ""class java.lang.String""","push == ""True""","pop == ""False""","clear == ""False""","calledMethod == ""push""","size_p == ""0""",Yes
10143,1607899197205:a5296092-19d7-471a-aa13-e960bcf4112b,1607899197205:767d422a-82d3-48ff-8c91-7c158d3c07c8,"size == ""1""","isEmpty == ""True""","peek_obj_type == ""class java.lang.String""","push == ""False""","pop == ""False""","clear == ""True""","calledMethod == ""clear""","size_p == ""1""",Yes
10144,1607899197205:a5296092-19d7-471a-aa13-e960bcf4112b,1607899197205:767d422a-82d3-48ff-8c91-7c158d3c07c8,"size == ""1""","isEmpty == ""True""","peek_obj_type == ""class java.lang.String""","push == ""False""","pop == ""False""","clear == ""True""","calledMethod == ""clear""","size_p == ""1""",Yes
10145,1607899197205:a5296092-19d7-471a-aa13-e960bcf4112b,1607899197205:767d422a-82d3-48ff-8c91-7c158d3c07c8,"size == ""1""","isEmpty == ""True""","peek_obj_type == ""class java.lang.String""","push == ""False""","pop == ""False""","clear == ""True""","calledMethod == ""clear""","size_p == ""1""",Yes
10146,1607899197205:a5296092-19d7-471a-aa13-e960bcf4112b,1607899197205:767d422a-82d3-48ff-8c91-7c158d3c07c8,"size == ""1""","isEmpty == ""True""","peek_obj_type == ""class java.lang.String""","push == ""False""","pop == ""False""","clear == ""True""","calledMethod == ""clear""","size_p == ""1""",Yes
10147,1607899197205:a5296092-19d7-471a-aa13-e960bcf4112b,1607899197205:767d422a-82d3-48ff-8c91-7c158d3c07c8,"size == ""1""","isEmpty == ""True""","peek_obj_type == ""class java.lang.String""","push == ""False""","pop == ""True""","clear == ""False""","calledMethod == ""pop""","size_p == ""1""",Yes
10149,1607899197204:b8b8c981-0734-4dd7-9447-2a5ca84f39ac,1607899197204:aa24c621-6d5e-4bd1-a8ae-7d34a7423359,"size == ""1""","isEmpty == ""True""","peek_obj_type == ""class java.lang.String""","push == ""True""","pop == ""False""","clear == ""False""","calledMethod == ""push""","size_p == ""0""",Yes
10150,1607899197204:b8b8c981-0734-4dd7-9447-2a5ca84f39ac,1607899197204:aa24c621-6d5e-4bd1-a8ae-7d34a7423359,"size == ""1""","isEmpty == ""True""","peek_obj_type == ""class java.lang.String""","push == ""False""","pop == ""True""","clear == ""False""","calledMethod == ""pop""","size_p == ""1""",Yes
10153,1607899197204:b8b8c981-0734-4dd7-9447-2a5ca84f39ac,1607899197204:692cd831-c05a-4282-8e28-92129819103b,"size == ""1""","isEmpty == ""True""","peek_obj_type == ""class java.lang.String""","push == ""True""","pop == ""False""","clear == ""False""","calledMethod == ""push""","size_p == ""0""",Yes
10154,1607899197204:b8b8c981-0734-4dd7-9447-2a5ca84f39ac,1607899197204:692cd831-c05a-4282-8e28-92129819103b,"size == ""1""","isEmpty == ""True""","peek_obj_type == ""class java.lang.String""","push == ""False""","pop == ""False""","clear == ""True""","calledMethod == ""clear""","size_p == ""1""",Yes
10155,1607899197204:b8b8c981-0734-4dd7-9447-2a5ca84f39ac,1607899197204:692cd831-c05a-4282-8e28-92129819103b,"size == ""1""","isEmpty == ""True""","peek_obj_type == ""class java.lang.String""","push == ""False""","pop == ""False""","clear == ""True""","calledMethod == ""clear""","size_p == ""1""",Yes
10156,1607899197204:b8b8c981-0734-4dd7-9447-2a5ca84f39ac,1607899197204:692cd831-c05a-4282-8e28-92129819103b,"size == ""1""","isEmpty == ""True""","peek_obj_type == ""class java.lang.String""","push == ""False""","pop == ""False""","clear == ""True""","calledMethod == ""clear""","size_p == ""1""",Yes
10158,1607899197203:61284079-fcad-4349-9c8d-2915fa8b3e5d,1607899197203:e6107404-ac15-4c89-a97d-80d7d5ba0d2f,"size == ""1""","isEmpty == ""True""","peek_obj_type == ""class java.lang.String""","push == ""True""","pop == ""False""","clear == ""False""","calledMethod == ""push""","size_p == ""0""",Yes
10159,1607899197203:61284079-fcad-4349-9c8d-2915fa8b3e5d,1607899197203:e6107404-ac15-4c89-a97d-80d7d5ba0d2f,"size == ""1""","isEmpty == ""True""","peek_obj_type == ""class java.lang.String""","push == ""False""","pop == ""True""","clear == ""False""","calledMethod == ""pop""","size_p == ""1""",Yes
10161,1607899197203:61284079-fcad-4349-9c8d-2915fa8b3e5d,1607899197203:3954cb66-2dbe-4e03-9f78-7c8ad5ac515a,"size == ""1""","isEmpty == ""True""","peek_obj_type == ""class java.lang.String""","push == ""True""","pop == ""False""","clear == ""False""","calledMethod == ""push""","size_p == ""0""",Yes
10163,1607899197202:c6d62755-6524-4d58-a201-721f25b0fee6,1607899197202:619bb78e-19d7-416c-a4cb-e34c46fffb76,"size == ""1""","isEmpty == ""True""","peek_obj_type == ""class java.lang.String""","push == ""True""","pop == ""False""","clear == ""False""","calledMethod == ""push""","size_p == ""0""",Yes
10164,1607899197202:c6d62755-6524-4d58-a201-721f25b0fee6,1607899197202:619bb78e-19d7-416c-a4cb-e34c46fffb76,"size == ""1""","isEmpty == ""True""","peek_obj_type == ""class java.lang.String""","push == ""False""","pop == ""True""","clear == ""False""","calledMethod == ""pop""","size_p == ""1""",Yes
10166,1607899197202:12c88c3e-5bfb-41af-8b51-ca40d431c93b,1607899197203:fd304db4-b626-41c8-8b8d-ed63d6a03366,"size == ""1""","isEmpty == ""True""","peek_obj_type == ""class java.lang.String""","push == ""True""","pop == ""False""","clear == ""False""","calledMethod == ""push""","size_p == ""0""",Yes
10168,1607899197202:12c88c3e-5bfb-41af-8b51-ca40d431c93b,1607899197203:e11726e9-505b-4c88-8856-0636b065f96d,"size == ""1""","isEmpty == ""True""","peek_obj_type == ""class java.lang.String""","push == ""True""","pop == ""False""","clear == ""False""","calledMethod == ""push""","size_p == ""0""",Yes
10169,1607899197202:12c88c3e-5bfb-41af-8b51-ca40d431c93b,1607899197203:e11726e9-505b-4c88-8856-0636b065f96d,"size == ""1""","isEmpty == ""True""","peek_obj_type == ""class java.lang.String""","push == ""False""","pop == ""True""","clear == ""False""","calledMethod == ""pop""","size_p == ""1""",Yes
10171,1607899197202:12c88c3e-5bfb-41af-8b51-ca40d431c93b,1607899197202:feaf6a99-24d9-43d7-b056-e30522030944,"size == ""1""","isEmpty == ""True""","peek_obj_type == ""class java.lang.String""","push == ""True""","pop == ""False""","clear == ""False""","calledMethod == ""push""","size_p == ""0""",Yes
10172,1607899197202:12c88c3e-5bfb-41af-8b51-ca40d431c93b,1607899197202:feaf6a99-24d9-43d7-b056-e30522030944,"size == ""2""","isEmpty == ""True""","peek_obj_type == ""class java.lang.String""","push == ""True""","pop == ""False""","clear == ""False""","calledMethod == ""push""","size_p == ""1""",Yes
10173,1607899197202:12c88c3e-5bfb-41af-8b51-ca40d431c93b,1607899197202:feaf6a99-24d9-43d7-b056-e30522030944,"size == ""3""","isEmpty == ""True""","peek_obj_type == ""class java.lang.String""","push == ""True""","pop == ""False""","clear == ""False""","calledMethod == ""push""","size_p == ""2""",Yes
10174,1607899197202:12c88c3e-5bfb-41af-8b51-ca40d431c93b,1607899197202:feaf6a99-24d9-43d7-b056-e30522030944,"size == ""3""","isEmpty == ""True""","peek_obj_type == ""class java.lang.String""","push == ""False""","pop == ""False""","clear == ""True""","calledMethod == ""clear""","size_p == ""3""",Yes
10177,1607899197201:a43aada1-2110-44be-a312-1aa8911a944a,1607899197201:725549d7-7b38-4cee-9076-229908f4dc60,"size == ""1""","isEmpty == ""True""","peek_obj_type == ""class java.lang.String""","push == ""True""","pop == ""False""","clear == ""False""","calledMethod == ""push""","size_p == ""0""",Yes
10178,1607899197201:a43aada1-2110-44be-a312-1aa8911a944a,1607899197201:725549d7-7b38-4cee-9076-229908f4dc60,"size == ""1""","isEmpty == ""True""","peek_obj_type == ""class java.lang.String""","push == ""False""","pop == ""False""","clear == ""True""","calledMethod == ""clear""","size_p == ""1""",Yes
10179,1607899197201:a43aada1-2110-44be-a312-1aa8911a944a,1607899197201:725549d7-7b38-4cee-9076-229908f4dc60,"size == ""1""","isEmpty == ""True""","peek_obj_type == ""class java.lang.String""","push == ""False""","pop == ""False""","clear == ""True""","calledMethod == ""clear""","size_p == ""1""",Yes
10180,1607899197201:a43aada1-2110-44be-a312-1aa8911a944a,1607899197201:725549d7-7b38-4cee-9076-229908f4dc60,"size == ""1""","isEmpty == ""True""","peek_obj_type == ""class java.lang.String""","push == ""False""","pop == ""False""","clear == ""True""","calledMethod == ""clear""","size_p == ""1""",Yes
10182,1607899197201:a43aada1-2110-44be-a312-1aa8911a944a,1607899197201:53e7e826-9736-4e57-8d4f-b6dc7c8a02ef,"size == ""1""","isEmpty == ""True""","peek_obj_type == ""class java.lang.String""","push == ""True""","pop == ""False""","clear == ""False""","calledMethod == ""push""","size_p == ""0""",Yes
10183,1607899197201:a43aada1-2110-44be-a312-1aa8911a944a,1607899197201:53e7e826-9736-4e57-8d4f-b6dc7c8a02ef,"size == ""1""","isEmpty == ""True""","peek_obj_type == ""class java.lang.String""","push == ""False""","pop == ""True""","clear == ""False""","calledMethod == ""pop""","size_p == ""1""",Yes
10185,1607899197201:03ec96d9-94cf-478d-8807-1d77211be9a6,1607899197201:17b50a45-7483-4ab6-895a-d1a60b202ce2,"size == ""1""","isEmpty == ""True""","peek_obj_type == ""class java.lang.String""","push == ""True""","pop == ""False""","clear == ""False""","calledMethod == ""push""","size_p == ""0""",Yes
10186,1607899197201:03ec96d9-94cf-478d-8807-1d77211be9a6,1607899197201:17b50a45-7483-4ab6-895a-d1a60b202ce2,"size == ""1""","isEmpty == ""True""","peek_obj_type == ""class java.lang.String""","push == ""False""","pop == ""True""","clear == ""False""","calledMethod == ""pop""","size_p == ""1""",Yes
10188,1607899197200:586974a2-39e4-4eda-889f-910cb52fb64d,1607899197200:cbad8116-28b5-42ef-85f5-ef12014882b0,"size == ""1""","isEmpty == ""True""","peek_obj_type == ""class java.lang.String""","push == ""True""","pop == ""False""","clear == ""False""","calledMethod == ""push""","size_p == ""0""",Yes
10189,1607899197200:586974a2-39e4-4eda-889f-910cb52fb64d,1607899197200:cbad8116-28b5-42ef-85f5-ef12014882b0,"size == ""2""","isEmpty == ""True""","peek_obj_type == ""class java.lang.String""","push == ""True""","pop == ""False""","clear == ""False""","calledMethod == ""push""","size_p == ""1""",Yes
10191,1607899197200:586974a2-39e4-4eda-889f-910cb52fb64d,1607899197200:5f2292e2-dbce-4394-b1c6-55a3d8b4c34d,"size == ""1""","isEmpty == ""True""","peek_obj_type == ""class java.lang.String""","push == ""True""","pop == ""False""","clear == ""False""","calledMethod == ""push""","size_p == ""0""",Yes
10192,1607899197200:586974a2-39e4-4eda-889f-910cb52fb64d,1607899197200:5f2292e2-dbce-4394-b1c6-55a3d8b4c34d,"size == ""1""","isEmpty == ""True""","peek_obj_type == ""class java.lang.String""","push == ""False""","pop == ""True""","clear == ""False""","calledMethod == ""pop""","size_p == ""1""",Yes
10194,1607899197199:e7d59913-36a4-459b-8065-a560d6c4e0c0,1607899197199:6876a83b-57d4-48ef-b72e-f9f8b93587b4,"size == ""1""","isEmpty == ""True""","peek_obj_type == ""class java.lang.String""","push == ""True""","pop == ""False""","clear == ""False""","calledMethod == ""push""","size_p == ""0""",Yes
10195,1607899197199:e7d59913-36a4-459b-8065-a560d6c4e0c0,1607899197199:6876a83b-57d4-48ef-b72e-f9f8b93587b4,"size == ""1""","isEmpty == ""True""","peek_obj_type == ""class java.lang.String""","push == ""False""","pop == ""True""","clear == ""False""","calledMethod == ""pop""","size_p == ""1""",Yes
10197,1607899197199:bcaf9c9b-63fe-49d9-bfee-fc03d5aeaeab,1607899197199:b33f01f7-cb68-4649-9d18-9feb9904b5ff,"size == ""1""","isEmpty == ""True""","peek_obj_type == ""class java.lang.String""","push == ""True""","pop == ""False""","clear == ""False""","calledMethod == ""push""","size_p == ""0""",Yes
10198,1607899197199:bcaf9c9b-63fe-49d9-bfee-fc03d5aeaeab,1607899197199:b33f01f7-cb68-4649-9d18-9feb9904b5ff,"size == ""1""","isEmpty == ""True""","peek_obj_type == ""class java.lang.String""","push == ""False""","pop == ""True""","clear == ""False""","calledMethod == ""pop""","size_p == ""1""",Yes
10200,1607899197198:d57b561f-d928-4ef1-ab6d-f7d675e620f5,1607899197198:c5266674-3e75-46dc-a5ae-6de73e0af3ae,"size == ""1""","isEmpty == ""True""","peek_obj_type == ""class java.lang.String""","push == ""True""","pop == ""False""","clear == ""False""","calledMethod == ""push""","size_p == ""0""",Yes
10201,1607899197198:d57b561f-d928-4ef1-ab6d-f7d675e620f5,1607899197198:c5266674-3e75-46dc-a5ae-6de73e0af3ae,"size == ""1""","isEmpty == ""True""","peek_obj_type == ""class java.lang.String""","push == ""False""","pop == ""True""","clear == ""False""","calledMethod == ""pop""","size_p == ""1""",Yes
10203,1607899197198:51d00789-f5d6-458e-9450-36764f508775,1607899197199:aa2714b7-8a15-4584-aa17-5ead3deec1f2,"size == ""1""","isEmpty == ""True""","peek_obj_type == ""class java.lang.String""","push == ""True""","pop == ""False""","clear == ""False""","calledMethod == ""push""","size_p == ""0""",Yes
10204,1607899197198:51d00789-f5d6-458e-9450-36764f508775,1607899197199:aa2714b7-8a15-4584-aa17-5ead3deec1f2,"size == ""1""","isEmpty == ""True""","peek_obj_type == ""class java.lang.String""","push == ""False""","pop == ""True""","clear == ""False""","calledMethod == ""pop""","size_p == ""1""",Yes
10206,1607899197198:51d00789-f5d6-458e-9450-36764f508775,1607899197198:c173f103-3141-4499-8b45-d2405f0199b3,"size == ""1""","isEmpty == ""True""","peek_obj_type == ""class java.lang.String""","push == ""True""","pop == ""False""","clear == ""False""","calledMethod == ""push""","size_p == ""0""",Yes
10208,1607899197197:9a14d91f-7b62-4f7b-bc75-af3edd2af6e4,1607899197198:4d36dbfb-ec30-4b1a-921b-bffd8c04c256,"size == ""1""","isEmpty == ""True""","peek_obj_type == ""class java.lang.String""","push == ""True""","pop == ""False""","clear == ""False""","calledMethod == ""push""","size_p == ""0""",Yes
10209,1607899197197:9a14d91f-7b62-4f7b-bc75-af3edd2af6e4,1607899197198:4d36dbfb-ec30-4b1a-921b-bffd8c04c256,"size == ""1""","isEmpty == ""True""","peek_obj_type == ""class java.lang.String""","push == ""False""","pop == ""True""","clear == ""False""","calledMethod == ""pop""","size_p == ""1""",Yes
10212,1607899197197:9a14d91f-7b62-4f7b-bc75-af3edd2af6e4,1607899197197:67edf06b-50b9-4d17-8709-c43425560c42,"size == ""1""","isEmpty == ""True""","peek_obj_type == ""class java.lang.String""","push == ""True""","pop == ""False""","clear == ""False""","calledMethod == ""push""","size_p == ""0""",Yes
10213,1607899197197:9a14d91f-7b62-4f7b-bc75-af3edd2af6e4,1607899197197:67edf06b-50b9-4d17-8709-c43425560c42,"size == ""1""","isEmpty == ""True""","peek_obj_type == ""class java.lang.String""","push == ""False""","pop == ""False""","clear == ""True""","calledMethod == ""clear""","size_p == ""1""",Yes
10214,1607899197197:9a14d91f-7b62-4f7b-bc75-af3edd2af6e4,1607899197197:67edf06b-50b9-4d17-8709-c43425560c42,"size == ""1""","isEmpty == ""True""","peek_obj_type == ""class java.lang.String""","push == ""False""","pop == ""False""","clear == ""True""","calledMethod == ""clear""","size_p == ""1""",Yes
10215,1607899197197:9a14d91f-7b62-4f7b-bc75-af3edd2af6e4,1607899197197:67edf06b-50b9-4d17-8709-c43425560c42,"size == ""1""","isEmpty == ""True""","peek_obj_type == ""class java.lang.String""","push == ""False""","pop == ""False""","clear == ""True""","calledMethod == ""clear""","size_p == ""1""",Yes
10217,1607899197197:281edd64-3903-4c9c-bb8f-ded62b7ecd75,1607899197197:8ea627b2-6170-46f1-bbad-648de0fc8232,"size == ""1""","isEmpty == ""True""","peek_obj_type == ""class java.lang.String""","push == ""True""","pop == ""False""","clear == ""False""","calledMethod == ""push""","size_p == ""0""",Yes
10218,1607899197197:281edd64-3903-4c9c-bb8f-ded62b7ecd75,1607899197197:8ea627b2-6170-46f1-bbad-648de0fc8232,"size == ""1""","isEmpty == ""True""","peek_obj_type == ""class java.lang.String""","push == ""False""","pop == ""True""","clear == ""False""","calledMethod == ""pop""","size_p == ""1""",Yes
10220,1607899197196:d3e02c69-f038-4ecf-976d-1f61109a1a3b,1607899197196:7794f23c-6e3b-44d1-95ee-664fd17e3504,"size == ""1""","isEmpty == ""True""","peek_obj_type == ""class java.lang.String""","push == ""True""","pop == ""False""","clear == ""False""","calledMethod == ""push""","size_p == ""0""",Yes
10221,1607899197196:d3e02c69-f038-4ecf-976d-1f61109a1a3b,1607899197196:7794f23c-6e3b-44d1-95ee-664fd17e3504,"size == ""1""","isEmpty == ""True""","peek_obj_type == ""class java.lang.String""","push == ""False""","pop == ""True""","clear == ""False""","calledMethod == ""pop""","size_p == ""1""",Yes
10223,1607899197196:753575fe-05e7-4eff-8a51-58c038d48da1,1607899197196:bd20595b-38d9-4942-8399-75c80fd7c904,"size == ""1""","isEmpty == ""True""","peek_obj_type == ""class java.lang.String""","push == ""True""","pop == ""False""","clear == ""False""","calledMethod == ""push""","size_p == ""0""",Yes
10224,1607899197196:753575fe-05e7-4eff-8a51-58c038d48da1,1607899197196:bd20595b-38d9-4942-8399-75c80fd7c904,"size == ""1""","isEmpty == ""True""","peek_obj_type == ""class java.lang.String""","push == ""False""","pop == ""True""","clear == ""False""","calledMethod == ""pop""","size_p == ""1""",Yes
10228,1607899197195:0aa7e69c-db40-498c-a459-b69c68e0d5b1,1607899197195:97135ad5-d481-43bd-a29b-33e476f08d40,"size == ""1""","isEmpty == ""True""","peek_obj_type == ""class java.lang.String""","push == ""True""","pop == ""False""","clear == ""False""","calledMethod == ""push""","size_p == ""0""",Yes
10229,1607899197195:0aa7e69c-db40-498c-a459-b69c68e0d5b1,1607899197195:97135ad5-d481-43bd-a29b-33e476f08d40,"size == ""1""","isEmpty == ""True""","peek_obj_type == ""class java.lang.String""","push == ""False""","pop == ""True""","clear == ""False""","calledMethod == ""pop""","size_p == ""1""",Yes
10231,1607899197194:84cd0685-17a0-4719-8cd3-ab095db8e29a,1607899197194:9c126af2-742a-43d0-bb9e-8ad1710bbb8b,"size == ""1""","isEmpty == ""True""","peek_obj_type == ""class java.lang.String""","push == ""True""","pop == ""False""","clear == ""False""","calledMethod == ""push""","size_p == ""0""",Yes
10232,1607899197194:84cd0685-17a0-4719-8cd3-ab095db8e29a,1607899197194:9c126af2-742a-43d0-bb9e-8ad1710bbb8b,"size == ""1""","isEmpty == ""True""","peek_obj_type == ""class java.lang.String""","push == ""False""","pop == ""True""","clear == ""False""","calledMethod == ""pop""","size_p == ""1""",Yes
10234,1607899197194:81536801-867a-4cce-aaaa-6f3f508b1966,1607899197195:ce449ed3-338d-4dbd-89a5-e7630eca3dfc,"size == ""1""","isEmpty == ""True""","peek_obj_type == ""class java.lang.String""","push == ""True""","pop == ""False""","clear == ""False""","calledMethod == ""push""","size_p == ""0""",Yes
10236,1607899197194:81536801-867a-4cce-aaaa-6f3f508b1966,1607899197195:60633e40-353c-4916-9264-db732b9ac880,"size == ""1""","isEmpty == ""True""","peek_obj_type == ""class java.lang.String""","push == ""True""","pop == ""False""","clear == ""False""","calledMethod == ""push""","size_p == ""0""",Yes
10237,1607899197194:81536801-867a-4cce-aaaa-6f3f508b1966,1607899197195:60633e40-353c-4916-9264-db732b9ac880,"size == ""1""","isEmpty == ""True""","peek_obj_type == ""class java.lang.String""","push == ""False""","pop == ""True""","clear == ""False""","calledMethod == ""pop""","size_p == ""1""",Yes
10239,1607899197194:7917e05a-70f8-404d-b9be-a5c5be285247,1607899197194:6ef12787-5d14-4113-8427-6c3f2197ff1e,"size == ""1""","isEmpty == ""True""","peek_obj_type == ""class java.lang.String""","push == ""True""","pop == ""False""","clear == ""False""","calledMethod == ""push""","size_p == ""0""",Yes
10240,1607899197194:7917e05a-70f8-404d-b9be-a5c5be285247,1607899197194:6ef12787-5d14-4113-8427-6c3f2197ff1e,"size == ""1""","isEmpty == ""True""","peek_obj_type == ""class java.lang.String""","push == ""False""","pop == ""True""","clear == ""False""","calledMethod == ""pop""","size_p == ""1""",Yes
10242,1607899197194:7917e05a-70f8-404d-b9be-a5c5be285247,1607899197194:668d0703-40ed-4269-a5fb-2e8e96ac9c3c,"size == ""1""","isEmpty == ""True""","peek_obj_type == ""class java.lang.String""","push == ""True""","pop == ""False""","clear == ""False""","calledMethod == ""push""","size_p == ""0""",Yes
10245,1607899197193:7fc8e814-1f5d-42d7-9650-bda1939a7f63,1607899197193:1e2452ed-335c-4948-9744-4d8152ffd5a8,"size == ""1""","isEmpty == ""True""","peek_obj_type == ""class java.lang.String""","push == ""True""","pop == ""False""","clear == ""False""","calledMethod == ""push""","size_p == ""0""",Yes
10246,1607899197193:7fc8e814-1f5d-42d7-9650-bda1939a7f63,1607899197193:1e2452ed-335c-4948-9744-4d8152ffd5a8,"size == ""1""","isEmpty == ""True""","peek_obj_type == ""class java.lang.String""","push == ""False""","pop == ""True""","clear == ""False""","calledMethod == ""pop""","size_p == ""1""",Yes
10248,1607899197193:63eb88d9-85f0-4ac3-a503-a04b1db84f42,1607899197193:9c9da53a-4873-4208-af89-2c599725ace0,"size == ""1""","isEmpty == ""True""","peek_obj_type == ""class java.lang.String""","push == ""True""","pop == ""False""","clear == ""False""","calledMethod == ""push""","size_p == ""0""",Yes
10250,1607899197193:63eb88d9-85f0-4ac3-a503-a04b1db84f42,1607899197193:6be67dce-1fb1-48eb-9d8c-476423e8b16a,"size == ""1""","isEmpty == ""True""","peek_obj_type == ""class java.lang.String""","push == ""True""","pop == ""False""","clear == ""False""","calledMethod == ""push""","size_p == ""0""",Yes
10251,1607899197193:63eb88d9-85f0-4ac3-a503-a04b1db84f42,1607899197193:6be67dce-1fb1-48eb-9d8c-476423e8b16a,"size == ""1""","isEmpty == ""True""","peek_obj_type == ""class java.lang.String""","push == ""False""","pop == ""True""","clear == ""False""","calledMethod == ""pop""","size_p == ""1""",Yes
10253,1607899197192:ed09b2e6-98db-461a-97ee-43b0c033575b,1607899197193:387fcb0c-2c70-40af-8392-81b8461e8b63,"size == ""1""","isEmpty == ""True""","peek_obj_type == ""class java.lang.String""","push == ""True""","pop == ""False""","clear == ""False""","calledMethod == ""push""","size_p == ""0""",Yes
10254,1607899197192:ed09b2e6-98db-461a-97ee-43b0c033575b,1607899197193:387fcb0c-2c70-40af-8392-81b8461e8b63,"size == ""1""","isEmpty == ""True""","peek_obj_type == ""class java.lang.String""","push == ""False""","pop == ""True""","clear == ""False""","calledMethod == ""pop""","size_p == ""1""",Yes
10257,1607899197192:ed09b2e6-98db-461a-97ee-43b0c033575b,1607899197192:d8c57324-eb8d-4781-83ac-e887bc37b7a8,"size == ""1""","isEmpty == ""True""","peek_obj_type == ""class java.lang.String""","push == ""True""","pop == ""False""","clear == ""False""","calledMethod == ""push""","size_p == ""0""",Yes
10258,1607899197192:ed09b2e6-98db-461a-97ee-43b0c033575b,1607899197192:d8c57324-eb8d-4781-83ac-e887bc37b7a8,"size == ""1""","isEmpty == ""True""","peek_obj_type == ""class java.lang.String""","push == ""False""","pop == ""False""","clear == ""True""","calledMethod == ""clear""","size_p == ""1""",Yes
10259,1607899197192:ed09b2e6-98db-461a-97ee-43b0c033575b,1607899197192:d8c57324-eb8d-4781-83ac-e887bc37b7a8,"size == ""1""","isEmpty == ""True""","peek_obj_type == ""class java.lang.String""","push == ""False""","pop == ""False""","clear == ""True""","calledMethod == ""clear""","size_p == ""1""",Yes
10260,1607899197192:ed09b2e6-98db-461a-97ee-43b0c033575b,1607899197192:d8c57324-eb8d-4781-83ac-e887bc37b7a8,"size == ""1""","isEmpty == ""True""","peek_obj_type == ""class java.lang.String""","push == ""False""","pop == ""False""","clear == ""True""","calledMethod == ""clear""","size_p == ""1""",Yes
10262,1607899197192:aebf2d42-8de6-493f-acad-99703cf1d431,1607899197192:c5b5c422-5f59-4fc0-961a-dab4a24961bd,"size == ""1""","isEmpty == ""True""","peek_obj_type == ""class java.lang.String""","push == ""True""","pop == ""False""","clear == ""False""","calledMethod == ""push""","size_p == ""0""",Yes
10263,1607899197192:aebf2d42-8de6-493f-acad-99703cf1d431,1607899197192:c5b5c422-5f59-4fc0-961a-dab4a24961bd,"size == ""1""","isEmpty == ""True""","peek_obj_type == ""class java.lang.String""","push == ""False""","pop == ""True""","clear == ""False""","calledMethod == ""pop""","size_p == ""1""",Yes
10265,1607899197192:99339aa7-3e00-4caf-8b55-72a99c1c4c2f,1607899197192:d4504b65-43fc-4ecf-a58c-5aac90a19213,"size == ""1""","isEmpty == ""True""","peek_obj_type == ""class java.lang.String""","push == ""True""","pop == ""False""","clear == ""False""","calledMethod == ""push""","size_p == ""0""",Yes
10266,1607899197192:99339aa7-3e00-4caf-8b55-72a99c1c4c2f,1607899197192:d4504b65-43fc-4ecf-a58c-5aac90a19213,"size == ""1""","isEmpty == ""True""","peek_obj_type == ""class java.lang.String""","push == ""False""","pop == ""True""","clear == ""False""","calledMethod == ""pop""","size_p == ""1""",Yes
10268,1607899197192:99339aa7-3e00-4caf-8b55-72a99c1c4c2f,1607899197192:52ea5fa3-dd4b-44b6-b8f9-ce53c1ba978e,"size == ""1""","isEmpty == ""True""","peek_obj_type == ""class java.lang.String""","push == ""True""","pop == ""False""","clear == ""False""","calledMethod == ""push""","size_p == ""0""",Yes
10270,1607899197191:e80adb1b-4725-47a0-924c-313387b9e877,1607899197191:5ed13697-fbe4-4739-993b-2a614d298aac,"size == ""1""","isEmpty == ""True""","peek_obj_type == ""class java.lang.String""","push == ""True""","pop == ""False""","clear == ""False""","calledMethod == ""push""","size_p == ""0""",Yes
10271,1607899197191:e80adb1b-4725-47a0-924c-313387b9e877,1607899197191:5ed13697-fbe4-4739-993b-2a614d298aac,"size == ""1""","isEmpty == ""True""","peek_obj_type == ""class java.lang.String""","push == ""False""","pop == ""True""","clear == ""False""","calledMethod == ""pop""","size_p == ""1""",Yes
10273,1607899197191:840627f2-876b-4adf-b9b0-9206d7a242ab,1607899197191:f4776f62-b961-45f4-a7f8-5e5130265560,"size == ""1""","isEmpty == ""True""","peek_obj_type == ""class java.lang.String""","push == ""True""","pop == ""False""","clear == ""False""","calledMethod == ""push""","size_p == ""0""",Yes
10274,1607899197191:840627f2-876b-4adf-b9b0-9206d7a242ab,1607899197191:f4776f62-b961-45f4-a7f8-5e5130265560,"size == ""1""","isEmpty == ""True""","peek_obj_type == ""class java.lang.String""","push == ""False""","pop == ""True""","clear == ""False""","calledMethod == ""pop""","size_p == ""1""",Yes
10276,1607899197190:76be95df-a824-494a-873b-edd6edd94b51,1607899197191:b90135f5-0f39-4e27-8193-ced6623ab2d4,"size == ""1""","isEmpty == ""True""","peek_obj_type == ""class java.lang.String""","push == ""True""","pop == ""False""","clear == ""False""","calledMethod == ""push""","size_p == ""0""",Yes
10277,1607899197190:76be95df-a824-494a-873b-edd6edd94b51,1607899197191:b90135f5-0f39-4e27-8193-ced6623ab2d4,"size == ""1""","isEmpty == ""True""","peek_obj_type == ""class java.lang.String""","push == ""False""","pop == ""True""","clear == ""False""","calledMethod == ""pop""","size_p == ""1""",Yes
10279,1607899197190:76be95df-a824-494a-873b-edd6edd94b51,1607899197190:813dbef3-dfc8-4b9e-8d37-b22632a62479,"size == ""1""","isEmpty == ""True""","peek_obj_type == ""class java.lang.String""","push == ""True""","pop == ""False""","clear == ""False""","calledMethod == ""push""","size_p == ""0""",Yes
10281,1607899197190:081d1aaf-25e0-462b-90f5-3cf6188d4272,1607899197190:6605026b-41be-4856-b4fe-266db505fec8,"size == ""1""","isEmpty == ""True""","peek_obj_type == ""class java.lang.String""","push == ""True""","pop == ""False""","clear == ""False""","calledMethod == ""push""","size_p == ""0""",Yes
10283,1607899197190:081d1aaf-25e0-462b-90f5-3cf6188d4272,1607899197190:3656276c-2021-48b4-b55d-03461c719a4f,"size == ""1""","isEmpty == ""True""","peek_obj_type == ""class java.lang.String""","push == ""True""","pop == ""False""","clear == ""False""","calledMethod == ""push""","size_p == ""0""",Yes
10284,1607899197190:081d1aaf-25e0-462b-90f5-3cf6188d4272,1607899197190:3656276c-2021-48b4-b55d-03461c719a4f,"size == ""1""","isEmpty == ""True""","peek_obj_type == ""class java.lang.String""","push == ""False""","pop == ""True""","clear == ""False""","calledMethod == ""pop""","size_p == ""1""",Yes
10287,1607899197189:ff20fe50-208b-4f1d-b297-5282b26cb604,1607899197189:d172a467-1d24-4711-bbe3-8098469bb52f,"size == ""1""","isEmpty == ""True""","peek_obj_type == ""class java.lang.String""","push == ""True""","pop == ""False""","clear == ""False""","calledMethod == ""push""","size_p == ""0""",Yes
10288,1607899197189:ff20fe50-208b-4f1d-b297-5282b26cb604,1607899197189:d172a467-1d24-4711-bbe3-8098469bb52f,"size == ""1""","isEmpty == ""True""","peek_obj_type == ""class java.lang.String""","push == ""False""","pop == ""True""","clear == ""False""","calledMethod == ""pop""","size_p == ""1""",Yes
10290,1607899197189:3899eef1-e881-491d-a1b4-aae4a9315004,1607899197189:96c733b4-cf23-4a26-846b-6d643eba70ce,"size == ""1""","isEmpty == ""True""","peek_obj_type == ""class java.lang.String""","push == ""True""","pop == ""False""","clear == ""False""","calledMethod == ""push""","size_p == ""0""",Yes
10291,1607899197189:3899eef1-e881-491d-a1b4-aae4a9315004,1607899197189:96c733b4-cf23-4a26-846b-6d643eba70ce,"size == ""1""","isEmpty == ""True""","peek_obj_type == ""class java.lang.String""","push == ""False""","pop == ""True""","clear == ""False""","calledMethod == ""pop""","size_p == ""1""",Yes
10293,1607899197189:3899eef1-e881-491d-a1b4-aae4a9315004,1607899197189:3607aae7-abd6-4bc7-8e0d-c1317ce0a566,"size == ""1""","isEmpty == ""True""","peek_obj_type == ""class java.lang.String""","push == ""True""","pop == ""False""","clear == ""False""","calledMethod == ""push""","size_p == ""0""",Yes
10295,1607899197187:e892936a-c719-4842-982c-bcdd276dd0ff,1607899197187:d038a0be-c0a8-4cb7-976f-2f8e738d5b5d,"size == ""1""","isEmpty == ""True""","peek_obj_type == ""class java.lang.String""","push == ""True""","pop == ""False""","clear == ""False""","calledMethod == ""push""","size_p == ""0""",Yes
10296,1607899197187:e892936a-c719-4842-982c-bcdd276dd0ff,1607899197187:d038a0be-c0a8-4cb7-976f-2f8e738d5b5d,"size == ""1""","isEmpty == ""True""","peek_obj_type == ""class java.lang.String""","push == ""False""","pop == ""True""","clear == ""False""","calledMethod == ""pop""","size_p == ""1""",Yes
10299,1607899197187:b846631a-c75a-4c16-a61a-3e5f78416151,1607899197187:0f5dd93b-6222-454f-a415-005c14f0bb63,"size == ""1""","isEmpty == ""True""","peek_obj_type == ""class java.lang.String""","push == ""True""","pop == ""False""","clear == ""False""","calledMethod == ""push""","size_p == ""0""",Yes
10301,1607899197187:04d81b44-a10a-47dd-ad7a-b949bffaf4e4,1607899197187:d398181b-5b2a-40fc-9b62-d939787db292,"size == ""1""","isEmpty == ""True""","peek_obj_type == ""class java.lang.String""","push == ""True""","pop == ""False""","clear == ""False""","calledMethod == ""push""","size_p == ""0""",Yes
10302,1607899197187:04d81b44-a10a-47dd-ad7a-b949bffaf4e4,1607899197187:d398181b-5b2a-40fc-9b62-d939787db292,"size == ""1""","isEmpty == ""True""","peek_obj_type == ""class java.lang.String""","push == ""False""","pop == ""True""","clear == ""False""","calledMethod == ""pop""","size_p == ""1""",Yes
10308,1607899197186:7be49f4b-d03f-4220-ab66-717aa1decf11,1607899197186:5c5e9e48-096c-41b9-8691-76cc87d453d4,"size == ""1""","isEmpty == ""True""","peek_obj_type == ""class java.lang.String""","push == ""True""","pop == ""False""","clear == ""False""","calledMethod == ""push""","size_p == ""0""",Yes
10309,1607899197186:7be49f4b-d03f-4220-ab66-717aa1decf11,1607899197186:5c5e9e48-096c-41b9-8691-76cc87d453d4,"size == ""1""","isEmpty == ""True""","peek_obj_type == ""class java.lang.String""","push == ""False""","pop == ""True""","clear == ""False""","calledMethod == ""pop""","size_p == ""1""",Yes
10311,1607899197186:566a7a6d-9a4c-4160-8f93-fe75c003a3f5,1607899197186:c48ea0de-830f-4ef4-a9b7-8eabb1cbad3d,"size == ""1""","isEmpty == ""True""","peek_obj_type == ""class java.lang.String""","push == ""True""","pop == ""False""","clear == ""False""","calledMethod == ""push""","size_p == ""0""",Yes
10312,1607899197186:566a7a6d-9a4c-4160-8f93-fe75c003a3f5,1607899197186:c48ea0de-830f-4ef4-a9b7-8eabb1cbad3d,"size == ""1""","isEmpty == ""True""","peek_obj_type == ""class java.lang.String""","push == ""False""","pop == ""True""","clear == ""False""","calledMethod == ""pop""","size_p == ""1""",Yes
10314,1607899197185:9e4c26d0-d664-4262-ba47-ba7df80e4938,1607899197185:4aa9c266-cb44-4ad8-b7b1-e46374588a7e,"size == ""1""","isEmpty == ""True""","peek_obj_type == ""class java.lang.String""","push == ""True""","pop == ""False""","clear == ""False""","calledMethod == ""push""","size_p == ""0""",Yes
10316,1607899197185:65c0eca4-c505-4ae5-9189-c983369536ad,1607899197185:ae9af878-8849-4f38-9a5e-a63311aaeecf,"size == ""1""","isEmpty == ""True""","peek_obj_type == ""class java.lang.String""","push == ""True""","pop == ""False""","clear == ""False""","calledMethod == ""push""","size_p == ""0""",Yes
10317,1607899197185:65c0eca4-c505-4ae5-9189-c983369536ad,1607899197185:ae9af878-8849-4f38-9a5e-a63311aaeecf,"size == ""1""","isEmpty == ""True""","peek_obj_type == ""class java.lang.String""","push == ""False""","pop == ""True""","clear == ""False""","calledMethod == ""pop""","size_p == ""1""",Yes
10323,1607899197184:c8fe40cb-6b42-4d24-a79b-cc932b3f8bae,1607899197184:61bbd1af-6eb6-4a4a-9550-d2e91146c5ff,"size == ""1""","isEmpty == ""True""","peek_obj_type == ""class java.lang.String""","push == ""True""","pop == ""False""","clear == ""False""","calledMethod == ""push""","size_p == ""0""",Yes
10325,1607899197184:c6966006-8691-4dd7-9c7f-203f89e592dd,1607899197184:ef158764-53f6-4f1c-b26e-9c201f00d78d,"size == ""1""","isEmpty == ""True""","peek_obj_type == ""class java.lang.String""","push == ""True""","pop == ""False""","clear == ""False""","calledMethod == ""push""","size_p == ""0""",Yes
10326,1607899197184:c6966006-8691-4dd7-9c7f-203f89e592dd,1607899197184:ef158764-53f6-4f1c-b26e-9c201f00d78d,"size == ""1""","isEmpty == ""True""","peek_obj_type == ""class java.lang.String""","push == ""False""","pop == ""True""","clear == ""False""","calledMethod == ""pop""","size_p == ""1""",Yes
10328,1607899197183:e21c13c1-56e7-4c08-be37-36d5d056fb99,1607899197183:21c95504-d19c-43fb-b030-fb4e8ccf1041,"size == ""1""","isEmpty == ""True""","peek_obj_type == ""class java.lang.String""","push == ""True""","pop == ""False""","clear == ""False""","calledMethod == ""push""","size_p == ""0""",Yes
10329,1607899197183:e21c13c1-56e7-4c08-be37-36d5d056fb99,1607899197183:21c95504-d19c-43fb-b030-fb4e8ccf1041,"size == ""1""","isEmpty == ""True""","peek_obj_type == ""class java.lang.String""","push == ""False""","pop == ""True""","clear == ""False""","calledMethod == ""pop""","size_p == ""1""",Yes
10331,1607899197183:43d0d32e-66d6-47be-bd87-eb8b9bbf12a6,1607899197183:f3173aef-4ab2-431f-9384-bd2bf5ce6432,"size == ""1""","isEmpty == ""True""","peek_obj_type == ""class java.lang.String""","push == ""True""","pop == ""False""","clear == ""False""","calledMethod == ""push""","size_p == ""0""",Yes
10332,1607899197183:43d0d32e-66d6-47be-bd87-eb8b9bbf12a6,1607899197183:f3173aef-4ab2-431f-9384-bd2bf5ce6432,"size == ""1""","isEmpty == ""True""","peek_obj_type == ""class java.lang.String""","push == ""False""","pop == ""True""","clear == ""False""","calledMethod == ""pop""","size_p == ""1""",Yes
10334,1607899197180:6bd0e622-55c4-43dc-88bc-d86c9d765419,1607899197181:f8cd6ea2-8b66-4e14-9bfe-292b94163858,"size == ""1""","isEmpty == ""True""","peek_obj_type == ""class java.lang.String""","push == ""True""","pop == ""False""","clear == ""False""","calledMethod == ""push""","size_p == ""0""",Yes
10335,1607899197180:6bd0e622-55c4-43dc-88bc-d86c9d765419,1607899197181:f8cd6ea2-8b66-4e14-9bfe-292b94163858,"size == ""1""","isEmpty == ""True""","peek_obj_type == ""class java.lang.String""","push == ""False""","pop == ""True""","clear == ""False""","calledMethod == ""pop""","size_p == ""1""",Yes
10337,1607899196865:05040960-935d-430f-801a-3dfe549817f7,1607899197177:362c10c9-bf0c-4d51-b7aa-04e0115673b3,"size == ""1""","isEmpty == ""True""","peek_obj_type == ""class java.lang.String""","push == ""True""","pop == ""False""","clear == ""False""","calledMethod == ""push""","size_p == ""0""",Yes
10338,1607899196865:05040960-935d-430f-801a-3dfe549817f7,1607899197177:362c10c9-bf0c-4d51-b7aa-04e0115673b3,"size == ""1""","isEmpty == ""True""","peek_obj_type == ""class java.lang.String""","push == ""False""","pop == ""True""","clear == ""False""","calledMethod == ""pop""","size_p == ""1""",Yes
