,testId,instanceId,size,isEmpty,peek_obj_type,push,pop,clear,size_p,diff
1,1607885830162:eee44e9c-da38-4113-bec4-25389396b0a3,1607885830162:c54fc84e-ed7e-41c1-900e-2ae8fd17c930,"size == ""0""","isEmpty == ""True""","peek_obj_type == ""EmptyObject""","push == ""class java.lang.String""","pop == ""none""","clear == ""none""","size_p == ""0""",Yes
2,1607885830162:eee44e9c-da38-4113-bec4-25389396b0a3,1607885830162:c54fc84e-ed7e-41c1-900e-2ae8fd17c930,"size == ""0""","isEmpty == ""True""","peek_obj_type == ""EmptyObject""","push == ""none""","pop == ""EmptyObject""","clear == ""none""","size_p == ""0""",No
4,1607885830162:eee44e9c-da38-4113-bec4-25389396b0a3,1607885830162:08845494-6069-4fa0-b87d-9bb3267dff31,"size == ""0""","isEmpty == ""True""","peek_obj_type == ""EmptyObject""","push == ""class java.lang.String""","pop == ""none""","clear == ""none""","size_p == ""0""",Yes
6,1607885830162:b2cdf20c-4f96-4e80-b46f-f183cf55a6fa,1607885830162:2f2f4844-2430-431a-be03-d0996fbc60bb,"size == ""0""","isEmpty == ""True""","peek_obj_type == ""EmptyObject""","push == ""class java.lang.String""","pop == ""none""","clear == ""none""","size_p == ""0""",Yes
7,1607885830162:b2cdf20c-4f96-4e80-b46f-f183cf55a6fa,1607885830162:2f2f4844-2430-431a-be03-d0996fbc60bb,"size == ""0""","isEmpty == ""True""","peek_obj_type == ""EmptyObject""","push == ""none""","pop == ""EmptyObject""","clear == ""none""","size_p == ""0""",No
9,1607885830162:56578115-7f7a-417e-bb4b-763251538dbe,1607885830162:f82a8d30-e4ae-4cbb-890b-a19262e2e03e,"size == ""1""","isEmpty == ""False""","peek_obj_type == ""class java.lang.String""","push == ""none""","pop == ""none""","clear == ""clear""","size_p == ""0""",Yes
10,1607885830162:56578115-7f7a-417e-bb4b-763251538dbe,1607885830162:f82a8d30-e4ae-4cbb-890b-a19262e2e03e,"size == ""1""","isEmpty == ""False""","peek_obj_type == ""class java.lang.String""","push == ""class java.lang.String""","pop == ""none""","clear == ""none""","size_p == ""1""",Yes
11,1607885830162:56578115-7f7a-417e-bb4b-763251538dbe,1607885830162:f82a8d30-e4ae-4cbb-890b-a19262e2e03e,"size == ""2""","isEmpty == ""False""","peek_obj_type == ""class java.lang.String""","push == ""none""","pop == ""none""","clear == ""clear""","size_p == ""1""",Yes
12,1607885830162:56578115-7f7a-417e-bb4b-763251538dbe,1607885830162:f82a8d30-e4ae-4cbb-890b-a19262e2e03e,"size == ""3""","isEmpty == ""False""","peek_obj_type == ""class java.lang.String""","push == ""none""","pop == ""none""","clear == ""clear""","size_p == ""2""",Yes
13,1607885830162:56578115-7f7a-417e-bb4b-763251538dbe,1607885830162:f82a8d30-e4ae-4cbb-890b-a19262e2e03e,"size == ""4""","isEmpty == ""False""","peek_obj_type == ""class java.lang.String""","push == ""none""","pop == ""none""","clear == ""clear""","size_p == ""3""",Yes
15,1607885830162:56578115-7f7a-417e-bb4b-763251538dbe,1607885830162:e0547d5d-31da-4ee9-be45-097b84ae8441,"size == ""0""","isEmpty == ""True""","peek_obj_type == ""EmptyObject""","push == ""class java.lang.String""","pop == ""none""","clear == ""none""","size_p == ""0""",Yes
16,1607885830162:56578115-7f7a-417e-bb4b-763251538dbe,1607885830162:e0547d5d-31da-4ee9-be45-097b84ae8441,"size == ""0""","isEmpty == ""True""","peek_obj_type == ""EmptyObject""","push == ""none""","pop == ""EmptyObject""","clear == ""none""","size_p == ""0""",No
18,1607885830162:434e17c3-5e98-41a5-ac0c-67e325c59ae0,1607885830162:9d63de15-564f-40fa-9de8-738a8f66ff77,"size == ""0""","isEmpty == ""True""","peek_obj_type == ""EmptyObject""","push == ""class java.lang.String""","pop == ""none""","clear == ""none""","size_p == ""0""",Yes
19,1607885830162:434e17c3-5e98-41a5-ac0c-67e325c59ae0,1607885830162:9d63de15-564f-40fa-9de8-738a8f66ff77,"size == ""0""","isEmpty == ""True""","peek_obj_type == ""EmptyObject""","push == ""none""","pop == ""EmptyObject""","clear == ""none""","size_p == ""0""",No
21,1607885830162:3f27f969-88d3-4117-a3d8-547e51e3ccf4,1607885830162:dc5890cc-4ff0-46a3-b0c9-0f064c85570e,"size == ""0""","isEmpty == ""True""","peek_obj_type == ""EmptyObject""","push == ""class java.lang.String""","pop == ""none""","clear == ""none""","size_p == ""0""",Yes
22,1607885830162:3f27f969-88d3-4117-a3d8-547e51e3ccf4,1607885830162:dc5890cc-4ff0-46a3-b0c9-0f064c85570e,"size == ""0""","isEmpty == ""True""","peek_obj_type == ""EmptyObject""","push == ""none""","pop == ""EmptyObject""","clear == ""none""","size_p == ""0""",No
24,1607885830162:2cded658-084b-4cb7-bc8e-d75e4b9511dc,1607885830162:cd006f25-7791-43b0-bc80-1308c0728e40,"size == ""0""","isEmpty == ""True""","peek_obj_type == ""EmptyObject""","push == ""class java.lang.String""","pop == ""none""","clear == ""none""","size_p == ""0""",Yes
25,1607885830162:2cded658-084b-4cb7-bc8e-d75e4b9511dc,1607885830162:cd006f25-7791-43b0-bc80-1308c0728e40,"size == ""0""","isEmpty == ""True""","peek_obj_type == ""EmptyObject""","push == ""class java.lang.String""","pop == ""none""","clear == ""none""","size_p == ""0""",Yes
27,1607885830162:2cded658-084b-4cb7-bc8e-d75e4b9511dc,1607885830162:9b3e437b-30cf-45b2-bcea-cf54ccce294d,"size == ""0""","isEmpty == ""True""","peek_obj_type == ""EmptyObject""","push == ""class java.lang.String""","pop == ""none""","clear == ""none""","size_p == ""0""",Yes
28,1607885830162:2cded658-084b-4cb7-bc8e-d75e4b9511dc,1607885830162:9b3e437b-30cf-45b2-bcea-cf54ccce294d,"size == ""0""","isEmpty == ""True""","peek_obj_type == ""EmptyObject""","push == ""none""","pop == ""EmptyObject""","clear == ""none""","size_p == ""0""",No
30,1607885830161:df2b5b01-4e1c-49b0-bf72-c2837f50164b,1607885830161:37508c80-342f-41b2-90d9-9bf588a9d784,"size == ""0""","isEmpty == ""True""","peek_obj_type == ""EmptyObject""","push == ""class java.lang.String""","pop == ""none""","clear == ""none""","size_p == ""0""",Yes
31,1607885830161:df2b5b01-4e1c-49b0-bf72-c2837f50164b,1607885830161:37508c80-342f-41b2-90d9-9bf588a9d784,"size == ""0""","isEmpty == ""True""","peek_obj_type == ""EmptyObject""","push == ""none""","pop == ""EmptyObject""","clear == ""none""","size_p == ""0""",No
33,1607885830161:a7899732-a3c4-4f75-9d32-ec410dfde09f,1607885830161:9713a6d0-eda1-4ace-b2a6-46dbaef0a4ae,"size == ""1""","isEmpty == ""False""","peek_obj_type == ""class java.lang.String""","push == ""none""","pop == ""none""","clear == ""clear""","size_p == ""0""",Yes
34,1607885830161:a7899732-a3c4-4f75-9d32-ec410dfde09f,1607885830161:9713a6d0-eda1-4ace-b2a6-46dbaef0a4ae,"size == ""1""","isEmpty == ""False""","peek_obj_type == ""class java.lang.String""","push == ""class java.lang.String""","pop == ""none""","clear == ""none""","size_p == ""1""",Yes
35,1607885830161:a7899732-a3c4-4f75-9d32-ec410dfde09f,1607885830161:9713a6d0-eda1-4ace-b2a6-46dbaef0a4ae,"size == ""2""","isEmpty == ""False""","peek_obj_type == ""class java.lang.String""","push == ""none""","pop == ""none""","clear == ""clear""","size_p == ""1""",Yes
36,1607885830161:a7899732-a3c4-4f75-9d32-ec410dfde09f,1607885830161:9713a6d0-eda1-4ace-b2a6-46dbaef0a4ae,"size == ""3""","isEmpty == ""False""","peek_obj_type == ""class java.lang.String""","push == ""none""","pop == ""none""","clear == ""clear""","size_p == ""2""",Yes
37,1607885830161:a7899732-a3c4-4f75-9d32-ec410dfde09f,1607885830161:9713a6d0-eda1-4ace-b2a6-46dbaef0a4ae,"size == ""4""","isEmpty == ""False""","peek_obj_type == ""class java.lang.String""","push == ""none""","pop == ""none""","clear == ""clear""","size_p == ""3""",Yes
39,1607885830161:a7899732-a3c4-4f75-9d32-ec410dfde09f,1607885830161:3e180809-a132-4b28-8bf9-02502d569ab3,"size == ""0""","isEmpty == ""True""","peek_obj_type == ""EmptyObject""","push == ""class java.lang.String""","pop == ""none""","clear == ""none""","size_p == ""0""",Yes
40,1607885830161:a7899732-a3c4-4f75-9d32-ec410dfde09f,1607885830161:3e180809-a132-4b28-8bf9-02502d569ab3,"size == ""0""","isEmpty == ""True""","peek_obj_type == ""EmptyObject""","push == ""none""","pop == ""EmptyObject""","clear == ""none""","size_p == ""0""",No
42,1607885830161:77b3d212-b18b-4a7f-bf60-7ca7823ed7fa,1607885830161:6f10804f-23a4-4568-833f-df1a7b337240,"size == ""0""","isEmpty == ""True""","peek_obj_type == ""EmptyObject""","push == ""class java.lang.String""","pop == ""none""","clear == ""none""","size_p == ""0""",Yes
43,1607885830161:77b3d212-b18b-4a7f-bf60-7ca7823ed7fa,1607885830161:6f10804f-23a4-4568-833f-df1a7b337240,"size == ""0""","isEmpty == ""True""","peek_obj_type == ""EmptyObject""","push == ""none""","pop == ""EmptyObject""","clear == ""none""","size_p == ""0""",No
45,1607885830161:3b7337c6-8f7c-4325-9790-d4b8ca44b1e6,1607885830161:ec0b77fc-6481-4d7d-bae1-4cb02df8cffd,"size == ""1""","isEmpty == ""False""","peek_obj_type == ""class java.lang.String""","push == ""none""","pop == ""none""","clear == ""clear""","size_p == ""0""",Yes
46,1607885830161:3b7337c6-8f7c-4325-9790-d4b8ca44b1e6,1607885830161:ec0b77fc-6481-4d7d-bae1-4cb02df8cffd,"size == ""1""","isEmpty == ""False""","peek_obj_type == ""class java.lang.String""","push == ""class java.lang.String""","pop == ""none""","clear == ""none""","size_p == ""1""",Yes
47,1607885830161:3b7337c6-8f7c-4325-9790-d4b8ca44b1e6,1607885830161:ec0b77fc-6481-4d7d-bae1-4cb02df8cffd,"size == ""2""","isEmpty == ""False""","peek_obj_type == ""class java.lang.String""","push == ""none""","pop == ""none""","clear == ""clear""","size_p == ""1""",Yes
48,1607885830161:3b7337c6-8f7c-4325-9790-d4b8ca44b1e6,1607885830161:ec0b77fc-6481-4d7d-bae1-4cb02df8cffd,"size == ""3""","isEmpty == ""False""","peek_obj_type == ""class java.lang.String""","push == ""none""","pop == ""none""","clear == ""clear""","size_p == ""2""",Yes
49,1607885830161:3b7337c6-8f7c-4325-9790-d4b8ca44b1e6,1607885830161:ec0b77fc-6481-4d7d-bae1-4cb02df8cffd,"size == ""4""","isEmpty == ""False""","peek_obj_type == ""class java.lang.String""","push == ""none""","pop == ""none""","clear == ""clear""","size_p == ""3""",Yes
51,1607885830161:3b7337c6-8f7c-4325-9790-d4b8ca44b1e6,1607885830161:d433b718-9dd0-48dd-80a2-735d14e9ab64,"size == ""0""","isEmpty == ""True""","peek_obj_type == ""EmptyObject""","push == ""class java.lang.String""","pop == ""none""","clear == ""none""","size_p == ""0""",Yes
52,1607885830161:3b7337c6-8f7c-4325-9790-d4b8ca44b1e6,1607885830161:d433b718-9dd0-48dd-80a2-735d14e9ab64,"size == ""0""","isEmpty == ""True""","peek_obj_type == ""EmptyObject""","push == ""none""","pop == ""EmptyObject""","clear == ""none""","size_p == ""0""",No
54,1607885830161:3970764a-5f61-4f46-bda3-5de7bfe4a1af,1607885830161:80248600-56ed-4a6d-aff2-8bb10c918fec,"size == ""0""","isEmpty == ""True""","peek_obj_type == ""EmptyObject""","push == ""class java.lang.String""","pop == ""none""","clear == ""none""","size_p == ""0""",Yes
55,1607885830161:3970764a-5f61-4f46-bda3-5de7bfe4a1af,1607885830161:80248600-56ed-4a6d-aff2-8bb10c918fec,"size == ""0""","isEmpty == ""True""","peek_obj_type == ""EmptyObject""","push == ""none""","pop == ""EmptyObject""","clear == ""none""","size_p == ""0""",No
57,1607885830161:3970764a-5f61-4f46-bda3-5de7bfe4a1af,1607885830161:1df1d381-e295-4176-94b4-d2db0ee446aa,"size == ""0""","isEmpty == ""True""","peek_obj_type == ""EmptyObject""","push == ""class java.lang.String""","pop == ""none""","clear == ""none""","size_p == ""0""",Yes
58,1607885830161:3970764a-5f61-4f46-bda3-5de7bfe4a1af,1607885830161:1df1d381-e295-4176-94b4-d2db0ee446aa,"size == ""0""","isEmpty == ""True""","peek_obj_type == ""EmptyObject""","push == ""class java.lang.String""","pop == ""none""","clear == ""none""","size_p == ""0""",Yes
59,1607885830161:3970764a-5f61-4f46-bda3-5de7bfe4a1af,1607885830161:1df1d381-e295-4176-94b4-d2db0ee446aa,"size == ""0""","isEmpty == ""True""","peek_obj_type == ""EmptyObject""","push == ""class java.lang.String""","pop == ""none""","clear == ""none""","size_p == ""0""",Yes
61,1607885830161:2bf52b8e-d870-47fd-a75e-20b5a9ccf911,1607885830161:8304b065-74ee-4987-9420-678d5fb8375d,"size == ""0""","isEmpty == ""True""","peek_obj_type == ""EmptyObject""","push == ""class java.lang.String""","pop == ""none""","clear == ""none""","size_p == ""0""",Yes
62,1607885830161:2bf52b8e-d870-47fd-a75e-20b5a9ccf911,1607885830161:8304b065-74ee-4987-9420-678d5fb8375d,"size == ""0""","isEmpty == ""True""","peek_obj_type == ""EmptyObject""","push == ""none""","pop == ""EmptyObject""","clear == ""none""","size_p == ""0""",No
64,1607885830161:2bf52b8e-d870-47fd-a75e-20b5a9ccf911,1607885830161:7778d0b2-7732-4154-8ebd-5f5df496bc9e,"size == ""1""","isEmpty == ""False""","peek_obj_type == ""class java.lang.String""","push == ""none""","pop == ""none""","clear == ""clear""","size_p == ""0""",Yes
65,1607885830161:2bf52b8e-d870-47fd-a75e-20b5a9ccf911,1607885830161:7778d0b2-7732-4154-8ebd-5f5df496bc9e,"size == ""1""","isEmpty == ""False""","peek_obj_type == ""class java.lang.String""","push == ""class java.lang.String""","pop == ""none""","clear == ""none""","size_p == ""1""",Yes
66,1607885830161:2bf52b8e-d870-47fd-a75e-20b5a9ccf911,1607885830161:7778d0b2-7732-4154-8ebd-5f5df496bc9e,"size == ""0""","isEmpty == ""True""","peek_obj_type == ""EmptyObject""","push == ""none""","pop == ""EmptyObject""","clear == ""none""","size_p == ""1""",No
67,1607885830161:2bf52b8e-d870-47fd-a75e-20b5a9ccf911,1607885830161:7778d0b2-7732-4154-8ebd-5f5df496bc9e,"size == ""1""","isEmpty == ""False""","peek_obj_type == ""class java.lang.String""","push == ""none""","pop == ""none""","clear == ""clear""","size_p == ""0""",Yes
69,1607885830160:ddd66bcd-325c-4fb5-8098-62ac8d5be02d,1607885830160:cd238115-b2f9-42b7-949b-a521b3fc117b,"size == ""0""","isEmpty == ""True""","peek_obj_type == ""EmptyObject""","push == ""class java.lang.String""","pop == ""none""","clear == ""none""","size_p == ""0""",Yes
72,1607885830160:ddd66bcd-325c-4fb5-8098-62ac8d5be02d,1607885830160:2b448aed-26d3-439b-8a92-9560e17ffc51,"size == ""0""","isEmpty == ""True""","peek_obj_type == ""EmptyObject""","push == ""class java.lang.String""","pop == ""none""","clear == ""none""","size_p == ""0""",Yes
73,1607885830160:ddd66bcd-325c-4fb5-8098-62ac8d5be02d,1607885830160:2b448aed-26d3-439b-8a92-9560e17ffc51,"size == ""0""","isEmpty == ""True""","peek_obj_type == ""EmptyObject""","push == ""none""","pop == ""EmptyObject""","clear == ""none""","size_p == ""0""",No
75,1607885830160:ceabba0e-3db1-466e-bb44-7f5110539ee9,1607885830160:cd1da861-2b97-42ee-9f72-3ff72caf2fc3,"size == ""0""","isEmpty == ""True""","peek_obj_type == ""EmptyObject""","push == ""class java.lang.String""","pop == ""none""","clear == ""none""","size_p == ""0""",Yes
76,1607885830160:ceabba0e-3db1-466e-bb44-7f5110539ee9,1607885830160:cd1da861-2b97-42ee-9f72-3ff72caf2fc3,"size == ""0""","isEmpty == ""True""","peek_obj_type == ""EmptyObject""","push == ""none""","pop == ""EmptyObject""","clear == ""none""","size_p == ""0""",No
78,1607885830160:ceabba0e-3db1-466e-bb44-7f5110539ee9,1607885830160:88994aab-a25e-490e-a9de-de9087c3f3a7,"size == ""0""","isEmpty == ""True""","peek_obj_type == ""EmptyObject""","push == ""class java.lang.String""","pop == ""none""","clear == ""none""","size_p == ""0""",Yes
80,1607885830160:97070b3b-667e-4a41-bfa2-aa121cef3739,1607885830160:eb7ab263-b90c-4b3a-bf9f-cf92594cc0b6,"size == ""0""","isEmpty == ""True""","peek_obj_type == ""EmptyObject""","push == ""class java.lang.String""","pop == ""none""","clear == ""none""","size_p == ""0""",Yes
81,1607885830160:97070b3b-667e-4a41-bfa2-aa121cef3739,1607885830160:eb7ab263-b90c-4b3a-bf9f-cf92594cc0b6,"size == ""0""","isEmpty == ""True""","peek_obj_type == ""EmptyObject""","push == ""none""","pop == ""EmptyObject""","clear == ""none""","size_p == ""0""",No
83,1607885830160:74ecc69b-bdea-4ea1-abd9-aaf223e42d9d,1607885830160:6e107222-2e28-4c4a-bd0e-3a41cfd3eaa7,"size == ""0""","isEmpty == ""True""","peek_obj_type == ""EmptyObject""","push == ""class java.lang.String""","pop == ""none""","clear == ""none""","size_p == ""0""",Yes
84,1607885830160:74ecc69b-bdea-4ea1-abd9-aaf223e42d9d,1607885830160:6e107222-2e28-4c4a-bd0e-3a41cfd3eaa7,"size == ""0""","isEmpty == ""True""","peek_obj_type == ""EmptyObject""","push == ""none""","pop == ""EmptyObject""","clear == ""none""","size_p == ""0""",No
86,1607885830160:74ecc69b-bdea-4ea1-abd9-aaf223e42d9d,1607885830160:0426e18f-784e-4bd5-b54f-c730f40990b0,"size == ""1""","isEmpty == ""False""","peek_obj_type == ""class java.lang.String""","push == ""none""","pop == ""none""","clear == ""clear""","size_p == ""0""",Yes
87,1607885830160:74ecc69b-bdea-4ea1-abd9-aaf223e42d9d,1607885830160:0426e18f-784e-4bd5-b54f-c730f40990b0,"size == ""1""","isEmpty == ""False""","peek_obj_type == ""class java.lang.String""","push == ""class java.lang.String""","pop == ""none""","clear == ""none""","size_p == ""1""",Yes
88,1607885830160:74ecc69b-bdea-4ea1-abd9-aaf223e42d9d,1607885830160:0426e18f-784e-4bd5-b54f-c730f40990b0,"size == ""2""","isEmpty == ""False""","peek_obj_type == ""class java.lang.String""","push == ""none""","pop == ""none""","clear == ""clear""","size_p == ""1""",Yes
89,1607885830160:74ecc69b-bdea-4ea1-abd9-aaf223e42d9d,1607885830160:0426e18f-784e-4bd5-b54f-c730f40990b0,"size == ""3""","isEmpty == ""False""","peek_obj_type == ""class java.lang.String""","push == ""none""","pop == ""none""","clear == ""clear""","size_p == ""2""",Yes
90,1607885830160:74ecc69b-bdea-4ea1-abd9-aaf223e42d9d,1607885830160:0426e18f-784e-4bd5-b54f-c730f40990b0,"size == ""4""","isEmpty == ""False""","peek_obj_type == ""class java.lang.String""","push == ""none""","pop == ""none""","clear == ""clear""","size_p == ""3""",Yes
92,1607885830160:220501e1-460f-4248-9a8d-19e931f54f99,1607885830160:d1a63334-5a76-468f-bd8d-c00872df8f11,"size == ""0""","isEmpty == ""True""","peek_obj_type == ""EmptyObject""","push == ""class java.lang.String""","pop == ""none""","clear == ""none""","size_p == ""0""",Yes
93,1607885830160:220501e1-460f-4248-9a8d-19e931f54f99,1607885830160:d1a63334-5a76-468f-bd8d-c00872df8f11,"size == ""0""","isEmpty == ""True""","peek_obj_type == ""EmptyObject""","push == ""none""","pop == ""EmptyObject""","clear == ""none""","size_p == ""0""",No
95,1607885830159:f265a5a2-1bf7-4592-8fb2-c6baf29a7d8e,1607885830159:cfaa160b-ceac-4139-b21b-fabec3a37cee,"size == ""0""","isEmpty == ""True""","peek_obj_type == ""EmptyObject""","push == ""class java.lang.String""","pop == ""none""","clear == ""none""","size_p == ""0""",Yes
96,1607885830159:f265a5a2-1bf7-4592-8fb2-c6baf29a7d8e,1607885830159:cfaa160b-ceac-4139-b21b-fabec3a37cee,"size == ""0""","isEmpty == ""True""","peek_obj_type == ""EmptyObject""","push == ""none""","pop == ""EmptyObject""","clear == ""none""","size_p == ""0""",No
98,1607885830159:f265a5a2-1bf7-4592-8fb2-c6baf29a7d8e,1607885830159:bdc73a31-0431-494f-baa1-82f27215b0f0,"size == ""0""","isEmpty == ""True""","peek_obj_type == ""EmptyObject""","push == ""class java.lang.String""","pop == ""none""","clear == ""none""","size_p == ""0""",Yes
100,1607885830159:f0a257fc-7c4e-499b-95e9-2c1cf8a3d789,1607885830159:f57a7fcf-fd32-410e-ba83-69c44d3fec7a,"size == ""0""","isEmpty == ""True""","peek_obj_type == ""EmptyObject""","push == ""class java.lang.String""","pop == ""none""","clear == ""none""","size_p == ""0""",Yes
101,1607885830159:f0a257fc-7c4e-499b-95e9-2c1cf8a3d789,1607885830159:f57a7fcf-fd32-410e-ba83-69c44d3fec7a,"size == ""0""","isEmpty == ""True""","peek_obj_type == ""EmptyObject""","push == ""none""","pop == ""EmptyObject""","clear == ""none""","size_p == ""0""",No
103,1607885830159:f0a257fc-7c4e-499b-95e9-2c1cf8a3d789,1607885830159:9bc15342-af02-4a43-9f58-72990d7a08f8,"size == ""0""","isEmpty == ""True""","peek_obj_type == ""EmptyObject""","push == ""class java.lang.String""","pop == ""none""","clear == ""none""","size_p == ""0""",Yes
105,1607885830159:9a112ade-95b2-4b87-a128-301608a6825d,1607885830159:95e28488-3fe9-4264-97cd-599494dece76,"size == ""0""","isEmpty == ""True""","peek_obj_type == ""EmptyObject""","push == ""class java.lang.String""","pop == ""none""","clear == ""none""","size_p == ""0""",Yes
106,1607885830159:9a112ade-95b2-4b87-a128-301608a6825d,1607885830159:95e28488-3fe9-4264-97cd-599494dece76,"size == ""0""","isEmpty == ""True""","peek_obj_type == ""EmptyObject""","push == ""none""","pop == ""EmptyObject""","clear == ""none""","size_p == ""0""",No
108,1607885830159:9a112ade-95b2-4b87-a128-301608a6825d,1607885830159:2387d508-9028-45e3-adab-bae026271f01,"size == ""0""","isEmpty == ""True""","peek_obj_type == ""EmptyObject""","push == ""class java.lang.String""","pop == ""none""","clear == ""none""","size_p == ""0""",Yes
109,1607885830159:9a112ade-95b2-4b87-a128-301608a6825d,1607885830159:2387d508-9028-45e3-adab-bae026271f01,"size == ""0""","isEmpty == ""True""","peek_obj_type == ""EmptyObject""","push == ""class java.lang.String""","pop == ""none""","clear == ""none""","size_p == ""0""",Yes
112,1607885830159:0a9dd6db-857d-43be-9be4-ed3f32e2c585,1607885830159:32f74f32-65fc-4d98-836e-25cb10a7c959,"size == ""0""","isEmpty == ""True""","peek_obj_type == ""EmptyObject""","push == ""class java.lang.String""","pop == ""none""","clear == ""none""","size_p == ""0""",Yes
114,1607885830159:0a9dd6db-857d-43be-9be4-ed3f32e2c585,1607885830159:05c049c8-f63e-4714-8cbd-5d2fb42c4333,"size == ""0""","isEmpty == ""True""","peek_obj_type == ""EmptyObject""","push == ""class java.lang.String""","pop == ""none""","clear == ""none""","size_p == ""0""",Yes
115,1607885830159:0a9dd6db-857d-43be-9be4-ed3f32e2c585,1607885830159:05c049c8-f63e-4714-8cbd-5d2fb42c4333,"size == ""0""","isEmpty == ""True""","peek_obj_type == ""EmptyObject""","push == ""none""","pop == ""EmptyObject""","clear == ""none""","size_p == ""0""",No
117,1607885830158:1a1d4e36-a35b-4233-9af0-82cbe8c050c5,1607885830158:cdb1d3bb-4222-4b32-b856-0c4ccd4c92d8,"size == ""0""","isEmpty == ""True""","peek_obj_type == ""EmptyObject""","push == ""class java.lang.String""","pop == ""none""","clear == ""none""","size_p == ""0""",Yes
118,1607885830158:1a1d4e36-a35b-4233-9af0-82cbe8c050c5,1607885830158:cdb1d3bb-4222-4b32-b856-0c4ccd4c92d8,"size == ""0""","isEmpty == ""True""","peek_obj_type == ""EmptyObject""","push == ""none""","pop == ""EmptyObject""","clear == ""none""","size_p == ""0""",No
120,1607885830157:c1494efc-1dd7-4022-886b-d3eae398ab46,1607885830157:cb1c5cdd-bb66-4044-9bfd-b6e1346360f9,"size == ""0""","isEmpty == ""True""","peek_obj_type == ""EmptyObject""","push == ""class java.lang.String""","pop == ""none""","clear == ""none""","size_p == ""0""",Yes
121,1607885830157:c1494efc-1dd7-4022-886b-d3eae398ab46,1607885830157:cb1c5cdd-bb66-4044-9bfd-b6e1346360f9,"size == ""0""","isEmpty == ""True""","peek_obj_type == ""EmptyObject""","push == ""none""","pop == ""EmptyObject""","clear == ""none""","size_p == ""0""",No
123,1607885830157:c1494efc-1dd7-4022-886b-d3eae398ab46,1607885830157:ca832b56-f36f-4296-8bd5-81f6a31e251f,"size == ""1""","isEmpty == ""False""","peek_obj_type == ""class java.lang.String""","push == ""none""","pop == ""none""","clear == ""clear""","size_p == ""0""",Yes
124,1607885830157:c1494efc-1dd7-4022-886b-d3eae398ab46,1607885830157:ca832b56-f36f-4296-8bd5-81f6a31e251f,"size == ""1""","isEmpty == ""False""","peek_obj_type == ""class java.lang.String""","push == ""class java.lang.String""","pop == ""none""","clear == ""none""","size_p == ""1""",Yes
125,1607885830157:c1494efc-1dd7-4022-886b-d3eae398ab46,1607885830157:ca832b56-f36f-4296-8bd5-81f6a31e251f,"size == ""2""","isEmpty == ""False""","peek_obj_type == ""class java.lang.String""","push == ""none""","pop == ""none""","clear == ""clear""","size_p == ""1""",Yes
126,1607885830157:c1494efc-1dd7-4022-886b-d3eae398ab46,1607885830157:ca832b56-f36f-4296-8bd5-81f6a31e251f,"size == ""3""","isEmpty == ""False""","peek_obj_type == ""class java.lang.String""","push == ""none""","pop == ""none""","clear == ""clear""","size_p == ""2""",Yes
127,1607885830157:c1494efc-1dd7-4022-886b-d3eae398ab46,1607885830157:ca832b56-f36f-4296-8bd5-81f6a31e251f,"size == ""4""","isEmpty == ""False""","peek_obj_type == ""class java.lang.String""","push == ""none""","pop == ""none""","clear == ""clear""","size_p == ""3""",Yes
129,1607885830157:68341f98-de97-4cc9-8d39-972767c69de3,1607885830157:f736ba81-6485-4437-a3bf-e9d5560a33ed,"size == ""0""","isEmpty == ""True""","peek_obj_type == ""EmptyObject""","push == ""class java.lang.String""","pop == ""none""","clear == ""none""","size_p == ""0""",Yes
130,1607885830157:68341f98-de97-4cc9-8d39-972767c69de3,1607885830157:f736ba81-6485-4437-a3bf-e9d5560a33ed,"size == ""0""","isEmpty == ""True""","peek_obj_type == ""EmptyObject""","push == ""none""","pop == ""EmptyObject""","clear == ""none""","size_p == ""0""",No
132,1607885830157:68341f98-de97-4cc9-8d39-972767c69de3,1607885830157:5aac81f1-d949-4b90-bc7b-7304a23ba480,"size == ""1""","isEmpty == ""False""","peek_obj_type == ""class java.lang.String""","push == ""none""","pop == ""none""","clear == ""clear""","size_p == ""0""",Yes
133,1607885830157:68341f98-de97-4cc9-8d39-972767c69de3,1607885830157:5aac81f1-d949-4b90-bc7b-7304a23ba480,"size == ""1""","isEmpty == ""False""","peek_obj_type == ""class java.lang.String""","push == ""class java.lang.String""","pop == ""none""","clear == ""none""","size_p == ""1""",Yes
134,1607885830157:68341f98-de97-4cc9-8d39-972767c69de3,1607885830157:5aac81f1-d949-4b90-bc7b-7304a23ba480,"size == ""2""","isEmpty == ""False""","peek_obj_type == ""class java.lang.String""","push == ""none""","pop == ""none""","clear == ""clear""","size_p == ""1""",Yes
135,1607885830157:68341f98-de97-4cc9-8d39-972767c69de3,1607885830157:5aac81f1-d949-4b90-bc7b-7304a23ba480,"size == ""3""","isEmpty == ""False""","peek_obj_type == ""class java.lang.String""","push == ""none""","pop == ""none""","clear == ""clear""","size_p == ""2""",Yes
136,1607885830157:68341f98-de97-4cc9-8d39-972767c69de3,1607885830157:5aac81f1-d949-4b90-bc7b-7304a23ba480,"size == ""4""","isEmpty == ""False""","peek_obj_type == ""class java.lang.String""","push == ""none""","pop == ""none""","clear == ""clear""","size_p == ""3""",Yes
138,1607885830157:3f3ca8a3-6d7a-4318-8877-c5693fe5ab4c,1607885830157:e2494a16-5b09-4616-b427-9d0333ddbdbc,"size == ""0""","isEmpty == ""True""","peek_obj_type == ""EmptyObject""","push == ""class java.lang.String""","pop == ""none""","clear == ""none""","size_p == ""0""",Yes
139,1607885830157:3f3ca8a3-6d7a-4318-8877-c5693fe5ab4c,1607885830157:e2494a16-5b09-4616-b427-9d0333ddbdbc,"size == ""0""","isEmpty == ""True""","peek_obj_type == ""EmptyObject""","push == ""class java.lang.String""","pop == ""none""","clear == ""none""","size_p == ""0""",Yes
141,1607885830157:3f3ca8a3-6d7a-4318-8877-c5693fe5ab4c,1607885830157:75e01b7d-6cdf-4baa-b7b2-190b69ae00cc,"size == ""0""","isEmpty == ""True""","peek_obj_type == ""EmptyObject""","push == ""class java.lang.String""","pop == ""none""","clear == ""none""","size_p == ""0""",Yes
142,1607885830157:3f3ca8a3-6d7a-4318-8877-c5693fe5ab4c,1607885830157:75e01b7d-6cdf-4baa-b7b2-190b69ae00cc,"size == ""0""","isEmpty == ""True""","peek_obj_type == ""EmptyObject""","push == ""none""","pop == ""EmptyObject""","clear == ""none""","size_p == ""0""",No
144,1607885830157:1638da60-6cd8-42b9-8f50-53aadffa0393,1607885830157:459ffcbf-551c-4347-9ac7-e19abc8ffd01,"size == ""0""","isEmpty == ""True""","peek_obj_type == ""EmptyObject""","push == ""class java.lang.String""","pop == ""none""","clear == ""none""","size_p == ""0""",Yes
145,1607885830157:1638da60-6cd8-42b9-8f50-53aadffa0393,1607885830157:459ffcbf-551c-4347-9ac7-e19abc8ffd01,"size == ""0""","isEmpty == ""True""","peek_obj_type == ""EmptyObject""","push == ""none""","pop == ""EmptyObject""","clear == ""none""","size_p == ""0""",No
147,1607885830157:161208f6-6acf-447b-994e-cd535122f370,1607885830158:23c4f843-2d72-4564-ba16-ab21185b4755,"size == ""0""","isEmpty == ""True""","peek_obj_type == ""EmptyObject""","push == ""class java.lang.String""","pop == ""none""","clear == ""none""","size_p == ""0""",Yes
148,1607885830157:161208f6-6acf-447b-994e-cd535122f370,1607885830158:23c4f843-2d72-4564-ba16-ab21185b4755,"size == ""0""","isEmpty == ""True""","peek_obj_type == ""EmptyObject""","push == ""none""","pop == ""EmptyObject""","clear == ""none""","size_p == ""0""",No
151,1607885830157:161208f6-6acf-447b-994e-cd535122f370,1607885830157:66518974-ed95-4719-9306-e9a12adf4e20,"size == ""0""","isEmpty == ""True""","peek_obj_type == ""EmptyObject""","push == ""class java.lang.String""","pop == ""none""","clear == ""none""","size_p == ""0""",Yes
153,1607885830156:f12339f9-e2e6-45be-a234-4f26d783a0f5,1607885830156:cf2ff41a-c695-431b-92bb-6562cbfef8fa,"size == ""0""","isEmpty == ""True""","peek_obj_type == ""EmptyObject""","push == ""class java.lang.String""","pop == ""none""","clear == ""none""","size_p == ""0""",Yes
154,1607885830156:f12339f9-e2e6-45be-a234-4f26d783a0f5,1607885830156:cf2ff41a-c695-431b-92bb-6562cbfef8fa,"size == ""0""","isEmpty == ""True""","peek_obj_type == ""EmptyObject""","push == ""none""","pop == ""EmptyObject""","clear == ""none""","size_p == ""0""",No
156,1607885830156:f12339f9-e2e6-45be-a234-4f26d783a0f5,1607885830156:81dfe69e-cb07-4ce9-9a7c-e9af5fe18de0,"size == ""0""","isEmpty == ""True""","peek_obj_type == ""EmptyObject""","push == ""class java.lang.String""","pop == ""none""","clear == ""none""","size_p == ""0""",Yes
157,1607885830156:f12339f9-e2e6-45be-a234-4f26d783a0f5,1607885830156:81dfe69e-cb07-4ce9-9a7c-e9af5fe18de0,"size == ""0""","isEmpty == ""True""","peek_obj_type == ""EmptyObject""","push == ""class java.lang.String""","pop == ""none""","clear == ""none""","size_p == ""0""",Yes
159,1607885830156:cb4f2464-489f-4350-a48f-ff3ab1baab6f,1607885830156:201999b9-fad3-4b5b-9df4-ba7289f7e010,"size == ""0""","isEmpty == ""True""","peek_obj_type == ""EmptyObject""","push == ""class java.lang.String""","pop == ""none""","clear == ""none""","size_p == ""0""",Yes
160,1607885830156:cb4f2464-489f-4350-a48f-ff3ab1baab6f,1607885830156:201999b9-fad3-4b5b-9df4-ba7289f7e010,"size == ""0""","isEmpty == ""True""","peek_obj_type == ""EmptyObject""","push == ""none""","pop == ""EmptyObject""","clear == ""none""","size_p == ""0""",No
162,1607885830156:82961f3f-3afd-4322-bd6d-6de618701988,1607885830156:ab174fcd-79d7-41b8-aa9f-0ea8762daf7c,"size == ""0""","isEmpty == ""True""","peek_obj_type == ""EmptyObject""","push == ""class java.lang.String""","pop == ""none""","clear == ""none""","size_p == ""0""",Yes
163,1607885830156:82961f3f-3afd-4322-bd6d-6de618701988,1607885830156:ab174fcd-79d7-41b8-aa9f-0ea8762daf7c,"size == ""0""","isEmpty == ""True""","peek_obj_type == ""EmptyObject""","push == ""none""","pop == ""EmptyObject""","clear == ""none""","size_p == ""0""",No
165,1607885830156:82961f3f-3afd-4322-bd6d-6de618701988,1607885830156:8cc9eed5-36d9-4640-8343-2b7017901129,"size == ""0""","isEmpty == ""True""","peek_obj_type == ""EmptyObject""","push == ""class java.lang.String""","pop == ""none""","clear == ""none""","size_p == ""0""",Yes
168,1607885830156:70128bfd-9287-4b2f-ab0e-ba1ff6e0a50c,1607885830156:8e7eaf02-2ab5-42bb-ac28-443b8fe33504,"size == ""1""","isEmpty == ""False""","peek_obj_type == ""class java.lang.String""","push == ""none""","pop == ""none""","clear == ""clear""","size_p == ""0""",Yes
169,1607885830156:70128bfd-9287-4b2f-ab0e-ba1ff6e0a50c,1607885830156:8e7eaf02-2ab5-42bb-ac28-443b8fe33504,"size == ""1""","isEmpty == ""False""","peek_obj_type == ""class java.lang.String""","push == ""class java.lang.String""","pop == ""none""","clear == ""none""","size_p == ""1""",Yes
170,1607885830156:70128bfd-9287-4b2f-ab0e-ba1ff6e0a50c,1607885830156:8e7eaf02-2ab5-42bb-ac28-443b8fe33504,"size == ""2""","isEmpty == ""False""","peek_obj_type == ""class java.lang.String""","push == ""none""","pop == ""none""","clear == ""clear""","size_p == ""1""",Yes
171,1607885830156:70128bfd-9287-4b2f-ab0e-ba1ff6e0a50c,1607885830156:8e7eaf02-2ab5-42bb-ac28-443b8fe33504,"size == ""3""","isEmpty == ""False""","peek_obj_type == ""class java.lang.String""","push == ""none""","pop == ""none""","clear == ""clear""","size_p == ""2""",Yes
172,1607885830156:70128bfd-9287-4b2f-ab0e-ba1ff6e0a50c,1607885830156:8e7eaf02-2ab5-42bb-ac28-443b8fe33504,"size == ""4""","isEmpty == ""False""","peek_obj_type == ""class java.lang.String""","push == ""none""","pop == ""none""","clear == ""clear""","size_p == ""3""",Yes
174,1607885830156:70128bfd-9287-4b2f-ab0e-ba1ff6e0a50c,1607885830156:333b08ca-3720-472c-a9fa-6aebba88d12a,"size == ""0""","isEmpty == ""True""","peek_obj_type == ""EmptyObject""","push == ""class java.lang.String""","pop == ""none""","clear == ""none""","size_p == ""0""",Yes
175,1607885830156:70128bfd-9287-4b2f-ab0e-ba1ff6e0a50c,1607885830156:333b08ca-3720-472c-a9fa-6aebba88d12a,"size == ""0""","isEmpty == ""True""","peek_obj_type == ""EmptyObject""","push == ""none""","pop == ""EmptyObject""","clear == ""none""","size_p == ""0""",No
177,1607885830155:b4e73fb4-47ca-405a-b618-7c323897c09f,1607885830155:f678b704-ab1c-4c08-a6bb-3b28078ead7e,"size == ""0""","isEmpty == ""True""","peek_obj_type == ""EmptyObject""","push == ""class java.lang.String""","pop == ""none""","clear == ""none""","size_p == ""0""",Yes
178,1607885830155:b4e73fb4-47ca-405a-b618-7c323897c09f,1607885830155:f678b704-ab1c-4c08-a6bb-3b28078ead7e,"size == ""0""","isEmpty == ""True""","peek_obj_type == ""EmptyObject""","push == ""none""","pop == ""EmptyObject""","clear == ""none""","size_p == ""0""",No
180,1607885830155:b4e73fb4-47ca-405a-b618-7c323897c09f,1607885830155:6eb63735-b5ec-4067-ad3f-aa49d2f48655,"size == ""1""","isEmpty == ""False""","peek_obj_type == ""class java.lang.String""","push == ""none""","pop == ""none""","clear == ""clear""","size_p == ""0""",Yes
181,1607885830155:b4e73fb4-47ca-405a-b618-7c323897c09f,1607885830155:6eb63735-b5ec-4067-ad3f-aa49d2f48655,"size == ""1""","isEmpty == ""False""","peek_obj_type == ""class java.lang.String""","push == ""class java.lang.String""","pop == ""none""","clear == ""none""","size_p == ""1""",Yes
182,1607885830155:b4e73fb4-47ca-405a-b618-7c323897c09f,1607885830155:6eb63735-b5ec-4067-ad3f-aa49d2f48655,"size == ""2""","isEmpty == ""False""","peek_obj_type == ""class java.lang.String""","push == ""none""","pop == ""none""","clear == ""clear""","size_p == ""1""",Yes
183,1607885830155:b4e73fb4-47ca-405a-b618-7c323897c09f,1607885830155:6eb63735-b5ec-4067-ad3f-aa49d2f48655,"size == ""3""","isEmpty == ""False""","peek_obj_type == ""class java.lang.String""","push == ""none""","pop == ""none""","clear == ""clear""","size_p == ""2""",Yes
184,1607885830155:b4e73fb4-47ca-405a-b618-7c323897c09f,1607885830155:6eb63735-b5ec-4067-ad3f-aa49d2f48655,"size == ""4""","isEmpty == ""False""","peek_obj_type == ""class java.lang.String""","push == ""none""","pop == ""none""","clear == ""clear""","size_p == ""3""",Yes
186,1607885830155:81755ed2-bd24-4539-8386-a94a87bdbed6,1607885830155:92ef4efd-b696-48c3-947a-3c349987728c,"size == ""0""","isEmpty == ""True""","peek_obj_type == ""EmptyObject""","push == ""class java.lang.String""","pop == ""none""","clear == ""none""","size_p == ""0""",Yes
187,1607885830155:81755ed2-bd24-4539-8386-a94a87bdbed6,1607885830155:92ef4efd-b696-48c3-947a-3c349987728c,"size == ""0""","isEmpty == ""True""","peek_obj_type == ""EmptyObject""","push == ""none""","pop == ""EmptyObject""","clear == ""none""","size_p == ""0""",No
189,1607885830155:487ecfe3-a4ba-4fc3-8059-963f216af3af,1607885830156:6fc74b1c-af80-4323-8d99-9a33b0017639,"size == ""0""","isEmpty == ""True""","peek_obj_type == ""EmptyObject""","push == ""class java.lang.String""","pop == ""none""","clear == ""none""","size_p == ""0""",Yes
190,1607885830155:487ecfe3-a4ba-4fc3-8059-963f216af3af,1607885830156:6fc74b1c-af80-4323-8d99-9a33b0017639,"size == ""0""","isEmpty == ""True""","peek_obj_type == ""EmptyObject""","push == ""none""","pop == ""EmptyObject""","clear == ""none""","size_p == ""0""",No
192,1607885830155:487ecfe3-a4ba-4fc3-8059-963f216af3af,1607885830155:9ca3d1da-a271-4c31-b677-074b4af99efb,"size == ""1""","isEmpty == ""False""","peek_obj_type == ""class java.lang.String""","push == ""none""","pop == ""none""","clear == ""clear""","size_p == ""0""",Yes
193,1607885830155:487ecfe3-a4ba-4fc3-8059-963f216af3af,1607885830155:9ca3d1da-a271-4c31-b677-074b4af99efb,"size == ""1""","isEmpty == ""False""","peek_obj_type == ""class java.lang.String""","push == ""class java.lang.String""","pop == ""none""","clear == ""none""","size_p == ""1""",Yes
194,1607885830155:487ecfe3-a4ba-4fc3-8059-963f216af3af,1607885830155:9ca3d1da-a271-4c31-b677-074b4af99efb,"size == ""2""","isEmpty == ""False""","peek_obj_type == ""class java.lang.String""","push == ""none""","pop == ""none""","clear == ""clear""","size_p == ""1""",Yes
196,1607885830155:261c032e-e1a2-40f6-8dc2-91d79a48af2f,1607885830155:746c12f2-07ab-4f84-b2c4-427488d8a87a,"size == ""0""","isEmpty == ""True""","peek_obj_type == ""EmptyObject""","push == ""class java.lang.String""","pop == ""none""","clear == ""none""","size_p == ""0""",Yes
197,1607885830155:261c032e-e1a2-40f6-8dc2-91d79a48af2f,1607885830155:746c12f2-07ab-4f84-b2c4-427488d8a87a,"size == ""0""","isEmpty == ""True""","peek_obj_type == ""EmptyObject""","push == ""none""","pop == ""EmptyObject""","clear == ""none""","size_p == ""0""",No
199,1607885830155:09adbaf8-9356-4e8c-8271-2016067201b0,1607885830155:9153f670-58a8-4f21-a20f-ecca0a47dda9,"size == ""0""","isEmpty == ""True""","peek_obj_type == ""EmptyObject""","push == ""class java.lang.String""","pop == ""none""","clear == ""none""","size_p == ""0""",Yes
200,1607885830155:09adbaf8-9356-4e8c-8271-2016067201b0,1607885830155:9153f670-58a8-4f21-a20f-ecca0a47dda9,"size == ""0""","isEmpty == ""True""","peek_obj_type == ""EmptyObject""","push == ""none""","pop == ""EmptyObject""","clear == ""none""","size_p == ""0""",No
202,1607885830155:0318a972-fa22-4483-a075-5682bff886cf,1607885830155:fcfa356f-f659-4a1e-96f7-2d510364e751,"size == ""0""","isEmpty == ""True""","peek_obj_type == ""EmptyObject""","push == ""class java.lang.String""","pop == ""none""","clear == ""none""","size_p == ""0""",Yes
203,1607885830155:0318a972-fa22-4483-a075-5682bff886cf,1607885830155:fcfa356f-f659-4a1e-96f7-2d510364e751,"size == ""0""","isEmpty == ""True""","peek_obj_type == ""EmptyObject""","push == ""none""","pop == ""EmptyObject""","clear == ""none""","size_p == ""0""",No
205,1607885830154:f819d86b-63a8-4a22-b991-b07c62340991,1607885830154:c55b18f9-5863-416c-aae2-0c3c2a0cbc62,"size == ""0""","isEmpty == ""True""","peek_obj_type == ""EmptyObject""","push == ""class java.lang.String""","pop == ""none""","clear == ""none""","size_p == ""0""",Yes
206,1607885830154:f819d86b-63a8-4a22-b991-b07c62340991,1607885830154:c55b18f9-5863-416c-aae2-0c3c2a0cbc62,"size == ""0""","isEmpty == ""True""","peek_obj_type == ""EmptyObject""","push == ""none""","pop == ""EmptyObject""","clear == ""none""","size_p == ""0""",No
208,1607885830154:f819d86b-63a8-4a22-b991-b07c62340991,1607885830154:4707b9f6-3edf-430c-954c-5502656e824f,"size == ""1""","isEmpty == ""False""","peek_obj_type == ""class java.lang.String""","push == ""none""","pop == ""none""","clear == ""clear""","size_p == ""0""",Yes
209,1607885830154:f819d86b-63a8-4a22-b991-b07c62340991,1607885830154:4707b9f6-3edf-430c-954c-5502656e824f,"size == ""1""","isEmpty == ""False""","peek_obj_type == ""class java.lang.String""","push == ""class java.lang.String""","pop == ""none""","clear == ""none""","size_p == ""1""",Yes
210,1607885830154:f819d86b-63a8-4a22-b991-b07c62340991,1607885830154:4707b9f6-3edf-430c-954c-5502656e824f,"size == ""2""","isEmpty == ""False""","peek_obj_type == ""class java.lang.String""","push == ""none""","pop == ""none""","clear == ""clear""","size_p == ""1""",Yes
211,1607885830154:f819d86b-63a8-4a22-b991-b07c62340991,1607885830154:4707b9f6-3edf-430c-954c-5502656e824f,"size == ""3""","isEmpty == ""False""","peek_obj_type == ""class java.lang.String""","push == ""none""","pop == ""none""","clear == ""clear""","size_p == ""2""",Yes
212,1607885830154:f819d86b-63a8-4a22-b991-b07c62340991,1607885830154:4707b9f6-3edf-430c-954c-5502656e824f,"size == ""4""","isEmpty == ""False""","peek_obj_type == ""class java.lang.String""","push == ""none""","pop == ""none""","clear == ""clear""","size_p == ""3""",Yes
214,1607885830154:67835ded-2b42-4c98-8664-324d42301779,1607885830154:f866a872-cc53-46f5-895b-74e2148bae5b,"size == ""0""","isEmpty == ""True""","peek_obj_type == ""EmptyObject""","push == ""class java.lang.String""","pop == ""none""","clear == ""none""","size_p == ""0""",Yes
216,1607885830154:67835ded-2b42-4c98-8664-324d42301779,1607885830154:cdb1c354-be03-419c-9a4f-7f96169ff1d4,"size == ""0""","isEmpty == ""True""","peek_obj_type == ""EmptyObject""","push == ""class java.lang.String""","pop == ""none""","clear == ""none""","size_p == ""0""",Yes
217,1607885830154:67835ded-2b42-4c98-8664-324d42301779,1607885830154:cdb1c354-be03-419c-9a4f-7f96169ff1d4,"size == ""0""","isEmpty == ""True""","peek_obj_type == ""EmptyObject""","push == ""none""","pop == ""EmptyObject""","clear == ""none""","size_p == ""0""",No
219,1607885830154:4f29ddc1-808b-49e5-84e1-49b070894bfa,1607885830154:3a190a82-7b13-4b87-a18a-630cb8767f21,"size == ""1""","isEmpty == ""False""","peek_obj_type == ""class java.lang.String""","push == ""none""","pop == ""none""","clear == ""clear""","size_p == ""0""",Yes
220,1607885830154:4f29ddc1-808b-49e5-84e1-49b070894bfa,1607885830154:3a190a82-7b13-4b87-a18a-630cb8767f21,"size == ""1""","isEmpty == ""False""","peek_obj_type == ""class java.lang.String""","push == ""class java.lang.String""","pop == ""none""","clear == ""none""","size_p == ""1""",Yes
221,1607885830154:4f29ddc1-808b-49e5-84e1-49b070894bfa,1607885830154:3a190a82-7b13-4b87-a18a-630cb8767f21,"size == ""0""","isEmpty == ""True""","peek_obj_type == ""EmptyObject""","push == ""none""","pop == ""EmptyObject""","clear == ""none""","size_p == ""1""",No
222,1607885830154:4f29ddc1-808b-49e5-84e1-49b070894bfa,1607885830154:3a190a82-7b13-4b87-a18a-630cb8767f21,"size == ""1""","isEmpty == ""False""","peek_obj_type == ""class java.lang.String""","push == ""none""","pop == ""none""","clear == ""clear""","size_p == ""0""",Yes
224,1607885830154:4f29ddc1-808b-49e5-84e1-49b070894bfa,1607885830154:2d51888a-7e69-4413-8025-ffd539c8928a,"size == ""0""","isEmpty == ""True""","peek_obj_type == ""EmptyObject""","push == ""class java.lang.String""","pop == ""none""","clear == ""none""","size_p == ""0""",Yes
225,1607885830154:4f29ddc1-808b-49e5-84e1-49b070894bfa,1607885830154:2d51888a-7e69-4413-8025-ffd539c8928a,"size == ""0""","isEmpty == ""True""","peek_obj_type == ""EmptyObject""","push == ""class java.lang.String""","pop == ""none""","clear == ""none""","size_p == ""0""",Yes
226,1607885830154:4f29ddc1-808b-49e5-84e1-49b070894bfa,1607885830154:2d51888a-7e69-4413-8025-ffd539c8928a,"size == ""0""","isEmpty == ""True""","peek_obj_type == ""EmptyObject""","push == ""class java.lang.String""","pop == ""none""","clear == ""none""","size_p == ""0""",Yes
228,1607885830154:4f29ddc1-808b-49e5-84e1-49b070894bfa,1607885830154:066f9356-07fa-45a4-a217-a5cef190da3e,"size == ""0""","isEmpty == ""True""","peek_obj_type == ""EmptyObject""","push == ""class java.lang.String""","pop == ""none""","clear == ""none""","size_p == ""0""",Yes
229,1607885830154:4f29ddc1-808b-49e5-84e1-49b070894bfa,1607885830154:066f9356-07fa-45a4-a217-a5cef190da3e,"size == ""0""","isEmpty == ""True""","peek_obj_type == ""EmptyObject""","push == ""none""","pop == ""EmptyObject""","clear == ""none""","size_p == ""0""",No
231,1607885830154:016a01be-fe56-4279-bf96-0c5be28e6329,1607885830154:21c3915b-1d4e-4012-8841-66229eadd653,"size == ""0""","isEmpty == ""True""","peek_obj_type == ""EmptyObject""","push == ""class java.lang.String""","pop == ""none""","clear == ""none""","size_p == ""0""",Yes
232,1607885830154:016a01be-fe56-4279-bf96-0c5be28e6329,1607885830154:21c3915b-1d4e-4012-8841-66229eadd653,"size == ""0""","isEmpty == ""True""","peek_obj_type == ""EmptyObject""","push == ""none""","pop == ""EmptyObject""","clear == ""none""","size_p == ""0""",No
234,1607885830153:e95935ee-67b9-4400-a6dc-84e98ce7da18,1607885830153:5a870cb0-fe21-4a90-a6f5-52d2de74d625,"size == ""0""","isEmpty == ""True""","peek_obj_type == ""EmptyObject""","push == ""class java.lang.String""","pop == ""none""","clear == ""none""","size_p == ""0""",Yes
235,1607885830153:e95935ee-67b9-4400-a6dc-84e98ce7da18,1607885830153:5a870cb0-fe21-4a90-a6f5-52d2de74d625,"size == ""0""","isEmpty == ""True""","peek_obj_type == ""EmptyObject""","push == ""class java.lang.String""","pop == ""none""","clear == ""none""","size_p == ""0""",Yes
236,1607885830153:e95935ee-67b9-4400-a6dc-84e98ce7da18,1607885830153:5a870cb0-fe21-4a90-a6f5-52d2de74d625,"size == ""0""","isEmpty == ""True""","peek_obj_type == ""EmptyObject""","push == ""class java.lang.String""","pop == ""none""","clear == ""none""","size_p == ""0""",Yes
237,1607885830153:e95935ee-67b9-4400-a6dc-84e98ce7da18,1607885830153:5a870cb0-fe21-4a90-a6f5-52d2de74d625,"size == ""0""","isEmpty == ""True""","peek_obj_type == ""EmptyObject""","push == ""none""","pop == ""EmptyObject""","clear == ""none""","size_p == ""0""",Yes
239,1607885830153:d5502f50-9c28-4759-8acb-74c23ea01651,1607885830153:c4e4b1fe-5228-4f12-9404-80195594e850,"size == ""0""","isEmpty == ""True""","peek_obj_type == ""EmptyObject""","push == ""class java.lang.String""","pop == ""none""","clear == ""none""","size_p == ""0""",Yes
240,1607885830153:d5502f50-9c28-4759-8acb-74c23ea01651,1607885830153:c4e4b1fe-5228-4f12-9404-80195594e850,"size == ""0""","isEmpty == ""True""","peek_obj_type == ""EmptyObject""","push == ""none""","pop == ""EmptyObject""","clear == ""none""","size_p == ""0""",No
242,1607885830153:a037ebf5-501a-474d-9b79-a7062b872483,1607885830153:2ffbcedb-1c7c-4061-ae3f-dd41097ffee3,"size == ""0""","isEmpty == ""True""","peek_obj_type == ""EmptyObject""","push == ""class java.lang.String""","pop == ""none""","clear == ""none""","size_p == ""0""",Yes
243,1607885830153:a037ebf5-501a-474d-9b79-a7062b872483,1607885830153:2ffbcedb-1c7c-4061-ae3f-dd41097ffee3,"size == ""0""","isEmpty == ""True""","peek_obj_type == ""EmptyObject""","push == ""none""","pop == ""EmptyObject""","clear == ""none""","size_p == ""0""",No
245,1607885830153:5c7e89e3-6838-407f-bb1c-7ddd072af628,1607885830153:2ba82385-d4de-49ce-8924-20cd931227a3,"size == ""0""","isEmpty == ""True""","peek_obj_type == ""EmptyObject""","push == ""class java.lang.String""","pop == ""none""","clear == ""none""","size_p == ""0""",Yes
246,1607885830153:5c7e89e3-6838-407f-bb1c-7ddd072af628,1607885830153:2ba82385-d4de-49ce-8924-20cd931227a3,"size == ""0""","isEmpty == ""True""","peek_obj_type == ""EmptyObject""","push == ""none""","pop == ""EmptyObject""","clear == ""none""","size_p == ""0""",No
248,1607885830153:3bf81a75-4d07-4da5-92b7-986a0dc86f65,1607885830153:26e306cd-68e5-4229-a6fc-382186b5118c,"size == ""0""","isEmpty == ""True""","peek_obj_type == ""EmptyObject""","push == ""class java.lang.String""","pop == ""none""","clear == ""none""","size_p == ""0""",Yes
249,1607885830153:3bf81a75-4d07-4da5-92b7-986a0dc86f65,1607885830153:26e306cd-68e5-4229-a6fc-382186b5118c,"size == ""0""","isEmpty == ""True""","peek_obj_type == ""EmptyObject""","push == ""none""","pop == ""EmptyObject""","clear == ""none""","size_p == ""0""",No
251,1607885830153:1f3e9289-f472-48a9-b635-6bf3b6cc214c,1607885830153:e2bcb967-9baa-4dba-82ac-166ca246a99b,"size == ""0""","isEmpty == ""True""","peek_obj_type == ""EmptyObject""","push == ""class java.lang.String""","pop == ""none""","clear == ""none""","size_p == ""0""",Yes
252,1607885830153:1f3e9289-f472-48a9-b635-6bf3b6cc214c,1607885830153:e2bcb967-9baa-4dba-82ac-166ca246a99b,"size == ""0""","isEmpty == ""True""","peek_obj_type == ""EmptyObject""","push == ""none""","pop == ""EmptyObject""","clear == ""none""","size_p == ""0""",No
254,1607885830152:ff7f2746-b73c-45d9-b0fd-ab7aa92beaae,1607885830152:41abf3a5-e93e-40d2-ade2-19554196d025,"size == ""0""","isEmpty == ""True""","peek_obj_type == ""EmptyObject""","push == ""class java.lang.String""","pop == ""none""","clear == ""none""","size_p == ""0""",Yes
255,1607885830152:ff7f2746-b73c-45d9-b0fd-ab7aa92beaae,1607885830152:41abf3a5-e93e-40d2-ade2-19554196d025,"size == ""0""","isEmpty == ""True""","peek_obj_type == ""EmptyObject""","push == ""none""","pop == ""EmptyObject""","clear == ""none""","size_p == ""0""",No
257,1607885830152:f653f1ea-8d1e-472e-96ad-2b9ed3f6d49b,1607885830152:c218bedd-0abc-4130-a1cf-fe2d1493f2d4,"size == ""1""","isEmpty == ""False""","peek_obj_type == ""class java.lang.String""","push == ""none""","pop == ""none""","clear == ""clear""","size_p == ""0""",Yes
258,1607885830152:f653f1ea-8d1e-472e-96ad-2b9ed3f6d49b,1607885830152:c218bedd-0abc-4130-a1cf-fe2d1493f2d4,"size == ""1""","isEmpty == ""False""","peek_obj_type == ""class java.lang.String""","push == ""class java.lang.String""","pop == ""none""","clear == ""none""","size_p == ""1""",Yes
259,1607885830152:f653f1ea-8d1e-472e-96ad-2b9ed3f6d49b,1607885830152:c218bedd-0abc-4130-a1cf-fe2d1493f2d4,"size == ""0""","isEmpty == ""True""","peek_obj_type == ""EmptyObject""","push == ""none""","pop == ""EmptyObject""","clear == ""none""","size_p == ""1""",No
260,1607885830152:f653f1ea-8d1e-472e-96ad-2b9ed3f6d49b,1607885830152:c218bedd-0abc-4130-a1cf-fe2d1493f2d4,"size == ""1""","isEmpty == ""False""","peek_obj_type == ""class java.lang.String""","push == ""none""","pop == ""none""","clear == ""clear""","size_p == ""0""",Yes
262,1607885830152:f653f1ea-8d1e-472e-96ad-2b9ed3f6d49b,1607885830152:6cbdc2f1-9f17-4a5e-a4e4-066ccacb8c6d,"size == ""0""","isEmpty == ""True""","peek_obj_type == ""EmptyObject""","push == ""class java.lang.String""","pop == ""none""","clear == ""none""","size_p == ""0""",Yes
263,1607885830152:f653f1ea-8d1e-472e-96ad-2b9ed3f6d49b,1607885830152:6cbdc2f1-9f17-4a5e-a4e4-066ccacb8c6d,"size == ""0""","isEmpty == ""True""","peek_obj_type == ""EmptyObject""","push == ""none""","pop == ""EmptyObject""","clear == ""none""","size_p == ""0""",No
265,1607885830152:8c29368d-9e23-4775-8112-8ec35dea5f90,1607885830152:f5364b80-cbae-46f0-9367-9e1646c31cad,"size == ""0""","isEmpty == ""True""","peek_obj_type == ""EmptyObject""","push == ""class java.lang.String""","pop == ""none""","clear == ""none""","size_p == ""0""",Yes
266,1607885830152:8c29368d-9e23-4775-8112-8ec35dea5f90,1607885830152:f5364b80-cbae-46f0-9367-9e1646c31cad,"size == ""0""","isEmpty == ""True""","peek_obj_type == ""EmptyObject""","push == ""none""","pop == ""EmptyObject""","clear == ""none""","size_p == ""0""",No
268,1607885830152:8c29368d-9e23-4775-8112-8ec35dea5f90,1607885830152:eefb2e28-2939-4d4e-b3f4-d0eabed8ce3f,"size == ""1""","isEmpty == ""False""","peek_obj_type == ""class java.lang.String""","push == ""none""","pop == ""none""","clear == ""clear""","size_p == ""0""",Yes
269,1607885830152:8c29368d-9e23-4775-8112-8ec35dea5f90,1607885830152:eefb2e28-2939-4d4e-b3f4-d0eabed8ce3f,"size == ""1""","isEmpty == ""False""","peek_obj_type == ""class java.lang.String""","push == ""class java.lang.String""","pop == ""none""","clear == ""none""","size_p == ""1""",Yes
270,1607885830152:8c29368d-9e23-4775-8112-8ec35dea5f90,1607885830152:eefb2e28-2939-4d4e-b3f4-d0eabed8ce3f,"size == ""2""","isEmpty == ""False""","peek_obj_type == ""class java.lang.String""","push == ""none""","pop == ""none""","clear == ""clear""","size_p == ""1""",Yes
271,1607885830152:8c29368d-9e23-4775-8112-8ec35dea5f90,1607885830152:eefb2e28-2939-4d4e-b3f4-d0eabed8ce3f,"size == ""3""","isEmpty == ""False""","peek_obj_type == ""class java.lang.String""","push == ""none""","pop == ""none""","clear == ""clear""","size_p == ""2""",Yes
272,1607885830152:8c29368d-9e23-4775-8112-8ec35dea5f90,1607885830152:eefb2e28-2939-4d4e-b3f4-d0eabed8ce3f,"size == ""4""","isEmpty == ""False""","peek_obj_type == ""class java.lang.String""","push == ""none""","pop == ""none""","clear == ""clear""","size_p == ""3""",Yes
273,1607885830152:8c29368d-9e23-4775-8112-8ec35dea5f90,1607885830152:eefb2e28-2939-4d4e-b3f4-d0eabed8ce3f,"size == ""5""","isEmpty == ""False""","peek_obj_type == ""class java.lang.String""","push == ""none""","pop == ""none""","clear == ""clear""","size_p == ""4""",Yes
276,1607885830152:8c29368d-9e23-4775-8112-8ec35dea5f90,1607885830152:362d2c6e-c10e-4ccd-9e6c-821e7163f8b4,"size == ""0""","isEmpty == ""True""","peek_obj_type == ""EmptyObject""","push == ""class java.lang.String""","pop == ""none""","clear == ""none""","size_p == ""0""",Yes
278,1607885830152:6f0976b1-791e-4396-b299-68e3e0dcb8ff,1607885830152:f4f07df2-9763-4eb0-9b58-3ca9f6d8470b,"size == ""0""","isEmpty == ""True""","peek_obj_type == ""EmptyObject""","push == ""class java.lang.String""","pop == ""none""","clear == ""none""","size_p == ""0""",Yes
279,1607885830152:6f0976b1-791e-4396-b299-68e3e0dcb8ff,1607885830152:f4f07df2-9763-4eb0-9b58-3ca9f6d8470b,"size == ""0""","isEmpty == ""True""","peek_obj_type == ""EmptyObject""","push == ""none""","pop == ""EmptyObject""","clear == ""none""","size_p == ""0""",No
281,1607885830152:16a9106d-a896-4fa9-b588-ab233bebb5fc,1607885830152:01718f4d-4d48-426b-bfdf-aa3a81dc1653,"size == ""0""","isEmpty == ""True""","peek_obj_type == ""EmptyObject""","push == ""class java.lang.String""","pop == ""none""","clear == ""none""","size_p == ""0""",Yes
282,1607885830152:16a9106d-a896-4fa9-b588-ab233bebb5fc,1607885830152:01718f4d-4d48-426b-bfdf-aa3a81dc1653,"size == ""0""","isEmpty == ""True""","peek_obj_type == ""EmptyObject""","push == ""none""","pop == ""EmptyObject""","clear == ""none""","size_p == ""0""",No
284,1607885830151:f254c814-f449-4356-9d8a-f2f900aaf8af,1607885830151:7d25a44f-9a1c-4298-93c5-c6e5d4313cb9,"size == ""0""","isEmpty == ""True""","peek_obj_type == ""EmptyObject""","push == ""class java.lang.String""","pop == ""none""","clear == ""none""","size_p == ""0""",Yes
285,1607885830151:f254c814-f449-4356-9d8a-f2f900aaf8af,1607885830151:7d25a44f-9a1c-4298-93c5-c6e5d4313cb9,"size == ""0""","isEmpty == ""True""","peek_obj_type == ""EmptyObject""","push == ""none""","pop == ""EmptyObject""","clear == ""none""","size_p == ""0""",No
287,1607885830151:f254c814-f449-4356-9d8a-f2f900aaf8af,1607885830151:1985fb5c-7868-4ec8-b308-f7ffa6fb444b,"size == ""0""","isEmpty == ""True""","peek_obj_type == ""EmptyObject""","push == ""class java.lang.String""","pop == ""none""","clear == ""none""","size_p == ""0""",Yes
289,1607885830151:79da0984-96ef-4e2a-9188-a3e80c54aad6,1607885830151:cfa79c17-e73a-4c9d-95df-6e89721d1923,"size == ""0""","isEmpty == ""True""","peek_obj_type == ""EmptyObject""","push == ""class java.lang.String""","pop == ""none""","clear == ""none""","size_p == ""0""",Yes
290,1607885830151:79da0984-96ef-4e2a-9188-a3e80c54aad6,1607885830151:cfa79c17-e73a-4c9d-95df-6e89721d1923,"size == ""0""","isEmpty == ""True""","peek_obj_type == ""EmptyObject""","push == ""none""","pop == ""EmptyObject""","clear == ""none""","size_p == ""0""",No
293,1607885830151:79da0984-96ef-4e2a-9188-a3e80c54aad6,1607885830151:0e8c7c66-68fc-4375-8629-2025ee6f72fe,"size == ""0""","isEmpty == ""True""","peek_obj_type == ""EmptyObject""","push == ""class java.lang.String""","pop == ""none""","clear == ""none""","size_p == ""0""",Yes
295,1607885830151:589c6abb-cf3a-45ec-bd07-7e90c5e7c1a4,1607885830151:35777549-96c0-4111-ba68-e5658b8bfc53,"size == ""1""","isEmpty == ""False""","peek_obj_type == ""class java.lang.String""","push == ""none""","pop == ""none""","clear == ""clear""","size_p == ""0""",Yes
296,1607885830151:589c6abb-cf3a-45ec-bd07-7e90c5e7c1a4,1607885830151:35777549-96c0-4111-ba68-e5658b8bfc53,"size == ""1""","isEmpty == ""False""","peek_obj_type == ""class java.lang.String""","push == ""class java.lang.String""","pop == ""none""","clear == ""none""","size_p == ""1""",Yes
297,1607885830151:589c6abb-cf3a-45ec-bd07-7e90c5e7c1a4,1607885830151:35777549-96c0-4111-ba68-e5658b8bfc53,"size == ""2""","isEmpty == ""False""","peek_obj_type == ""class java.lang.String""","push == ""none""","pop == ""none""","clear == ""clear""","size_p == ""1""",Yes
299,1607885830151:589c6abb-cf3a-45ec-bd07-7e90c5e7c1a4,1607885830151:12ddf3a2-0c57-46fe-879d-4a5a7bc85ea2,"size == ""0""","isEmpty == ""True""","peek_obj_type == ""EmptyObject""","push == ""class java.lang.String""","pop == ""none""","clear == ""none""","size_p == ""0""",Yes
300,1607885830151:589c6abb-cf3a-45ec-bd07-7e90c5e7c1a4,1607885830151:12ddf3a2-0c57-46fe-879d-4a5a7bc85ea2,"size == ""0""","isEmpty == ""True""","peek_obj_type == ""EmptyObject""","push == ""none""","pop == ""EmptyObject""","clear == ""none""","size_p == ""0""",No
302,1607885830151:32cf1f46-a3e6-47f9-8495-33ae97912ad0,1607885830151:ea5ededd-3909-4762-b40e-a5f863ac334b,"size == ""0""","isEmpty == ""True""","peek_obj_type == ""EmptyObject""","push == ""class java.lang.String""","pop == ""none""","clear == ""none""","size_p == ""0""",Yes
303,1607885830151:32cf1f46-a3e6-47f9-8495-33ae97912ad0,1607885830151:ea5ededd-3909-4762-b40e-a5f863ac334b,"size == ""0""","isEmpty == ""True""","peek_obj_type == ""EmptyObject""","push == ""none""","pop == ""EmptyObject""","clear == ""none""","size_p == ""0""",No
305,1607885830151:24ee7b7c-8b24-48f3-b2f2-297cf132e045,1607885830151:28bf7e8f-5e3c-465c-a435-92a5a647e56d,"size == ""0""","isEmpty == ""True""","peek_obj_type == ""EmptyObject""","push == ""class java.lang.String""","pop == ""none""","clear == ""none""","size_p == ""0""",Yes
306,1607885830151:24ee7b7c-8b24-48f3-b2f2-297cf132e045,1607885830151:28bf7e8f-5e3c-465c-a435-92a5a647e56d,"size == ""0""","isEmpty == ""True""","peek_obj_type == ""EmptyObject""","push == ""none""","pop == ""EmptyObject""","clear == ""none""","size_p == ""0""",No
308,1607885830151:24ee7b7c-8b24-48f3-b2f2-297cf132e045,1607885830151:1e9f79f6-5daf-4e1e-a759-b9074eafcac6,"size == ""0""","isEmpty == ""True""","peek_obj_type == ""EmptyObject""","push == ""class java.lang.String""","pop == ""none""","clear == ""none""","size_p == ""0""",Yes
310,1607885830150:b529e7fe-4455-43a5-8f2a-f60458f80781,1607885830150:053d7bfe-da1d-4f78-abbb-2545f4c6c117,"size == ""0""","isEmpty == ""True""","peek_obj_type == ""EmptyObject""","push == ""class java.lang.String""","pop == ""none""","clear == ""none""","size_p == ""0""",Yes
311,1607885830150:b529e7fe-4455-43a5-8f2a-f60458f80781,1607885830150:053d7bfe-da1d-4f78-abbb-2545f4c6c117,"size == ""0""","isEmpty == ""True""","peek_obj_type == ""EmptyObject""","push == ""none""","pop == ""EmptyObject""","clear == ""none""","size_p == ""0""",No
313,1607885830150:92c59a46-7176-451a-b987-89a8ea748bd1,1607885830150:7b219310-b66d-4e77-8ca3-662830b51e72,"size == ""0""","isEmpty == ""True""","peek_obj_type == ""EmptyObject""","push == ""class java.lang.String""","pop == ""none""","clear == ""none""","size_p == ""0""",Yes
314,1607885830150:92c59a46-7176-451a-b987-89a8ea748bd1,1607885830150:7b219310-b66d-4e77-8ca3-662830b51e72,"size == ""0""","isEmpty == ""True""","peek_obj_type == ""EmptyObject""","push == ""class java.lang.String""","pop == ""none""","clear == ""none""","size_p == ""0""",Yes
316,1607885830150:92c59a46-7176-451a-b987-89a8ea748bd1,1607885830150:7a1c839c-2581-4eb4-a2d5-d08e721eed7e,"size == ""0""","isEmpty == ""True""","peek_obj_type == ""EmptyObject""","push == ""class java.lang.String""","pop == ""none""","clear == ""none""","size_p == ""0""",Yes
317,1607885830150:92c59a46-7176-451a-b987-89a8ea748bd1,1607885830150:7a1c839c-2581-4eb4-a2d5-d08e721eed7e,"size == ""0""","isEmpty == ""True""","peek_obj_type == ""EmptyObject""","push == ""none""","pop == ""EmptyObject""","clear == ""none""","size_p == ""0""",No
319,1607885830150:7d094707-ac12-4dfd-8d67-97cfe46d466b,1607885830150:47e8b382-1930-49d3-81b8-2af9828ab761,"size == ""0""","isEmpty == ""True""","peek_obj_type == ""EmptyObject""","push == ""class java.lang.String""","pop == ""none""","clear == ""none""","size_p == ""0""",Yes
320,1607885830150:7d094707-ac12-4dfd-8d67-97cfe46d466b,1607885830150:47e8b382-1930-49d3-81b8-2af9828ab761,"size == ""0""","isEmpty == ""True""","peek_obj_type == ""EmptyObject""","push == ""none""","pop == ""EmptyObject""","clear == ""none""","size_p == ""0""",No
322,1607885830150:4759a55a-16a6-4a19-bd19-05450e738841,1607885830150:7e85c54a-cb00-49b0-a1a4-a96ce3ea9d3f,"size == ""0""","isEmpty == ""True""","peek_obj_type == ""EmptyObject""","push == ""class java.lang.String""","pop == ""none""","clear == ""none""","size_p == ""0""",Yes
323,1607885830150:4759a55a-16a6-4a19-bd19-05450e738841,1607885830150:7e85c54a-cb00-49b0-a1a4-a96ce3ea9d3f,"size == ""0""","isEmpty == ""True""","peek_obj_type == ""EmptyObject""","push == ""none""","pop == ""EmptyObject""","clear == ""none""","size_p == ""0""",No
325,1607885830150:364f26e8-4f0f-49a0-a386-3eaf1ee221e2,1607885830150:83cce94a-a4ca-42d9-a4ec-3a55005ec3fe,"size == ""0""","isEmpty == ""True""","peek_obj_type == ""EmptyObject""","push == ""class java.lang.String""","pop == ""none""","clear == ""none""","size_p == ""0""",Yes
326,1607885830150:364f26e8-4f0f-49a0-a386-3eaf1ee221e2,1607885830150:83cce94a-a4ca-42d9-a4ec-3a55005ec3fe,"size == ""0""","isEmpty == ""True""","peek_obj_type == ""EmptyObject""","push == ""none""","pop == ""EmptyObject""","clear == ""none""","size_p == ""0""",No
328,1607885830150:364f26e8-4f0f-49a0-a386-3eaf1ee221e2,1607885830150:53ceeba5-5b1d-4c70-a102-f4858d37e1a4,"size == ""0""","isEmpty == ""True""","peek_obj_type == ""EmptyObject""","push == ""class java.lang.String""","pop == ""none""","clear == ""none""","size_p == ""0""",Yes
329,1607885830150:364f26e8-4f0f-49a0-a386-3eaf1ee221e2,1607885830150:53ceeba5-5b1d-4c70-a102-f4858d37e1a4,"size == ""0""","isEmpty == ""True""","peek_obj_type == ""EmptyObject""","push == ""class java.lang.String""","pop == ""none""","clear == ""none""","size_p == ""0""",Yes
331,1607885830150:07a055a6-0a0e-4bbc-a9e0-4d916cbdb247,1607885830150:45c101bc-5e6e-4859-abd8-34a6a62c5d35,"size == ""0""","isEmpty == ""True""","peek_obj_type == ""EmptyObject""","push == ""class java.lang.String""","pop == ""none""","clear == ""none""","size_p == ""0""",Yes
332,1607885830150:07a055a6-0a0e-4bbc-a9e0-4d916cbdb247,1607885830150:45c101bc-5e6e-4859-abd8-34a6a62c5d35,"size == ""0""","isEmpty == ""True""","peek_obj_type == ""EmptyObject""","push == ""none""","pop == ""EmptyObject""","clear == ""none""","size_p == ""0""",No
334,1607885830149:dd9c21e6-59bb-43e5-a398-606944bacc79,1607885830149:da474032-cc4a-44b4-8c08-35f6288db057,"size == ""0""","isEmpty == ""True""","peek_obj_type == ""EmptyObject""","push == ""class java.lang.String""","pop == ""none""","clear == ""none""","size_p == ""0""",Yes
335,1607885830149:dd9c21e6-59bb-43e5-a398-606944bacc79,1607885830149:da474032-cc4a-44b4-8c08-35f6288db057,"size == ""0""","isEmpty == ""True""","peek_obj_type == ""EmptyObject""","push == ""none""","pop == ""EmptyObject""","clear == ""none""","size_p == ""0""",No
337,1607885830149:9cfb8925-ca3c-4b91-ad6a-2c8b46e40e5f,1607885830149:d060ff1a-e93e-49cf-bb33-75a76be49534,"size == ""0""","isEmpty == ""True""","peek_obj_type == ""EmptyObject""","push == ""class java.lang.String""","pop == ""none""","clear == ""none""","size_p == ""0""",Yes
338,1607885830149:9cfb8925-ca3c-4b91-ad6a-2c8b46e40e5f,1607885830149:d060ff1a-e93e-49cf-bb33-75a76be49534,"size == ""0""","isEmpty == ""True""","peek_obj_type == ""EmptyObject""","push == ""none""","pop == ""EmptyObject""","clear == ""none""","size_p == ""0""",No
340,1607885830149:35a2abd1-c3e9-4ca4-b437-893b2a1245cd,1607885830149:df9a338f-5e02-48a1-a14f-0a6e2c05412d,"size == ""0""","isEmpty == ""True""","peek_obj_type == ""EmptyObject""","push == ""class java.lang.String""","pop == ""none""","clear == ""none""","size_p == ""0""",Yes
341,1607885830149:35a2abd1-c3e9-4ca4-b437-893b2a1245cd,1607885830149:df9a338f-5e02-48a1-a14f-0a6e2c05412d,"size == ""0""","isEmpty == ""True""","peek_obj_type == ""EmptyObject""","push == ""class java.lang.String""","pop == ""none""","clear == ""none""","size_p == ""0""",Yes
342,1607885830149:35a2abd1-c3e9-4ca4-b437-893b2a1245cd,1607885830149:df9a338f-5e02-48a1-a14f-0a6e2c05412d,"size == ""0""","isEmpty == ""True""","peek_obj_type == ""EmptyObject""","push == ""class java.lang.String""","pop == ""none""","clear == ""none""","size_p == ""0""",Yes
344,1607885830149:35a2abd1-c3e9-4ca4-b437-893b2a1245cd,1607885830149:5f2af0c6-4323-48f4-8830-cea71211bfbc,"size == ""0""","isEmpty == ""True""","peek_obj_type == ""EmptyObject""","push == ""class java.lang.String""","pop == ""none""","clear == ""none""","size_p == ""0""",Yes
345,1607885830149:35a2abd1-c3e9-4ca4-b437-893b2a1245cd,1607885830149:5f2af0c6-4323-48f4-8830-cea71211bfbc,"size == ""0""","isEmpty == ""True""","peek_obj_type == ""EmptyObject""","push == ""none""","pop == ""EmptyObject""","clear == ""none""","size_p == ""0""",No
347,1607885830149:1cb2432d-824e-4c7d-be09-1fa1d76958fe,1607885830149:65f8e77f-171d-430f-9ed9-399c49086f10,"size == ""0""","isEmpty == ""True""","peek_obj_type == ""EmptyObject""","push == ""class java.lang.String""","pop == ""none""","clear == ""none""","size_p == ""0""",Yes
348,1607885830149:1cb2432d-824e-4c7d-be09-1fa1d76958fe,1607885830149:65f8e77f-171d-430f-9ed9-399c49086f10,"size == ""0""","isEmpty == ""True""","peek_obj_type == ""EmptyObject""","push == ""none""","pop == ""EmptyObject""","clear == ""none""","size_p == ""0""",No
350,1607885830149:1cb2432d-824e-4c7d-be09-1fa1d76958fe,1607885830149:1f3bee5d-367f-4677-b40b-397c10556af8,"size == ""0""","isEmpty == ""True""","peek_obj_type == ""EmptyObject""","push == ""class java.lang.String""","pop == ""none""","clear == ""none""","size_p == ""0""",Yes
352,1607885830148:e80c1e26-5f9b-474c-b9db-67f7874c9338,1607885830148:8c8c4fc7-e2c1-4ed2-a284-f56643e70a2a,"size == ""0""","isEmpty == ""True""","peek_obj_type == ""EmptyObject""","push == ""class java.lang.String""","pop == ""none""","clear == ""none""","size_p == ""0""",Yes
354,1607885830148:e80c1e26-5f9b-474c-b9db-67f7874c9338,1607885830148:6b4f3ceb-6113-46f0-8355-80fb61f3e80f,"size == ""0""","isEmpty == ""True""","peek_obj_type == ""EmptyObject""","push == ""class java.lang.String""","pop == ""none""","clear == ""none""","size_p == ""0""",Yes
355,1607885830148:e80c1e26-5f9b-474c-b9db-67f7874c9338,1607885830148:6b4f3ceb-6113-46f0-8355-80fb61f3e80f,"size == ""0""","isEmpty == ""True""","peek_obj_type == ""EmptyObject""","push == ""none""","pop == ""EmptyObject""","clear == ""none""","size_p == ""0""",No
357,1607885830148:b9c45bad-9470-480a-bfd9-6bc487a0b086,1607885830148:963a64ea-cf2c-49d8-867a-aec5f796acc4,"size == ""0""","isEmpty == ""True""","peek_obj_type == ""EmptyObject""","push == ""class java.lang.String""","pop == ""none""","clear == ""none""","size_p == ""0""",Yes
358,1607885830148:b9c45bad-9470-480a-bfd9-6bc487a0b086,1607885830148:963a64ea-cf2c-49d8-867a-aec5f796acc4,"size == ""0""","isEmpty == ""True""","peek_obj_type == ""EmptyObject""","push == ""none""","pop == ""EmptyObject""","clear == ""none""","size_p == ""0""",No
360,1607885830148:7bf556df-5d0e-4a5a-b0c3-81625988c89b,1607885830148:ef6d44ac-2bed-4291-b767-7d7c62b413b7,"size == ""0""","isEmpty == ""True""","peek_obj_type == ""EmptyObject""","push == ""class java.lang.String""","pop == ""none""","clear == ""none""","size_p == ""0""",Yes
361,1607885830148:7bf556df-5d0e-4a5a-b0c3-81625988c89b,1607885830148:ef6d44ac-2bed-4291-b767-7d7c62b413b7,"size == ""0""","isEmpty == ""True""","peek_obj_type == ""EmptyObject""","push == ""none""","pop == ""EmptyObject""","clear == ""none""","size_p == ""0""",No
363,1607885830148:6147ae2e-a294-4c70-9d2f-1129fd34d9f4,1607885830148:e1550d1a-1855-482e-8188-0bd2349e042a,"size == ""0""","isEmpty == ""True""","peek_obj_type == ""EmptyObject""","push == ""class java.lang.String""","pop == ""none""","clear == ""none""","size_p == ""0""",Yes
364,1607885830148:6147ae2e-a294-4c70-9d2f-1129fd34d9f4,1607885830148:e1550d1a-1855-482e-8188-0bd2349e042a,"size == ""0""","isEmpty == ""True""","peek_obj_type == ""EmptyObject""","push == ""none""","pop == ""EmptyObject""","clear == ""none""","size_p == ""0""",No
366,1607885830148:5a3a3ff7-d500-4d4f-a553-bb40ad5a69e3,1607885830148:e31119ea-15ea-4002-873d-29f9edfc3382,"size == ""1""","isEmpty == ""False""","peek_obj_type == ""class java.lang.String""","push == ""none""","pop == ""none""","clear == ""clear""","size_p == ""0""",Yes
367,1607885830148:5a3a3ff7-d500-4d4f-a553-bb40ad5a69e3,1607885830148:e31119ea-15ea-4002-873d-29f9edfc3382,"size == ""1""","isEmpty == ""False""","peek_obj_type == ""class java.lang.String""","push == ""class java.lang.String""","pop == ""none""","clear == ""none""","size_p == ""1""",Yes
368,1607885830148:5a3a3ff7-d500-4d4f-a553-bb40ad5a69e3,1607885830148:e31119ea-15ea-4002-873d-29f9edfc3382,"size == ""2""","isEmpty == ""False""","peek_obj_type == ""class java.lang.String""","push == ""none""","pop == ""none""","clear == ""clear""","size_p == ""1""",Yes
369,1607885830148:5a3a3ff7-d500-4d4f-a553-bb40ad5a69e3,1607885830148:e31119ea-15ea-4002-873d-29f9edfc3382,"size == ""3""","isEmpty == ""False""","peek_obj_type == ""class java.lang.String""","push == ""none""","pop == ""none""","clear == ""clear""","size_p == ""2""",Yes
370,1607885830148:5a3a3ff7-d500-4d4f-a553-bb40ad5a69e3,1607885830148:e31119ea-15ea-4002-873d-29f9edfc3382,"size == ""4""","isEmpty == ""False""","peek_obj_type == ""class java.lang.String""","push == ""none""","pop == ""none""","clear == ""clear""","size_p == ""3""",Yes
372,1607885830148:5a3a3ff7-d500-4d4f-a553-bb40ad5a69e3,1607885830148:866af7c2-17e5-4d18-9f10-b7d91f0d374d,"size == ""0""","isEmpty == ""True""","peek_obj_type == ""EmptyObject""","push == ""class java.lang.String""","pop == ""none""","clear == ""none""","size_p == ""0""",Yes
373,1607885830148:5a3a3ff7-d500-4d4f-a553-bb40ad5a69e3,1607885830148:866af7c2-17e5-4d18-9f10-b7d91f0d374d,"size == ""0""","isEmpty == ""True""","peek_obj_type == ""EmptyObject""","push == ""none""","pop == ""EmptyObject""","clear == ""none""","size_p == ""0""",No
375,1607885830148:39e2e337-3afc-4bd0-bcf7-e8ff5ca899df,1607885830148:bf011b16-1cf0-406b-ac6d-2f01fc5f309c,"size == ""1""","isEmpty == ""False""","peek_obj_type == ""class java.lang.String""","push == ""none""","pop == ""none""","clear == ""clear""","size_p == ""0""",Yes
376,1607885830148:39e2e337-3afc-4bd0-bcf7-e8ff5ca899df,1607885830148:bf011b16-1cf0-406b-ac6d-2f01fc5f309c,"size == ""1""","isEmpty == ""False""","peek_obj_type == ""class java.lang.String""","push == ""class java.lang.String""","pop == ""none""","clear == ""none""","size_p == ""1""",Yes
377,1607885830148:39e2e337-3afc-4bd0-bcf7-e8ff5ca899df,1607885830148:bf011b16-1cf0-406b-ac6d-2f01fc5f309c,"size == ""2""","isEmpty == ""False""","peek_obj_type == ""class java.lang.String""","push == ""none""","pop == ""none""","clear == ""clear""","size_p == ""1""",Yes
379,1607885830148:39e2e337-3afc-4bd0-bcf7-e8ff5ca899df,1607885830148:7284153e-e048-40fd-b533-cd05f59a79cb,"size == ""0""","isEmpty == ""True""","peek_obj_type == ""EmptyObject""","push == ""class java.lang.String""","pop == ""none""","clear == ""none""","size_p == ""0""",Yes
381,1607885830148:39e231fc-0145-4c59-9c8c-ae4f015b34a0,1607885830148:27311dcf-f355-40b4-bc95-d880d313f3e4,"size == ""0""","isEmpty == ""True""","peek_obj_type == ""EmptyObject""","push == ""class java.lang.String""","pop == ""none""","clear == ""none""","size_p == ""0""",Yes
382,1607885830148:39e231fc-0145-4c59-9c8c-ae4f015b34a0,1607885830148:27311dcf-f355-40b4-bc95-d880d313f3e4,"size == ""0""","isEmpty == ""True""","peek_obj_type == ""EmptyObject""","push == ""none""","pop == ""EmptyObject""","clear == ""none""","size_p == ""0""",No
384,1607885830148:2b890502-c6d6-48ef-816b-770b04821833,1607885830148:e1b91126-8368-411e-836e-4ffa908ecea2,"size == ""0""","isEmpty == ""True""","peek_obj_type == ""EmptyObject""","push == ""class java.lang.String""","pop == ""none""","clear == ""none""","size_p == ""0""",Yes
386,1607885830148:2b890502-c6d6-48ef-816b-770b04821833,1607885830148:a7d3729a-69c8-459a-9e38-6eea35272a45,"size == ""0""","isEmpty == ""True""","peek_obj_type == ""EmptyObject""","push == ""class java.lang.String""","pop == ""none""","clear == ""none""","size_p == ""0""",Yes
387,1607885830148:2b890502-c6d6-48ef-816b-770b04821833,1607885830148:a7d3729a-69c8-459a-9e38-6eea35272a45,"size == ""0""","isEmpty == ""True""","peek_obj_type == ""EmptyObject""","push == ""class java.lang.String""","pop == ""none""","clear == ""none""","size_p == ""0""",Yes
389,1607885830148:2b890502-c6d6-48ef-816b-770b04821833,1607885830148:92f33350-e110-4d55-85be-fb7dd7c76e5f,"size == ""0""","isEmpty == ""True""","peek_obj_type == ""EmptyObject""","push == ""class java.lang.String""","pop == ""none""","clear == ""none""","size_p == ""0""",Yes
390,1607885830148:2b890502-c6d6-48ef-816b-770b04821833,1607885830148:92f33350-e110-4d55-85be-fb7dd7c76e5f,"size == ""0""","isEmpty == ""True""","peek_obj_type == ""EmptyObject""","push == ""none""","pop == ""EmptyObject""","clear == ""none""","size_p == ""0""",No
392,1607885830147:cc41d4c0-025a-46ea-8742-8a071cf1411d,1607885830147:d5a5eb29-08d2-4465-baa5-47fa9708f47a,"size == ""0""","isEmpty == ""True""","peek_obj_type == ""EmptyObject""","push == ""class java.lang.String""","pop == ""none""","clear == ""none""","size_p == ""0""",Yes
393,1607885830147:cc41d4c0-025a-46ea-8742-8a071cf1411d,1607885830147:d5a5eb29-08d2-4465-baa5-47fa9708f47a,"size == ""0""","isEmpty == ""True""","peek_obj_type == ""EmptyObject""","push == ""none""","pop == ""EmptyObject""","clear == ""none""","size_p == ""0""",No
395,1607885830147:ca25796e-0adf-46de-95f9-784263afb994,1607885830147:c8c1eb61-b5ab-4620-9c1b-b13b601cdc49,"size == ""0""","isEmpty == ""True""","peek_obj_type == ""EmptyObject""","push == ""class java.lang.String""","pop == ""none""","clear == ""none""","size_p == ""0""",Yes
397,1607885830147:ca25796e-0adf-46de-95f9-784263afb994,1607885830147:28d7bde6-306f-4cf0-bcbc-0c06a3850837,"size == ""0""","isEmpty == ""True""","peek_obj_type == ""EmptyObject""","push == ""class java.lang.String""","pop == ""none""","clear == ""none""","size_p == ""0""",Yes
398,1607885830147:ca25796e-0adf-46de-95f9-784263afb994,1607885830147:28d7bde6-306f-4cf0-bcbc-0c06a3850837,"size == ""0""","isEmpty == ""True""","peek_obj_type == ""EmptyObject""","push == ""none""","pop == ""EmptyObject""","clear == ""none""","size_p == ""0""",No
401,1607885830147:ba04fd52-e3dc-4e18-a6c5-3c005c2182a7,1607885830147:cfdd2069-21b6-4e21-b318-737db5876a3b,"size == ""1""","isEmpty == ""False""","peek_obj_type == ""class java.lang.String""","push == ""none""","pop == ""none""","clear == ""clear""","size_p == ""0""",Yes
402,1607885830147:ba04fd52-e3dc-4e18-a6c5-3c005c2182a7,1607885830147:cfdd2069-21b6-4e21-b318-737db5876a3b,"size == ""1""","isEmpty == ""False""","peek_obj_type == ""class java.lang.String""","push == ""class java.lang.String""","pop == ""none""","clear == ""none""","size_p == ""1""",Yes
403,1607885830147:ba04fd52-e3dc-4e18-a6c5-3c005c2182a7,1607885830147:cfdd2069-21b6-4e21-b318-737db5876a3b,"size == ""2""","isEmpty == ""False""","peek_obj_type == ""class java.lang.String""","push == ""none""","pop == ""none""","clear == ""clear""","size_p == ""1""",Yes
404,1607885830147:ba04fd52-e3dc-4e18-a6c5-3c005c2182a7,1607885830147:cfdd2069-21b6-4e21-b318-737db5876a3b,"size == ""3""","isEmpty == ""False""","peek_obj_type == ""class java.lang.String""","push == ""none""","pop == ""none""","clear == ""clear""","size_p == ""2""",Yes
405,1607885830147:ba04fd52-e3dc-4e18-a6c5-3c005c2182a7,1607885830147:cfdd2069-21b6-4e21-b318-737db5876a3b,"size == ""4""","isEmpty == ""False""","peek_obj_type == ""class java.lang.String""","push == ""none""","pop == ""none""","clear == ""clear""","size_p == ""3""",Yes
407,1607885830147:ba04fd52-e3dc-4e18-a6c5-3c005c2182a7,1607885830147:7a95b661-11db-4755-b945-f7ab6e7d2051,"size == ""0""","isEmpty == ""True""","peek_obj_type == ""EmptyObject""","push == ""class java.lang.String""","pop == ""none""","clear == ""none""","size_p == ""0""",Yes
408,1607885830147:ba04fd52-e3dc-4e18-a6c5-3c005c2182a7,1607885830147:7a95b661-11db-4755-b945-f7ab6e7d2051,"size == ""0""","isEmpty == ""True""","peek_obj_type == ""EmptyObject""","push == ""none""","pop == ""EmptyObject""","clear == ""none""","size_p == ""0""",No
410,1607885830147:af53e778-0865-4ac1-ac78-ec3179051b2a,1607885830147:f126b123-5fc3-4a2f-922e-8de5e94f40d3,"size == ""0""","isEmpty == ""True""","peek_obj_type == ""EmptyObject""","push == ""class java.lang.String""","pop == ""none""","clear == ""none""","size_p == ""0""",Yes
411,1607885830147:af53e778-0865-4ac1-ac78-ec3179051b2a,1607885830147:f126b123-5fc3-4a2f-922e-8de5e94f40d3,"size == ""0""","isEmpty == ""True""","peek_obj_type == ""EmptyObject""","push == ""none""","pop == ""EmptyObject""","clear == ""none""","size_p == ""0""",No
413,1607885830147:74af8086-4f29-4352-9074-bacb107ba60b,1607885830147:af2dc6b1-b68d-4099-a8da-b80bf5e6e7f3,"size == ""1""","isEmpty == ""False""","peek_obj_type == ""class java.lang.String""","push == ""none""","pop == ""none""","clear == ""clear""","size_p == ""0""",Yes
414,1607885830147:74af8086-4f29-4352-9074-bacb107ba60b,1607885830147:af2dc6b1-b68d-4099-a8da-b80bf5e6e7f3,"size == ""1""","isEmpty == ""False""","peek_obj_type == ""class java.lang.String""","push == ""class java.lang.String""","pop == ""none""","clear == ""none""","size_p == ""1""",Yes
415,1607885830147:74af8086-4f29-4352-9074-bacb107ba60b,1607885830147:af2dc6b1-b68d-4099-a8da-b80bf5e6e7f3,"size == ""0""","isEmpty == ""True""","peek_obj_type == ""EmptyObject""","push == ""none""","pop == ""EmptyObject""","clear == ""none""","size_p == ""1""",No
416,1607885830147:74af8086-4f29-4352-9074-bacb107ba60b,1607885830147:af2dc6b1-b68d-4099-a8da-b80bf5e6e7f3,"size == ""1""","isEmpty == ""False""","peek_obj_type == ""class java.lang.String""","push == ""none""","pop == ""none""","clear == ""clear""","size_p == ""0""",Yes
418,1607885830147:74af8086-4f29-4352-9074-bacb107ba60b,1607885830147:84ef233c-c32a-416a-8c5c-ab85bb98122b,"size == ""0""","isEmpty == ""True""","peek_obj_type == ""EmptyObject""","push == ""class java.lang.String""","pop == ""none""","clear == ""none""","size_p == ""0""",Yes
419,1607885830147:74af8086-4f29-4352-9074-bacb107ba60b,1607885830147:84ef233c-c32a-416a-8c5c-ab85bb98122b,"size == ""0""","isEmpty == ""True""","peek_obj_type == ""EmptyObject""","push == ""none""","pop == ""EmptyObject""","clear == ""none""","size_p == ""0""",No
421,1607885830147:74af8086-4f29-4352-9074-bacb107ba60b,1607885830147:592d3f27-e8bc-4df1-bcdd-4944a9705d22,"size == ""0""","isEmpty == ""True""","peek_obj_type == ""EmptyObject""","push == ""class java.lang.String""","pop == ""none""","clear == ""none""","size_p == ""0""",Yes
422,1607885830147:74af8086-4f29-4352-9074-bacb107ba60b,1607885830147:592d3f27-e8bc-4df1-bcdd-4944a9705d22,"size == ""0""","isEmpty == ""True""","peek_obj_type == ""EmptyObject""","push == ""class java.lang.String""","pop == ""none""","clear == ""none""","size_p == ""0""",Yes
423,1607885830147:74af8086-4f29-4352-9074-bacb107ba60b,1607885830147:592d3f27-e8bc-4df1-bcdd-4944a9705d22,"size == ""0""","isEmpty == ""True""","peek_obj_type == ""EmptyObject""","push == ""class java.lang.String""","pop == ""none""","clear == ""none""","size_p == ""0""",Yes
425,1607885830147:57be34aa-8bd7-4da2-afdf-705a110d7d22,1607885830147:cc1a1eb6-e1f5-44b2-ae6a-ed5d2319b0e9,"size == ""0""","isEmpty == ""True""","peek_obj_type == ""EmptyObject""","push == ""class java.lang.String""","pop == ""none""","clear == ""none""","size_p == ""0""",Yes
426,1607885830147:57be34aa-8bd7-4da2-afdf-705a110d7d22,1607885830147:cc1a1eb6-e1f5-44b2-ae6a-ed5d2319b0e9,"size == ""0""","isEmpty == ""True""","peek_obj_type == ""EmptyObject""","push == ""none""","pop == ""EmptyObject""","clear == ""none""","size_p == ""0""",No
428,1607885830147:22ae7bad-f6de-48ca-9b38-1b12152ec5c4,1607885830147:6b372b1c-4e23-4bdc-956d-80d1ac3ec712,"size == ""1""","isEmpty == ""False""","peek_obj_type == ""class java.lang.String""","push == ""none""","pop == ""none""","clear == ""clear""","size_p == ""0""",Yes
429,1607885830147:22ae7bad-f6de-48ca-9b38-1b12152ec5c4,1607885830147:6b372b1c-4e23-4bdc-956d-80d1ac3ec712,"size == ""1""","isEmpty == ""False""","peek_obj_type == ""class java.lang.String""","push == ""class java.lang.String""","pop == ""none""","clear == ""none""","size_p == ""1""",Yes
430,1607885830147:22ae7bad-f6de-48ca-9b38-1b12152ec5c4,1607885830147:6b372b1c-4e23-4bdc-956d-80d1ac3ec712,"size == ""2""","isEmpty == ""False""","peek_obj_type == ""class java.lang.String""","push == ""none""","pop == ""none""","clear == ""clear""","size_p == ""1""",Yes
432,1607885830147:22ae7bad-f6de-48ca-9b38-1b12152ec5c4,1607885830147:0482ed81-8548-4b1c-8695-71feb9642be8,"size == ""0""","isEmpty == ""True""","peek_obj_type == ""EmptyObject""","push == ""class java.lang.String""","pop == ""none""","clear == ""none""","size_p == ""0""",Yes
433,1607885830147:22ae7bad-f6de-48ca-9b38-1b12152ec5c4,1607885830147:0482ed81-8548-4b1c-8695-71feb9642be8,"size == ""0""","isEmpty == ""True""","peek_obj_type == ""EmptyObject""","push == ""none""","pop == ""EmptyObject""","clear == ""none""","size_p == ""0""",No
435,1607885830147:0658e177-0d4f-4246-a84a-8aa7157f5b81,1607885830147:e97a42e0-9ff5-4f58-bc89-491561d08a62,"size == ""0""","isEmpty == ""True""","peek_obj_type == ""EmptyObject""","push == ""class java.lang.String""","pop == ""none""","clear == ""none""","size_p == ""0""",Yes
436,1607885830147:0658e177-0d4f-4246-a84a-8aa7157f5b81,1607885830147:e97a42e0-9ff5-4f58-bc89-491561d08a62,"size == ""0""","isEmpty == ""True""","peek_obj_type == ""EmptyObject""","push == ""none""","pop == ""EmptyObject""","clear == ""none""","size_p == ""0""",No
438,1607885830146:f57fbdb2-64cb-4a8d-bb1b-739391f706cb,1607885830146:e9e29e3f-89f0-4ee0-b9c5-8f240152d360,"size == ""0""","isEmpty == ""True""","peek_obj_type == ""EmptyObject""","push == ""class java.lang.String""","pop == ""none""","clear == ""none""","size_p == ""0""",Yes
439,1607885830146:f57fbdb2-64cb-4a8d-bb1b-739391f706cb,1607885830146:e9e29e3f-89f0-4ee0-b9c5-8f240152d360,"size == ""0""","isEmpty == ""True""","peek_obj_type == ""EmptyObject""","push == ""none""","pop == ""EmptyObject""","clear == ""none""","size_p == ""0""",No
441,1607885830146:c7173971-b67a-43a8-b31a-d92e960c5faa,1607885830146:f316b3f0-4d34-4fc5-8c99-f4733fd7d922,"size == ""0""","isEmpty == ""True""","peek_obj_type == ""EmptyObject""","push == ""class java.lang.String""","pop == ""none""","clear == ""none""","size_p == ""0""",Yes
442,1607885830146:c7173971-b67a-43a8-b31a-d92e960c5faa,1607885830146:f316b3f0-4d34-4fc5-8c99-f4733fd7d922,"size == ""0""","isEmpty == ""True""","peek_obj_type == ""EmptyObject""","push == ""none""","pop == ""EmptyObject""","clear == ""none""","size_p == ""0""",No
444,1607885830146:c7173971-b67a-43a8-b31a-d92e960c5faa,1607885830146:d7e3ec7d-ba36-431d-9f53-b2806d4485d7,"size == ""1""","isEmpty == ""False""","peek_obj_type == ""class java.lang.String""","push == ""none""","pop == ""none""","clear == ""clear""","size_p == ""0""",Yes
445,1607885830146:c7173971-b67a-43a8-b31a-d92e960c5faa,1607885830146:d7e3ec7d-ba36-431d-9f53-b2806d4485d7,"size == ""1""","isEmpty == ""False""","peek_obj_type == ""class java.lang.String""","push == ""class java.lang.String""","pop == ""none""","clear == ""none""","size_p == ""1""",Yes
446,1607885830146:c7173971-b67a-43a8-b31a-d92e960c5faa,1607885830146:d7e3ec7d-ba36-431d-9f53-b2806d4485d7,"size == ""2""","isEmpty == ""False""","peek_obj_type == ""class java.lang.String""","push == ""none""","pop == ""none""","clear == ""clear""","size_p == ""1""",Yes
447,1607885830146:c7173971-b67a-43a8-b31a-d92e960c5faa,1607885830146:d7e3ec7d-ba36-431d-9f53-b2806d4485d7,"size == ""3""","isEmpty == ""False""","peek_obj_type == ""class java.lang.String""","push == ""none""","pop == ""none""","clear == ""clear""","size_p == ""2""",Yes
448,1607885830146:c7173971-b67a-43a8-b31a-d92e960c5faa,1607885830146:d7e3ec7d-ba36-431d-9f53-b2806d4485d7,"size == ""4""","isEmpty == ""False""","peek_obj_type == ""class java.lang.String""","push == ""none""","pop == ""none""","clear == ""clear""","size_p == ""3""",Yes
450,1607885830146:af0108a5-6a47-4f0a-8f19-b7600e8f422a,1607885830146:d8725fcc-8f2d-4de2-a798-5479f502c338,"size == ""0""","isEmpty == ""True""","peek_obj_type == ""EmptyObject""","push == ""class java.lang.String""","pop == ""none""","clear == ""none""","size_p == ""0""",Yes
451,1607885830146:af0108a5-6a47-4f0a-8f19-b7600e8f422a,1607885830146:d8725fcc-8f2d-4de2-a798-5479f502c338,"size == ""0""","isEmpty == ""True""","peek_obj_type == ""EmptyObject""","push == ""none""","pop == ""EmptyObject""","clear == ""none""","size_p == ""0""",No
453,1607885830146:9f624475-f3e1-4535-9163-6bbd02fd9c69,1607885830146:ef198eeb-e7cd-4533-8366-07f6615849f2,"size == ""0""","isEmpty == ""True""","peek_obj_type == ""EmptyObject""","push == ""class java.lang.String""","pop == ""none""","clear == ""none""","size_p == ""0""",Yes
455,1607885830146:9f624475-f3e1-4535-9163-6bbd02fd9c69,1607885830146:c0ccf27f-0162-426a-82ad-7ec9add83811,"size == ""0""","isEmpty == ""True""","peek_obj_type == ""EmptyObject""","push == ""class java.lang.String""","pop == ""none""","clear == ""none""","size_p == ""0""",Yes
456,1607885830146:9f624475-f3e1-4535-9163-6bbd02fd9c69,1607885830146:c0ccf27f-0162-426a-82ad-7ec9add83811,"size == ""0""","isEmpty == ""True""","peek_obj_type == ""EmptyObject""","push == ""none""","pop == ""EmptyObject""","clear == ""none""","size_p == ""0""",No
458,1607885830146:894a57c1-6d3e-4acf-9062-5dc4e0fa97bb,1607885830146:5e3ec5b3-335f-45e0-9ec7-8fa9b2c4b5f4,"size == ""0""","isEmpty == ""True""","peek_obj_type == ""EmptyObject""","push == ""class java.lang.String""","pop == ""none""","clear == ""none""","size_p == ""0""",Yes
459,1607885830146:894a57c1-6d3e-4acf-9062-5dc4e0fa97bb,1607885830146:5e3ec5b3-335f-45e0-9ec7-8fa9b2c4b5f4,"size == ""0""","isEmpty == ""True""","peek_obj_type == ""EmptyObject""","push == ""none""","pop == ""EmptyObject""","clear == ""none""","size_p == ""0""",No
461,1607885830146:83e21331-5f97-405b-ab5f-01624414230c,1607885830146:ddadd0bd-967c-479b-ae1f-1d76abd7d2d1,"size == ""0""","isEmpty == ""True""","peek_obj_type == ""EmptyObject""","push == ""class java.lang.String""","pop == ""none""","clear == ""none""","size_p == ""0""",Yes
463,1607885830146:83e21331-5f97-405b-ab5f-01624414230c,1607885830146:4b6173ac-351a-4050-a77d-6f2c0ab71236,"size == ""0""","isEmpty == ""True""","peek_obj_type == ""EmptyObject""","push == ""class java.lang.String""","pop == ""none""","clear == ""none""","size_p == ""0""",Yes
464,1607885830146:83e21331-5f97-405b-ab5f-01624414230c,1607885830146:4b6173ac-351a-4050-a77d-6f2c0ab71236,"size == ""0""","isEmpty == ""True""","peek_obj_type == ""EmptyObject""","push == ""none""","pop == ""EmptyObject""","clear == ""none""","size_p == ""0""",No
466,1607885830146:15dcde54-2fb1-496a-8562-f8bfeff79a11,1607885830146:17376a7c-593e-4d50-b549-14b3e16b2352,"size == ""0""","isEmpty == ""True""","peek_obj_type == ""EmptyObject""","push == ""class java.lang.String""","pop == ""none""","clear == ""none""","size_p == ""0""",Yes
467,1607885830146:15dcde54-2fb1-496a-8562-f8bfeff79a11,1607885830146:17376a7c-593e-4d50-b549-14b3e16b2352,"size == ""0""","isEmpty == ""True""","peek_obj_type == ""EmptyObject""","push == ""none""","pop == ""EmptyObject""","clear == ""none""","size_p == ""0""",No
469,1607885830145:fedcb435-8c16-4014-bf56-e695874ebdcb,1607885830145:98032ecf-55e5-40c0-9d48-e477bcbd609f,"size == ""1""","isEmpty == ""False""","peek_obj_type == ""class java.lang.String""","push == ""none""","pop == ""none""","clear == ""clear""","size_p == ""0""",Yes
470,1607885830145:fedcb435-8c16-4014-bf56-e695874ebdcb,1607885830145:98032ecf-55e5-40c0-9d48-e477bcbd609f,"size == ""1""","isEmpty == ""False""","peek_obj_type == ""class java.lang.String""","push == ""class java.lang.String""","pop == ""none""","clear == ""none""","size_p == ""1""",Yes
471,1607885830145:fedcb435-8c16-4014-bf56-e695874ebdcb,1607885830145:98032ecf-55e5-40c0-9d48-e477bcbd609f,"size == ""2""","isEmpty == ""False""","peek_obj_type == ""class java.lang.String""","push == ""none""","pop == ""none""","clear == ""clear""","size_p == ""1""",Yes
473,1607885830145:fedcb435-8c16-4014-bf56-e695874ebdcb,1607885830145:39e68bfe-3dd5-4566-87e6-cea387c50dfb,"size == ""0""","isEmpty == ""True""","peek_obj_type == ""EmptyObject""","push == ""class java.lang.String""","pop == ""none""","clear == ""none""","size_p == ""0""",Yes
474,1607885830145:fedcb435-8c16-4014-bf56-e695874ebdcb,1607885830145:39e68bfe-3dd5-4566-87e6-cea387c50dfb,"size == ""0""","isEmpty == ""True""","peek_obj_type == ""EmptyObject""","push == ""none""","pop == ""EmptyObject""","clear == ""none""","size_p == ""0""",No
476,1607885830145:e696c742-65ad-4d36-bc85-618e0cfb2f90,1607885830145:dd7480b6-e76d-4e8b-a27e-736066e10afd,"size == ""0""","isEmpty == ""True""","peek_obj_type == ""EmptyObject""","push == ""class java.lang.String""","pop == ""none""","clear == ""none""","size_p == ""0""",Yes
477,1607885830145:e696c742-65ad-4d36-bc85-618e0cfb2f90,1607885830145:dd7480b6-e76d-4e8b-a27e-736066e10afd,"size == ""0""","isEmpty == ""True""","peek_obj_type == ""EmptyObject""","push == ""none""","pop == ""EmptyObject""","clear == ""none""","size_p == ""0""",No
479,1607885830145:d0dc5d24-a346-4e72-baf1-5e55ab8c76e9,1607885830145:dcd21c76-25a5-4d0d-be7d-f7f5615725f8,"size == ""0""","isEmpty == ""True""","peek_obj_type == ""EmptyObject""","push == ""class java.lang.String""","pop == ""none""","clear == ""none""","size_p == ""0""",Yes
480,1607885830145:d0dc5d24-a346-4e72-baf1-5e55ab8c76e9,1607885830145:dcd21c76-25a5-4d0d-be7d-f7f5615725f8,"size == ""0""","isEmpty == ""True""","peek_obj_type == ""EmptyObject""","push == ""none""","pop == ""EmptyObject""","clear == ""none""","size_p == ""0""",No
482,1607885830145:d0dc5d24-a346-4e72-baf1-5e55ab8c76e9,1607885830145:7726cfc4-e0cb-4084-9485-5d92bd909e2e,"size == ""0""","isEmpty == ""True""","peek_obj_type == ""EmptyObject""","push == ""class java.lang.String""","pop == ""none""","clear == ""none""","size_p == ""0""",Yes
484,1607885830145:78b5d5fe-2c6e-4247-9bc2-4526af2f19f1,1607885830145:be204031-b8c1-4816-b9dc-c6ae8e4dfda8,"size == ""0""","isEmpty == ""True""","peek_obj_type == ""EmptyObject""","push == ""class java.lang.String""","pop == ""none""","clear == ""none""","size_p == ""0""",Yes
485,1607885830145:78b5d5fe-2c6e-4247-9bc2-4526af2f19f1,1607885830145:be204031-b8c1-4816-b9dc-c6ae8e4dfda8,"size == ""0""","isEmpty == ""True""","peek_obj_type == ""EmptyObject""","push == ""none""","pop == ""EmptyObject""","clear == ""none""","size_p == ""0""",No
487,1607885830145:6bf9b036-f294-4a96-8c7c-bec2fd8852ec,1607885830145:3bb41cd0-09d3-4367-8ac3-48d10b9f6575,"size == ""1""","isEmpty == ""False""","peek_obj_type == ""class java.lang.String""","push == ""none""","pop == ""none""","clear == ""clear""","size_p == ""0""",Yes
488,1607885830145:6bf9b036-f294-4a96-8c7c-bec2fd8852ec,1607885830145:3bb41cd0-09d3-4367-8ac3-48d10b9f6575,"size == ""1""","isEmpty == ""False""","peek_obj_type == ""class java.lang.String""","push == ""class java.lang.String""","pop == ""none""","clear == ""none""","size_p == ""1""",Yes
489,1607885830145:6bf9b036-f294-4a96-8c7c-bec2fd8852ec,1607885830145:3bb41cd0-09d3-4367-8ac3-48d10b9f6575,"size == ""2""","isEmpty == ""False""","peek_obj_type == ""class java.lang.String""","push == ""none""","pop == ""none""","clear == ""clear""","size_p == ""1""",Yes
490,1607885830145:6bf9b036-f294-4a96-8c7c-bec2fd8852ec,1607885830145:3bb41cd0-09d3-4367-8ac3-48d10b9f6575,"size == ""3""","isEmpty == ""False""","peek_obj_type == ""class java.lang.String""","push == ""none""","pop == ""none""","clear == ""clear""","size_p == ""2""",Yes
491,1607885830145:6bf9b036-f294-4a96-8c7c-bec2fd8852ec,1607885830145:3bb41cd0-09d3-4367-8ac3-48d10b9f6575,"size == ""4""","isEmpty == ""False""","peek_obj_type == ""class java.lang.String""","push == ""none""","pop == ""none""","clear == ""clear""","size_p == ""3""",Yes
493,1607885830145:6bf9b036-f294-4a96-8c7c-bec2fd8852ec,1607885830145:285daad5-0b93-4fb5-b3a2-56288f124be0,"size == ""0""","isEmpty == ""True""","peek_obj_type == ""EmptyObject""","push == ""class java.lang.String""","pop == ""none""","clear == ""none""","size_p == ""0""",Yes
494,1607885830145:6bf9b036-f294-4a96-8c7c-bec2fd8852ec,1607885830145:285daad5-0b93-4fb5-b3a2-56288f124be0,"size == ""0""","isEmpty == ""True""","peek_obj_type == ""EmptyObject""","push == ""none""","pop == ""EmptyObject""","clear == ""none""","size_p == ""0""",No
496,1607885830145:2b918968-9d55-4822-a580-bfc84ec26a97,1607885830145:fed46c08-07ba-43a3-8f0f-25b6cce53f90,"size == ""0""","isEmpty == ""True""","peek_obj_type == ""EmptyObject""","push == ""class java.lang.String""","pop == ""none""","clear == ""none""","size_p == ""0""",Yes
497,1607885830145:2b918968-9d55-4822-a580-bfc84ec26a97,1607885830145:fed46c08-07ba-43a3-8f0f-25b6cce53f90,"size == ""0""","isEmpty == ""True""","peek_obj_type == ""EmptyObject""","push == ""none""","pop == ""EmptyObject""","clear == ""none""","size_p == ""0""",No
499,1607885830145:2b918968-9d55-4822-a580-bfc84ec26a97,1607885830145:744498c2-31e5-4071-b1fc-ec176579f2ba,"size == ""1""","isEmpty == ""False""","peek_obj_type == ""class java.lang.String""","push == ""none""","pop == ""none""","clear == ""clear""","size_p == ""0""",Yes
500,1607885830145:2b918968-9d55-4822-a580-bfc84ec26a97,1607885830145:744498c2-31e5-4071-b1fc-ec176579f2ba,"size == ""1""","isEmpty == ""False""","peek_obj_type == ""class java.lang.String""","push == ""class java.lang.String""","pop == ""none""","clear == ""none""","size_p == ""1""",Yes
501,1607885830145:2b918968-9d55-4822-a580-bfc84ec26a97,1607885830145:744498c2-31e5-4071-b1fc-ec176579f2ba,"size == ""2""","isEmpty == ""False""","peek_obj_type == ""class java.lang.String""","push == ""none""","pop == ""none""","clear == ""clear""","size_p == ""1""",Yes
502,1607885830145:2b918968-9d55-4822-a580-bfc84ec26a97,1607885830145:744498c2-31e5-4071-b1fc-ec176579f2ba,"size == ""3""","isEmpty == ""False""","peek_obj_type == ""class java.lang.String""","push == ""none""","pop == ""none""","clear == ""clear""","size_p == ""2""",Yes
503,1607885830145:2b918968-9d55-4822-a580-bfc84ec26a97,1607885830145:744498c2-31e5-4071-b1fc-ec176579f2ba,"size == ""4""","isEmpty == ""False""","peek_obj_type == ""class java.lang.String""","push == ""none""","pop == ""none""","clear == ""clear""","size_p == ""3""",Yes
505,1607885830145:1f33fcf0-e334-4b0c-b355-71e3ed563cfd,1607885830145:27db8455-7dd4-4223-8f94-23b453e6823c,"size == ""0""","isEmpty == ""True""","peek_obj_type == ""EmptyObject""","push == ""class java.lang.String""","pop == ""none""","clear == ""none""","size_p == ""0""",Yes
507,1607885830145:1f33fcf0-e334-4b0c-b355-71e3ed563cfd,1607885830145:1f30e3ae-7cb8-4195-9361-b757593d2d89,"size == ""0""","isEmpty == ""True""","peek_obj_type == ""EmptyObject""","push == ""class java.lang.String""","pop == ""none""","clear == ""none""","size_p == ""0""",Yes
508,1607885830145:1f33fcf0-e334-4b0c-b355-71e3ed563cfd,1607885830145:1f30e3ae-7cb8-4195-9361-b757593d2d89,"size == ""0""","isEmpty == ""True""","peek_obj_type == ""EmptyObject""","push == ""none""","pop == ""EmptyObject""","clear == ""none""","size_p == ""0""",No
510,1607885830144:e7d9b111-cfa9-4eb5-8ed5-222497dce2a0,1607885830144:9840ff07-9756-412e-8772-9330d2dea2ad,"size == ""1""","isEmpty == ""False""","peek_obj_type == ""class java.lang.String""","push == ""none""","pop == ""none""","clear == ""clear""","size_p == ""0""",Yes
511,1607885830144:e7d9b111-cfa9-4eb5-8ed5-222497dce2a0,1607885830144:9840ff07-9756-412e-8772-9330d2dea2ad,"size == ""1""","isEmpty == ""False""","peek_obj_type == ""class java.lang.String""","push == ""class java.lang.String""","pop == ""none""","clear == ""none""","size_p == ""1""",Yes
512,1607885830144:e7d9b111-cfa9-4eb5-8ed5-222497dce2a0,1607885830144:9840ff07-9756-412e-8772-9330d2dea2ad,"size == ""2""","isEmpty == ""False""","peek_obj_type == ""class java.lang.String""","push == ""none""","pop == ""none""","clear == ""clear""","size_p == ""1""",Yes
513,1607885830144:e7d9b111-cfa9-4eb5-8ed5-222497dce2a0,1607885830144:9840ff07-9756-412e-8772-9330d2dea2ad,"size == ""3""","isEmpty == ""False""","peek_obj_type == ""class java.lang.String""","push == ""none""","pop == ""none""","clear == ""clear""","size_p == ""2""",Yes
514,1607885830144:e7d9b111-cfa9-4eb5-8ed5-222497dce2a0,1607885830144:9840ff07-9756-412e-8772-9330d2dea2ad,"size == ""4""","isEmpty == ""False""","peek_obj_type == ""class java.lang.String""","push == ""none""","pop == ""none""","clear == ""clear""","size_p == ""3""",Yes
516,1607885830144:e7d9b111-cfa9-4eb5-8ed5-222497dce2a0,1607885830144:436c91e3-f7ca-4af7-a0e1-6d24ba63ddc2,"size == ""0""","isEmpty == ""True""","peek_obj_type == ""EmptyObject""","push == ""class java.lang.String""","pop == ""none""","clear == ""none""","size_p == ""0""",Yes
517,1607885830144:e7d9b111-cfa9-4eb5-8ed5-222497dce2a0,1607885830144:436c91e3-f7ca-4af7-a0e1-6d24ba63ddc2,"size == ""0""","isEmpty == ""True""","peek_obj_type == ""EmptyObject""","push == ""none""","pop == ""EmptyObject""","clear == ""none""","size_p == ""0""",No
519,1607885830144:cac24bdd-cd16-436e-b52e-1f1855854d7c,1607885830145:b1b02f40-add4-425f-8623-6883109ff12e,"size == ""0""","isEmpty == ""True""","peek_obj_type == ""EmptyObject""","push == ""class java.lang.String""","pop == ""none""","clear == ""none""","size_p == ""0""",Yes
520,1607885830144:cac24bdd-cd16-436e-b52e-1f1855854d7c,1607885830145:b1b02f40-add4-425f-8623-6883109ff12e,"size == ""0""","isEmpty == ""True""","peek_obj_type == ""EmptyObject""","push == ""none""","pop == ""EmptyObject""","clear == ""none""","size_p == ""0""",No
522,1607885830144:cac24bdd-cd16-436e-b52e-1f1855854d7c,1607885830144:e4dec044-7723-46c2-80a9-c92efb35cb33,"size == ""1""","isEmpty == ""False""","peek_obj_type == ""class java.lang.String""","push == ""none""","pop == ""none""","clear == ""clear""","size_p == ""0""",Yes
523,1607885830144:cac24bdd-cd16-436e-b52e-1f1855854d7c,1607885830144:e4dec044-7723-46c2-80a9-c92efb35cb33,"size == ""1""","isEmpty == ""False""","peek_obj_type == ""class java.lang.String""","push == ""class java.lang.String""","pop == ""none""","clear == ""none""","size_p == ""1""",Yes
524,1607885830144:cac24bdd-cd16-436e-b52e-1f1855854d7c,1607885830144:e4dec044-7723-46c2-80a9-c92efb35cb33,"size == ""2""","isEmpty == ""False""","peek_obj_type == ""class java.lang.String""","push == ""none""","pop == ""none""","clear == ""clear""","size_p == ""1""",Yes
525,1607885830144:cac24bdd-cd16-436e-b52e-1f1855854d7c,1607885830144:e4dec044-7723-46c2-80a9-c92efb35cb33,"size == ""3""","isEmpty == ""False""","peek_obj_type == ""class java.lang.String""","push == ""none""","pop == ""none""","clear == ""clear""","size_p == ""2""",Yes
526,1607885830144:cac24bdd-cd16-436e-b52e-1f1855854d7c,1607885830144:e4dec044-7723-46c2-80a9-c92efb35cb33,"size == ""4""","isEmpty == ""False""","peek_obj_type == ""class java.lang.String""","push == ""none""","pop == ""none""","clear == ""clear""","size_p == ""3""",Yes
528,1607885830144:c194df4e-ff89-4d3c-984d-f996a20a8f20,1607885830144:46da7281-3549-436c-b482-149a427cf0e5,"size == ""0""","isEmpty == ""True""","peek_obj_type == ""EmptyObject""","push == ""class java.lang.String""","pop == ""none""","clear == ""none""","size_p == ""0""",Yes
529,1607885830144:c194df4e-ff89-4d3c-984d-f996a20a8f20,1607885830144:46da7281-3549-436c-b482-149a427cf0e5,"size == ""0""","isEmpty == ""True""","peek_obj_type == ""EmptyObject""","push == ""none""","pop == ""EmptyObject""","clear == ""none""","size_p == ""0""",No
531,1607885830144:ac601a4a-d64a-4a16-b456-525bbba4f790,1607885830144:21c363b5-cf7f-4458-80bb-2efc2e986a2e,"size == ""1""","isEmpty == ""False""","peek_obj_type == ""class java.lang.String""","push == ""none""","pop == ""none""","clear == ""clear""","size_p == ""0""",Yes
532,1607885830144:ac601a4a-d64a-4a16-b456-525bbba4f790,1607885830144:21c363b5-cf7f-4458-80bb-2efc2e986a2e,"size == ""1""","isEmpty == ""False""","peek_obj_type == ""class java.lang.String""","push == ""class java.lang.String""","pop == ""none""","clear == ""none""","size_p == ""1""",Yes
533,1607885830144:ac601a4a-d64a-4a16-b456-525bbba4f790,1607885830144:21c363b5-cf7f-4458-80bb-2efc2e986a2e,"size == ""0""","isEmpty == ""True""","peek_obj_type == ""EmptyObject""","push == ""none""","pop == ""EmptyObject""","clear == ""none""","size_p == ""1""",No
534,1607885830144:ac601a4a-d64a-4a16-b456-525bbba4f790,1607885830144:21c363b5-cf7f-4458-80bb-2efc2e986a2e,"size == ""1""","isEmpty == ""False""","peek_obj_type == ""class java.lang.String""","push == ""none""","pop == ""none""","clear == ""clear""","size_p == ""0""",Yes
536,1607885830144:ac601a4a-d64a-4a16-b456-525bbba4f790,1607885830144:1164c618-befd-4d79-aef8-1706902a6a98,"size == ""0""","isEmpty == ""True""","peek_obj_type == ""EmptyObject""","push == ""class java.lang.String""","pop == ""none""","clear == ""none""","size_p == ""0""",Yes
537,1607885830144:ac601a4a-d64a-4a16-b456-525bbba4f790,1607885830144:1164c618-befd-4d79-aef8-1706902a6a98,"size == ""0""","isEmpty == ""True""","peek_obj_type == ""EmptyObject""","push == ""none""","pop == ""EmptyObject""","clear == ""none""","size_p == ""0""",No
539,1607885830144:9d6f8b0e-20a3-4063-bd83-6b61c6cf8af0,1607885830144:e8c74cdc-6c69-458b-8e42-3a91b4630162,"size == ""1""","isEmpty == ""False""","peek_obj_type == ""class java.lang.String""","push == ""none""","pop == ""none""","clear == ""clear""","size_p == ""0""",Yes
540,1607885830144:9d6f8b0e-20a3-4063-bd83-6b61c6cf8af0,1607885830144:e8c74cdc-6c69-458b-8e42-3a91b4630162,"size == ""1""","isEmpty == ""False""","peek_obj_type == ""class java.lang.String""","push == ""class java.lang.String""","pop == ""none""","clear == ""none""","size_p == ""1""",Yes
541,1607885830144:9d6f8b0e-20a3-4063-bd83-6b61c6cf8af0,1607885830144:e8c74cdc-6c69-458b-8e42-3a91b4630162,"size == ""2""","isEmpty == ""False""","peek_obj_type == ""class java.lang.String""","push == ""none""","pop == ""none""","clear == ""clear""","size_p == ""1""",Yes
542,1607885830144:9d6f8b0e-20a3-4063-bd83-6b61c6cf8af0,1607885830144:e8c74cdc-6c69-458b-8e42-3a91b4630162,"size == ""3""","isEmpty == ""False""","peek_obj_type == ""class java.lang.String""","push == ""none""","pop == ""none""","clear == ""clear""","size_p == ""2""",Yes
543,1607885830144:9d6f8b0e-20a3-4063-bd83-6b61c6cf8af0,1607885830144:e8c74cdc-6c69-458b-8e42-3a91b4630162,"size == ""4""","isEmpty == ""False""","peek_obj_type == ""class java.lang.String""","push == ""none""","pop == ""none""","clear == ""clear""","size_p == ""3""",Yes
545,1607885830144:9d6f8b0e-20a3-4063-bd83-6b61c6cf8af0,1607885830144:7f57ad20-88fa-4c9f-8534-a318930a77d9,"size == ""0""","isEmpty == ""True""","peek_obj_type == ""EmptyObject""","push == ""class java.lang.String""","pop == ""none""","clear == ""none""","size_p == ""0""",Yes
546,1607885830144:9d6f8b0e-20a3-4063-bd83-6b61c6cf8af0,1607885830144:7f57ad20-88fa-4c9f-8534-a318930a77d9,"size == ""0""","isEmpty == ""True""","peek_obj_type == ""EmptyObject""","push == ""none""","pop == ""EmptyObject""","clear == ""none""","size_p == ""0""",No
548,1607885830144:62070dfb-5f95-4379-a067-85ee4a255464,1607885830144:d5317877-87d5-407d-8ff5-cf76e918cd3b,"size == ""1""","isEmpty == ""False""","peek_obj_type == ""class java.lang.String""","push == ""none""","pop == ""none""","clear == ""clear""","size_p == ""0""",Yes
549,1607885830144:62070dfb-5f95-4379-a067-85ee4a255464,1607885830144:d5317877-87d5-407d-8ff5-cf76e918cd3b,"size == ""1""","isEmpty == ""False""","peek_obj_type == ""class java.lang.String""","push == ""class java.lang.String""","pop == ""none""","clear == ""none""","size_p == ""1""",Yes
550,1607885830144:62070dfb-5f95-4379-a067-85ee4a255464,1607885830144:d5317877-87d5-407d-8ff5-cf76e918cd3b,"size == ""2""","isEmpty == ""False""","peek_obj_type == ""class java.lang.String""","push == ""none""","pop == ""none""","clear == ""clear""","size_p == ""1""",Yes
551,1607885830144:62070dfb-5f95-4379-a067-85ee4a255464,1607885830144:d5317877-87d5-407d-8ff5-cf76e918cd3b,"size == ""3""","isEmpty == ""False""","peek_obj_type == ""class java.lang.String""","push == ""none""","pop == ""none""","clear == ""clear""","size_p == ""2""",Yes
552,1607885830144:62070dfb-5f95-4379-a067-85ee4a255464,1607885830144:d5317877-87d5-407d-8ff5-cf76e918cd3b,"size == ""4""","isEmpty == ""False""","peek_obj_type == ""class java.lang.String""","push == ""none""","pop == ""none""","clear == ""clear""","size_p == ""3""",Yes
554,1607885830144:62070dfb-5f95-4379-a067-85ee4a255464,1607885830144:ae1f46a9-653b-48b3-99c4-657e4eb2a920,"size == ""1""","isEmpty == ""False""","peek_obj_type == ""class java.lang.String""","push == ""none""","pop == ""none""","clear == ""clear""","size_p == ""0""",Yes
555,1607885830144:62070dfb-5f95-4379-a067-85ee4a255464,1607885830144:ae1f46a9-653b-48b3-99c4-657e4eb2a920,"size == ""1""","isEmpty == ""False""","peek_obj_type == ""class java.lang.String""","push == ""class java.lang.String""","pop == ""none""","clear == ""none""","size_p == ""1""",Yes
556,1607885830144:62070dfb-5f95-4379-a067-85ee4a255464,1607885830144:ae1f46a9-653b-48b3-99c4-657e4eb2a920,"size == ""2""","isEmpty == ""False""","peek_obj_type == ""class java.lang.String""","push == ""none""","pop == ""none""","clear == ""clear""","size_p == ""1""",Yes
557,1607885830144:62070dfb-5f95-4379-a067-85ee4a255464,1607885830144:ae1f46a9-653b-48b3-99c4-657e4eb2a920,"size == ""3""","isEmpty == ""False""","peek_obj_type == ""class java.lang.String""","push == ""none""","pop == ""none""","clear == ""clear""","size_p == ""2""",Yes
558,1607885830144:62070dfb-5f95-4379-a067-85ee4a255464,1607885830144:ae1f46a9-653b-48b3-99c4-657e4eb2a920,"size == ""4""","isEmpty == ""False""","peek_obj_type == ""class java.lang.String""","push == ""none""","pop == ""none""","clear == ""clear""","size_p == ""3""",Yes
560,1607885830144:62070dfb-5f95-4379-a067-85ee4a255464,1607885830144:0f900b6d-498a-4093-aee5-e0d0ddb9f736,"size == ""0""","isEmpty == ""True""","peek_obj_type == ""EmptyObject""","push == ""class java.lang.String""","pop == ""none""","clear == ""none""","size_p == ""0""",Yes
561,1607885830144:62070dfb-5f95-4379-a067-85ee4a255464,1607885830144:0f900b6d-498a-4093-aee5-e0d0ddb9f736,"size == ""0""","isEmpty == ""True""","peek_obj_type == ""EmptyObject""","push == ""none""","pop == ""EmptyObject""","clear == ""none""","size_p == ""0""",No
563,1607885830144:1db5a93e-0471-486c-a233-9af989910584,1607885830144:f65b7798-a58e-45fa-a944-d9a0fe565aa2,"size == ""0""","isEmpty == ""True""","peek_obj_type == ""EmptyObject""","push == ""class java.lang.String""","pop == ""none""","clear == ""none""","size_p == ""0""",Yes
564,1607885830144:1db5a93e-0471-486c-a233-9af989910584,1607885830144:f65b7798-a58e-45fa-a944-d9a0fe565aa2,"size == ""0""","isEmpty == ""True""","peek_obj_type == ""EmptyObject""","push == ""class java.lang.String""","pop == ""none""","clear == ""none""","size_p == ""0""",Yes
566,1607885830144:1db5a93e-0471-486c-a233-9af989910584,1607885830144:72f65e4a-a1e8-42b6-ab46-9e54a41d0151,"size == ""0""","isEmpty == ""True""","peek_obj_type == ""EmptyObject""","push == ""class java.lang.String""","pop == ""none""","clear == ""none""","size_p == ""0""",Yes
567,1607885830144:1db5a93e-0471-486c-a233-9af989910584,1607885830144:72f65e4a-a1e8-42b6-ab46-9e54a41d0151,"size == ""0""","isEmpty == ""True""","peek_obj_type == ""EmptyObject""","push == ""none""","pop == ""EmptyObject""","clear == ""none""","size_p == ""0""",No
569,1607885830144:05e408b4-b415-4908-b7e8-5314359104d6,1607885830144:f9e46906-f894-460a-ae4c-5ce6a83b2458,"size == ""0""","isEmpty == ""True""","peek_obj_type == ""EmptyObject""","push == ""class java.lang.String""","pop == ""none""","clear == ""none""","size_p == ""0""",Yes
570,1607885830144:05e408b4-b415-4908-b7e8-5314359104d6,1607885830144:f9e46906-f894-460a-ae4c-5ce6a83b2458,"size == ""0""","isEmpty == ""True""","peek_obj_type == ""EmptyObject""","push == ""none""","pop == ""EmptyObject""","clear == ""none""","size_p == ""0""",No
572,1607885830143:f81774ee-c669-49bf-8146-f63e2b48970b,1607885830143:1ea7fc3e-e94f-4dd8-9e6d-752aa3c3a9bd,"size == ""0""","isEmpty == ""True""","peek_obj_type == ""EmptyObject""","push == ""class java.lang.String""","pop == ""none""","clear == ""none""","size_p == ""0""",Yes
573,1607885830143:f81774ee-c669-49bf-8146-f63e2b48970b,1607885830143:1ea7fc3e-e94f-4dd8-9e6d-752aa3c3a9bd,"size == ""0""","isEmpty == ""True""","peek_obj_type == ""EmptyObject""","push == ""none""","pop == ""EmptyObject""","clear == ""none""","size_p == ""0""",No
575,1607885830143:f81774ee-c669-49bf-8146-f63e2b48970b,1607885830143:01ae08a0-5f31-4b25-a4f6-99ea10245acf,"size == ""0""","isEmpty == ""True""","peek_obj_type == ""EmptyObject""","push == ""class java.lang.String""","pop == ""none""","clear == ""none""","size_p == ""0""",Yes
576,1607885830143:f81774ee-c669-49bf-8146-f63e2b48970b,1607885830143:01ae08a0-5f31-4b25-a4f6-99ea10245acf,"size == ""0""","isEmpty == ""True""","peek_obj_type == ""EmptyObject""","push == ""class java.lang.String""","pop == ""none""","clear == ""none""","size_p == ""0""",Yes
578,1607885830143:f7be2081-16c4-48fe-a96c-970e4ab1c1b8,1607885830143:2bbbb48a-09cc-4a17-aa7e-5810d817417c,"size == ""0""","isEmpty == ""True""","peek_obj_type == ""EmptyObject""","push == ""class java.lang.String""","pop == ""none""","clear == ""none""","size_p == ""0""",Yes
579,1607885830143:f7be2081-16c4-48fe-a96c-970e4ab1c1b8,1607885830143:2bbbb48a-09cc-4a17-aa7e-5810d817417c,"size == ""0""","isEmpty == ""True""","peek_obj_type == ""EmptyObject""","push == ""none""","pop == ""EmptyObject""","clear == ""none""","size_p == ""0""",No
581,1607885830143:eb873671-c083-48ea-8cb8-e36863f8809a,1607885830143:dbfeef73-c016-4d37-acce-c8d84a7bc303,"size == ""0""","isEmpty == ""True""","peek_obj_type == ""EmptyObject""","push == ""class java.lang.String""","pop == ""none""","clear == ""none""","size_p == ""0""",Yes
582,1607885830143:eb873671-c083-48ea-8cb8-e36863f8809a,1607885830143:dbfeef73-c016-4d37-acce-c8d84a7bc303,"size == ""0""","isEmpty == ""True""","peek_obj_type == ""EmptyObject""","push == ""class java.lang.String""","pop == ""none""","clear == ""none""","size_p == ""0""",Yes
584,1607885830143:eb873671-c083-48ea-8cb8-e36863f8809a,1607885830143:b1727f15-24dc-4b2d-976d-92b152adf142,"size == ""0""","isEmpty == ""True""","peek_obj_type == ""EmptyObject""","push == ""class java.lang.String""","pop == ""none""","clear == ""none""","size_p == ""0""",Yes
585,1607885830143:eb873671-c083-48ea-8cb8-e36863f8809a,1607885830143:b1727f15-24dc-4b2d-976d-92b152adf142,"size == ""0""","isEmpty == ""True""","peek_obj_type == ""EmptyObject""","push == ""none""","pop == ""EmptyObject""","clear == ""none""","size_p == ""0""",No
587,1607885830143:a251ce6a-8567-4ab6-9337-6d0c9b3a91b2,1607885830143:c4379c19-4407-430f-842e-1dd6593fcd52,"size == ""0""","isEmpty == ""True""","peek_obj_type == ""EmptyObject""","push == ""class java.lang.String""","pop == ""none""","clear == ""none""","size_p == ""0""",Yes
588,1607885830143:a251ce6a-8567-4ab6-9337-6d0c9b3a91b2,1607885830143:c4379c19-4407-430f-842e-1dd6593fcd52,"size == ""0""","isEmpty == ""True""","peek_obj_type == ""EmptyObject""","push == ""none""","pop == ""EmptyObject""","clear == ""none""","size_p == ""0""",No
590,1607885830143:5b2cc651-7176-484b-ba94-5cabfa1bd32b,1607885830143:5d7bfb23-05fd-4b9e-b50c-24b763ed5607,"size == ""0""","isEmpty == ""True""","peek_obj_type == ""EmptyObject""","push == ""class java.lang.String""","pop == ""none""","clear == ""none""","size_p == ""0""",Yes
591,1607885830143:5b2cc651-7176-484b-ba94-5cabfa1bd32b,1607885830143:5d7bfb23-05fd-4b9e-b50c-24b763ed5607,"size == ""0""","isEmpty == ""True""","peek_obj_type == ""EmptyObject""","push == ""none""","pop == ""EmptyObject""","clear == ""none""","size_p == ""0""",No
593,1607885830143:51049da5-1145-4f98-8fc7-0d72205aaa62,1607885830143:42aaa05c-3998-45b4-a767-3a7f4f0aaca2,"size == ""0""","isEmpty == ""True""","peek_obj_type == ""EmptyObject""","push == ""class java.lang.String""","pop == ""none""","clear == ""none""","size_p == ""0""",Yes
594,1607885830143:51049da5-1145-4f98-8fc7-0d72205aaa62,1607885830143:42aaa05c-3998-45b4-a767-3a7f4f0aaca2,"size == ""0""","isEmpty == ""True""","peek_obj_type == ""EmptyObject""","push == ""none""","pop == ""EmptyObject""","clear == ""none""","size_p == ""0""",No
596,1607885830143:2f8687e5-9349-44c1-bdb2-9fa18e6fe92e,1607885830143:a6e9938d-7564-4ab0-a1fa-c03b935645fa,"size == ""1""","isEmpty == ""False""","peek_obj_type == ""class java.lang.String""","push == ""none""","pop == ""none""","clear == ""clear""","size_p == ""0""",Yes
597,1607885830143:2f8687e5-9349-44c1-bdb2-9fa18e6fe92e,1607885830143:a6e9938d-7564-4ab0-a1fa-c03b935645fa,"size == ""1""","isEmpty == ""False""","peek_obj_type == ""class java.lang.String""","push == ""class java.lang.String""","pop == ""none""","clear == ""none""","size_p == ""1""",Yes
598,1607885830143:2f8687e5-9349-44c1-bdb2-9fa18e6fe92e,1607885830143:a6e9938d-7564-4ab0-a1fa-c03b935645fa,"size == ""0""","isEmpty == ""True""","peek_obj_type == ""EmptyObject""","push == ""none""","pop == ""EmptyObject""","clear == ""none""","size_p == ""1""",No
599,1607885830143:2f8687e5-9349-44c1-bdb2-9fa18e6fe92e,1607885830143:a6e9938d-7564-4ab0-a1fa-c03b935645fa,"size == ""1""","isEmpty == ""False""","peek_obj_type == ""class java.lang.String""","push == ""none""","pop == ""none""","clear == ""clear""","size_p == ""0""",Yes
601,1607885830143:2f8687e5-9349-44c1-bdb2-9fa18e6fe92e,1607885830143:0ea26855-511f-47d0-b4e3-8c422646ebdf,"size == ""0""","isEmpty == ""True""","peek_obj_type == ""EmptyObject""","push == ""class java.lang.String""","pop == ""none""","clear == ""none""","size_p == ""0""",Yes
602,1607885830143:2f8687e5-9349-44c1-bdb2-9fa18e6fe92e,1607885830143:0ea26855-511f-47d0-b4e3-8c422646ebdf,"size == ""0""","isEmpty == ""True""","peek_obj_type == ""EmptyObject""","push == ""none""","pop == ""EmptyObject""","clear == ""none""","size_p == ""0""",No
604,1607885830143:19048d02-0544-4552-b8a1-32a38943ae68,1607885830143:15e3a278-3801-4a72-b6e9-688af21ba10b,"size == ""0""","isEmpty == ""True""","peek_obj_type == ""EmptyObject""","push == ""class java.lang.String""","pop == ""none""","clear == ""none""","size_p == ""0""",Yes
605,1607885830143:19048d02-0544-4552-b8a1-32a38943ae68,1607885830143:15e3a278-3801-4a72-b6e9-688af21ba10b,"size == ""0""","isEmpty == ""True""","peek_obj_type == ""EmptyObject""","push == ""none""","pop == ""EmptyObject""","clear == ""none""","size_p == ""0""",No
607,1607885830143:11d2bda1-4e9a-4a88-a7ae-2fc67a76c790,1607885830143:edc21b0b-7294-4121-9a00-d82a19a64482,"size == ""0""","isEmpty == ""True""","peek_obj_type == ""EmptyObject""","push == ""class java.lang.String""","pop == ""none""","clear == ""none""","size_p == ""0""",Yes
608,1607885830143:11d2bda1-4e9a-4a88-a7ae-2fc67a76c790,1607885830143:edc21b0b-7294-4121-9a00-d82a19a64482,"size == ""0""","isEmpty == ""True""","peek_obj_type == ""EmptyObject""","push == ""none""","pop == ""EmptyObject""","clear == ""none""","size_p == ""0""",No
610,1607885830143:11d2bda1-4e9a-4a88-a7ae-2fc67a76c790,1607885830143:e105ab02-c180-4a5c-8e55-742b54b53775,"size == ""0""","isEmpty == ""True""","peek_obj_type == ""EmptyObject""","push == ""class java.lang.String""","pop == ""none""","clear == ""none""","size_p == ""0""",Yes
611,1607885830143:11d2bda1-4e9a-4a88-a7ae-2fc67a76c790,1607885830143:e105ab02-c180-4a5c-8e55-742b54b53775,"size == ""0""","isEmpty == ""True""","peek_obj_type == ""EmptyObject""","push == ""class java.lang.String""","pop == ""none""","clear == ""none""","size_p == ""0""",Yes
613,1607885830143:11d2bda1-4e9a-4a88-a7ae-2fc67a76c790,1607885830143:d0b23e2d-287b-48b0-8bf0-6d72b72552ec,"size == ""1""","isEmpty == ""False""","peek_obj_type == ""class java.lang.String""","push == ""none""","pop == ""none""","clear == ""clear""","size_p == ""0""",Yes
614,1607885830143:11d2bda1-4e9a-4a88-a7ae-2fc67a76c790,1607885830143:d0b23e2d-287b-48b0-8bf0-6d72b72552ec,"size == ""1""","isEmpty == ""False""","peek_obj_type == ""class java.lang.String""","push == ""class java.lang.String""","pop == ""none""","clear == ""none""","size_p == ""1""",Yes
615,1607885830143:11d2bda1-4e9a-4a88-a7ae-2fc67a76c790,1607885830143:d0b23e2d-287b-48b0-8bf0-6d72b72552ec,"size == ""2""","isEmpty == ""False""","peek_obj_type == ""class java.lang.String""","push == ""none""","pop == ""none""","clear == ""clear""","size_p == ""1""",Yes
616,1607885830143:11d2bda1-4e9a-4a88-a7ae-2fc67a76c790,1607885830143:d0b23e2d-287b-48b0-8bf0-6d72b72552ec,"size == ""3""","isEmpty == ""False""","peek_obj_type == ""class java.lang.String""","push == ""none""","pop == ""none""","clear == ""clear""","size_p == ""2""",Yes
617,1607885830143:11d2bda1-4e9a-4a88-a7ae-2fc67a76c790,1607885830143:d0b23e2d-287b-48b0-8bf0-6d72b72552ec,"size == ""4""","isEmpty == ""False""","peek_obj_type == ""class java.lang.String""","push == ""none""","pop == ""none""","clear == ""clear""","size_p == ""3""",Yes
619,1607885830142:e658fd54-3870-4f62-b8c2-63c8f4f6624c,1607885830142:ac3e09c6-ae73-41f4-8017-2b2a9240fcc7,"size == ""0""","isEmpty == ""True""","peek_obj_type == ""EmptyObject""","push == ""class java.lang.String""","pop == ""none""","clear == ""none""","size_p == ""0""",Yes
620,1607885830142:e658fd54-3870-4f62-b8c2-63c8f4f6624c,1607885830142:ac3e09c6-ae73-41f4-8017-2b2a9240fcc7,"size == ""0""","isEmpty == ""True""","peek_obj_type == ""EmptyObject""","push == ""none""","pop == ""EmptyObject""","clear == ""none""","size_p == ""0""",No
622,1607885830142:c7d72c7f-21af-4060-b725-72f7457589e2,1607885830142:d7b40d4b-6f81-43c8-b311-a16fae2837ce,"size == ""0""","isEmpty == ""True""","peek_obj_type == ""EmptyObject""","push == ""class java.lang.String""","pop == ""none""","clear == ""none""","size_p == ""0""",Yes
623,1607885830142:c7d72c7f-21af-4060-b725-72f7457589e2,1607885830142:d7b40d4b-6f81-43c8-b311-a16fae2837ce,"size == ""0""","isEmpty == ""True""","peek_obj_type == ""EmptyObject""","push == ""none""","pop == ""EmptyObject""","clear == ""none""","size_p == ""0""",No
625,1607885830142:c7d72c7f-21af-4060-b725-72f7457589e2,1607885830142:0d64e709-30c5-4d60-a660-e2b863534b9a,"size == ""0""","isEmpty == ""True""","peek_obj_type == ""EmptyObject""","push == ""class java.lang.String""","pop == ""none""","clear == ""none""","size_p == ""0""",Yes
627,1607885830142:c21a0a8f-1c69-416a-a457-a9ab5fc032c1,1607885830142:7fd97141-d8bc-4a06-8e13-646adf67de63,"size == ""0""","isEmpty == ""True""","peek_obj_type == ""EmptyObject""","push == ""class java.lang.String""","pop == ""none""","clear == ""none""","size_p == ""0""",Yes
628,1607885830142:c21a0a8f-1c69-416a-a457-a9ab5fc032c1,1607885830142:7fd97141-d8bc-4a06-8e13-646adf67de63,"size == ""0""","isEmpty == ""True""","peek_obj_type == ""EmptyObject""","push == ""none""","pop == ""EmptyObject""","clear == ""none""","size_p == ""0""",No
630,1607885830142:b5554f0a-ad46-4d63-b204-650c5e58b76b,1607885830142:80befdee-224a-47f6-8451-7060ac2a2f13,"size == ""0""","isEmpty == ""True""","peek_obj_type == ""EmptyObject""","push == ""class java.lang.String""","pop == ""none""","clear == ""none""","size_p == ""0""",Yes
631,1607885830142:b5554f0a-ad46-4d63-b204-650c5e58b76b,1607885830142:80befdee-224a-47f6-8451-7060ac2a2f13,"size == ""0""","isEmpty == ""True""","peek_obj_type == ""EmptyObject""","push == ""none""","pop == ""EmptyObject""","clear == ""none""","size_p == ""0""",No
633,1607885830142:b5554f0a-ad46-4d63-b204-650c5e58b76b,1607885830142:3e23aa1d-3732-41cc-8b50-71d9aea53474,"size == ""1""","isEmpty == ""False""","peek_obj_type == ""class java.lang.String""","push == ""none""","pop == ""none""","clear == ""clear""","size_p == ""0""",Yes
634,1607885830142:b5554f0a-ad46-4d63-b204-650c5e58b76b,1607885830142:3e23aa1d-3732-41cc-8b50-71d9aea53474,"size == ""1""","isEmpty == ""False""","peek_obj_type == ""class java.lang.String""","push == ""class java.lang.String""","pop == ""none""","clear == ""none""","size_p == ""1""",Yes
635,1607885830142:b5554f0a-ad46-4d63-b204-650c5e58b76b,1607885830142:3e23aa1d-3732-41cc-8b50-71d9aea53474,"size == ""0""","isEmpty == ""True""","peek_obj_type == ""EmptyObject""","push == ""none""","pop == ""EmptyObject""","clear == ""none""","size_p == ""1""",No
636,1607885830142:b5554f0a-ad46-4d63-b204-650c5e58b76b,1607885830142:3e23aa1d-3732-41cc-8b50-71d9aea53474,"size == ""1""","isEmpty == ""False""","peek_obj_type == ""class java.lang.String""","push == ""none""","pop == ""none""","clear == ""clear""","size_p == ""0""",Yes
638,1607885830142:b5554f0a-ad46-4d63-b204-650c5e58b76b,1607885830142:013ee697-5e11-4375-8541-556f63438e06,"size == ""0""","isEmpty == ""True""","peek_obj_type == ""EmptyObject""","push == ""class java.lang.String""","pop == ""none""","clear == ""none""","size_p == ""0""",Yes
639,1607885830142:b5554f0a-ad46-4d63-b204-650c5e58b76b,1607885830142:013ee697-5e11-4375-8541-556f63438e06,"size == ""0""","isEmpty == ""True""","peek_obj_type == ""EmptyObject""","push == ""class java.lang.String""","pop == ""none""","clear == ""none""","size_p == ""0""",Yes
640,1607885830142:b5554f0a-ad46-4d63-b204-650c5e58b76b,1607885830142:013ee697-5e11-4375-8541-556f63438e06,"size == ""0""","isEmpty == ""True""","peek_obj_type == ""EmptyObject""","push == ""class java.lang.String""","pop == ""none""","clear == ""none""","size_p == ""0""",Yes
641,1607885830142:b5554f0a-ad46-4d63-b204-650c5e58b76b,1607885830142:013ee697-5e11-4375-8541-556f63438e06,"size == ""1""","isEmpty == ""False""","peek_obj_type == ""class java.lang.String""","push == ""none""","pop == ""none""","clear == ""clear""","size_p == ""0""",Yes
643,1607885830142:93a16e34-8b14-4932-a693-1eb102f7013c,1607885830142:e6d025ba-e9ba-483e-a7a8-2c86d1a7e3b6,"size == ""0""","isEmpty == ""True""","peek_obj_type == ""EmptyObject""","push == ""class java.lang.String""","pop == ""none""","clear == ""none""","size_p == ""0""",Yes
644,1607885830142:93a16e34-8b14-4932-a693-1eb102f7013c,1607885830142:e6d025ba-e9ba-483e-a7a8-2c86d1a7e3b6,"size == ""0""","isEmpty == ""True""","peek_obj_type == ""EmptyObject""","push == ""none""","pop == ""EmptyObject""","clear == ""none""","size_p == ""0""",No
646,1607885830142:7f4df789-ddac-4c68-a4fa-1a16e35f1320,1607885830142:b6588a3d-735a-4870-8d14-2a893cbc760f,"size == ""1""","isEmpty == ""False""","peek_obj_type == ""class java.lang.String""","push == ""none""","pop == ""none""","clear == ""clear""","size_p == ""0""",Yes
647,1607885830142:7f4df789-ddac-4c68-a4fa-1a16e35f1320,1607885830142:b6588a3d-735a-4870-8d14-2a893cbc760f,"size == ""1""","isEmpty == ""False""","peek_obj_type == ""class java.lang.String""","push == ""class java.lang.String""","pop == ""none""","clear == ""none""","size_p == ""1""",Yes
648,1607885830142:7f4df789-ddac-4c68-a4fa-1a16e35f1320,1607885830142:b6588a3d-735a-4870-8d14-2a893cbc760f,"size == ""2""","isEmpty == ""False""","peek_obj_type == ""class java.lang.String""","push == ""none""","pop == ""none""","clear == ""clear""","size_p == ""1""",Yes
650,1607885830142:7f4df789-ddac-4c68-a4fa-1a16e35f1320,1607885830142:b225ac68-7f68-433d-af69-880daa0ed139,"size == ""0""","isEmpty == ""True""","peek_obj_type == ""EmptyObject""","push == ""class java.lang.String""","pop == ""none""","clear == ""none""","size_p == ""0""",Yes
651,1607885830142:7f4df789-ddac-4c68-a4fa-1a16e35f1320,1607885830142:b225ac68-7f68-433d-af69-880daa0ed139,"size == ""0""","isEmpty == ""True""","peek_obj_type == ""EmptyObject""","push == ""none""","pop == ""EmptyObject""","clear == ""none""","size_p == ""0""",No
653,1607885830142:79869fa0-9862-4452-a88c-b40c4c59fc42,1607885830142:e28cb23d-dc0c-4643-9c38-2d37170b6470,"size == ""0""","isEmpty == ""True""","peek_obj_type == ""EmptyObject""","push == ""class java.lang.String""","pop == ""none""","clear == ""none""","size_p == ""0""",Yes
654,1607885830142:79869fa0-9862-4452-a88c-b40c4c59fc42,1607885830142:e28cb23d-dc0c-4643-9c38-2d37170b6470,"size == ""0""","isEmpty == ""True""","peek_obj_type == ""EmptyObject""","push == ""none""","pop == ""EmptyObject""","clear == ""none""","size_p == ""0""",No
656,1607885830142:6763b377-76a0-4462-9e7f-9c1fd74e94e4,1607885830142:9cc92eb1-ee7d-4792-91ef-ce6c55073296,"size == ""1""","isEmpty == ""False""","peek_obj_type == ""class java.lang.String""","push == ""none""","pop == ""none""","clear == ""clear""","size_p == ""0""",Yes
657,1607885830142:6763b377-76a0-4462-9e7f-9c1fd74e94e4,1607885830142:9cc92eb1-ee7d-4792-91ef-ce6c55073296,"size == ""1""","isEmpty == ""False""","peek_obj_type == ""class java.lang.String""","push == ""class java.lang.String""","pop == ""none""","clear == ""none""","size_p == ""1""",Yes
658,1607885830142:6763b377-76a0-4462-9e7f-9c1fd74e94e4,1607885830142:9cc92eb1-ee7d-4792-91ef-ce6c55073296,"size == ""2""","isEmpty == ""False""","peek_obj_type == ""class java.lang.String""","push == ""none""","pop == ""none""","clear == ""clear""","size_p == ""1""",Yes
659,1607885830142:6763b377-76a0-4462-9e7f-9c1fd74e94e4,1607885830142:9cc92eb1-ee7d-4792-91ef-ce6c55073296,"size == ""3""","isEmpty == ""False""","peek_obj_type == ""class java.lang.String""","push == ""none""","pop == ""none""","clear == ""clear""","size_p == ""2""",Yes
660,1607885830142:6763b377-76a0-4462-9e7f-9c1fd74e94e4,1607885830142:9cc92eb1-ee7d-4792-91ef-ce6c55073296,"size == ""4""","isEmpty == ""False""","peek_obj_type == ""class java.lang.String""","push == ""none""","pop == ""none""","clear == ""clear""","size_p == ""3""",Yes
662,1607885830142:6763b377-76a0-4462-9e7f-9c1fd74e94e4,1607885830142:988532f1-f522-41b8-b283-b95fec21539b,"size == ""0""","isEmpty == ""True""","peek_obj_type == ""EmptyObject""","push == ""class java.lang.String""","pop == ""none""","clear == ""none""","size_p == ""0""",Yes
663,1607885830142:6763b377-76a0-4462-9e7f-9c1fd74e94e4,1607885830142:988532f1-f522-41b8-b283-b95fec21539b,"size == ""0""","isEmpty == ""True""","peek_obj_type == ""EmptyObject""","push == ""none""","pop == ""EmptyObject""","clear == ""none""","size_p == ""0""",No
665,1607885830141:e718fbe4-7005-4705-938a-02a7b4958f02,1607885830141:f9fd4afd-05a5-4d63-92b3-2dd73812adbc,"size == ""0""","isEmpty == ""True""","peek_obj_type == ""EmptyObject""","push == ""class java.lang.String""","pop == ""none""","clear == ""none""","size_p == ""0""",Yes
666,1607885830141:e718fbe4-7005-4705-938a-02a7b4958f02,1607885830141:f9fd4afd-05a5-4d63-92b3-2dd73812adbc,"size == ""0""","isEmpty == ""True""","peek_obj_type == ""EmptyObject""","push == ""none""","pop == ""EmptyObject""","clear == ""none""","size_p == ""0""",No
668,1607885830141:dc63bce9-9f82-4732-8bee-31964baa006c,1607885830141:5828414e-13df-417b-9b16-415c3f389e63,"size == ""1""","isEmpty == ""False""","peek_obj_type == ""class java.lang.String""","push == ""none""","pop == ""none""","clear == ""clear""","size_p == ""0""",Yes
669,1607885830141:dc63bce9-9f82-4732-8bee-31964baa006c,1607885830141:5828414e-13df-417b-9b16-415c3f389e63,"size == ""1""","isEmpty == ""False""","peek_obj_type == ""class java.lang.String""","push == ""class java.lang.String""","pop == ""none""","clear == ""none""","size_p == ""1""",Yes
670,1607885830141:dc63bce9-9f82-4732-8bee-31964baa006c,1607885830141:5828414e-13df-417b-9b16-415c3f389e63,"size == ""2""","isEmpty == ""False""","peek_obj_type == ""class java.lang.String""","push == ""none""","pop == ""none""","clear == ""clear""","size_p == ""1""",Yes
671,1607885830141:dc63bce9-9f82-4732-8bee-31964baa006c,1607885830141:5828414e-13df-417b-9b16-415c3f389e63,"size == ""3""","isEmpty == ""False""","peek_obj_type == ""class java.lang.String""","push == ""none""","pop == ""none""","clear == ""clear""","size_p == ""2""",Yes
672,1607885830141:dc63bce9-9f82-4732-8bee-31964baa006c,1607885830141:5828414e-13df-417b-9b16-415c3f389e63,"size == ""4""","isEmpty == ""False""","peek_obj_type == ""class java.lang.String""","push == ""none""","pop == ""none""","clear == ""clear""","size_p == ""3""",Yes
674,1607885830141:dc63bce9-9f82-4732-8bee-31964baa006c,1607885830141:165ddcc7-5e28-48f0-a6d6-f5d1f0238686,"size == ""0""","isEmpty == ""True""","peek_obj_type == ""EmptyObject""","push == ""class java.lang.String""","pop == ""none""","clear == ""none""","size_p == ""0""",Yes
675,1607885830141:dc63bce9-9f82-4732-8bee-31964baa006c,1607885830141:165ddcc7-5e28-48f0-a6d6-f5d1f0238686,"size == ""0""","isEmpty == ""True""","peek_obj_type == ""EmptyObject""","push == ""none""","pop == ""EmptyObject""","clear == ""none""","size_p == ""0""",No
677,1607885830141:daac7660-4263-497e-a9ef-b56bc13b04cc,1607885830141:0aaa3a97-ec5c-41e6-81e8-6da7c751c0aa,"size == ""0""","isEmpty == ""True""","peek_obj_type == ""EmptyObject""","push == ""class java.lang.String""","pop == ""none""","clear == ""none""","size_p == ""0""",Yes
678,1607885830141:daac7660-4263-497e-a9ef-b56bc13b04cc,1607885830141:0aaa3a97-ec5c-41e6-81e8-6da7c751c0aa,"size == ""0""","isEmpty == ""True""","peek_obj_type == ""EmptyObject""","push == ""none""","pop == ""EmptyObject""","clear == ""none""","size_p == ""0""",No
680,1607885830141:c918cd1c-d978-4547-8941-deae27e9a09a,1607885830141:be25cf1d-ea2a-4e45-86bb-913f43991a6e,"size == ""0""","isEmpty == ""True""","peek_obj_type == ""EmptyObject""","push == ""class java.lang.String""","pop == ""none""","clear == ""none""","size_p == ""0""",Yes
681,1607885830141:c918cd1c-d978-4547-8941-deae27e9a09a,1607885830141:be25cf1d-ea2a-4e45-86bb-913f43991a6e,"size == ""0""","isEmpty == ""True""","peek_obj_type == ""EmptyObject""","push == ""none""","pop == ""EmptyObject""","clear == ""none""","size_p == ""0""",No
683,1607885830141:99f2e79b-cc8d-4133-96dc-cb5b63a9f5e0,1607885830141:df7c42ea-cefc-4a50-b1a6-76c3a9d7dd45,"size == ""1""","isEmpty == ""False""","peek_obj_type == ""class java.lang.String""","push == ""none""","pop == ""none""","clear == ""clear""","size_p == ""0""",Yes
684,1607885830141:99f2e79b-cc8d-4133-96dc-cb5b63a9f5e0,1607885830141:df7c42ea-cefc-4a50-b1a6-76c3a9d7dd45,"size == ""1""","isEmpty == ""False""","peek_obj_type == ""class java.lang.String""","push == ""class java.lang.String""","pop == ""none""","clear == ""none""","size_p == ""1""",Yes
685,1607885830141:99f2e79b-cc8d-4133-96dc-cb5b63a9f5e0,1607885830141:df7c42ea-cefc-4a50-b1a6-76c3a9d7dd45,"size == ""2""","isEmpty == ""False""","peek_obj_type == ""class java.lang.String""","push == ""none""","pop == ""none""","clear == ""clear""","size_p == ""1""",Yes
686,1607885830141:99f2e79b-cc8d-4133-96dc-cb5b63a9f5e0,1607885830141:df7c42ea-cefc-4a50-b1a6-76c3a9d7dd45,"size == ""3""","isEmpty == ""False""","peek_obj_type == ""class java.lang.String""","push == ""none""","pop == ""none""","clear == ""clear""","size_p == ""2""",Yes
687,1607885830141:99f2e79b-cc8d-4133-96dc-cb5b63a9f5e0,1607885830141:df7c42ea-cefc-4a50-b1a6-76c3a9d7dd45,"size == ""4""","isEmpty == ""False""","peek_obj_type == ""class java.lang.String""","push == ""none""","pop == ""none""","clear == ""clear""","size_p == ""3""",Yes
689,1607885830141:99f2e79b-cc8d-4133-96dc-cb5b63a9f5e0,1607885830141:c984e41c-bf47-4b88-bc4d-8f399e6df44a,"size == ""0""","isEmpty == ""True""","peek_obj_type == ""EmptyObject""","push == ""class java.lang.String""","pop == ""none""","clear == ""none""","size_p == ""0""",Yes
692,1607885830141:99f2e79b-cc8d-4133-96dc-cb5b63a9f5e0,1607885830141:5f302179-abcf-4334-98da-a668aae5c5a4,"size == ""0""","isEmpty == ""True""","peek_obj_type == ""EmptyObject""","push == ""class java.lang.String""","pop == ""none""","clear == ""none""","size_p == ""0""",Yes
693,1607885830141:99f2e79b-cc8d-4133-96dc-cb5b63a9f5e0,1607885830141:5f302179-abcf-4334-98da-a668aae5c5a4,"size == ""0""","isEmpty == ""True""","peek_obj_type == ""EmptyObject""","push == ""none""","pop == ""EmptyObject""","clear == ""none""","size_p == ""0""",No
695,1607885830141:78d5253c-c182-4c54-a6d9-b02aa8af75d9,1607885830141:a13779bc-fd71-4138-adcd-c89c2a6488ce,"size == ""0""","isEmpty == ""True""","peek_obj_type == ""EmptyObject""","push == ""class java.lang.String""","pop == ""none""","clear == ""none""","size_p == ""0""",Yes
696,1607885830141:78d5253c-c182-4c54-a6d9-b02aa8af75d9,1607885830141:a13779bc-fd71-4138-adcd-c89c2a6488ce,"size == ""0""","isEmpty == ""True""","peek_obj_type == ""EmptyObject""","push == ""class java.lang.String""","pop == ""none""","clear == ""none""","size_p == ""0""",Yes
698,1607885830141:78d5253c-c182-4c54-a6d9-b02aa8af75d9,1607885830141:7a06f6e7-9643-4a37-841c-7c777b85a506,"size == ""0""","isEmpty == ""True""","peek_obj_type == ""EmptyObject""","push == ""class java.lang.String""","pop == ""none""","clear == ""none""","size_p == ""0""",Yes
699,1607885830141:78d5253c-c182-4c54-a6d9-b02aa8af75d9,1607885830141:7a06f6e7-9643-4a37-841c-7c777b85a506,"size == ""0""","isEmpty == ""True""","peek_obj_type == ""EmptyObject""","push == ""none""","pop == ""EmptyObject""","clear == ""none""","size_p == ""0""",No
701,1607885830141:1c6630c7-d9db-485f-9f95-02d36060ae21,1607885830141:270be20d-d9e7-47d3-98d8-5685ef2d294c,"size == ""0""","isEmpty == ""True""","peek_obj_type == ""EmptyObject""","push == ""class java.lang.String""","pop == ""none""","clear == ""none""","size_p == ""0""",Yes
702,1607885830141:1c6630c7-d9db-485f-9f95-02d36060ae21,1607885830141:270be20d-d9e7-47d3-98d8-5685ef2d294c,"size == ""0""","isEmpty == ""True""","peek_obj_type == ""EmptyObject""","push == ""none""","pop == ""EmptyObject""","clear == ""none""","size_p == ""0""",No
704,1607885830141:1c6630c7-d9db-485f-9f95-02d36060ae21,1607885830141:038de23a-a014-48a0-822b-a5789806089f,"size == ""1""","isEmpty == ""False""","peek_obj_type == ""class java.lang.String""","push == ""none""","pop == ""none""","clear == ""clear""","size_p == ""0""",Yes
705,1607885830141:1c6630c7-d9db-485f-9f95-02d36060ae21,1607885830141:038de23a-a014-48a0-822b-a5789806089f,"size == ""1""","isEmpty == ""False""","peek_obj_type == ""class java.lang.String""","push == ""class java.lang.String""","pop == ""none""","clear == ""none""","size_p == ""1""",Yes
706,1607885830141:1c6630c7-d9db-485f-9f95-02d36060ae21,1607885830141:038de23a-a014-48a0-822b-a5789806089f,"size == ""0""","isEmpty == ""True""","peek_obj_type == ""EmptyObject""","push == ""none""","pop == ""EmptyObject""","clear == ""none""","size_p == ""1""",No
708,1607885830141:1b7842f5-2ddd-431e-bdb1-c513a4aee7b3,1607885830141:b9cc4b3b-a321-4b44-913c-d3255b8cec91,"size == ""0""","isEmpty == ""True""","peek_obj_type == ""EmptyObject""","push == ""class java.lang.String""","pop == ""none""","clear == ""none""","size_p == ""0""",Yes
709,1607885830141:1b7842f5-2ddd-431e-bdb1-c513a4aee7b3,1607885830141:b9cc4b3b-a321-4b44-913c-d3255b8cec91,"size == ""0""","isEmpty == ""True""","peek_obj_type == ""EmptyObject""","push == ""none""","pop == ""EmptyObject""","clear == ""none""","size_p == ""0""",No
711,1607885830141:1b7842f5-2ddd-431e-bdb1-c513a4aee7b3,1607885830141:301dfcf9-155e-4820-b15c-b090634091a9,"size == ""1""","isEmpty == ""False""","peek_obj_type == ""class java.lang.String""","push == ""none""","pop == ""none""","clear == ""clear""","size_p == ""0""",Yes
712,1607885830141:1b7842f5-2ddd-431e-bdb1-c513a4aee7b3,1607885830141:301dfcf9-155e-4820-b15c-b090634091a9,"size == ""1""","isEmpty == ""False""","peek_obj_type == ""class java.lang.String""","push == ""class java.lang.String""","pop == ""none""","clear == ""none""","size_p == ""1""",Yes
713,1607885830141:1b7842f5-2ddd-431e-bdb1-c513a4aee7b3,1607885830141:301dfcf9-155e-4820-b15c-b090634091a9,"size == ""2""","isEmpty == ""False""","peek_obj_type == ""class java.lang.String""","push == ""none""","pop == ""none""","clear == ""clear""","size_p == ""1""",Yes
716,1607885830140:fe1929f4-f4ba-44da-9ded-ca27d86aa011,1607885830140:8137c903-d7c8-45ed-ada9-e4e3c91dfbf3,"size == ""0""","isEmpty == ""True""","peek_obj_type == ""EmptyObject""","push == ""class java.lang.String""","pop == ""none""","clear == ""none""","size_p == ""0""",Yes
718,1607885830140:fe1929f4-f4ba-44da-9ded-ca27d86aa011,1607885830140:6e0a77d8-841a-49fe-9578-d49432cf59fa,"size == ""0""","isEmpty == ""True""","peek_obj_type == ""EmptyObject""","push == ""class java.lang.String""","pop == ""none""","clear == ""none""","size_p == ""0""",Yes
719,1607885830140:fe1929f4-f4ba-44da-9ded-ca27d86aa011,1607885830140:6e0a77d8-841a-49fe-9578-d49432cf59fa,"size == ""0""","isEmpty == ""True""","peek_obj_type == ""EmptyObject""","push == ""none""","pop == ""EmptyObject""","clear == ""none""","size_p == ""0""",No
721,1607885830140:fc38ab85-5d31-46e2-b6d4-fa9d81efc9c2,1607885830140:689ef2cc-260f-4208-9ce5-d9f2a44874bd,"size == ""0""","isEmpty == ""True""","peek_obj_type == ""EmptyObject""","push == ""class java.lang.String""","pop == ""none""","clear == ""none""","size_p == ""0""",Yes
722,1607885830140:fc38ab85-5d31-46e2-b6d4-fa9d81efc9c2,1607885830140:689ef2cc-260f-4208-9ce5-d9f2a44874bd,"size == ""0""","isEmpty == ""True""","peek_obj_type == ""EmptyObject""","push == ""none""","pop == ""EmptyObject""","clear == ""none""","size_p == ""0""",No
724,1607885830140:eb770d56-29bd-4356-b13c-65080480a20f,1607885830140:85c21f93-e4c0-407b-9004-3a4145935330,"size == ""0""","isEmpty == ""True""","peek_obj_type == ""EmptyObject""","push == ""class java.lang.String""","pop == ""none""","clear == ""none""","size_p == ""0""",Yes
725,1607885830140:eb770d56-29bd-4356-b13c-65080480a20f,1607885830140:85c21f93-e4c0-407b-9004-3a4145935330,"size == ""0""","isEmpty == ""True""","peek_obj_type == ""EmptyObject""","push == ""none""","pop == ""EmptyObject""","clear == ""none""","size_p == ""0""",No
727,1607885830140:d075bea2-c0fa-4b99-87d9-8bb60e7c4514,1607885830140:ca967a6e-26e6-48d2-a537-5c3563e9c179,"size == ""0""","isEmpty == ""True""","peek_obj_type == ""EmptyObject""","push == ""class java.lang.String""","pop == ""none""","clear == ""none""","size_p == ""0""",Yes
728,1607885830140:d075bea2-c0fa-4b99-87d9-8bb60e7c4514,1607885830140:ca967a6e-26e6-48d2-a537-5c3563e9c179,"size == ""0""","isEmpty == ""True""","peek_obj_type == ""EmptyObject""","push == ""none""","pop == ""EmptyObject""","clear == ""none""","size_p == ""0""",No
730,1607885830140:d075bea2-c0fa-4b99-87d9-8bb60e7c4514,1607885830140:75656bf4-518c-47ba-a7b1-1c858e7fa05f,"size == ""0""","isEmpty == ""True""","peek_obj_type == ""EmptyObject""","push == ""class java.lang.String""","pop == ""none""","clear == ""none""","size_p == ""0""",Yes
731,1607885830140:d075bea2-c0fa-4b99-87d9-8bb60e7c4514,1607885830140:75656bf4-518c-47ba-a7b1-1c858e7fa05f,"size == ""0""","isEmpty == ""True""","peek_obj_type == ""EmptyObject""","push == ""class java.lang.String""","pop == ""none""","clear == ""none""","size_p == ""0""",Yes
733,1607885830140:cfe7ba7d-3ca8-4518-a2d0-59f9274db69e,1607885830140:c575126e-145f-4de1-8785-79befea0cff4,"size == ""1""","isEmpty == ""False""","peek_obj_type == ""class java.lang.String""","push == ""none""","pop == ""none""","clear == ""clear""","size_p == ""0""",Yes
734,1607885830140:cfe7ba7d-3ca8-4518-a2d0-59f9274db69e,1607885830140:c575126e-145f-4de1-8785-79befea0cff4,"size == ""1""","isEmpty == ""False""","peek_obj_type == ""class java.lang.String""","push == ""class java.lang.String""","pop == ""none""","clear == ""none""","size_p == ""1""",Yes
735,1607885830140:cfe7ba7d-3ca8-4518-a2d0-59f9274db69e,1607885830140:c575126e-145f-4de1-8785-79befea0cff4,"size == ""2""","isEmpty == ""False""","peek_obj_type == ""class java.lang.String""","push == ""none""","pop == ""none""","clear == ""clear""","size_p == ""1""",Yes
736,1607885830140:cfe7ba7d-3ca8-4518-a2d0-59f9274db69e,1607885830140:c575126e-145f-4de1-8785-79befea0cff4,"size == ""3""","isEmpty == ""False""","peek_obj_type == ""class java.lang.String""","push == ""none""","pop == ""none""","clear == ""clear""","size_p == ""2""",Yes
737,1607885830140:cfe7ba7d-3ca8-4518-a2d0-59f9274db69e,1607885830140:c575126e-145f-4de1-8785-79befea0cff4,"size == ""4""","isEmpty == ""False""","peek_obj_type == ""class java.lang.String""","push == ""none""","pop == ""none""","clear == ""clear""","size_p == ""3""",Yes
739,1607885830140:cfe7ba7d-3ca8-4518-a2d0-59f9274db69e,1607885830140:70a19b17-b0d5-4b0e-9022-2826673b2d90,"size == ""0""","isEmpty == ""True""","peek_obj_type == ""EmptyObject""","push == ""class java.lang.String""","pop == ""none""","clear == ""none""","size_p == ""0""",Yes
740,1607885830140:cfe7ba7d-3ca8-4518-a2d0-59f9274db69e,1607885830140:70a19b17-b0d5-4b0e-9022-2826673b2d90,"size == ""0""","isEmpty == ""True""","peek_obj_type == ""EmptyObject""","push == ""none""","pop == ""EmptyObject""","clear == ""none""","size_p == ""0""",No
742,1607885830140:994b6080-2e97-4439-83af-991377cdf389,1607885830140:323e9242-5981-4437-a9ad-2e78023d598e,"size == ""0""","isEmpty == ""True""","peek_obj_type == ""EmptyObject""","push == ""class java.lang.String""","pop == ""none""","clear == ""none""","size_p == ""0""",Yes
743,1607885830140:994b6080-2e97-4439-83af-991377cdf389,1607885830140:323e9242-5981-4437-a9ad-2e78023d598e,"size == ""0""","isEmpty == ""True""","peek_obj_type == ""EmptyObject""","push == ""none""","pop == ""EmptyObject""","clear == ""none""","size_p == ""0""",No
745,1607885830140:6a3781b0-f668-4bed-8c62-b85f3952fca9,1607885830140:ce3b4965-59f4-45f9-aff9-92d20c9ca2c7,"size == ""1""","isEmpty == ""False""","peek_obj_type == ""class java.lang.String""","push == ""none""","pop == ""none""","clear == ""clear""","size_p == ""0""",Yes
746,1607885830140:6a3781b0-f668-4bed-8c62-b85f3952fca9,1607885830140:ce3b4965-59f4-45f9-aff9-92d20c9ca2c7,"size == ""1""","isEmpty == ""False""","peek_obj_type == ""class java.lang.String""","push == ""class java.lang.String""","pop == ""none""","clear == ""none""","size_p == ""1""",Yes
747,1607885830140:6a3781b0-f668-4bed-8c62-b85f3952fca9,1607885830140:ce3b4965-59f4-45f9-aff9-92d20c9ca2c7,"size == ""0""","isEmpty == ""True""","peek_obj_type == ""EmptyObject""","push == ""none""","pop == ""EmptyObject""","clear == ""none""","size_p == ""1""",No
748,1607885830140:6a3781b0-f668-4bed-8c62-b85f3952fca9,1607885830140:ce3b4965-59f4-45f9-aff9-92d20c9ca2c7,"size == ""1""","isEmpty == ""False""","peek_obj_type == ""class java.lang.String""","push == ""none""","pop == ""none""","clear == ""clear""","size_p == ""0""",Yes
750,1607885830140:6a3781b0-f668-4bed-8c62-b85f3952fca9,1607885830140:8fdffa8b-1cab-44a6-9e85-3b489f95fb75,"size == ""0""","isEmpty == ""True""","peek_obj_type == ""EmptyObject""","push == ""class java.lang.String""","pop == ""none""","clear == ""none""","size_p == ""0""",Yes
751,1607885830140:6a3781b0-f668-4bed-8c62-b85f3952fca9,1607885830140:8fdffa8b-1cab-44a6-9e85-3b489f95fb75,"size == ""0""","isEmpty == ""True""","peek_obj_type == ""EmptyObject""","push == ""none""","pop == ""EmptyObject""","clear == ""none""","size_p == ""0""",No
753,1607885830140:4c4cb458-ae69-415f-b1c8-d97ddbc828cf,1607885830140:ac21217d-29d5-4b85-abe8-01de28d21a20,"size == ""0""","isEmpty == ""True""","peek_obj_type == ""EmptyObject""","push == ""class java.lang.String""","pop == ""none""","clear == ""none""","size_p == ""0""",Yes
754,1607885830140:4c4cb458-ae69-415f-b1c8-d97ddbc828cf,1607885830140:ac21217d-29d5-4b85-abe8-01de28d21a20,"size == ""0""","isEmpty == ""True""","peek_obj_type == ""EmptyObject""","push == ""none""","pop == ""EmptyObject""","clear == ""none""","size_p == ""0""",No
756,1607885830140:2b59642d-4eee-46e0-b850-694a57595798,1607885830140:4b8c92f7-f1a2-49b9-bef1-ef2f8651d51a,"size == ""0""","isEmpty == ""True""","peek_obj_type == ""EmptyObject""","push == ""class java.lang.String""","pop == ""none""","clear == ""none""","size_p == ""0""",Yes
757,1607885830140:2b59642d-4eee-46e0-b850-694a57595798,1607885830140:4b8c92f7-f1a2-49b9-bef1-ef2f8651d51a,"size == ""0""","isEmpty == ""True""","peek_obj_type == ""EmptyObject""","push == ""none""","pop == ""EmptyObject""","clear == ""none""","size_p == ""0""",No
759,1607885830139:b0e66ad6-f20e-467d-8fb9-f6880f84b6a1,1607885830139:94d46f16-901e-41e0-bd89-955a643e3763,"size == ""0""","isEmpty == ""True""","peek_obj_type == ""EmptyObject""","push == ""class java.lang.String""","pop == ""none""","clear == ""none""","size_p == ""0""",Yes
760,1607885830139:b0e66ad6-f20e-467d-8fb9-f6880f84b6a1,1607885830139:94d46f16-901e-41e0-bd89-955a643e3763,"size == ""0""","isEmpty == ""True""","peek_obj_type == ""EmptyObject""","push == ""none""","pop == ""EmptyObject""","clear == ""none""","size_p == ""0""",No
762,1607885830139:b0e66ad6-f20e-467d-8fb9-f6880f84b6a1,1607885830139:58e5ddac-d177-4e3c-ac42-282e4477c9b0,"size == ""1""","isEmpty == ""False""","peek_obj_type == ""class java.lang.String""","push == ""none""","pop == ""none""","clear == ""clear""","size_p == ""0""",Yes
763,1607885830139:b0e66ad6-f20e-467d-8fb9-f6880f84b6a1,1607885830139:58e5ddac-d177-4e3c-ac42-282e4477c9b0,"size == ""1""","isEmpty == ""False""","peek_obj_type == ""class java.lang.String""","push == ""class java.lang.String""","pop == ""none""","clear == ""none""","size_p == ""1""",Yes
764,1607885830139:b0e66ad6-f20e-467d-8fb9-f6880f84b6a1,1607885830139:58e5ddac-d177-4e3c-ac42-282e4477c9b0,"size == ""2""","isEmpty == ""False""","peek_obj_type == ""class java.lang.String""","push == ""none""","pop == ""none""","clear == ""clear""","size_p == ""1""",Yes
765,1607885830139:b0e66ad6-f20e-467d-8fb9-f6880f84b6a1,1607885830139:58e5ddac-d177-4e3c-ac42-282e4477c9b0,"size == ""3""","isEmpty == ""False""","peek_obj_type == ""class java.lang.String""","push == ""none""","pop == ""none""","clear == ""clear""","size_p == ""2""",Yes
766,1607885830139:b0e66ad6-f20e-467d-8fb9-f6880f84b6a1,1607885830139:58e5ddac-d177-4e3c-ac42-282e4477c9b0,"size == ""4""","isEmpty == ""False""","peek_obj_type == ""class java.lang.String""","push == ""none""","pop == ""none""","clear == ""clear""","size_p == ""3""",Yes
768,1607885830139:acf76a60-5110-4e28-aab6-ec9d087e1e44,1607885830139:6adfca82-1c57-46aa-8a86-96ccdac5a6aa,"size == ""1""","isEmpty == ""False""","peek_obj_type == ""class java.lang.String""","push == ""none""","pop == ""none""","clear == ""clear""","size_p == ""0""",Yes
769,1607885830139:acf76a60-5110-4e28-aab6-ec9d087e1e44,1607885830139:6adfca82-1c57-46aa-8a86-96ccdac5a6aa,"size == ""1""","isEmpty == ""False""","peek_obj_type == ""class java.lang.String""","push == ""class java.lang.String""","pop == ""none""","clear == ""none""","size_p == ""1""",Yes
770,1607885830139:acf76a60-5110-4e28-aab6-ec9d087e1e44,1607885830139:6adfca82-1c57-46aa-8a86-96ccdac5a6aa,"size == ""2""","isEmpty == ""False""","peek_obj_type == ""class java.lang.String""","push == ""none""","pop == ""none""","clear == ""clear""","size_p == ""1""",Yes
771,1607885830139:acf76a60-5110-4e28-aab6-ec9d087e1e44,1607885830139:6adfca82-1c57-46aa-8a86-96ccdac5a6aa,"size == ""3""","isEmpty == ""False""","peek_obj_type == ""class java.lang.String""","push == ""none""","pop == ""none""","clear == ""clear""","size_p == ""2""",Yes
772,1607885830139:acf76a60-5110-4e28-aab6-ec9d087e1e44,1607885830139:6adfca82-1c57-46aa-8a86-96ccdac5a6aa,"size == ""4""","isEmpty == ""False""","peek_obj_type == ""class java.lang.String""","push == ""none""","pop == ""none""","clear == ""clear""","size_p == ""3""",Yes
774,1607885830139:acf76a60-5110-4e28-aab6-ec9d087e1e44,1607885830139:18e9945f-54f0-4d6b-b46a-8a9fabe58ce5,"size == ""0""","isEmpty == ""True""","peek_obj_type == ""EmptyObject""","push == ""class java.lang.String""","pop == ""none""","clear == ""none""","size_p == ""0""",Yes
775,1607885830139:acf76a60-5110-4e28-aab6-ec9d087e1e44,1607885830139:18e9945f-54f0-4d6b-b46a-8a9fabe58ce5,"size == ""0""","isEmpty == ""True""","peek_obj_type == ""EmptyObject""","push == ""none""","pop == ""EmptyObject""","clear == ""none""","size_p == ""0""",No
777,1607885830139:7c581544-d6bd-4510-9ec1-1aa9af65ff9a,1607885830139:d46c093b-e4a2-4eb0-8745-aeaf63a8fd88,"size == ""1""","isEmpty == ""False""","peek_obj_type == ""class java.lang.String""","push == ""none""","pop == ""none""","clear == ""clear""","size_p == ""0""",Yes
778,1607885830139:7c581544-d6bd-4510-9ec1-1aa9af65ff9a,1607885830139:d46c093b-e4a2-4eb0-8745-aeaf63a8fd88,"size == ""1""","isEmpty == ""False""","peek_obj_type == ""class java.lang.String""","push == ""class java.lang.String""","pop == ""none""","clear == ""none""","size_p == ""1""",Yes
779,1607885830139:7c581544-d6bd-4510-9ec1-1aa9af65ff9a,1607885830139:d46c093b-e4a2-4eb0-8745-aeaf63a8fd88,"size == ""2""","isEmpty == ""False""","peek_obj_type == ""class java.lang.String""","push == ""none""","pop == ""none""","clear == ""clear""","size_p == ""1""",Yes
780,1607885830139:7c581544-d6bd-4510-9ec1-1aa9af65ff9a,1607885830139:d46c093b-e4a2-4eb0-8745-aeaf63a8fd88,"size == ""3""","isEmpty == ""False""","peek_obj_type == ""class java.lang.String""","push == ""none""","pop == ""none""","clear == ""clear""","size_p == ""2""",Yes
781,1607885830139:7c581544-d6bd-4510-9ec1-1aa9af65ff9a,1607885830139:d46c093b-e4a2-4eb0-8745-aeaf63a8fd88,"size == ""4""","isEmpty == ""False""","peek_obj_type == ""class java.lang.String""","push == ""none""","pop == ""none""","clear == ""clear""","size_p == ""3""",Yes
783,1607885830139:7c581544-d6bd-4510-9ec1-1aa9af65ff9a,1607885830139:30091d26-75d9-4859-8f43-2032f12977a8,"size == ""0""","isEmpty == ""True""","peek_obj_type == ""EmptyObject""","push == ""class java.lang.String""","pop == ""none""","clear == ""none""","size_p == ""0""",Yes
784,1607885830139:7c581544-d6bd-4510-9ec1-1aa9af65ff9a,1607885830139:30091d26-75d9-4859-8f43-2032f12977a8,"size == ""0""","isEmpty == ""True""","peek_obj_type == ""EmptyObject""","push == ""none""","pop == ""EmptyObject""","clear == ""none""","size_p == ""0""",No
786,1607885830139:7b6ee0fd-3da0-42a1-b39b-35eb75a028d6,1607885830139:a9d16563-d472-4c94-b4b7-3412f40cd51e,"size == ""0""","isEmpty == ""True""","peek_obj_type == ""EmptyObject""","push == ""class java.lang.String""","pop == ""none""","clear == ""none""","size_p == ""0""",Yes
787,1607885830139:7b6ee0fd-3da0-42a1-b39b-35eb75a028d6,1607885830139:a9d16563-d472-4c94-b4b7-3412f40cd51e,"size == ""0""","isEmpty == ""True""","peek_obj_type == ""EmptyObject""","push == ""class java.lang.String""","pop == ""none""","clear == ""none""","size_p == ""0""",Yes
789,1607885830139:7b6ee0fd-3da0-42a1-b39b-35eb75a028d6,1607885830139:7131588a-9166-4818-a43b-5584f8e52420,"size == ""0""","isEmpty == ""True""","peek_obj_type == ""EmptyObject""","push == ""class java.lang.String""","pop == ""none""","clear == ""none""","size_p == ""0""",Yes
790,1607885830139:7b6ee0fd-3da0-42a1-b39b-35eb75a028d6,1607885830139:7131588a-9166-4818-a43b-5584f8e52420,"size == ""0""","isEmpty == ""True""","peek_obj_type == ""EmptyObject""","push == ""none""","pop == ""EmptyObject""","clear == ""none""","size_p == ""0""",No
792,1607885830139:6ae0e9cb-0dcf-44cb-a09f-f81506fbb729,1607885830139:be8cb845-a1ba-4cbf-a89f-218f7e590ee0,"size == ""0""","isEmpty == ""True""","peek_obj_type == ""EmptyObject""","push == ""class java.lang.String""","pop == ""none""","clear == ""none""","size_p == ""0""",Yes
793,1607885830139:6ae0e9cb-0dcf-44cb-a09f-f81506fbb729,1607885830139:be8cb845-a1ba-4cbf-a89f-218f7e590ee0,"size == ""0""","isEmpty == ""True""","peek_obj_type == ""EmptyObject""","push == ""none""","pop == ""EmptyObject""","clear == ""none""","size_p == ""0""",No
795,1607885830139:6ae0e9cb-0dcf-44cb-a09f-f81506fbb729,1607885830139:0b93d9a2-11f7-4fbc-b1d9-b8de8736991d,"size == ""0""","isEmpty == ""True""","peek_obj_type == ""EmptyObject""","push == ""class java.lang.String""","pop == ""none""","clear == ""none""","size_p == ""0""",Yes
797,1607885830139:00ead5cd-2a16-4944-b74c-df5b04b70796,1607885830139:bc82c16b-571d-40b5-aa40-9b16c48ad8d3,"size == ""0""","isEmpty == ""True""","peek_obj_type == ""EmptyObject""","push == ""class java.lang.String""","pop == ""none""","clear == ""none""","size_p == ""0""",Yes
798,1607885830139:00ead5cd-2a16-4944-b74c-df5b04b70796,1607885830139:bc82c16b-571d-40b5-aa40-9b16c48ad8d3,"size == ""0""","isEmpty == ""True""","peek_obj_type == ""EmptyObject""","push == ""none""","pop == ""EmptyObject""","clear == ""none""","size_p == ""0""",No
800,1607885830139:00ead5cd-2a16-4944-b74c-df5b04b70796,1607885830139:3ed84f40-ff1c-4e7f-9b49-90f274b903ce,"size == ""1""","isEmpty == ""False""","peek_obj_type == ""class java.lang.String""","push == ""none""","pop == ""none""","clear == ""clear""","size_p == ""0""",Yes
801,1607885830139:00ead5cd-2a16-4944-b74c-df5b04b70796,1607885830139:3ed84f40-ff1c-4e7f-9b49-90f274b903ce,"size == ""1""","isEmpty == ""False""","peek_obj_type == ""class java.lang.String""","push == ""class java.lang.String""","pop == ""none""","clear == ""none""","size_p == ""1""",Yes
802,1607885830139:00ead5cd-2a16-4944-b74c-df5b04b70796,1607885830139:3ed84f40-ff1c-4e7f-9b49-90f274b903ce,"size == ""0""","isEmpty == ""True""","peek_obj_type == ""EmptyObject""","push == ""none""","pop == ""EmptyObject""","clear == ""none""","size_p == ""1""",No
803,1607885830139:00ead5cd-2a16-4944-b74c-df5b04b70796,1607885830139:3ed84f40-ff1c-4e7f-9b49-90f274b903ce,"size == ""1""","isEmpty == ""False""","peek_obj_type == ""class java.lang.String""","push == ""none""","pop == ""none""","clear == ""clear""","size_p == ""0""",Yes
805,1607885830139:00ead5cd-2a16-4944-b74c-df5b04b70796,1607885830139:348e20f6-5071-494e-b426-c902a484195a,"size == ""0""","isEmpty == ""True""","peek_obj_type == ""EmptyObject""","push == ""class java.lang.String""","pop == ""none""","clear == ""none""","size_p == ""0""",Yes
806,1607885830139:00ead5cd-2a16-4944-b74c-df5b04b70796,1607885830139:348e20f6-5071-494e-b426-c902a484195a,"size == ""0""","isEmpty == ""True""","peek_obj_type == ""EmptyObject""","push == ""class java.lang.String""","pop == ""none""","clear == ""none""","size_p == ""0""",Yes
807,1607885830139:00ead5cd-2a16-4944-b74c-df5b04b70796,1607885830139:348e20f6-5071-494e-b426-c902a484195a,"size == ""0""","isEmpty == ""True""","peek_obj_type == ""EmptyObject""","push == ""class java.lang.String""","pop == ""none""","clear == ""none""","size_p == ""0""",Yes
809,1607885830138:ff384127-75a0-4a7b-980c-1c1dded39d41,1607885830138:8dbe567b-79f8-4aa9-a2fa-da5822e2a9fe,"size == ""0""","isEmpty == ""True""","peek_obj_type == ""EmptyObject""","push == ""class java.lang.String""","pop == ""none""","clear == ""none""","size_p == ""0""",Yes
810,1607885830138:ff384127-75a0-4a7b-980c-1c1dded39d41,1607885830138:8dbe567b-79f8-4aa9-a2fa-da5822e2a9fe,"size == ""0""","isEmpty == ""True""","peek_obj_type == ""EmptyObject""","push == ""none""","pop == ""EmptyObject""","clear == ""none""","size_p == ""0""",No
812,1607885830138:ff384127-75a0-4a7b-980c-1c1dded39d41,1607885830138:74bd4e98-cab5-41fc-83b2-018387f5aca6,"size == ""1""","isEmpty == ""False""","peek_obj_type == ""class java.lang.String""","push == ""none""","pop == ""none""","clear == ""clear""","size_p == ""0""",Yes
813,1607885830138:ff384127-75a0-4a7b-980c-1c1dded39d41,1607885830138:74bd4e98-cab5-41fc-83b2-018387f5aca6,"size == ""1""","isEmpty == ""False""","peek_obj_type == ""class java.lang.String""","push == ""class java.lang.String""","pop == ""none""","clear == ""none""","size_p == ""1""",Yes
814,1607885830138:ff384127-75a0-4a7b-980c-1c1dded39d41,1607885830138:74bd4e98-cab5-41fc-83b2-018387f5aca6,"size == ""2""","isEmpty == ""False""","peek_obj_type == ""class java.lang.String""","push == ""none""","pop == ""none""","clear == ""clear""","size_p == ""1""",Yes
815,1607885830138:ff384127-75a0-4a7b-980c-1c1dded39d41,1607885830138:74bd4e98-cab5-41fc-83b2-018387f5aca6,"size == ""3""","isEmpty == ""False""","peek_obj_type == ""class java.lang.String""","push == ""none""","pop == ""none""","clear == ""clear""","size_p == ""2""",Yes
816,1607885830138:ff384127-75a0-4a7b-980c-1c1dded39d41,1607885830138:74bd4e98-cab5-41fc-83b2-018387f5aca6,"size == ""4""","isEmpty == ""False""","peek_obj_type == ""class java.lang.String""","push == ""none""","pop == ""none""","clear == ""clear""","size_p == ""3""",Yes
818,1607885830138:ee9cbdcd-a8f1-4130-b3ea-63d96595d2ac,1607885830138:a2b73438-dd43-4d50-bb1c-a59776c33d19,"size == ""0""","isEmpty == ""True""","peek_obj_type == ""EmptyObject""","push == ""class java.lang.String""","pop == ""none""","clear == ""none""","size_p == ""0""",Yes
820,1607885830138:ee9cbdcd-a8f1-4130-b3ea-63d96595d2ac,1607885830138:95aa2868-d8d8-4b34-9751-ce308ac565c0,"size == ""0""","isEmpty == ""True""","peek_obj_type == ""EmptyObject""","push == ""class java.lang.String""","pop == ""none""","clear == ""none""","size_p == ""0""",Yes
821,1607885830138:ee9cbdcd-a8f1-4130-b3ea-63d96595d2ac,1607885830138:95aa2868-d8d8-4b34-9751-ce308ac565c0,"size == ""0""","isEmpty == ""True""","peek_obj_type == ""EmptyObject""","push == ""none""","pop == ""EmptyObject""","clear == ""none""","size_p == ""0""",No
824,1607885830138:c86c9551-d759-4d50-9c20-b5743217592c,1607885830138:65517eea-a43c-4bc2-b626-74f77428b20d,"size == ""1""","isEmpty == ""False""","peek_obj_type == ""class java.lang.String""","push == ""none""","pop == ""none""","clear == ""clear""","size_p == ""0""",Yes
825,1607885830138:c86c9551-d759-4d50-9c20-b5743217592c,1607885830138:65517eea-a43c-4bc2-b626-74f77428b20d,"size == ""1""","isEmpty == ""False""","peek_obj_type == ""class java.lang.String""","push == ""class java.lang.String""","pop == ""none""","clear == ""none""","size_p == ""1""",Yes
826,1607885830138:c86c9551-d759-4d50-9c20-b5743217592c,1607885830138:65517eea-a43c-4bc2-b626-74f77428b20d,"size == ""2""","isEmpty == ""False""","peek_obj_type == ""class java.lang.String""","push == ""none""","pop == ""none""","clear == ""clear""","size_p == ""1""",Yes
827,1607885830138:c86c9551-d759-4d50-9c20-b5743217592c,1607885830138:65517eea-a43c-4bc2-b626-74f77428b20d,"size == ""3""","isEmpty == ""False""","peek_obj_type == ""class java.lang.String""","push == ""none""","pop == ""none""","clear == ""clear""","size_p == ""2""",Yes
828,1607885830138:c86c9551-d759-4d50-9c20-b5743217592c,1607885830138:65517eea-a43c-4bc2-b626-74f77428b20d,"size == ""4""","isEmpty == ""False""","peek_obj_type == ""class java.lang.String""","push == ""none""","pop == ""none""","clear == ""clear""","size_p == ""3""",Yes
830,1607885830138:c86c9551-d759-4d50-9c20-b5743217592c,1607885830138:2eeb9f99-7883-4029-b803-d5e99fc4b835,"size == ""0""","isEmpty == ""True""","peek_obj_type == ""EmptyObject""","push == ""class java.lang.String""","pop == ""none""","clear == ""none""","size_p == ""0""",Yes
831,1607885830138:c86c9551-d759-4d50-9c20-b5743217592c,1607885830138:2eeb9f99-7883-4029-b803-d5e99fc4b835,"size == ""0""","isEmpty == ""True""","peek_obj_type == ""EmptyObject""","push == ""none""","pop == ""EmptyObject""","clear == ""none""","size_p == ""0""",No
833,1607885830138:c1d89091-9971-4b7f-9ae0-915fa6500557,1607885830138:e7252a9b-5810-4f94-b809-428a3e417e5a,"size == ""0""","isEmpty == ""True""","peek_obj_type == ""EmptyObject""","push == ""class java.lang.String""","pop == ""none""","clear == ""none""","size_p == ""0""",Yes
835,1607885830138:c1d89091-9971-4b7f-9ae0-915fa6500557,1607885830138:2f567223-90b1-4a0f-8aac-7ea76115f0ea,"size == ""0""","isEmpty == ""True""","peek_obj_type == ""EmptyObject""","push == ""class java.lang.String""","pop == ""none""","clear == ""none""","size_p == ""0""",Yes
836,1607885830138:c1d89091-9971-4b7f-9ae0-915fa6500557,1607885830138:2f567223-90b1-4a0f-8aac-7ea76115f0ea,"size == ""0""","isEmpty == ""True""","peek_obj_type == ""EmptyObject""","push == ""none""","pop == ""EmptyObject""","clear == ""none""","size_p == ""0""",No
838,1607885830138:9fd7514f-72e0-4b92-a396-50259b0b5710,1607885830138:c96ee9b4-9bf0-4390-98f0-8544b8a70753,"size == ""1""","isEmpty == ""False""","peek_obj_type == ""class java.lang.String""","push == ""none""","pop == ""none""","clear == ""clear""","size_p == ""0""",Yes
839,1607885830138:9fd7514f-72e0-4b92-a396-50259b0b5710,1607885830138:c96ee9b4-9bf0-4390-98f0-8544b8a70753,"size == ""1""","isEmpty == ""False""","peek_obj_type == ""class java.lang.String""","push == ""class java.lang.String""","pop == ""none""","clear == ""none""","size_p == ""1""",Yes
840,1607885830138:9fd7514f-72e0-4b92-a396-50259b0b5710,1607885830138:c96ee9b4-9bf0-4390-98f0-8544b8a70753,"size == ""2""","isEmpty == ""False""","peek_obj_type == ""class java.lang.String""","push == ""none""","pop == ""none""","clear == ""clear""","size_p == ""1""",Yes
841,1607885830138:9fd7514f-72e0-4b92-a396-50259b0b5710,1607885830138:c96ee9b4-9bf0-4390-98f0-8544b8a70753,"size == ""3""","isEmpty == ""False""","peek_obj_type == ""class java.lang.String""","push == ""none""","pop == ""none""","clear == ""clear""","size_p == ""2""",Yes
842,1607885830138:9fd7514f-72e0-4b92-a396-50259b0b5710,1607885830138:c96ee9b4-9bf0-4390-98f0-8544b8a70753,"size == ""4""","isEmpty == ""False""","peek_obj_type == ""class java.lang.String""","push == ""none""","pop == ""none""","clear == ""clear""","size_p == ""3""",Yes
844,1607885830138:9fd7514f-72e0-4b92-a396-50259b0b5710,1607885830138:8b821511-088b-47ea-8fdd-4f3f77c73af4,"size == ""0""","isEmpty == ""True""","peek_obj_type == ""EmptyObject""","push == ""class java.lang.String""","pop == ""none""","clear == ""none""","size_p == ""0""",Yes
845,1607885830138:9fd7514f-72e0-4b92-a396-50259b0b5710,1607885830138:8b821511-088b-47ea-8fdd-4f3f77c73af4,"size == ""0""","isEmpty == ""True""","peek_obj_type == ""EmptyObject""","push == ""none""","pop == ""EmptyObject""","clear == ""none""","size_p == ""0""",No
847,1607885830138:9619cf8d-4715-461c-a8e3-53f6ce784737,1607885830139:e1c56158-c1ef-47cb-a525-2674c74a3aaa,"size == ""0""","isEmpty == ""True""","peek_obj_type == ""EmptyObject""","push == ""class java.lang.String""","pop == ""none""","clear == ""none""","size_p == ""0""",Yes
848,1607885830138:9619cf8d-4715-461c-a8e3-53f6ce784737,1607885830139:e1c56158-c1ef-47cb-a525-2674c74a3aaa,"size == ""0""","isEmpty == ""True""","peek_obj_type == ""EmptyObject""","push == ""none""","pop == ""EmptyObject""","clear == ""none""","size_p == ""0""",No
850,1607885830138:9619cf8d-4715-461c-a8e3-53f6ce784737,1607885830138:4add07de-909e-4533-9bb1-9ae6c540759f,"size == ""1""","isEmpty == ""False""","peek_obj_type == ""class java.lang.String""","push == ""none""","pop == ""none""","clear == ""clear""","size_p == ""0""",Yes
851,1607885830138:9619cf8d-4715-461c-a8e3-53f6ce784737,1607885830138:4add07de-909e-4533-9bb1-9ae6c540759f,"size == ""1""","isEmpty == ""False""","peek_obj_type == ""class java.lang.String""","push == ""class java.lang.String""","pop == ""none""","clear == ""none""","size_p == ""1""",Yes
852,1607885830138:9619cf8d-4715-461c-a8e3-53f6ce784737,1607885830138:4add07de-909e-4533-9bb1-9ae6c540759f,"size == ""2""","isEmpty == ""False""","peek_obj_type == ""class java.lang.String""","push == ""none""","pop == ""none""","clear == ""clear""","size_p == ""1""",Yes
853,1607885830138:9619cf8d-4715-461c-a8e3-53f6ce784737,1607885830138:4add07de-909e-4533-9bb1-9ae6c540759f,"size == ""3""","isEmpty == ""False""","peek_obj_type == ""class java.lang.String""","push == ""none""","pop == ""none""","clear == ""clear""","size_p == ""2""",Yes
854,1607885830138:9619cf8d-4715-461c-a8e3-53f6ce784737,1607885830138:4add07de-909e-4533-9bb1-9ae6c540759f,"size == ""4""","isEmpty == ""False""","peek_obj_type == ""class java.lang.String""","push == ""none""","pop == ""none""","clear == ""clear""","size_p == ""3""",Yes
856,1607885830138:91f85350-7ab4-4caa-8e07-cb914d3f9583,1607885830138:4f8c0619-ef6d-4b9c-b80d-f61bd95c49ea,"size == ""0""","isEmpty == ""True""","peek_obj_type == ""EmptyObject""","push == ""class java.lang.String""","pop == ""none""","clear == ""none""","size_p == ""0""",Yes
858,1607885830138:91f85350-7ab4-4caa-8e07-cb914d3f9583,1607885830138:4d3ef4e5-f3c4-4aad-99b4-2cd45c6877c8,"size == ""0""","isEmpty == ""True""","peek_obj_type == ""EmptyObject""","push == ""class java.lang.String""","pop == ""none""","clear == ""none""","size_p == ""0""",Yes
859,1607885830138:91f85350-7ab4-4caa-8e07-cb914d3f9583,1607885830138:4d3ef4e5-f3c4-4aad-99b4-2cd45c6877c8,"size == ""0""","isEmpty == ""True""","peek_obj_type == ""EmptyObject""","push == ""none""","pop == ""EmptyObject""","clear == ""none""","size_p == ""0""",No
861,1607885830138:6eb1862b-6667-4d85-928a-93cd23389ba4,1607885830138:c3d3de43-6411-4653-b28a-eb87325549cd,"size == ""0""","isEmpty == ""True""","peek_obj_type == ""EmptyObject""","push == ""class java.lang.String""","pop == ""none""","clear == ""none""","size_p == ""0""",Yes
862,1607885830138:6eb1862b-6667-4d85-928a-93cd23389ba4,1607885830138:c3d3de43-6411-4653-b28a-eb87325549cd,"size == ""0""","isEmpty == ""True""","peek_obj_type == ""EmptyObject""","push == ""none""","pop == ""EmptyObject""","clear == ""none""","size_p == ""0""",No
864,1607885830138:166879f5-4594-4eb3-bc9c-418ad389cd96,1607885830138:70e41fcc-3249-4f5d-9bdf-a86da81a37f0,"size == ""0""","isEmpty == ""True""","peek_obj_type == ""EmptyObject""","push == ""class java.lang.String""","pop == ""none""","clear == ""none""","size_p == ""0""",Yes
865,1607885830138:166879f5-4594-4eb3-bc9c-418ad389cd96,1607885830138:70e41fcc-3249-4f5d-9bdf-a86da81a37f0,"size == ""0""","isEmpty == ""True""","peek_obj_type == ""EmptyObject""","push == ""none""","pop == ""EmptyObject""","clear == ""none""","size_p == ""0""",No
867,1607885830137:eec434b5-a983-4ce0-8c98-792e8267974b,1607885830137:f6b37641-27d1-44a6-9147-1ba57cce0c5f,"size == ""0""","isEmpty == ""True""","peek_obj_type == ""EmptyObject""","push == ""class java.lang.String""","pop == ""none""","clear == ""none""","size_p == ""0""",Yes
868,1607885830137:eec434b5-a983-4ce0-8c98-792e8267974b,1607885830137:f6b37641-27d1-44a6-9147-1ba57cce0c5f,"size == ""0""","isEmpty == ""True""","peek_obj_type == ""EmptyObject""","push == ""none""","pop == ""EmptyObject""","clear == ""none""","size_p == ""0""",No
870,1607885830137:eec434b5-a983-4ce0-8c98-792e8267974b,1607885830137:e7e19963-5d5d-47f8-9487-4bd9f49bc33b,"size == ""0""","isEmpty == ""True""","peek_obj_type == ""EmptyObject""","push == ""class java.lang.String""","pop == ""none""","clear == ""none""","size_p == ""0""",Yes
871,1607885830137:eec434b5-a983-4ce0-8c98-792e8267974b,1607885830137:e7e19963-5d5d-47f8-9487-4bd9f49bc33b,"size == ""0""","isEmpty == ""True""","peek_obj_type == ""EmptyObject""","push == ""class java.lang.String""","pop == ""none""","clear == ""none""","size_p == ""0""",Yes
872,1607885830137:eec434b5-a983-4ce0-8c98-792e8267974b,1607885830137:e7e19963-5d5d-47f8-9487-4bd9f49bc33b,"size == ""0""","isEmpty == ""True""","peek_obj_type == ""EmptyObject""","push == ""class java.lang.String""","pop == ""none""","clear == ""none""","size_p == ""0""",Yes
874,1607885830137:eec434b5-a983-4ce0-8c98-792e8267974b,1607885830137:4b4ae020-76e3-47f6-ad4c-5fdffc7b0a6b,"size == ""1""","isEmpty == ""False""","peek_obj_type == ""class java.lang.String""","push == ""none""","pop == ""none""","clear == ""clear""","size_p == ""0""",Yes
875,1607885830137:eec434b5-a983-4ce0-8c98-792e8267974b,1607885830137:4b4ae020-76e3-47f6-ad4c-5fdffc7b0a6b,"size == ""1""","isEmpty == ""False""","peek_obj_type == ""class java.lang.String""","push == ""class java.lang.String""","pop == ""none""","clear == ""none""","size_p == ""1""",Yes
876,1607885830137:eec434b5-a983-4ce0-8c98-792e8267974b,1607885830137:4b4ae020-76e3-47f6-ad4c-5fdffc7b0a6b,"size == ""0""","isEmpty == ""True""","peek_obj_type == ""EmptyObject""","push == ""none""","pop == ""EmptyObject""","clear == ""none""","size_p == ""1""",No
877,1607885830137:eec434b5-a983-4ce0-8c98-792e8267974b,1607885830137:4b4ae020-76e3-47f6-ad4c-5fdffc7b0a6b,"size == ""1""","isEmpty == ""False""","peek_obj_type == ""class java.lang.String""","push == ""none""","pop == ""none""","clear == ""clear""","size_p == ""0""",Yes
879,1607885830137:e27d86c7-2477-4d70-8460-598fcac6f170,1607885830137:cf13af7a-f294-4830-afb2-314f1d00c0e6,"size == ""0""","isEmpty == ""True""","peek_obj_type == ""EmptyObject""","push == ""class java.lang.String""","pop == ""none""","clear == ""none""","size_p == ""0""",Yes
881,1607885830137:e27d86c7-2477-4d70-8460-598fcac6f170,1607885830137:43fb5b63-e9ef-470b-94b3-f47f23af80dd,"size == ""0""","isEmpty == ""True""","peek_obj_type == ""EmptyObject""","push == ""class java.lang.String""","pop == ""none""","clear == ""none""","size_p == ""0""",Yes
882,1607885830137:e27d86c7-2477-4d70-8460-598fcac6f170,1607885830137:43fb5b63-e9ef-470b-94b3-f47f23af80dd,"size == ""0""","isEmpty == ""True""","peek_obj_type == ""EmptyObject""","push == ""none""","pop == ""EmptyObject""","clear == ""none""","size_p == ""0""",No
885,1607885830137:a01528be-efdd-4543-b354-07af41e20256,1607885830137:ad682058-47a0-4328-ab13-c06822b99c48,"size == ""0""","isEmpty == ""True""","peek_obj_type == ""EmptyObject""","push == ""class java.lang.String""","pop == ""none""","clear == ""none""","size_p == ""0""",Yes
886,1607885830137:a01528be-efdd-4543-b354-07af41e20256,1607885830137:ad682058-47a0-4328-ab13-c06822b99c48,"size == ""0""","isEmpty == ""True""","peek_obj_type == ""EmptyObject""","push == ""none""","pop == ""EmptyObject""","clear == ""none""","size_p == ""0""",No
888,1607885830137:4b837bcc-cb5e-46b6-9a03-e529ec0f2f89,1607885830137:ac5b4ce4-b790-4362-8dc2-84f915c94fda,"size == ""0""","isEmpty == ""True""","peek_obj_type == ""EmptyObject""","push == ""class java.lang.String""","pop == ""none""","clear == ""none""","size_p == ""0""",Yes
889,1607885830137:4b837bcc-cb5e-46b6-9a03-e529ec0f2f89,1607885830137:ac5b4ce4-b790-4362-8dc2-84f915c94fda,"size == ""0""","isEmpty == ""True""","peek_obj_type == ""EmptyObject""","push == ""class java.lang.String""","pop == ""none""","clear == ""none""","size_p == ""0""",Yes
890,1607885830137:4b837bcc-cb5e-46b6-9a03-e529ec0f2f89,1607885830137:ac5b4ce4-b790-4362-8dc2-84f915c94fda,"size == ""0""","isEmpty == ""True""","peek_obj_type == ""EmptyObject""","push == ""class java.lang.String""","pop == ""none""","clear == ""none""","size_p == ""0""",Yes
891,1607885830137:4b837bcc-cb5e-46b6-9a03-e529ec0f2f89,1607885830137:ac5b4ce4-b790-4362-8dc2-84f915c94fda,"size == ""1""","isEmpty == ""False""","peek_obj_type == ""class java.lang.String""","push == ""none""","pop == ""none""","clear == ""clear""","size_p == ""0""",Yes
893,1607885830137:4b837bcc-cb5e-46b6-9a03-e529ec0f2f89,1607885830137:9dea0350-b0a9-44b7-be6b-3a6e151c252e,"size == ""0""","isEmpty == ""True""","peek_obj_type == ""EmptyObject""","push == ""class java.lang.String""","pop == ""none""","clear == ""none""","size_p == ""0""",Yes
894,1607885830137:4b837bcc-cb5e-46b6-9a03-e529ec0f2f89,1607885830137:9dea0350-b0a9-44b7-be6b-3a6e151c252e,"size == ""0""","isEmpty == ""True""","peek_obj_type == ""EmptyObject""","push == ""none""","pop == ""EmptyObject""","clear == ""none""","size_p == ""0""",No
896,1607885830137:4b837bcc-cb5e-46b6-9a03-e529ec0f2f89,1607885830137:6905dd18-361e-4b8d-9882-6ff3d9f42831,"size == ""0""","isEmpty == ""True""","peek_obj_type == ""EmptyObject""","push == ""class java.lang.String""","pop == ""none""","clear == ""none""","size_p == ""0""",Yes
898,1607885830137:3f7a4062-30d0-42a1-a66e-308f0fb143f6,1607885830137:2f3d6687-1031-4d8a-9d73-764149a2b3ed,"size == ""0""","isEmpty == ""True""","peek_obj_type == ""EmptyObject""","push == ""class java.lang.String""","pop == ""none""","clear == ""none""","size_p == ""0""",Yes
899,1607885830137:3f7a4062-30d0-42a1-a66e-308f0fb143f6,1607885830137:2f3d6687-1031-4d8a-9d73-764149a2b3ed,"size == ""0""","isEmpty == ""True""","peek_obj_type == ""EmptyObject""","push == ""none""","pop == ""EmptyObject""","clear == ""none""","size_p == ""0""",No
901,1607885830137:25b9639f-7007-4fc0-9aac-d5fa776291be,1607885830137:e2c02571-3c9d-43e3-a80a-b31fad759f63,"size == ""1""","isEmpty == ""False""","peek_obj_type == ""class java.lang.String""","push == ""none""","pop == ""none""","clear == ""clear""","size_p == ""0""",Yes
902,1607885830137:25b9639f-7007-4fc0-9aac-d5fa776291be,1607885830137:e2c02571-3c9d-43e3-a80a-b31fad759f63,"size == ""1""","isEmpty == ""False""","peek_obj_type == ""class java.lang.String""","push == ""class java.lang.String""","pop == ""none""","clear == ""none""","size_p == ""1""",Yes
903,1607885830137:25b9639f-7007-4fc0-9aac-d5fa776291be,1607885830137:e2c02571-3c9d-43e3-a80a-b31fad759f63,"size == ""2""","isEmpty == ""False""","peek_obj_type == ""class java.lang.String""","push == ""none""","pop == ""none""","clear == ""clear""","size_p == ""1""",Yes
904,1607885830137:25b9639f-7007-4fc0-9aac-d5fa776291be,1607885830137:e2c02571-3c9d-43e3-a80a-b31fad759f63,"size == ""3""","isEmpty == ""False""","peek_obj_type == ""class java.lang.String""","push == ""none""","pop == ""none""","clear == ""clear""","size_p == ""2""",Yes
905,1607885830137:25b9639f-7007-4fc0-9aac-d5fa776291be,1607885830137:e2c02571-3c9d-43e3-a80a-b31fad759f63,"size == ""4""","isEmpty == ""False""","peek_obj_type == ""class java.lang.String""","push == ""none""","pop == ""none""","clear == ""clear""","size_p == ""3""",Yes
907,1607885830137:25b9639f-7007-4fc0-9aac-d5fa776291be,1607885830137:18a4a3ee-a63d-420d-9632-b99f74f7eac3,"size == ""0""","isEmpty == ""True""","peek_obj_type == ""EmptyObject""","push == ""class java.lang.String""","pop == ""none""","clear == ""none""","size_p == ""0""",Yes
908,1607885830137:25b9639f-7007-4fc0-9aac-d5fa776291be,1607885830137:18a4a3ee-a63d-420d-9632-b99f74f7eac3,"size == ""0""","isEmpty == ""True""","peek_obj_type == ""EmptyObject""","push == ""none""","pop == ""EmptyObject""","clear == ""none""","size_p == ""0""",No
910,1607885830137:15c62d0a-d58c-4396-97b9-528404bee115,1607885830137:9ce676b7-79ae-4af6-a7f0-c57174e65e33,"size == ""0""","isEmpty == ""True""","peek_obj_type == ""EmptyObject""","push == ""class java.lang.String""","pop == ""none""","clear == ""none""","size_p == ""0""",Yes
911,1607885830137:15c62d0a-d58c-4396-97b9-528404bee115,1607885830137:9ce676b7-79ae-4af6-a7f0-c57174e65e33,"size == ""0""","isEmpty == ""True""","peek_obj_type == ""EmptyObject""","push == ""none""","pop == ""EmptyObject""","clear == ""none""","size_p == ""0""",No
913,1607885830136:fc0aca51-8a11-4648-8d08-3b390b665c83,1607885830136:c6c28720-2b81-412a-ada3-f9b28d4134c2,"size == ""0""","isEmpty == ""True""","peek_obj_type == ""EmptyObject""","push == ""class java.lang.String""","pop == ""none""","clear == ""none""","size_p == ""0""",Yes
914,1607885830136:fc0aca51-8a11-4648-8d08-3b390b665c83,1607885830136:c6c28720-2b81-412a-ada3-f9b28d4134c2,"size == ""0""","isEmpty == ""True""","peek_obj_type == ""EmptyObject""","push == ""none""","pop == ""EmptyObject""","clear == ""none""","size_p == ""0""",No
916,1607885830136:daa2d837-4279-4b61-899e-4106f75c98df,1607885830136:f60db49f-c397-4b9b-bd5d-0868388bad77,"size == ""0""","isEmpty == ""True""","peek_obj_type == ""EmptyObject""","push == ""class java.lang.String""","pop == ""none""","clear == ""none""","size_p == ""0""",Yes
917,1607885830136:daa2d837-4279-4b61-899e-4106f75c98df,1607885830136:f60db49f-c397-4b9b-bd5d-0868388bad77,"size == ""0""","isEmpty == ""True""","peek_obj_type == ""EmptyObject""","push == ""none""","pop == ""EmptyObject""","clear == ""none""","size_p == ""0""",No
919,1607885830136:d8e46906-5eb2-438d-869b-7b2799071d34,1607885830136:5ac39730-fd1d-4085-8cd0-0a228094591d,"size == ""0""","isEmpty == ""True""","peek_obj_type == ""EmptyObject""","push == ""class java.lang.String""","pop == ""none""","clear == ""none""","size_p == ""0""",Yes
920,1607885830136:d8e46906-5eb2-438d-869b-7b2799071d34,1607885830136:5ac39730-fd1d-4085-8cd0-0a228094591d,"size == ""0""","isEmpty == ""True""","peek_obj_type == ""EmptyObject""","push == ""none""","pop == ""EmptyObject""","clear == ""none""","size_p == ""0""",No
922,1607885830136:9ffda615-e797-494b-945e-7cdb6f0ac612,1607885830136:99d3f3d7-1c90-4e7d-95e6-49fe00bf9042,"size == ""0""","isEmpty == ""True""","peek_obj_type == ""EmptyObject""","push == ""class java.lang.String""","pop == ""none""","clear == ""none""","size_p == ""0""",Yes
923,1607885830136:9ffda615-e797-494b-945e-7cdb6f0ac612,1607885830136:99d3f3d7-1c90-4e7d-95e6-49fe00bf9042,"size == ""0""","isEmpty == ""True""","peek_obj_type == ""EmptyObject""","push == ""none""","pop == ""EmptyObject""","clear == ""none""","size_p == ""0""",No
925,1607885830136:9ffda615-e797-494b-945e-7cdb6f0ac612,1607885830136:0d6a0441-1102-4cd3-939d-bac61708248b,"size == ""0""","isEmpty == ""True""","peek_obj_type == ""EmptyObject""","push == ""class java.lang.String""","pop == ""none""","clear == ""none""","size_p == ""0""",Yes
926,1607885830136:9ffda615-e797-494b-945e-7cdb6f0ac612,1607885830136:0d6a0441-1102-4cd3-939d-bac61708248b,"size == ""0""","isEmpty == ""True""","peek_obj_type == ""EmptyObject""","push == ""class java.lang.String""","pop == ""none""","clear == ""none""","size_p == ""0""",Yes
928,1607885830136:5dc5ce8c-dec1-4a48-aa36-df3919aae47d,1607885830136:a78a9a29-6c82-49f5-ab31-3af0a59be45a,"size == ""0""","isEmpty == ""True""","peek_obj_type == ""EmptyObject""","push == ""class java.lang.String""","pop == ""none""","clear == ""none""","size_p == ""0""",Yes
929,1607885830136:5dc5ce8c-dec1-4a48-aa36-df3919aae47d,1607885830136:a78a9a29-6c82-49f5-ab31-3af0a59be45a,"size == ""0""","isEmpty == ""True""","peek_obj_type == ""EmptyObject""","push == ""none""","pop == ""EmptyObject""","clear == ""none""","size_p == ""0""",No
931,1607885830136:55036d25-abc5-43d3-b4d6-ec14e3a696a4,1607885830136:e54f59d0-7ff0-45ba-a019-b5710c853df1,"size == ""1""","isEmpty == ""False""","peek_obj_type == ""class java.lang.String""","push == ""none""","pop == ""none""","clear == ""clear""","size_p == ""0""",Yes
932,1607885830136:55036d25-abc5-43d3-b4d6-ec14e3a696a4,1607885830136:e54f59d0-7ff0-45ba-a019-b5710c853df1,"size == ""1""","isEmpty == ""False""","peek_obj_type == ""class java.lang.String""","push == ""class java.lang.String""","pop == ""none""","clear == ""none""","size_p == ""1""",Yes
933,1607885830136:55036d25-abc5-43d3-b4d6-ec14e3a696a4,1607885830136:e54f59d0-7ff0-45ba-a019-b5710c853df1,"size == ""2""","isEmpty == ""False""","peek_obj_type == ""class java.lang.String""","push == ""none""","pop == ""none""","clear == ""clear""","size_p == ""1""",Yes
934,1607885830136:55036d25-abc5-43d3-b4d6-ec14e3a696a4,1607885830136:e54f59d0-7ff0-45ba-a019-b5710c853df1,"size == ""3""","isEmpty == ""False""","peek_obj_type == ""class java.lang.String""","push == ""none""","pop == ""none""","clear == ""clear""","size_p == ""2""",Yes
935,1607885830136:55036d25-abc5-43d3-b4d6-ec14e3a696a4,1607885830136:e54f59d0-7ff0-45ba-a019-b5710c853df1,"size == ""4""","isEmpty == ""False""","peek_obj_type == ""class java.lang.String""","push == ""none""","pop == ""none""","clear == ""clear""","size_p == ""3""",Yes
937,1607885830136:55036d25-abc5-43d3-b4d6-ec14e3a696a4,1607885830136:ac7101f0-ec01-434f-ae39-054c58757ac8,"size == ""0""","isEmpty == ""True""","peek_obj_type == ""EmptyObject""","push == ""class java.lang.String""","pop == ""none""","clear == ""none""","size_p == ""0""",Yes
938,1607885830136:55036d25-abc5-43d3-b4d6-ec14e3a696a4,1607885830136:ac7101f0-ec01-434f-ae39-054c58757ac8,"size == ""0""","isEmpty == ""True""","peek_obj_type == ""EmptyObject""","push == ""none""","pop == ""EmptyObject""","clear == ""none""","size_p == ""0""",No
940,1607885830136:4f46fa38-c81f-4ae2-96fb-c6a9485c89f9,1607885830136:65fc1057-36b0-4708-9432-df6c8cdecd7a,"size == ""0""","isEmpty == ""True""","peek_obj_type == ""EmptyObject""","push == ""class java.lang.String""","pop == ""none""","clear == ""none""","size_p == ""0""",Yes
941,1607885830136:4f46fa38-c81f-4ae2-96fb-c6a9485c89f9,1607885830136:65fc1057-36b0-4708-9432-df6c8cdecd7a,"size == ""0""","isEmpty == ""True""","peek_obj_type == ""EmptyObject""","push == ""none""","pop == ""EmptyObject""","clear == ""none""","size_p == ""0""",No
943,1607885830136:4f46fa38-c81f-4ae2-96fb-c6a9485c89f9,1607885830136:3bd73d42-287c-41ae-bdbb-f4d63835e990,"size == ""0""","isEmpty == ""True""","peek_obj_type == ""EmptyObject""","push == ""class java.lang.String""","pop == ""none""","clear == ""none""","size_p == ""0""",Yes
944,1607885830136:4f46fa38-c81f-4ae2-96fb-c6a9485c89f9,1607885830136:3bd73d42-287c-41ae-bdbb-f4d63835e990,"size == ""0""","isEmpty == ""True""","peek_obj_type == ""EmptyObject""","push == ""class java.lang.String""","pop == ""none""","clear == ""none""","size_p == ""0""",Yes
946,1607885830136:2b3a0c9c-6b02-4a88-a973-dcfa9eb6d53a,1607885830136:c540d6b6-52e3-495e-b2af-f257f454d475,"size == ""1""","isEmpty == ""False""","peek_obj_type == ""class java.lang.String""","push == ""none""","pop == ""none""","clear == ""clear""","size_p == ""0""",Yes
947,1607885830136:2b3a0c9c-6b02-4a88-a973-dcfa9eb6d53a,1607885830136:c540d6b6-52e3-495e-b2af-f257f454d475,"size == ""1""","isEmpty == ""False""","peek_obj_type == ""class java.lang.String""","push == ""class java.lang.String""","pop == ""none""","clear == ""none""","size_p == ""1""",Yes
948,1607885830136:2b3a0c9c-6b02-4a88-a973-dcfa9eb6d53a,1607885830136:c540d6b6-52e3-495e-b2af-f257f454d475,"size == ""2""","isEmpty == ""False""","peek_obj_type == ""class java.lang.String""","push == ""none""","pop == ""none""","clear == ""clear""","size_p == ""1""",Yes
949,1607885830136:2b3a0c9c-6b02-4a88-a973-dcfa9eb6d53a,1607885830136:c540d6b6-52e3-495e-b2af-f257f454d475,"size == ""3""","isEmpty == ""False""","peek_obj_type == ""class java.lang.String""","push == ""none""","pop == ""none""","clear == ""clear""","size_p == ""2""",Yes
950,1607885830136:2b3a0c9c-6b02-4a88-a973-dcfa9eb6d53a,1607885830136:c540d6b6-52e3-495e-b2af-f257f454d475,"size == ""4""","isEmpty == ""False""","peek_obj_type == ""class java.lang.String""","push == ""none""","pop == ""none""","clear == ""clear""","size_p == ""3""",Yes
952,1607885830136:2b3a0c9c-6b02-4a88-a973-dcfa9eb6d53a,1607885830136:220be118-b86b-4c5b-b9b7-6c872b169098,"size == ""0""","isEmpty == ""True""","peek_obj_type == ""EmptyObject""","push == ""class java.lang.String""","pop == ""none""","clear == ""none""","size_p == ""0""",Yes
953,1607885830136:2b3a0c9c-6b02-4a88-a973-dcfa9eb6d53a,1607885830136:220be118-b86b-4c5b-b9b7-6c872b169098,"size == ""0""","isEmpty == ""True""","peek_obj_type == ""EmptyObject""","push == ""none""","pop == ""EmptyObject""","clear == ""none""","size_p == ""0""",No
955,1607885830135:d8083fbb-fa27-4345-ba5c-3e8730b4fcd1,1607885830136:2f1edd46-cbe3-45d4-a17b-343b8730c5d8,"size == ""0""","isEmpty == ""True""","peek_obj_type == ""EmptyObject""","push == ""class java.lang.String""","pop == ""none""","clear == ""none""","size_p == ""0""",Yes
956,1607885830135:d8083fbb-fa27-4345-ba5c-3e8730b4fcd1,1607885830136:2f1edd46-cbe3-45d4-a17b-343b8730c5d8,"size == ""0""","isEmpty == ""True""","peek_obj_type == ""EmptyObject""","push == ""none""","pop == ""EmptyObject""","clear == ""none""","size_p == ""0""",No
958,1607885830135:d3fd7564-56da-4d49-8d79-2a8fa0ca70a2,1607885830135:97817cbe-cd02-49e7-842b-76b6d62c6458,"size == ""1""","isEmpty == ""False""","peek_obj_type == ""class java.lang.String""","push == ""none""","pop == ""none""","clear == ""clear""","size_p == ""0""",Yes
959,1607885830135:d3fd7564-56da-4d49-8d79-2a8fa0ca70a2,1607885830135:97817cbe-cd02-49e7-842b-76b6d62c6458,"size == ""1""","isEmpty == ""False""","peek_obj_type == ""class java.lang.String""","push == ""class java.lang.String""","pop == ""none""","clear == ""none""","size_p == ""1""",Yes
960,1607885830135:d3fd7564-56da-4d49-8d79-2a8fa0ca70a2,1607885830135:97817cbe-cd02-49e7-842b-76b6d62c6458,"size == ""2""","isEmpty == ""False""","peek_obj_type == ""class java.lang.String""","push == ""none""","pop == ""none""","clear == ""clear""","size_p == ""1""",Yes
961,1607885830135:d3fd7564-56da-4d49-8d79-2a8fa0ca70a2,1607885830135:97817cbe-cd02-49e7-842b-76b6d62c6458,"size == ""3""","isEmpty == ""False""","peek_obj_type == ""class java.lang.String""","push == ""none""","pop == ""none""","clear == ""clear""","size_p == ""2""",Yes
962,1607885830135:d3fd7564-56da-4d49-8d79-2a8fa0ca70a2,1607885830135:97817cbe-cd02-49e7-842b-76b6d62c6458,"size == ""4""","isEmpty == ""False""","peek_obj_type == ""class java.lang.String""","push == ""none""","pop == ""none""","clear == ""clear""","size_p == ""3""",Yes
964,1607885830135:d3fd7564-56da-4d49-8d79-2a8fa0ca70a2,1607885830135:0858c443-9443-410e-93b5-f46bf64a1eb9,"size == ""0""","isEmpty == ""True""","peek_obj_type == ""EmptyObject""","push == ""class java.lang.String""","pop == ""none""","clear == ""none""","size_p == ""0""",Yes
965,1607885830135:d3fd7564-56da-4d49-8d79-2a8fa0ca70a2,1607885830135:0858c443-9443-410e-93b5-f46bf64a1eb9,"size == ""0""","isEmpty == ""True""","peek_obj_type == ""EmptyObject""","push == ""none""","pop == ""EmptyObject""","clear == ""none""","size_p == ""0""",No
967,1607885830135:c99d3eef-2007-4e50-af1d-d42d31e08641,1607885830135:56711e8a-0623-4970-a640-d5b4a137a5ba,"size == ""0""","isEmpty == ""True""","peek_obj_type == ""EmptyObject""","push == ""class java.lang.String""","pop == ""none""","clear == ""none""","size_p == ""0""",Yes
968,1607885830135:c99d3eef-2007-4e50-af1d-d42d31e08641,1607885830135:56711e8a-0623-4970-a640-d5b4a137a5ba,"size == ""0""","isEmpty == ""True""","peek_obj_type == ""EmptyObject""","push == ""none""","pop == ""EmptyObject""","clear == ""none""","size_p == ""0""",No
970,1607885830135:6afd9993-9298-49ae-ad85-aa6542ae9d8f,1607885830135:eb85b5b0-90ff-4c6e-8e79-9b18a70499c3,"size == ""0""","isEmpty == ""True""","peek_obj_type == ""EmptyObject""","push == ""class java.lang.String""","pop == ""none""","clear == ""none""","size_p == ""0""",Yes
971,1607885830135:6afd9993-9298-49ae-ad85-aa6542ae9d8f,1607885830135:eb85b5b0-90ff-4c6e-8e79-9b18a70499c3,"size == ""0""","isEmpty == ""True""","peek_obj_type == ""EmptyObject""","push == ""class java.lang.String""","pop == ""none""","clear == ""none""","size_p == ""0""",Yes
973,1607885830135:6afd9993-9298-49ae-ad85-aa6542ae9d8f,1607885830135:cab75047-cfc4-4e13-8000-dde014b6012a,"size == ""0""","isEmpty == ""True""","peek_obj_type == ""EmptyObject""","push == ""class java.lang.String""","pop == ""none""","clear == ""none""","size_p == ""0""",Yes
974,1607885830135:6afd9993-9298-49ae-ad85-aa6542ae9d8f,1607885830135:cab75047-cfc4-4e13-8000-dde014b6012a,"size == ""0""","isEmpty == ""True""","peek_obj_type == ""EmptyObject""","push == ""none""","pop == ""EmptyObject""","clear == ""none""","size_p == ""0""",No
976,1607885830135:2d3d1c5c-1262-40e5-9870-4a543974f511,1607885830135:8269d0ed-1992-46a4-bc20-1ca57f740681,"size == ""0""","isEmpty == ""True""","peek_obj_type == ""EmptyObject""","push == ""class java.lang.String""","pop == ""none""","clear == ""none""","size_p == ""0""",Yes
977,1607885830135:2d3d1c5c-1262-40e5-9870-4a543974f511,1607885830135:8269d0ed-1992-46a4-bc20-1ca57f740681,"size == ""0""","isEmpty == ""True""","peek_obj_type == ""EmptyObject""","push == ""none""","pop == ""EmptyObject""","clear == ""none""","size_p == ""0""",No
979,1607885830135:2d3d1c5c-1262-40e5-9870-4a543974f511,1607885830135:3c9f7c80-18ac-4c11-8c09-34493c0434f7,"size == ""1""","isEmpty == ""False""","peek_obj_type == ""class java.lang.String""","push == ""none""","pop == ""none""","clear == ""clear""","size_p == ""0""",Yes
980,1607885830135:2d3d1c5c-1262-40e5-9870-4a543974f511,1607885830135:3c9f7c80-18ac-4c11-8c09-34493c0434f7,"size == ""1""","isEmpty == ""False""","peek_obj_type == ""class java.lang.String""","push == ""class java.lang.String""","pop == ""none""","clear == ""none""","size_p == ""1""",Yes
981,1607885830135:2d3d1c5c-1262-40e5-9870-4a543974f511,1607885830135:3c9f7c80-18ac-4c11-8c09-34493c0434f7,"size == ""2""","isEmpty == ""False""","peek_obj_type == ""class java.lang.String""","push == ""none""","pop == ""none""","clear == ""clear""","size_p == ""1""",Yes
982,1607885830135:2d3d1c5c-1262-40e5-9870-4a543974f511,1607885830135:3c9f7c80-18ac-4c11-8c09-34493c0434f7,"size == ""3""","isEmpty == ""False""","peek_obj_type == ""class java.lang.String""","push == ""none""","pop == ""none""","clear == ""clear""","size_p == ""2""",Yes
983,1607885830135:2d3d1c5c-1262-40e5-9870-4a543974f511,1607885830135:3c9f7c80-18ac-4c11-8c09-34493c0434f7,"size == ""4""","isEmpty == ""False""","peek_obj_type == ""class java.lang.String""","push == ""none""","pop == ""none""","clear == ""clear""","size_p == ""3""",Yes
985,1607885830135:2d3d1c5c-1262-40e5-9870-4a543974f511,1607885830135:2c74ecdc-cc86-4cbe-aed5-a0f0bd5c09e4,"size == ""0""","isEmpty == ""True""","peek_obj_type == ""EmptyObject""","push == ""class java.lang.String""","pop == ""none""","clear == ""none""","size_p == ""0""",Yes
988,1607885830135:28e36093-38e8-49da-a5dd-b965cb419b5d,1607885830135:43c91566-535f-4108-9ab4-924cd4e669c9,"size == ""0""","isEmpty == ""True""","peek_obj_type == ""EmptyObject""","push == ""class java.lang.String""","pop == ""none""","clear == ""none""","size_p == ""0""",Yes
989,1607885830135:28e36093-38e8-49da-a5dd-b965cb419b5d,1607885830135:43c91566-535f-4108-9ab4-924cd4e669c9,"size == ""0""","isEmpty == ""True""","peek_obj_type == ""EmptyObject""","push == ""none""","pop == ""EmptyObject""","clear == ""none""","size_p == ""0""",No
991,1607885830135:204a7b8d-7752-43aa-a0b6-377c17872333,1607885830135:f57331be-4266-4fe2-95f6-1e58c88ca7e3,"size == ""0""","isEmpty == ""True""","peek_obj_type == ""EmptyObject""","push == ""class java.lang.String""","pop == ""none""","clear == ""none""","size_p == ""0""",Yes
992,1607885830135:204a7b8d-7752-43aa-a0b6-377c17872333,1607885830135:f57331be-4266-4fe2-95f6-1e58c88ca7e3,"size == ""0""","isEmpty == ""True""","peek_obj_type == ""EmptyObject""","push == ""none""","pop == ""EmptyObject""","clear == ""none""","size_p == ""0""",No
994,1607885830135:204a7b8d-7752-43aa-a0b6-377c17872333,1607885830135:f0f35690-7fb4-4194-8f26-cc90a16f17b6,"size == ""1""","isEmpty == ""False""","peek_obj_type == ""class java.lang.String""","push == ""none""","pop == ""none""","clear == ""clear""","size_p == ""0""",Yes
995,1607885830135:204a7b8d-7752-43aa-a0b6-377c17872333,1607885830135:f0f35690-7fb4-4194-8f26-cc90a16f17b6,"size == ""1""","isEmpty == ""False""","peek_obj_type == ""class java.lang.String""","push == ""class java.lang.String""","pop == ""none""","clear == ""none""","size_p == ""1""",Yes
996,1607885830135:204a7b8d-7752-43aa-a0b6-377c17872333,1607885830135:f0f35690-7fb4-4194-8f26-cc90a16f17b6,"size == ""2""","isEmpty == ""False""","peek_obj_type == ""class java.lang.String""","push == ""none""","pop == ""none""","clear == ""clear""","size_p == ""1""",Yes
997,1607885830135:204a7b8d-7752-43aa-a0b6-377c17872333,1607885830135:f0f35690-7fb4-4194-8f26-cc90a16f17b6,"size == ""3""","isEmpty == ""False""","peek_obj_type == ""class java.lang.String""","push == ""none""","pop == ""none""","clear == ""clear""","size_p == ""2""",Yes
998,1607885830135:204a7b8d-7752-43aa-a0b6-377c17872333,1607885830135:f0f35690-7fb4-4194-8f26-cc90a16f17b6,"size == ""4""","isEmpty == ""False""","peek_obj_type == ""class java.lang.String""","push == ""none""","pop == ""none""","clear == ""clear""","size_p == ""3""",Yes
1000,1607885830134:fc728943-27cf-4ae2-9f73-e2b5d6ee0a54,1607885830135:898a5038-6ca6-4dc8-a294-2de19394c218,"size == ""0""","isEmpty == ""True""","peek_obj_type == ""EmptyObject""","push == ""class java.lang.String""","pop == ""none""","clear == ""none""","size_p == ""0""",Yes
1001,1607885830134:fc728943-27cf-4ae2-9f73-e2b5d6ee0a54,1607885830135:898a5038-6ca6-4dc8-a294-2de19394c218,"size == ""0""","isEmpty == ""True""","peek_obj_type == ""EmptyObject""","push == ""none""","pop == ""EmptyObject""","clear == ""none""","size_p == ""0""",No
1003,1607885830134:fc728943-27cf-4ae2-9f73-e2b5d6ee0a54,1607885830134:b9f3dbdb-c2f1-4542-9847-814c07c562cb,"size == ""1""","isEmpty == ""False""","peek_obj_type == ""class java.lang.String""","push == ""none""","pop == ""none""","clear == ""clear""","size_p == ""0""",Yes
1004,1607885830134:fc728943-27cf-4ae2-9f73-e2b5d6ee0a54,1607885830134:b9f3dbdb-c2f1-4542-9847-814c07c562cb,"size == ""1""","isEmpty == ""False""","peek_obj_type == ""class java.lang.String""","push == ""class java.lang.String""","pop == ""none""","clear == ""none""","size_p == ""1""",Yes
1005,1607885830134:fc728943-27cf-4ae2-9f73-e2b5d6ee0a54,1607885830134:b9f3dbdb-c2f1-4542-9847-814c07c562cb,"size == ""0""","isEmpty == ""True""","peek_obj_type == ""EmptyObject""","push == ""none""","pop == ""EmptyObject""","clear == ""none""","size_p == ""1""",No
1006,1607885830134:fc728943-27cf-4ae2-9f73-e2b5d6ee0a54,1607885830134:b9f3dbdb-c2f1-4542-9847-814c07c562cb,"size == ""1""","isEmpty == ""False""","peek_obj_type == ""class java.lang.String""","push == ""none""","pop == ""none""","clear == ""clear""","size_p == ""0""",Yes
1008,1607885830134:fc728943-27cf-4ae2-9f73-e2b5d6ee0a54,1607885830134:0a93b013-2baa-440a-a8ef-6651e7edf992,"size == ""0""","isEmpty == ""True""","peek_obj_type == ""EmptyObject""","push == ""class java.lang.String""","pop == ""none""","clear == ""none""","size_p == ""0""",Yes
1009,1607885830134:fc728943-27cf-4ae2-9f73-e2b5d6ee0a54,1607885830134:0a93b013-2baa-440a-a8ef-6651e7edf992,"size == ""0""","isEmpty == ""True""","peek_obj_type == ""EmptyObject""","push == ""class java.lang.String""","pop == ""none""","clear == ""none""","size_p == ""0""",Yes
1010,1607885830134:fc728943-27cf-4ae2-9f73-e2b5d6ee0a54,1607885830134:0a93b013-2baa-440a-a8ef-6651e7edf992,"size == ""0""","isEmpty == ""True""","peek_obj_type == ""EmptyObject""","push == ""class java.lang.String""","pop == ""none""","clear == ""none""","size_p == ""0""",Yes
1012,1607885830134:d9ea7974-de2a-4b73-8cea-5cb746bd559a,1607885830134:e0a9acb3-415d-4689-b8f5-f66af44e97e5,"size == ""0""","isEmpty == ""True""","peek_obj_type == ""EmptyObject""","push == ""class java.lang.String""","pop == ""none""","clear == ""none""","size_p == ""0""",Yes
1013,1607885830134:d9ea7974-de2a-4b73-8cea-5cb746bd559a,1607885830134:e0a9acb3-415d-4689-b8f5-f66af44e97e5,"size == ""0""","isEmpty == ""True""","peek_obj_type == ""EmptyObject""","push == ""none""","pop == ""EmptyObject""","clear == ""none""","size_p == ""0""",No
1015,1607885830134:d9ea7974-de2a-4b73-8cea-5cb746bd559a,1607885830134:79b4bc56-cd91-432b-84b0-b7e7bbf7de32,"size == ""1""","isEmpty == ""False""","peek_obj_type == ""class java.lang.String""","push == ""none""","pop == ""none""","clear == ""clear""","size_p == ""0""",Yes
1016,1607885830134:d9ea7974-de2a-4b73-8cea-5cb746bd559a,1607885830134:79b4bc56-cd91-432b-84b0-b7e7bbf7de32,"size == ""2""","isEmpty == ""False""","peek_obj_type == ""class java.lang.String""","push == ""none""","pop == ""none""","clear == ""clear""","size_p == ""1""",Yes
1017,1607885830134:d9ea7974-de2a-4b73-8cea-5cb746bd559a,1607885830134:79b4bc56-cd91-432b-84b0-b7e7bbf7de32,"size == ""3""","isEmpty == ""False""","peek_obj_type == ""class java.lang.String""","push == ""none""","pop == ""none""","clear == ""clear""","size_p == ""2""",Yes
1019,1607885830134:d9ea7974-de2a-4b73-8cea-5cb746bd559a,1607885830134:30915186-1fe6-40e0-957c-e34696348689,"size == ""1""","isEmpty == ""False""","peek_obj_type == ""class java.lang.String""","push == ""none""","pop == ""none""","clear == ""clear""","size_p == ""0""",Yes
1020,1607885830134:d9ea7974-de2a-4b73-8cea-5cb746bd559a,1607885830134:30915186-1fe6-40e0-957c-e34696348689,"size == ""1""","isEmpty == ""False""","peek_obj_type == ""class java.lang.String""","push == ""class java.lang.String""","pop == ""none""","clear == ""none""","size_p == ""1""",Yes
1021,1607885830134:d9ea7974-de2a-4b73-8cea-5cb746bd559a,1607885830134:30915186-1fe6-40e0-957c-e34696348689,"size == ""2""","isEmpty == ""False""","peek_obj_type == ""class java.lang.String""","push == ""none""","pop == ""none""","clear == ""clear""","size_p == ""1""",Yes
1022,1607885830134:d9ea7974-de2a-4b73-8cea-5cb746bd559a,1607885830134:30915186-1fe6-40e0-957c-e34696348689,"size == ""3""","isEmpty == ""False""","peek_obj_type == ""class java.lang.String""","push == ""none""","pop == ""none""","clear == ""clear""","size_p == ""2""",Yes
1023,1607885830134:d9ea7974-de2a-4b73-8cea-5cb746bd559a,1607885830134:30915186-1fe6-40e0-957c-e34696348689,"size == ""4""","isEmpty == ""False""","peek_obj_type == ""class java.lang.String""","push == ""none""","pop == ""none""","clear == ""clear""","size_p == ""3""",Yes
1025,1607885830134:d2162be9-8cb6-4c1e-9af7-6e1b92c02db9,1607885830134:46b3d1af-7776-4357-98cd-cf2cdb86675e,"size == ""0""","isEmpty == ""True""","peek_obj_type == ""EmptyObject""","push == ""class java.lang.String""","pop == ""none""","clear == ""none""","size_p == ""0""",Yes
1026,1607885830134:d2162be9-8cb6-4c1e-9af7-6e1b92c02db9,1607885830134:46b3d1af-7776-4357-98cd-cf2cdb86675e,"size == ""0""","isEmpty == ""True""","peek_obj_type == ""EmptyObject""","push == ""none""","pop == ""EmptyObject""","clear == ""none""","size_p == ""0""",No
1028,1607885830134:c43917fc-f34d-4625-8d59-06e1da14b511,1607885830134:a35c456a-96ca-4ae3-ac2c-45bfe39f0fe7,"size == ""0""","isEmpty == ""True""","peek_obj_type == ""EmptyObject""","push == ""class java.lang.String""","pop == ""none""","clear == ""none""","size_p == ""0""",Yes
1029,1607885830134:c43917fc-f34d-4625-8d59-06e1da14b511,1607885830134:a35c456a-96ca-4ae3-ac2c-45bfe39f0fe7,"size == ""0""","isEmpty == ""True""","peek_obj_type == ""EmptyObject""","push == ""none""","pop == ""EmptyObject""","clear == ""none""","size_p == ""0""",No
1031,1607885830134:bcd6bdfd-55ab-4ba2-9a05-0e6c22863c6a,1607885830134:feb87842-1a0a-4e98-bc2f-109a5640d58a,"size == ""0""","isEmpty == ""True""","peek_obj_type == ""EmptyObject""","push == ""class java.lang.String""","pop == ""none""","clear == ""none""","size_p == ""0""",Yes
1032,1607885830134:bcd6bdfd-55ab-4ba2-9a05-0e6c22863c6a,1607885830134:feb87842-1a0a-4e98-bc2f-109a5640d58a,"size == ""0""","isEmpty == ""True""","peek_obj_type == ""EmptyObject""","push == ""none""","pop == ""EmptyObject""","clear == ""none""","size_p == ""0""",No
1034,1607885830134:bcd6bdfd-55ab-4ba2-9a05-0e6c22863c6a,1607885830134:f38c843d-c9e1-46a5-be4a-fa46659a57a4,"size == ""0""","isEmpty == ""True""","peek_obj_type == ""EmptyObject""","push == ""class java.lang.String""","pop == ""none""","clear == ""none""","size_p == ""0""",Yes
1037,1607885830134:6b26c971-10f4-4752-b9d4-adb560e381eb,1607885830134:84ad4613-0dea-4781-af50-ce1f7f3a53f1,"size == ""0""","isEmpty == ""True""","peek_obj_type == ""EmptyObject""","push == ""class java.lang.String""","pop == ""none""","clear == ""none""","size_p == ""0""",Yes
1038,1607885830134:6b26c971-10f4-4752-b9d4-adb560e381eb,1607885830134:84ad4613-0dea-4781-af50-ce1f7f3a53f1,"size == ""0""","isEmpty == ""True""","peek_obj_type == ""EmptyObject""","push == ""none""","pop == ""EmptyObject""","clear == ""none""","size_p == ""0""",No
1040,1607885830134:2491d2af-2134-420d-a35a-af42f2d7c97a,1607885830134:6542cdf3-3bde-4727-8d19-e6226200eab8,"size == ""1""","isEmpty == ""False""","peek_obj_type == ""class java.lang.String""","push == ""none""","pop == ""none""","clear == ""clear""","size_p == ""0""",Yes
1041,1607885830134:2491d2af-2134-420d-a35a-af42f2d7c97a,1607885830134:6542cdf3-3bde-4727-8d19-e6226200eab8,"size == ""1""","isEmpty == ""False""","peek_obj_type == ""class java.lang.String""","push == ""class java.lang.String""","pop == ""none""","clear == ""none""","size_p == ""1""",Yes
1042,1607885830134:2491d2af-2134-420d-a35a-af42f2d7c97a,1607885830134:6542cdf3-3bde-4727-8d19-e6226200eab8,"size == ""2""","isEmpty == ""False""","peek_obj_type == ""class java.lang.String""","push == ""none""","pop == ""none""","clear == ""clear""","size_p == ""1""",Yes
1044,1607885830134:2491d2af-2134-420d-a35a-af42f2d7c97a,1607885830134:2d3c6829-b197-48e8-a403-5679478aa76d,"size == ""0""","isEmpty == ""True""","peek_obj_type == ""EmptyObject""","push == ""class java.lang.String""","pop == ""none""","clear == ""none""","size_p == ""0""",Yes
1045,1607885830134:2491d2af-2134-420d-a35a-af42f2d7c97a,1607885830134:2d3c6829-b197-48e8-a403-5679478aa76d,"size == ""0""","isEmpty == ""True""","peek_obj_type == ""EmptyObject""","push == ""none""","pop == ""EmptyObject""","clear == ""none""","size_p == ""0""",No
1047,1607885830133:913f5d07-6c08-4a51-ba4a-e1075188a90e,1607885830133:ec69b551-05d4-4f19-9781-25a6af1d0b40,"size == ""0""","isEmpty == ""True""","peek_obj_type == ""EmptyObject""","push == ""class java.lang.String""","pop == ""none""","clear == ""none""","size_p == ""0""",Yes
1048,1607885830133:913f5d07-6c08-4a51-ba4a-e1075188a90e,1607885830133:ec69b551-05d4-4f19-9781-25a6af1d0b40,"size == ""0""","isEmpty == ""True""","peek_obj_type == ""EmptyObject""","push == ""none""","pop == ""EmptyObject""","clear == ""none""","size_p == ""0""",No
1050,1607885830133:8e9121e8-738d-45e6-9b54-e081243cee6c,1607885830133:de29f704-779b-43af-86bf-be052f362ccc,"size == ""0""","isEmpty == ""True""","peek_obj_type == ""EmptyObject""","push == ""class java.lang.String""","pop == ""none""","clear == ""none""","size_p == ""0""",Yes
1051,1607885830133:8e9121e8-738d-45e6-9b54-e081243cee6c,1607885830133:de29f704-779b-43af-86bf-be052f362ccc,"size == ""0""","isEmpty == ""True""","peek_obj_type == ""EmptyObject""","push == ""none""","pop == ""EmptyObject""","clear == ""none""","size_p == ""0""",No
1053,1607885830133:8e9121e8-738d-45e6-9b54-e081243cee6c,1607885830133:63f46695-dc62-4bc6-a70d-f64173d1eb3f,"size == ""1""","isEmpty == ""False""","peek_obj_type == ""class java.lang.String""","push == ""none""","pop == ""none""","clear == ""clear""","size_p == ""0""",Yes
1054,1607885830133:8e9121e8-738d-45e6-9b54-e081243cee6c,1607885830133:63f46695-dc62-4bc6-a70d-f64173d1eb3f,"size == ""1""","isEmpty == ""False""","peek_obj_type == ""class java.lang.String""","push == ""class java.lang.String""","pop == ""none""","clear == ""none""","size_p == ""1""",Yes
1055,1607885830133:8e9121e8-738d-45e6-9b54-e081243cee6c,1607885830133:63f46695-dc62-4bc6-a70d-f64173d1eb3f,"size == ""2""","isEmpty == ""False""","peek_obj_type == ""class java.lang.String""","push == ""none""","pop == ""none""","clear == ""clear""","size_p == ""1""",Yes
1056,1607885830133:8e9121e8-738d-45e6-9b54-e081243cee6c,1607885830133:63f46695-dc62-4bc6-a70d-f64173d1eb3f,"size == ""3""","isEmpty == ""False""","peek_obj_type == ""class java.lang.String""","push == ""none""","pop == ""none""","clear == ""clear""","size_p == ""2""",Yes
1057,1607885830133:8e9121e8-738d-45e6-9b54-e081243cee6c,1607885830133:63f46695-dc62-4bc6-a70d-f64173d1eb3f,"size == ""4""","isEmpty == ""False""","peek_obj_type == ""class java.lang.String""","push == ""none""","pop == ""none""","clear == ""clear""","size_p == ""3""",Yes
1059,1607885830133:77b56347-529e-4992-af9f-b0cfe886ab8c,1607885830133:d550c1dc-3fbc-4875-a966-a21ab66cf932,"size == ""0""","isEmpty == ""True""","peek_obj_type == ""EmptyObject""","push == ""class java.lang.String""","pop == ""none""","clear == ""none""","size_p == ""0""",Yes
1060,1607885830133:77b56347-529e-4992-af9f-b0cfe886ab8c,1607885830133:d550c1dc-3fbc-4875-a966-a21ab66cf932,"size == ""0""","isEmpty == ""True""","peek_obj_type == ""EmptyObject""","push == ""none""","pop == ""EmptyObject""","clear == ""none""","size_p == ""0""",No
1062,1607885830133:5b072d03-0235-48cc-9c70-edada20fe7db,1607885830134:c1aa00d3-28a4-44c2-8e92-32e4777f360d,"size == ""0""","isEmpty == ""True""","peek_obj_type == ""EmptyObject""","push == ""class java.lang.String""","pop == ""none""","clear == ""none""","size_p == ""0""",Yes
1063,1607885830133:5b072d03-0235-48cc-9c70-edada20fe7db,1607885830134:c1aa00d3-28a4-44c2-8e92-32e4777f360d,"size == ""0""","isEmpty == ""True""","peek_obj_type == ""EmptyObject""","push == ""none""","pop == ""EmptyObject""","clear == ""none""","size_p == ""0""",No
1065,1607885830133:5b072d03-0235-48cc-9c70-edada20fe7db,1607885830133:b2d585ba-e43b-4b5a-9d5a-e5718dafb9ba,"size == ""1""","isEmpty == ""False""","peek_obj_type == ""class java.lang.String""","push == ""none""","pop == ""none""","clear == ""clear""","size_p == ""0""",Yes
1066,1607885830133:5b072d03-0235-48cc-9c70-edada20fe7db,1607885830133:b2d585ba-e43b-4b5a-9d5a-e5718dafb9ba,"size == ""1""","isEmpty == ""False""","peek_obj_type == ""class java.lang.String""","push == ""class java.lang.String""","pop == ""none""","clear == ""none""","size_p == ""1""",Yes
1067,1607885830133:5b072d03-0235-48cc-9c70-edada20fe7db,1607885830133:b2d585ba-e43b-4b5a-9d5a-e5718dafb9ba,"size == ""2""","isEmpty == ""False""","peek_obj_type == ""class java.lang.String""","push == ""none""","pop == ""none""","clear == ""clear""","size_p == ""1""",Yes
1069,1607885830133:26998c6e-24e3-4b09-a82c-4821cd6a88bc,1607885830133:e9611cc2-ca5a-4759-9666-3b55b8069b0d,"size == ""0""","isEmpty == ""True""","peek_obj_type == ""EmptyObject""","push == ""class java.lang.String""","pop == ""none""","clear == ""none""","size_p == ""0""",Yes
1071,1607885830133:26998c6e-24e3-4b09-a82c-4821cd6a88bc,1607885830133:703c3ddf-db5f-4cb5-924f-e6457224493f,"size == ""0""","isEmpty == ""True""","peek_obj_type == ""EmptyObject""","push == ""class java.lang.String""","pop == ""none""","clear == ""none""","size_p == ""0""",Yes
1072,1607885830133:26998c6e-24e3-4b09-a82c-4821cd6a88bc,1607885830133:703c3ddf-db5f-4cb5-924f-e6457224493f,"size == ""0""","isEmpty == ""True""","peek_obj_type == ""EmptyObject""","push == ""none""","pop == ""EmptyObject""","clear == ""none""","size_p == ""0""",No
1074,1607885830132:476d656d-a7f1-44fb-8f54-70786e228306,1607885830132:c2bcfcf9-d74b-4b50-8165-5441f2d5d40b,"size == ""0""","isEmpty == ""True""","peek_obj_type == ""EmptyObject""","push == ""class java.lang.String""","pop == ""none""","clear == ""none""","size_p == ""0""",Yes
1075,1607885830132:476d656d-a7f1-44fb-8f54-70786e228306,1607885830132:c2bcfcf9-d74b-4b50-8165-5441f2d5d40b,"size == ""0""","isEmpty == ""True""","peek_obj_type == ""EmptyObject""","push == ""none""","pop == ""EmptyObject""","clear == ""none""","size_p == ""0""",No
1077,1607885830132:476d656d-a7f1-44fb-8f54-70786e228306,1607885830132:25f45015-1f56-465a-a3d6-ea19fd062d31,"size == ""1""","isEmpty == ""False""","peek_obj_type == ""class java.lang.String""","push == ""none""","pop == ""none""","clear == ""clear""","size_p == ""0""",Yes
1078,1607885830132:476d656d-a7f1-44fb-8f54-70786e228306,1607885830132:25f45015-1f56-465a-a3d6-ea19fd062d31,"size == ""1""","isEmpty == ""False""","peek_obj_type == ""class java.lang.String""","push == ""class java.lang.String""","pop == ""none""","clear == ""none""","size_p == ""1""",Yes
1079,1607885830132:476d656d-a7f1-44fb-8f54-70786e228306,1607885830132:25f45015-1f56-465a-a3d6-ea19fd062d31,"size == ""2""","isEmpty == ""False""","peek_obj_type == ""class java.lang.String""","push == ""none""","pop == ""none""","clear == ""clear""","size_p == ""1""",Yes
1081,1607885830132:476d656d-a7f1-44fb-8f54-70786e228306,1607885830132:0ae52ce3-6079-4516-9933-80575ef9a146,"size == ""1""","isEmpty == ""False""","peek_obj_type == ""class java.lang.String""","push == ""none""","pop == ""none""","clear == ""clear""","size_p == ""0""",Yes
1082,1607885830132:476d656d-a7f1-44fb-8f54-70786e228306,1607885830132:0ae52ce3-6079-4516-9933-80575ef9a146,"size == ""1""","isEmpty == ""False""","peek_obj_type == ""class java.lang.String""","push == ""class java.lang.String""","pop == ""none""","clear == ""none""","size_p == ""1""",Yes
1083,1607885830132:476d656d-a7f1-44fb-8f54-70786e228306,1607885830132:0ae52ce3-6079-4516-9933-80575ef9a146,"size == ""2""","isEmpty == ""False""","peek_obj_type == ""class java.lang.String""","push == ""none""","pop == ""none""","clear == ""clear""","size_p == ""1""",Yes
1084,1607885830132:476d656d-a7f1-44fb-8f54-70786e228306,1607885830132:0ae52ce3-6079-4516-9933-80575ef9a146,"size == ""3""","isEmpty == ""False""","peek_obj_type == ""class java.lang.String""","push == ""none""","pop == ""none""","clear == ""clear""","size_p == ""2""",Yes
1085,1607885830132:476d656d-a7f1-44fb-8f54-70786e228306,1607885830132:0ae52ce3-6079-4516-9933-80575ef9a146,"size == ""4""","isEmpty == ""False""","peek_obj_type == ""class java.lang.String""","push == ""none""","pop == ""none""","clear == ""clear""","size_p == ""3""",Yes
1087,1607885830132:29b36392-1072-4824-b76a-88b45056f108,1607885830132:39f13057-cdb8-49ec-a53b-092635255525,"size == ""0""","isEmpty == ""True""","peek_obj_type == ""EmptyObject""","push == ""class java.lang.String""","pop == ""none""","clear == ""none""","size_p == ""0""",Yes
1088,1607885830132:29b36392-1072-4824-b76a-88b45056f108,1607885830132:39f13057-cdb8-49ec-a53b-092635255525,"size == ""0""","isEmpty == ""True""","peek_obj_type == ""EmptyObject""","push == ""none""","pop == ""EmptyObject""","clear == ""none""","size_p == ""0""",No
1090,1607885830132:256aa3c6-1574-48e9-a6d6-ddebe9c90bd6,1607885830132:ea2fe380-cd68-4af6-87e3-bd084c79fe28,"size == ""0""","isEmpty == ""True""","peek_obj_type == ""EmptyObject""","push == ""class java.lang.String""","pop == ""none""","clear == ""none""","size_p == ""0""",Yes
1091,1607885830132:256aa3c6-1574-48e9-a6d6-ddebe9c90bd6,1607885830132:ea2fe380-cd68-4af6-87e3-bd084c79fe28,"size == ""0""","isEmpty == ""True""","peek_obj_type == ""EmptyObject""","push == ""none""","pop == ""EmptyObject""","clear == ""none""","size_p == ""0""",No
1093,1607885830132:256aa3c6-1574-48e9-a6d6-ddebe9c90bd6,1607885830132:0f52ed4d-ccf1-4ecd-83e3-cfc3d6cab1f2,"size == ""0""","isEmpty == ""True""","peek_obj_type == ""EmptyObject""","push == ""class java.lang.String""","pop == ""none""","clear == ""none""","size_p == ""0""",Yes
1094,1607885830132:256aa3c6-1574-48e9-a6d6-ddebe9c90bd6,1607885830132:0f52ed4d-ccf1-4ecd-83e3-cfc3d6cab1f2,"size == ""0""","isEmpty == ""True""","peek_obj_type == ""EmptyObject""","push == ""class java.lang.String""","pop == ""none""","clear == ""none""","size_p == ""0""",Yes
1096,1607885830132:0e2e0a32-1de2-47f0-a5fd-0b914fa62cf9,1607885830132:141ea7a0-8c18-48a7-932a-172612922bf4,"size == ""0""","isEmpty == ""True""","peek_obj_type == ""EmptyObject""","push == ""class java.lang.String""","pop == ""none""","clear == ""none""","size_p == ""0""",Yes
1097,1607885830132:0e2e0a32-1de2-47f0-a5fd-0b914fa62cf9,1607885830132:141ea7a0-8c18-48a7-932a-172612922bf4,"size == ""0""","isEmpty == ""True""","peek_obj_type == ""EmptyObject""","push == ""class java.lang.String""","pop == ""none""","clear == ""none""","size_p == ""0""",Yes
1098,1607885830132:0e2e0a32-1de2-47f0-a5fd-0b914fa62cf9,1607885830132:141ea7a0-8c18-48a7-932a-172612922bf4,"size == ""0""","isEmpty == ""True""","peek_obj_type == ""EmptyObject""","push == ""class java.lang.String""","pop == ""none""","clear == ""none""","size_p == ""0""",Yes
1099,1607885830132:0e2e0a32-1de2-47f0-a5fd-0b914fa62cf9,1607885830132:141ea7a0-8c18-48a7-932a-172612922bf4,"size == ""0""","isEmpty == ""True""","peek_obj_type == ""EmptyObject""","push == ""none""","pop == ""EmptyObject""","clear == ""none""","size_p == ""0""",Yes
1101,1607885830131:aa04e43b-567a-4ffb-a786-fa3fff6568fb,1607885830131:77103389-0ec2-40ae-b9c8-c8c14179127d,"size == ""0""","isEmpty == ""True""","peek_obj_type == ""EmptyObject""","push == ""class java.lang.String""","pop == ""none""","clear == ""none""","size_p == ""0""",Yes
1102,1607885830131:aa04e43b-567a-4ffb-a786-fa3fff6568fb,1607885830131:77103389-0ec2-40ae-b9c8-c8c14179127d,"size == ""0""","isEmpty == ""True""","peek_obj_type == ""EmptyObject""","push == ""none""","pop == ""EmptyObject""","clear == ""none""","size_p == ""0""",No
1104,1607885830131:a847a6e2-fab4-456a-bbcd-8df13311ac1f,1607885830131:bf520049-b37a-4626-ac3c-64ba072e1441,"size == ""0""","isEmpty == ""True""","peek_obj_type == ""EmptyObject""","push == ""class java.lang.String""","pop == ""none""","clear == ""none""","size_p == ""0""",Yes
1105,1607885830131:a847a6e2-fab4-456a-bbcd-8df13311ac1f,1607885830131:bf520049-b37a-4626-ac3c-64ba072e1441,"size == ""0""","isEmpty == ""True""","peek_obj_type == ""EmptyObject""","push == ""none""","pop == ""EmptyObject""","clear == ""none""","size_p == ""0""",No
1107,1607885830131:a847a6e2-fab4-456a-bbcd-8df13311ac1f,1607885830131:6219c3e6-dc26-456e-b370-f848f12cd145,"size == ""0""","isEmpty == ""True""","peek_obj_type == ""EmptyObject""","push == ""class java.lang.String""","pop == ""none""","clear == ""none""","size_p == ""0""",Yes
1110,1607885830131:4550ad77-c2c5-411e-891e-6d765cc40cf7,1607885830131:603b78ee-cb05-493b-aa9a-e01ae54daeee,"size == ""0""","isEmpty == ""True""","peek_obj_type == ""EmptyObject""","push == ""class java.lang.String""","pop == ""none""","clear == ""none""","size_p == ""0""",Yes
1111,1607885830131:4550ad77-c2c5-411e-891e-6d765cc40cf7,1607885830131:603b78ee-cb05-493b-aa9a-e01ae54daeee,"size == ""0""","isEmpty == ""True""","peek_obj_type == ""EmptyObject""","push == ""none""","pop == ""EmptyObject""","clear == ""none""","size_p == ""0""",No
1113,1607885830131:3ac6b2c3-366a-4d2a-af78-d2d00f84c074,1607885830131:36eb985f-1a80-49c1-ade4-0b9da12c10dc,"size == ""0""","isEmpty == ""True""","peek_obj_type == ""EmptyObject""","push == ""class java.lang.String""","pop == ""none""","clear == ""none""","size_p == ""0""",Yes
1114,1607885830131:3ac6b2c3-366a-4d2a-af78-d2d00f84c074,1607885830131:36eb985f-1a80-49c1-ade4-0b9da12c10dc,"size == ""0""","isEmpty == ""True""","peek_obj_type == ""EmptyObject""","push == ""none""","pop == ""EmptyObject""","clear == ""none""","size_p == ""0""",No
1116,1607885830131:2a28870c-8cf7-4ec9-be0f-695fc65d463a,1607885830132:2d216ecf-0c37-49f2-9777-b08946b0c570,"size == ""0""","isEmpty == ""True""","peek_obj_type == ""EmptyObject""","push == ""class java.lang.String""","pop == ""none""","clear == ""none""","size_p == ""0""",Yes
1117,1607885830131:2a28870c-8cf7-4ec9-be0f-695fc65d463a,1607885830132:2d216ecf-0c37-49f2-9777-b08946b0c570,"size == ""0""","isEmpty == ""True""","peek_obj_type == ""EmptyObject""","push == ""none""","pop == ""EmptyObject""","clear == ""none""","size_p == ""0""",No
1119,1607885830131:2a28870c-8cf7-4ec9-be0f-695fc65d463a,1607885830131:96693889-d2ba-44b5-b804-14d8b1574745,"size == ""1""","isEmpty == ""False""","peek_obj_type == ""class java.lang.String""","push == ""none""","pop == ""none""","clear == ""clear""","size_p == ""0""",Yes
1120,1607885830131:2a28870c-8cf7-4ec9-be0f-695fc65d463a,1607885830131:96693889-d2ba-44b5-b804-14d8b1574745,"size == ""1""","isEmpty == ""False""","peek_obj_type == ""class java.lang.String""","push == ""class java.lang.String""","pop == ""none""","clear == ""none""","size_p == ""1""",Yes
1121,1607885830131:2a28870c-8cf7-4ec9-be0f-695fc65d463a,1607885830131:96693889-d2ba-44b5-b804-14d8b1574745,"size == ""0""","isEmpty == ""True""","peek_obj_type == ""EmptyObject""","push == ""none""","pop == ""EmptyObject""","clear == ""none""","size_p == ""1""",No
1122,1607885830131:2a28870c-8cf7-4ec9-be0f-695fc65d463a,1607885830131:96693889-d2ba-44b5-b804-14d8b1574745,"size == ""1""","isEmpty == ""False""","peek_obj_type == ""class java.lang.String""","push == ""none""","pop == ""none""","clear == ""clear""","size_p == ""0""",Yes
1123,1607885830131:2a28870c-8cf7-4ec9-be0f-695fc65d463a,1607885830131:96693889-d2ba-44b5-b804-14d8b1574745,"size == ""2""","isEmpty == ""False""","peek_obj_type == ""class java.lang.String""","push == ""none""","pop == ""none""","clear == ""clear""","size_p == ""1""",Yes
1125,1607885830131:16ae7303-06f4-41d7-8bbf-39b4dbb1f714,1607885830131:28e49135-a4e3-4559-b46f-cb5b714c75ca,"size == ""0""","isEmpty == ""True""","peek_obj_type == ""EmptyObject""","push == ""class java.lang.String""","pop == ""none""","clear == ""none""","size_p == ""0""",Yes
1126,1607885830131:16ae7303-06f4-41d7-8bbf-39b4dbb1f714,1607885830131:28e49135-a4e3-4559-b46f-cb5b714c75ca,"size == ""0""","isEmpty == ""True""","peek_obj_type == ""EmptyObject""","push == ""none""","pop == ""EmptyObject""","clear == ""none""","size_p == ""0""",No
1128,1607885830130:df5eb2c8-e6fc-49ed-9894-296d77d5f40f,1607885830130:268ff91d-56bd-4966-8239-22742d610610,"size == ""0""","isEmpty == ""True""","peek_obj_type == ""EmptyObject""","push == ""class java.lang.String""","pop == ""none""","clear == ""none""","size_p == ""0""",Yes
1129,1607885830130:df5eb2c8-e6fc-49ed-9894-296d77d5f40f,1607885830130:268ff91d-56bd-4966-8239-22742d610610,"size == ""0""","isEmpty == ""True""","peek_obj_type == ""EmptyObject""","push == ""none""","pop == ""EmptyObject""","clear == ""none""","size_p == ""0""",No
1131,1607885830130:da069b65-3233-431c-9b74-163f6ec142ff,1607885830130:896b174a-c389-4ac8-9f48-ba4231e5cf9b,"size == ""0""","isEmpty == ""True""","peek_obj_type == ""EmptyObject""","push == ""class java.lang.String""","pop == ""none""","clear == ""none""","size_p == ""0""",Yes
1132,1607885830130:da069b65-3233-431c-9b74-163f6ec142ff,1607885830130:896b174a-c389-4ac8-9f48-ba4231e5cf9b,"size == ""0""","isEmpty == ""True""","peek_obj_type == ""EmptyObject""","push == ""none""","pop == ""EmptyObject""","clear == ""none""","size_p == ""0""",No
1134,1607885830130:7661dff0-7fb4-4610-984c-4c8f23a2b27b,1607885830130:d3fbc59b-dc6d-4ac2-89ce-a68a2ac8837a,"size == ""1""","isEmpty == ""False""","peek_obj_type == ""class java.lang.String""","push == ""none""","pop == ""none""","clear == ""clear""","size_p == ""0""",Yes
1135,1607885830130:7661dff0-7fb4-4610-984c-4c8f23a2b27b,1607885830130:d3fbc59b-dc6d-4ac2-89ce-a68a2ac8837a,"size == ""1""","isEmpty == ""False""","peek_obj_type == ""class java.lang.String""","push == ""class java.lang.String""","pop == ""none""","clear == ""none""","size_p == ""1""",Yes
1136,1607885830130:7661dff0-7fb4-4610-984c-4c8f23a2b27b,1607885830130:d3fbc59b-dc6d-4ac2-89ce-a68a2ac8837a,"size == ""2""","isEmpty == ""False""","peek_obj_type == ""class java.lang.String""","push == ""none""","pop == ""none""","clear == ""clear""","size_p == ""1""",Yes
1137,1607885830130:7661dff0-7fb4-4610-984c-4c8f23a2b27b,1607885830130:d3fbc59b-dc6d-4ac2-89ce-a68a2ac8837a,"size == ""3""","isEmpty == ""False""","peek_obj_type == ""class java.lang.String""","push == ""none""","pop == ""none""","clear == ""clear""","size_p == ""2""",Yes
1138,1607885830130:7661dff0-7fb4-4610-984c-4c8f23a2b27b,1607885830130:d3fbc59b-dc6d-4ac2-89ce-a68a2ac8837a,"size == ""4""","isEmpty == ""False""","peek_obj_type == ""class java.lang.String""","push == ""none""","pop == ""none""","clear == ""clear""","size_p == ""3""",Yes
1140,1607885830130:7661dff0-7fb4-4610-984c-4c8f23a2b27b,1607885830130:849eac4a-1b3c-476e-834c-3eeaa8d5e599,"size == ""0""","isEmpty == ""True""","peek_obj_type == ""EmptyObject""","push == ""class java.lang.String""","pop == ""none""","clear == ""none""","size_p == ""0""",Yes
1141,1607885830130:7661dff0-7fb4-4610-984c-4c8f23a2b27b,1607885830130:849eac4a-1b3c-476e-834c-3eeaa8d5e599,"size == ""0""","isEmpty == ""True""","peek_obj_type == ""EmptyObject""","push == ""none""","pop == ""EmptyObject""","clear == ""none""","size_p == ""0""",No
1143,1607885830130:027207dc-95d0-4076-859e-9777ac6f4b6d,1607885830130:596115d0-781b-414a-b01a-cbe0eb208f07,"size == ""0""","isEmpty == ""True""","peek_obj_type == ""EmptyObject""","push == ""class java.lang.String""","pop == ""none""","clear == ""none""","size_p == ""0""",Yes
1145,1607885830130:027207dc-95d0-4076-859e-9777ac6f4b6d,1607885830130:27caa37e-72dd-46c6-b513-02efae82a3f3,"size == ""0""","isEmpty == ""True""","peek_obj_type == ""EmptyObject""","push == ""class java.lang.String""","pop == ""none""","clear == ""none""","size_p == ""0""",Yes
1146,1607885830130:027207dc-95d0-4076-859e-9777ac6f4b6d,1607885830130:27caa37e-72dd-46c6-b513-02efae82a3f3,"size == ""0""","isEmpty == ""True""","peek_obj_type == ""EmptyObject""","push == ""none""","pop == ""EmptyObject""","clear == ""none""","size_p == ""0""",No
1148,1607885830129:f0faecd9-a0c1-46be-8e25-ad0e6d41f37c,1607885830130:ff830bf0-9ed2-46c0-880a-fb461df4a617,"size == ""0""","isEmpty == ""True""","peek_obj_type == ""EmptyObject""","push == ""class java.lang.String""","pop == ""none""","clear == ""none""","size_p == ""0""",Yes
1149,1607885830129:f0faecd9-a0c1-46be-8e25-ad0e6d41f37c,1607885830130:ff830bf0-9ed2-46c0-880a-fb461df4a617,"size == ""0""","isEmpty == ""True""","peek_obj_type == ""EmptyObject""","push == ""none""","pop == ""EmptyObject""","clear == ""none""","size_p == ""0""",No
1151,1607885830129:f0faecd9-a0c1-46be-8e25-ad0e6d41f37c,1607885830129:a1f2268a-e651-4689-8a1e-53b75ab1ac3a,"size == ""1""","isEmpty == ""False""","peek_obj_type == ""class java.lang.String""","push == ""none""","pop == ""none""","clear == ""clear""","size_p == ""0""",Yes
1152,1607885830129:f0faecd9-a0c1-46be-8e25-ad0e6d41f37c,1607885830129:a1f2268a-e651-4689-8a1e-53b75ab1ac3a,"size == ""1""","isEmpty == ""False""","peek_obj_type == ""class java.lang.String""","push == ""class java.lang.String""","pop == ""none""","clear == ""none""","size_p == ""1""",Yes
1153,1607885830129:f0faecd9-a0c1-46be-8e25-ad0e6d41f37c,1607885830129:a1f2268a-e651-4689-8a1e-53b75ab1ac3a,"size == ""0""","isEmpty == ""True""","peek_obj_type == ""EmptyObject""","push == ""none""","pop == ""EmptyObject""","clear == ""none""","size_p == ""1""",No
1154,1607885830129:f0faecd9-a0c1-46be-8e25-ad0e6d41f37c,1607885830129:a1f2268a-e651-4689-8a1e-53b75ab1ac3a,"size == ""1""","isEmpty == ""False""","peek_obj_type == ""class java.lang.String""","push == ""none""","pop == ""none""","clear == ""clear""","size_p == ""0""",Yes
1156,1607885830129:7be974fd-0cf9-4942-a3c2-72e919652478,1607885830129:b84f2b3e-7c01-4596-a0d9-c0b6a805973c,"size == ""0""","isEmpty == ""True""","peek_obj_type == ""EmptyObject""","push == ""class java.lang.String""","pop == ""none""","clear == ""none""","size_p == ""0""",Yes
1157,1607885830129:7be974fd-0cf9-4942-a3c2-72e919652478,1607885830129:b84f2b3e-7c01-4596-a0d9-c0b6a805973c,"size == ""0""","isEmpty == ""True""","peek_obj_type == ""EmptyObject""","push == ""none""","pop == ""EmptyObject""","clear == ""none""","size_p == ""0""",No
1159,1607885830129:63a85b83-05bd-47f1-9631-7e36c2686a22,1607885830129:bb0bc294-a0fa-482a-82ac-299d71d615e4,"size == ""0""","isEmpty == ""True""","peek_obj_type == ""EmptyObject""","push == ""class java.lang.String""","pop == ""none""","clear == ""none""","size_p == ""0""",Yes
1160,1607885830129:63a85b83-05bd-47f1-9631-7e36c2686a22,1607885830129:bb0bc294-a0fa-482a-82ac-299d71d615e4,"size == ""0""","isEmpty == ""True""","peek_obj_type == ""EmptyObject""","push == ""none""","pop == ""EmptyObject""","clear == ""none""","size_p == ""0""",No
1162,1607885830129:63a85b83-05bd-47f1-9631-7e36c2686a22,1607885830129:8a59e163-b188-49c6-b688-6980f6857fd5,"size == ""0""","isEmpty == ""True""","peek_obj_type == ""EmptyObject""","push == ""class java.lang.String""","pop == ""none""","clear == ""none""","size_p == ""0""",Yes
1163,1607885830129:63a85b83-05bd-47f1-9631-7e36c2686a22,1607885830129:8a59e163-b188-49c6-b688-6980f6857fd5,"size == ""0""","isEmpty == ""True""","peek_obj_type == ""EmptyObject""","push == ""class java.lang.String""","pop == ""none""","clear == ""none""","size_p == ""0""",Yes
1165,1607885830129:5d80938d-eb77-448c-ae10-b698f8d08479,1607885830129:b61d6e46-c65a-409b-b514-3091e7eb3b93,"size == ""0""","isEmpty == ""True""","peek_obj_type == ""EmptyObject""","push == ""class java.lang.String""","pop == ""none""","clear == ""none""","size_p == ""0""",Yes
1166,1607885830129:5d80938d-eb77-448c-ae10-b698f8d08479,1607885830129:b61d6e46-c65a-409b-b514-3091e7eb3b93,"size == ""0""","isEmpty == ""True""","peek_obj_type == ""EmptyObject""","push == ""none""","pop == ""EmptyObject""","clear == ""none""","size_p == ""0""",No
1168,1607885830129:21efb6ec-4098-4dcb-a1b4-275363b610c1,1607885830129:98c5e4d8-5da1-4663-af42-eb392973d0d6,"size == ""0""","isEmpty == ""True""","peek_obj_type == ""EmptyObject""","push == ""class java.lang.String""","pop == ""none""","clear == ""none""","size_p == ""0""",Yes
1169,1607885830129:21efb6ec-4098-4dcb-a1b4-275363b610c1,1607885830129:98c5e4d8-5da1-4663-af42-eb392973d0d6,"size == ""0""","isEmpty == ""True""","peek_obj_type == ""EmptyObject""","push == ""none""","pop == ""EmptyObject""","clear == ""none""","size_p == ""0""",No
1171,1607885830129:21efb6ec-4098-4dcb-a1b4-275363b610c1,1607885830129:89da2ca8-f2e7-4a18-9f87-a537900c59e0,"size == ""1""","isEmpty == ""False""","peek_obj_type == ""class java.lang.String""","push == ""none""","pop == ""none""","clear == ""clear""","size_p == ""0""",Yes
1172,1607885830129:21efb6ec-4098-4dcb-a1b4-275363b610c1,1607885830129:89da2ca8-f2e7-4a18-9f87-a537900c59e0,"size == ""1""","isEmpty == ""False""","peek_obj_type == ""class java.lang.String""","push == ""class java.lang.String""","pop == ""none""","clear == ""none""","size_p == ""1""",Yes
1173,1607885830129:21efb6ec-4098-4dcb-a1b4-275363b610c1,1607885830129:89da2ca8-f2e7-4a18-9f87-a537900c59e0,"size == ""2""","isEmpty == ""False""","peek_obj_type == ""class java.lang.String""","push == ""none""","pop == ""none""","clear == ""clear""","size_p == ""1""",Yes
1174,1607885830129:21efb6ec-4098-4dcb-a1b4-275363b610c1,1607885830129:89da2ca8-f2e7-4a18-9f87-a537900c59e0,"size == ""3""","isEmpty == ""False""","peek_obj_type == ""class java.lang.String""","push == ""none""","pop == ""none""","clear == ""clear""","size_p == ""2""",Yes
1175,1607885830129:21efb6ec-4098-4dcb-a1b4-275363b610c1,1607885830129:89da2ca8-f2e7-4a18-9f87-a537900c59e0,"size == ""4""","isEmpty == ""False""","peek_obj_type == ""class java.lang.String""","push == ""none""","pop == ""none""","clear == ""clear""","size_p == ""3""",Yes
1176,1607885830129:21efb6ec-4098-4dcb-a1b4-275363b610c1,1607885830129:89da2ca8-f2e7-4a18-9f87-a537900c59e0,"size == ""5""","isEmpty == ""False""","peek_obj_type == ""class java.lang.String""","push == ""none""","pop == ""none""","clear == ""clear""","size_p == ""4""",Yes
1178,1607885830129:21efb6ec-4098-4dcb-a1b4-275363b610c1,1607885830129:5aeb81f6-e19c-426a-a84d-8f6358bcaa66,"size == ""0""","isEmpty == ""True""","peek_obj_type == ""EmptyObject""","push == ""class java.lang.String""","pop == ""none""","clear == ""none""","size_p == ""0""",Yes
1181,1607885830128:d9c639a6-5128-44ae-9e8a-3c92ea0f7dee,1607885830128:a1923837-c2b7-439d-b84b-725fcc9f7aa7,"size == ""0""","isEmpty == ""True""","peek_obj_type == ""EmptyObject""","push == ""class java.lang.String""","pop == ""none""","clear == ""none""","size_p == ""0""",Yes
1182,1607885830128:d9c639a6-5128-44ae-9e8a-3c92ea0f7dee,1607885830128:a1923837-c2b7-439d-b84b-725fcc9f7aa7,"size == ""0""","isEmpty == ""True""","peek_obj_type == ""EmptyObject""","push == ""none""","pop == ""EmptyObject""","clear == ""none""","size_p == ""0""",No
1184,1607885830128:d9c639a6-5128-44ae-9e8a-3c92ea0f7dee,1607885830128:2875ae0e-e9e8-4d3d-a3a6-d2cf2557ac4b,"size == ""1""","isEmpty == ""False""","peek_obj_type == ""class java.lang.String""","push == ""none""","pop == ""none""","clear == ""clear""","size_p == ""0""",Yes
1185,1607885830128:d9c639a6-5128-44ae-9e8a-3c92ea0f7dee,1607885830128:2875ae0e-e9e8-4d3d-a3a6-d2cf2557ac4b,"size == ""1""","isEmpty == ""False""","peek_obj_type == ""class java.lang.String""","push == ""class java.lang.String""","pop == ""none""","clear == ""none""","size_p == ""1""",Yes
1186,1607885830128:d9c639a6-5128-44ae-9e8a-3c92ea0f7dee,1607885830128:2875ae0e-e9e8-4d3d-a3a6-d2cf2557ac4b,"size == ""2""","isEmpty == ""False""","peek_obj_type == ""class java.lang.String""","push == ""none""","pop == ""none""","clear == ""clear""","size_p == ""1""",Yes
1187,1607885830128:d9c639a6-5128-44ae-9e8a-3c92ea0f7dee,1607885830128:2875ae0e-e9e8-4d3d-a3a6-d2cf2557ac4b,"size == ""3""","isEmpty == ""False""","peek_obj_type == ""class java.lang.String""","push == ""none""","pop == ""none""","clear == ""clear""","size_p == ""2""",Yes
1188,1607885830128:d9c639a6-5128-44ae-9e8a-3c92ea0f7dee,1607885830128:2875ae0e-e9e8-4d3d-a3a6-d2cf2557ac4b,"size == ""4""","isEmpty == ""False""","peek_obj_type == ""class java.lang.String""","push == ""none""","pop == ""none""","clear == ""clear""","size_p == ""3""",Yes
1190,1607885830128:d60dcf28-785f-419f-98f1-2720a8e82996,1607885830128:457bf10e-e433-4ad9-9628-f1514546e486,"size == ""0""","isEmpty == ""True""","peek_obj_type == ""EmptyObject""","push == ""class java.lang.String""","pop == ""none""","clear == ""none""","size_p == ""0""",Yes
1191,1607885830128:d60dcf28-785f-419f-98f1-2720a8e82996,1607885830128:457bf10e-e433-4ad9-9628-f1514546e486,"size == ""0""","isEmpty == ""True""","peek_obj_type == ""EmptyObject""","push == ""none""","pop == ""EmptyObject""","clear == ""none""","size_p == ""0""",No
1193,1607885830128:5da49c52-ee4f-4ae4-a52f-21c55094798f,1607885830128:7ee74f48-87cf-49ec-b667-abd4bf2a1034,"size == ""0""","isEmpty == ""True""","peek_obj_type == ""EmptyObject""","push == ""class java.lang.String""","pop == ""none""","clear == ""none""","size_p == ""0""",Yes
1194,1607885830128:5da49c52-ee4f-4ae4-a52f-21c55094798f,1607885830128:7ee74f48-87cf-49ec-b667-abd4bf2a1034,"size == ""0""","isEmpty == ""True""","peek_obj_type == ""EmptyObject""","push == ""class java.lang.String""","pop == ""none""","clear == ""none""","size_p == ""0""",Yes
1195,1607885830128:5da49c52-ee4f-4ae4-a52f-21c55094798f,1607885830128:7ee74f48-87cf-49ec-b667-abd4bf2a1034,"size == ""1""","isEmpty == ""False""","peek_obj_type == ""class java.lang.String""","push == ""none""","pop == ""none""","clear == ""clear""","size_p == ""0""",Yes
1196,1607885830128:5da49c52-ee4f-4ae4-a52f-21c55094798f,1607885830128:7ee74f48-87cf-49ec-b667-abd4bf2a1034,"size == ""0""","isEmpty == ""True""","peek_obj_type == ""EmptyObject""","push == ""none""","pop == ""EmptyObject""","clear == ""none""","size_p == ""1""",No
1198,1607885830128:4a157511-f2e6-4f15-a017-d2a2a98a9a2f,1607885830128:5ed773eb-cbde-4ea3-9ef5-2692e73f4aa4,"size == ""0""","isEmpty == ""True""","peek_obj_type == ""EmptyObject""","push == ""class java.lang.String""","pop == ""none""","clear == ""none""","size_p == ""0""",Yes
1199,1607885830128:4a157511-f2e6-4f15-a017-d2a2a98a9a2f,1607885830128:5ed773eb-cbde-4ea3-9ef5-2692e73f4aa4,"size == ""0""","isEmpty == ""True""","peek_obj_type == ""EmptyObject""","push == ""none""","pop == ""EmptyObject""","clear == ""none""","size_p == ""0""",No
1201,1607885830128:0a284947-01b7-4dce-b4a8-05c62500652e,1607885830128:9a58f27a-9114-4e20-8c4e-6325c6f92fa8,"size == ""0""","isEmpty == ""True""","peek_obj_type == ""EmptyObject""","push == ""class java.lang.String""","pop == ""none""","clear == ""none""","size_p == ""0""",Yes
1204,1607885830128:0a284947-01b7-4dce-b4a8-05c62500652e,1607885830128:3f07b941-b434-4f60-9579-60cfe3eb9c18,"size == ""0""","isEmpty == ""True""","peek_obj_type == ""EmptyObject""","push == ""class java.lang.String""","pop == ""none""","clear == ""none""","size_p == ""0""",Yes
1205,1607885830128:0a284947-01b7-4dce-b4a8-05c62500652e,1607885830128:3f07b941-b434-4f60-9579-60cfe3eb9c18,"size == ""0""","isEmpty == ""True""","peek_obj_type == ""EmptyObject""","push == ""none""","pop == ""EmptyObject""","clear == ""none""","size_p == ""0""",No
1207,1607885830127:dab11363-6190-48e5-a742-19ed40b1f75c,1607885830127:deec8053-1470-4384-a5e6-7950dba33c99,"size == ""0""","isEmpty == ""True""","peek_obj_type == ""EmptyObject""","push == ""class java.lang.String""","pop == ""none""","clear == ""none""","size_p == ""0""",Yes
1208,1607885830127:dab11363-6190-48e5-a742-19ed40b1f75c,1607885830127:deec8053-1470-4384-a5e6-7950dba33c99,"size == ""0""","isEmpty == ""True""","peek_obj_type == ""EmptyObject""","push == ""none""","pop == ""EmptyObject""","clear == ""none""","size_p == ""0""",No
1210,1607885830127:dab11363-6190-48e5-a742-19ed40b1f75c,1607885830127:bcd2ac24-c471-4ff2-9d92-97c30db6818b,"size == ""1""","isEmpty == ""False""","peek_obj_type == ""class java.lang.String""","push == ""none""","pop == ""none""","clear == ""clear""","size_p == ""0""",Yes
1211,1607885830127:dab11363-6190-48e5-a742-19ed40b1f75c,1607885830127:bcd2ac24-c471-4ff2-9d92-97c30db6818b,"size == ""1""","isEmpty == ""False""","peek_obj_type == ""class java.lang.String""","push == ""class java.lang.String""","pop == ""none""","clear == ""none""","size_p == ""1""",Yes
1212,1607885830127:dab11363-6190-48e5-a742-19ed40b1f75c,1607885830127:bcd2ac24-c471-4ff2-9d92-97c30db6818b,"size == ""0""","isEmpty == ""True""","peek_obj_type == ""EmptyObject""","push == ""none""","pop == ""EmptyObject""","clear == ""none""","size_p == ""1""",No
1213,1607885830127:dab11363-6190-48e5-a742-19ed40b1f75c,1607885830127:bcd2ac24-c471-4ff2-9d92-97c30db6818b,"size == ""1""","isEmpty == ""False""","peek_obj_type == ""class java.lang.String""","push == ""none""","pop == ""none""","clear == ""clear""","size_p == ""0""",Yes
1215,1607885830127:b6670640-9092-4a23-9840-8653db034ade,1607885830127:c922fae8-de59-4bba-9a70-e9d98c86b3c2,"size == ""0""","isEmpty == ""True""","peek_obj_type == ""EmptyObject""","push == ""class java.lang.String""","pop == ""none""","clear == ""none""","size_p == ""0""",Yes
1216,1607885830127:b6670640-9092-4a23-9840-8653db034ade,1607885830127:c922fae8-de59-4bba-9a70-e9d98c86b3c2,"size == ""0""","isEmpty == ""True""","peek_obj_type == ""EmptyObject""","push == ""none""","pop == ""EmptyObject""","clear == ""none""","size_p == ""0""",No
1218,1607885830127:b6670640-9092-4a23-9840-8653db034ade,1607885830127:80389da1-58aa-4d90-b8cd-004263710f7e,"size == ""1""","isEmpty == ""False""","peek_obj_type == ""class java.lang.String""","push == ""none""","pop == ""none""","clear == ""clear""","size_p == ""0""",Yes
1219,1607885830127:b6670640-9092-4a23-9840-8653db034ade,1607885830127:80389da1-58aa-4d90-b8cd-004263710f7e,"size == ""1""","isEmpty == ""False""","peek_obj_type == ""class java.lang.String""","push == ""class java.lang.String""","pop == ""none""","clear == ""none""","size_p == ""1""",Yes
1220,1607885830127:b6670640-9092-4a23-9840-8653db034ade,1607885830127:80389da1-58aa-4d90-b8cd-004263710f7e,"size == ""2""","isEmpty == ""False""","peek_obj_type == ""class java.lang.String""","push == ""none""","pop == ""none""","clear == ""clear""","size_p == ""1""",Yes
1221,1607885830127:b6670640-9092-4a23-9840-8653db034ade,1607885830127:80389da1-58aa-4d90-b8cd-004263710f7e,"size == ""3""","isEmpty == ""False""","peek_obj_type == ""class java.lang.String""","push == ""none""","pop == ""none""","clear == ""clear""","size_p == ""2""",Yes
1222,1607885830127:b6670640-9092-4a23-9840-8653db034ade,1607885830127:80389da1-58aa-4d90-b8cd-004263710f7e,"size == ""4""","isEmpty == ""False""","peek_obj_type == ""class java.lang.String""","push == ""none""","pop == ""none""","clear == ""clear""","size_p == ""3""",Yes
1224,1607885830127:8e4f8f3c-a6d4-47b2-a4fa-c2cfa1f24dcd,1607885830127:3e8b9ceb-f997-4415-bfd1-c814bf2e11ec,"size == ""0""","isEmpty == ""True""","peek_obj_type == ""EmptyObject""","push == ""class java.lang.String""","pop == ""none""","clear == ""none""","size_p == ""0""",Yes
1225,1607885830127:8e4f8f3c-a6d4-47b2-a4fa-c2cfa1f24dcd,1607885830127:3e8b9ceb-f997-4415-bfd1-c814bf2e11ec,"size == ""0""","isEmpty == ""True""","peek_obj_type == ""EmptyObject""","push == ""none""","pop == ""EmptyObject""","clear == ""none""","size_p == ""0""",No
1227,1607885830127:8814c0a7-da6c-4fd8-827a-a66c3e32f683,1607885830127:bb7de79a-4b85-4bf3-ba98-edfc58d4a2d3,"size == ""0""","isEmpty == ""True""","peek_obj_type == ""EmptyObject""","push == ""class java.lang.String""","pop == ""none""","clear == ""none""","size_p == ""0""",Yes
1229,1607885830127:8814c0a7-da6c-4fd8-827a-a66c3e32f683,1607885830127:9cc37f53-5e5d-4e01-887c-63c16bb62a62,"size == ""0""","isEmpty == ""True""","peek_obj_type == ""EmptyObject""","push == ""class java.lang.String""","pop == ""none""","clear == ""none""","size_p == ""0""",Yes
1230,1607885830127:8814c0a7-da6c-4fd8-827a-a66c3e32f683,1607885830127:9cc37f53-5e5d-4e01-887c-63c16bb62a62,"size == ""0""","isEmpty == ""True""","peek_obj_type == ""EmptyObject""","push == ""none""","pop == ""EmptyObject""","clear == ""none""","size_p == ""0""",No
1232,1607885830127:28868f20-78e9-4491-ac0b-f474b62d00c0,1607885830127:a5262087-c223-46b7-a6f2-cc61aed5c2fe,"size == ""0""","isEmpty == ""True""","peek_obj_type == ""EmptyObject""","push == ""class java.lang.String""","pop == ""none""","clear == ""none""","size_p == ""0""",Yes
1233,1607885830127:28868f20-78e9-4491-ac0b-f474b62d00c0,1607885830127:a5262087-c223-46b7-a6f2-cc61aed5c2fe,"size == ""0""","isEmpty == ""True""","peek_obj_type == ""EmptyObject""","push == ""none""","pop == ""EmptyObject""","clear == ""none""","size_p == ""0""",No
1235,1607885830126:8c127bb1-c4f3-44df-87d2-c9c58f1cd615,1607885830126:f447ce64-fe05-4061-a130-d1cf36fb0e71,"size == ""0""","isEmpty == ""True""","peek_obj_type == ""EmptyObject""","push == ""class java.lang.String""","pop == ""none""","clear == ""none""","size_p == ""0""",Yes
1236,1607885830126:8c127bb1-c4f3-44df-87d2-c9c58f1cd615,1607885830126:f447ce64-fe05-4061-a130-d1cf36fb0e71,"size == ""0""","isEmpty == ""True""","peek_obj_type == ""EmptyObject""","push == ""none""","pop == ""EmptyObject""","clear == ""none""","size_p == ""0""",No
1238,1607885830126:8c127bb1-c4f3-44df-87d2-c9c58f1cd615,1607885830126:b9ef2853-3215-4190-a365-752b6a9bcc39,"size == ""1""","isEmpty == ""False""","peek_obj_type == ""class java.lang.String""","push == ""none""","pop == ""none""","clear == ""clear""","size_p == ""0""",Yes
1239,1607885830126:8c127bb1-c4f3-44df-87d2-c9c58f1cd615,1607885830126:b9ef2853-3215-4190-a365-752b6a9bcc39,"size == ""1""","isEmpty == ""False""","peek_obj_type == ""class java.lang.String""","push == ""class java.lang.String""","pop == ""none""","clear == ""none""","size_p == ""1""",Yes
1240,1607885830126:8c127bb1-c4f3-44df-87d2-c9c58f1cd615,1607885830126:b9ef2853-3215-4190-a365-752b6a9bcc39,"size == ""2""","isEmpty == ""False""","peek_obj_type == ""class java.lang.String""","push == ""none""","pop == ""none""","clear == ""clear""","size_p == ""1""",Yes
1241,1607885830126:8c127bb1-c4f3-44df-87d2-c9c58f1cd615,1607885830126:b9ef2853-3215-4190-a365-752b6a9bcc39,"size == ""3""","isEmpty == ""False""","peek_obj_type == ""class java.lang.String""","push == ""none""","pop == ""none""","clear == ""clear""","size_p == ""2""",Yes
1242,1607885830126:8c127bb1-c4f3-44df-87d2-c9c58f1cd615,1607885830126:b9ef2853-3215-4190-a365-752b6a9bcc39,"size == ""4""","isEmpty == ""False""","peek_obj_type == ""class java.lang.String""","push == ""none""","pop == ""none""","clear == ""clear""","size_p == ""3""",Yes
1244,1607885830126:73563df3-022d-4782-ae7c-f52c4d9ffa6c,1607885830126:630e4655-62a9-4358-8fd0-3a42b0dc0297,"size == ""0""","isEmpty == ""True""","peek_obj_type == ""EmptyObject""","push == ""class java.lang.String""","pop == ""none""","clear == ""none""","size_p == ""0""",Yes
1245,1607885830126:73563df3-022d-4782-ae7c-f52c4d9ffa6c,1607885830126:630e4655-62a9-4358-8fd0-3a42b0dc0297,"size == ""0""","isEmpty == ""True""","peek_obj_type == ""EmptyObject""","push == ""none""","pop == ""EmptyObject""","clear == ""none""","size_p == ""0""",No
1247,1607885830126:73563df3-022d-4782-ae7c-f52c4d9ffa6c,1607885830126:5a613e2d-758d-4634-9bdb-6dc438311600,"size == ""1""","isEmpty == ""False""","peek_obj_type == ""class java.lang.String""","push == ""none""","pop == ""none""","clear == ""clear""","size_p == ""0""",Yes
1248,1607885830126:73563df3-022d-4782-ae7c-f52c4d9ffa6c,1607885830126:5a613e2d-758d-4634-9bdb-6dc438311600,"size == ""1""","isEmpty == ""False""","peek_obj_type == ""class java.lang.String""","push == ""class java.lang.String""","pop == ""none""","clear == ""none""","size_p == ""1""",Yes
1249,1607885830126:73563df3-022d-4782-ae7c-f52c4d9ffa6c,1607885830126:5a613e2d-758d-4634-9bdb-6dc438311600,"size == ""0""","isEmpty == ""True""","peek_obj_type == ""EmptyObject""","push == ""none""","pop == ""EmptyObject""","clear == ""none""","size_p == ""1""",No
1250,1607885830126:73563df3-022d-4782-ae7c-f52c4d9ffa6c,1607885830126:5a613e2d-758d-4634-9bdb-6dc438311600,"size == ""1""","isEmpty == ""False""","peek_obj_type == ""class java.lang.String""","push == ""none""","pop == ""none""","clear == ""clear""","size_p == ""0""",Yes
1252,1607885830126:266b697d-cb3a-4b5c-9167-4fe46aa631f8,1607885830126:ca942ae4-ce4e-4457-9edf-20ca61d16b8f,"size == ""0""","isEmpty == ""True""","peek_obj_type == ""EmptyObject""","push == ""class java.lang.String""","pop == ""none""","clear == ""none""","size_p == ""0""",Yes
1254,1607885830126:266b697d-cb3a-4b5c-9167-4fe46aa631f8,1607885830126:6a3d9710-d7b3-445b-aece-1463e0aacca7,"size == ""0""","isEmpty == ""True""","peek_obj_type == ""EmptyObject""","push == ""class java.lang.String""","pop == ""none""","clear == ""none""","size_p == ""0""",Yes
1255,1607885830126:266b697d-cb3a-4b5c-9167-4fe46aa631f8,1607885830126:6a3d9710-d7b3-445b-aece-1463e0aacca7,"size == ""0""","isEmpty == ""True""","peek_obj_type == ""EmptyObject""","push == ""class java.lang.String""","pop == ""none""","clear == ""none""","size_p == ""0""",Yes
1256,1607885830126:266b697d-cb3a-4b5c-9167-4fe46aa631f8,1607885830126:6a3d9710-d7b3-445b-aece-1463e0aacca7,"size == ""0""","isEmpty == ""True""","peek_obj_type == ""EmptyObject""","push == ""class java.lang.String""","pop == ""none""","clear == ""none""","size_p == ""0""",Yes
1257,1607885830126:266b697d-cb3a-4b5c-9167-4fe46aa631f8,1607885830126:6a3d9710-d7b3-445b-aece-1463e0aacca7,"size == ""1""","isEmpty == ""False""","peek_obj_type == ""class java.lang.String""","push == ""none""","pop == ""none""","clear == ""clear""","size_p == ""0""",Yes
1259,1607885830126:266b697d-cb3a-4b5c-9167-4fe46aa631f8,1607885830126:332afac8-a7c4-42b6-a997-96e70a0a2e27,"size == ""0""","isEmpty == ""True""","peek_obj_type == ""EmptyObject""","push == ""class java.lang.String""","pop == ""none""","clear == ""none""","size_p == ""0""",Yes
1260,1607885830126:266b697d-cb3a-4b5c-9167-4fe46aa631f8,1607885830126:332afac8-a7c4-42b6-a997-96e70a0a2e27,"size == ""0""","isEmpty == ""True""","peek_obj_type == ""EmptyObject""","push == ""none""","pop == ""EmptyObject""","clear == ""none""","size_p == ""0""",No
1262,1607885830126:12fb02a2-80d2-48e9-8612-ca8d95e42613,1607885830126:5c1e9541-779f-4280-87d8-04000cafcc90,"size == ""0""","isEmpty == ""True""","peek_obj_type == ""EmptyObject""","push == ""class java.lang.String""","pop == ""none""","clear == ""none""","size_p == ""0""",Yes
1263,1607885830126:12fb02a2-80d2-48e9-8612-ca8d95e42613,1607885830126:5c1e9541-779f-4280-87d8-04000cafcc90,"size == ""0""","isEmpty == ""True""","peek_obj_type == ""EmptyObject""","push == ""none""","pop == ""EmptyObject""","clear == ""none""","size_p == ""0""",No
1265,1607885830125:de156817-4672-41c0-a64a-641ec8aaedce,1607885830125:508939ae-d0b7-4f4e-b6a6-5a64b370567e,"size == ""0""","isEmpty == ""True""","peek_obj_type == ""EmptyObject""","push == ""class java.lang.String""","pop == ""none""","clear == ""none""","size_p == ""0""",Yes
1267,1607885830125:de156817-4672-41c0-a64a-641ec8aaedce,1607885830125:4158cea9-2604-4f35-b9b9-b88054c2d3b3,"size == ""0""","isEmpty == ""True""","peek_obj_type == ""EmptyObject""","push == ""class java.lang.String""","pop == ""none""","clear == ""none""","size_p == ""0""",Yes
1268,1607885830125:de156817-4672-41c0-a64a-641ec8aaedce,1607885830125:4158cea9-2604-4f35-b9b9-b88054c2d3b3,"size == ""0""","isEmpty == ""True""","peek_obj_type == ""EmptyObject""","push == ""none""","pop == ""EmptyObject""","clear == ""none""","size_p == ""0""",No
1270,1607885830125:b49c8f53-da1b-4c6e-b4d7-ffbcd887f9b5,1607885830125:9c411ec9-3828-4a41-81b3-ec27764fd850,"size == ""0""","isEmpty == ""True""","peek_obj_type == ""EmptyObject""","push == ""class java.lang.String""","pop == ""none""","clear == ""none""","size_p == ""0""",Yes
1271,1607885830125:b49c8f53-da1b-4c6e-b4d7-ffbcd887f9b5,1607885830125:9c411ec9-3828-4a41-81b3-ec27764fd850,"size == ""0""","isEmpty == ""True""","peek_obj_type == ""EmptyObject""","push == ""none""","pop == ""EmptyObject""","clear == ""none""","size_p == ""0""",No
1273,1607885830125:90f2c2db-8f13-4edb-8fee-7b2d769c17b4,1607885830125:5b5d3cc7-479a-4bb9-bcb0-168078e29eae,"size == ""0""","isEmpty == ""True""","peek_obj_type == ""EmptyObject""","push == ""class java.lang.String""","pop == ""none""","clear == ""none""","size_p == ""0""",Yes
1274,1607885830125:90f2c2db-8f13-4edb-8fee-7b2d769c17b4,1607885830125:5b5d3cc7-479a-4bb9-bcb0-168078e29eae,"size == ""0""","isEmpty == ""True""","peek_obj_type == ""EmptyObject""","push == ""none""","pop == ""EmptyObject""","clear == ""none""","size_p == ""0""",No
1276,1607885830125:459a678e-4b87-44f2-a6ec-e132034037e9,1607885830125:7bb8ae68-a851-4648-8eb2-43bdf49eca4a,"size == ""0""","isEmpty == ""True""","peek_obj_type == ""EmptyObject""","push == ""class java.lang.String""","pop == ""none""","clear == ""none""","size_p == ""0""",Yes
1277,1607885830125:459a678e-4b87-44f2-a6ec-e132034037e9,1607885830125:7bb8ae68-a851-4648-8eb2-43bdf49eca4a,"size == ""0""","isEmpty == ""True""","peek_obj_type == ""EmptyObject""","push == ""none""","pop == ""EmptyObject""","clear == ""none""","size_p == ""0""",No
1279,1607885830125:244ffe0a-385e-4726-9bc2-ad04838efc76,1607885830125:ac5eb856-6702-49a1-a98d-2f311cd318da,"size == ""0""","isEmpty == ""True""","peek_obj_type == ""EmptyObject""","push == ""class java.lang.String""","pop == ""none""","clear == ""none""","size_p == ""0""",Yes
1280,1607885830125:244ffe0a-385e-4726-9bc2-ad04838efc76,1607885830125:ac5eb856-6702-49a1-a98d-2f311cd318da,"size == ""0""","isEmpty == ""True""","peek_obj_type == ""EmptyObject""","push == ""none""","pop == ""EmptyObject""","clear == ""none""","size_p == ""0""",No
1282,1607885830125:244ffe0a-385e-4726-9bc2-ad04838efc76,1607885830125:a7f2332b-70d1-4a63-ae5b-7b22064bd6e2,"size == ""0""","isEmpty == ""True""","peek_obj_type == ""EmptyObject""","push == ""class java.lang.String""","pop == ""none""","clear == ""none""","size_p == ""0""",Yes
1284,1607885830124:a9878e34-f701-4cf6-919d-6b06cec77bcc,1607885830125:c99ac0b5-4a8f-480b-88f1-780bdc135332,"size == ""0""","isEmpty == ""True""","peek_obj_type == ""EmptyObject""","push == ""class java.lang.String""","pop == ""none""","clear == ""none""","size_p == ""0""",Yes
1285,1607885830124:a9878e34-f701-4cf6-919d-6b06cec77bcc,1607885830125:c99ac0b5-4a8f-480b-88f1-780bdc135332,"size == ""0""","isEmpty == ""True""","peek_obj_type == ""EmptyObject""","push == ""none""","pop == ""EmptyObject""","clear == ""none""","size_p == ""0""",No
1287,1607885830124:a9878e34-f701-4cf6-919d-6b06cec77bcc,1607885830124:e4252e34-ded5-4358-9c0b-f92b2abe3494,"size == ""1""","isEmpty == ""False""","peek_obj_type == ""class java.lang.String""","push == ""none""","pop == ""none""","clear == ""clear""","size_p == ""0""",Yes
1288,1607885830124:a9878e34-f701-4cf6-919d-6b06cec77bcc,1607885830124:e4252e34-ded5-4358-9c0b-f92b2abe3494,"size == ""1""","isEmpty == ""False""","peek_obj_type == ""class java.lang.String""","push == ""class java.lang.String""","pop == ""none""","clear == ""none""","size_p == ""1""",Yes
1289,1607885830124:a9878e34-f701-4cf6-919d-6b06cec77bcc,1607885830124:e4252e34-ded5-4358-9c0b-f92b2abe3494,"size == ""2""","isEmpty == ""False""","peek_obj_type == ""class java.lang.String""","push == ""none""","pop == ""none""","clear == ""clear""","size_p == ""1""",Yes
1290,1607885830124:a9878e34-f701-4cf6-919d-6b06cec77bcc,1607885830124:e4252e34-ded5-4358-9c0b-f92b2abe3494,"size == ""3""","isEmpty == ""False""","peek_obj_type == ""class java.lang.String""","push == ""none""","pop == ""none""","clear == ""clear""","size_p == ""2""",Yes
1291,1607885830124:a9878e34-f701-4cf6-919d-6b06cec77bcc,1607885830124:e4252e34-ded5-4358-9c0b-f92b2abe3494,"size == ""4""","isEmpty == ""False""","peek_obj_type == ""class java.lang.String""","push == ""none""","pop == ""none""","clear == ""clear""","size_p == ""3""",Yes
1293,1607885830124:750c1f4b-bfdd-47d7-ac30-13ffae96debc,1607885830124:e4ba85ca-28ed-466d-b56e-573581f3674a,"size == ""0""","isEmpty == ""True""","peek_obj_type == ""EmptyObject""","push == ""class java.lang.String""","pop == ""none""","clear == ""none""","size_p == ""0""",Yes
1294,1607885830124:750c1f4b-bfdd-47d7-ac30-13ffae96debc,1607885830124:e4ba85ca-28ed-466d-b56e-573581f3674a,"size == ""0""","isEmpty == ""True""","peek_obj_type == ""EmptyObject""","push == ""none""","pop == ""EmptyObject""","clear == ""none""","size_p == ""0""",No
1296,1607885830124:750c1f4b-bfdd-47d7-ac30-13ffae96debc,1607885830124:89fd3c90-02ba-4c9d-9293-6e47e111f33b,"size == ""0""","isEmpty == ""True""","peek_obj_type == ""EmptyObject""","push == ""class java.lang.String""","pop == ""none""","clear == ""none""","size_p == ""0""",Yes
1299,1607885830124:402641a9-a49c-4efe-90a9-b9dfd3f1c34a,1607885830124:d83fe5a9-2a92-49ef-bc48-d94beb1a972f,"size == ""0""","isEmpty == ""True""","peek_obj_type == ""EmptyObject""","push == ""class java.lang.String""","pop == ""none""","clear == ""none""","size_p == ""0""",Yes
1300,1607885830124:402641a9-a49c-4efe-90a9-b9dfd3f1c34a,1607885830124:d83fe5a9-2a92-49ef-bc48-d94beb1a972f,"size == ""0""","isEmpty == ""True""","peek_obj_type == ""EmptyObject""","push == ""none""","pop == ""EmptyObject""","clear == ""none""","size_p == ""0""",No
1302,1607885830124:17b7ef07-84f1-4a15-9274-52d4d9f5ed70,1607885830124:376fa08a-5672-41e3-a07e-b1619c52f002,"size == ""0""","isEmpty == ""True""","peek_obj_type == ""EmptyObject""","push == ""class java.lang.String""","pop == ""none""","clear == ""none""","size_p == ""0""",Yes
1303,1607885830124:17b7ef07-84f1-4a15-9274-52d4d9f5ed70,1607885830124:376fa08a-5672-41e3-a07e-b1619c52f002,"size == ""0""","isEmpty == ""True""","peek_obj_type == ""EmptyObject""","push == ""none""","pop == ""EmptyObject""","clear == ""none""","size_p == ""0""",No
1305,1607885830124:17b7ef07-84f1-4a15-9274-52d4d9f5ed70,1607885830124:03e3d213-5c61-40f6-9c38-3b48407bb92b,"size == ""1""","isEmpty == ""False""","peek_obj_type == ""class java.lang.String""","push == ""none""","pop == ""none""","clear == ""clear""","size_p == ""0""",Yes
1306,1607885830124:17b7ef07-84f1-4a15-9274-52d4d9f5ed70,1607885830124:03e3d213-5c61-40f6-9c38-3b48407bb92b,"size == ""1""","isEmpty == ""False""","peek_obj_type == ""class java.lang.String""","push == ""class java.lang.String""","pop == ""none""","clear == ""none""","size_p == ""1""",Yes
1307,1607885830124:17b7ef07-84f1-4a15-9274-52d4d9f5ed70,1607885830124:03e3d213-5c61-40f6-9c38-3b48407bb92b,"size == ""2""","isEmpty == ""False""","peek_obj_type == ""class java.lang.String""","push == ""none""","pop == ""none""","clear == ""clear""","size_p == ""1""",Yes
1308,1607885830124:17b7ef07-84f1-4a15-9274-52d4d9f5ed70,1607885830124:03e3d213-5c61-40f6-9c38-3b48407bb92b,"size == ""3""","isEmpty == ""False""","peek_obj_type == ""class java.lang.String""","push == ""none""","pop == ""none""","clear == ""clear""","size_p == ""2""",Yes
1309,1607885830124:17b7ef07-84f1-4a15-9274-52d4d9f5ed70,1607885830124:03e3d213-5c61-40f6-9c38-3b48407bb92b,"size == ""4""","isEmpty == ""False""","peek_obj_type == ""class java.lang.String""","push == ""none""","pop == ""none""","clear == ""clear""","size_p == ""3""",Yes
1311,1607885830124:155501bc-ea2e-43a1-83a4-233a219a9134,1607885830124:e2a9ac52-4573-4f0a-8316-ef0d9c55f314,"size == ""0""","isEmpty == ""True""","peek_obj_type == ""EmptyObject""","push == ""class java.lang.String""","pop == ""none""","clear == ""none""","size_p == ""0""",Yes
1312,1607885830124:155501bc-ea2e-43a1-83a4-233a219a9134,1607885830124:e2a9ac52-4573-4f0a-8316-ef0d9c55f314,"size == ""0""","isEmpty == ""True""","peek_obj_type == ""EmptyObject""","push == ""none""","pop == ""EmptyObject""","clear == ""none""","size_p == ""0""",No
1314,1607885830123:e80ee379-0b8c-4539-85cf-2a1652901cfa,1607885830123:641fa0d1-4505-41aa-8621-e80af563abfa,"size == ""0""","isEmpty == ""True""","peek_obj_type == ""EmptyObject""","push == ""class java.lang.String""","pop == ""none""","clear == ""none""","size_p == ""0""",Yes
1315,1607885830123:e80ee379-0b8c-4539-85cf-2a1652901cfa,1607885830123:641fa0d1-4505-41aa-8621-e80af563abfa,"size == ""0""","isEmpty == ""True""","peek_obj_type == ""EmptyObject""","push == ""none""","pop == ""EmptyObject""","clear == ""none""","size_p == ""0""",No
1317,1607885830123:ce782eaf-eb39-4e9d-8e6c-ad3a0f41a3dd,1607885830123:212ac319-3878-4060-8eb6-966b6177c1c3,"size == ""0""","isEmpty == ""True""","peek_obj_type == ""EmptyObject""","push == ""class java.lang.String""","pop == ""none""","clear == ""none""","size_p == ""0""",Yes
1318,1607885830123:ce782eaf-eb39-4e9d-8e6c-ad3a0f41a3dd,1607885830123:212ac319-3878-4060-8eb6-966b6177c1c3,"size == ""0""","isEmpty == ""True""","peek_obj_type == ""EmptyObject""","push == ""none""","pop == ""EmptyObject""","clear == ""none""","size_p == ""0""",No
1320,1607885830123:ce782eaf-eb39-4e9d-8e6c-ad3a0f41a3dd,1607885830123:1ee628fc-1afa-4d62-9914-b1d3fc99ac83,"size == ""0""","isEmpty == ""True""","peek_obj_type == ""EmptyObject""","push == ""class java.lang.String""","pop == ""none""","clear == ""none""","size_p == ""0""",Yes
1321,1607885830123:ce782eaf-eb39-4e9d-8e6c-ad3a0f41a3dd,1607885830123:1ee628fc-1afa-4d62-9914-b1d3fc99ac83,"size == ""0""","isEmpty == ""True""","peek_obj_type == ""EmptyObject""","push == ""class java.lang.String""","pop == ""none""","clear == ""none""","size_p == ""0""",Yes
1323,1607885830123:adb8b500-b589-47bd-a131-6c2b8b4b4347,1607885830123:739fc427-dc4e-496d-841a-80279b14cd63,"size == ""1""","isEmpty == ""False""","peek_obj_type == ""class java.lang.String""","push == ""none""","pop == ""none""","clear == ""clear""","size_p == ""0""",Yes
1324,1607885830123:adb8b500-b589-47bd-a131-6c2b8b4b4347,1607885830123:739fc427-dc4e-496d-841a-80279b14cd63,"size == ""1""","isEmpty == ""False""","peek_obj_type == ""class java.lang.String""","push == ""class java.lang.String""","pop == ""none""","clear == ""none""","size_p == ""1""",Yes
1325,1607885830123:adb8b500-b589-47bd-a131-6c2b8b4b4347,1607885830123:739fc427-dc4e-496d-841a-80279b14cd63,"size == ""0""","isEmpty == ""True""","peek_obj_type == ""EmptyObject""","push == ""none""","pop == ""EmptyObject""","clear == ""none""","size_p == ""1""",No
1326,1607885830123:adb8b500-b589-47bd-a131-6c2b8b4b4347,1607885830123:739fc427-dc4e-496d-841a-80279b14cd63,"size == ""1""","isEmpty == ""False""","peek_obj_type == ""class java.lang.String""","push == ""none""","pop == ""none""","clear == ""clear""","size_p == ""0""",Yes
1328,1607885830123:adb8b500-b589-47bd-a131-6c2b8b4b4347,1607885830123:46bf0a50-fd6c-47bf-af55-1a83f4e8911a,"size == ""0""","isEmpty == ""True""","peek_obj_type == ""EmptyObject""","push == ""class java.lang.String""","pop == ""none""","clear == ""none""","size_p == ""0""",Yes
1329,1607885830123:adb8b500-b589-47bd-a131-6c2b8b4b4347,1607885830123:46bf0a50-fd6c-47bf-af55-1a83f4e8911a,"size == ""0""","isEmpty == ""True""","peek_obj_type == ""EmptyObject""","push == ""none""","pop == ""EmptyObject""","clear == ""none""","size_p == ""0""",No
1331,1607885830123:5846015c-044f-4f3c-b781-9f670c8bcb1d,1607885830123:c9becba6-edce-46ff-91a3-51b319eeee89,"size == ""0""","isEmpty == ""True""","peek_obj_type == ""EmptyObject""","push == ""class java.lang.String""","pop == ""none""","clear == ""none""","size_p == ""0""",Yes
1332,1607885830123:5846015c-044f-4f3c-b781-9f670c8bcb1d,1607885830123:c9becba6-edce-46ff-91a3-51b319eeee89,"size == ""0""","isEmpty == ""True""","peek_obj_type == ""EmptyObject""","push == ""none""","pop == ""EmptyObject""","clear == ""none""","size_p == ""0""",No
1334,1607885830123:3f8f8324-1656-4f09-91aa-84fe71ea7a54,1607885830123:8d9ce9f1-8813-43ae-84e4-dd0eab904534,"size == ""0""","isEmpty == ""True""","peek_obj_type == ""EmptyObject""","push == ""class java.lang.String""","pop == ""none""","clear == ""none""","size_p == ""0""",Yes
1335,1607885830123:3f8f8324-1656-4f09-91aa-84fe71ea7a54,1607885830123:8d9ce9f1-8813-43ae-84e4-dd0eab904534,"size == ""0""","isEmpty == ""True""","peek_obj_type == ""EmptyObject""","push == ""class java.lang.String""","pop == ""none""","clear == ""none""","size_p == ""0""",Yes
1336,1607885830123:3f8f8324-1656-4f09-91aa-84fe71ea7a54,1607885830123:8d9ce9f1-8813-43ae-84e4-dd0eab904534,"size == ""0""","isEmpty == ""True""","peek_obj_type == ""EmptyObject""","push == ""class java.lang.String""","pop == ""none""","clear == ""none""","size_p == ""0""",Yes
1337,1607885830123:3f8f8324-1656-4f09-91aa-84fe71ea7a54,1607885830123:8d9ce9f1-8813-43ae-84e4-dd0eab904534,"size == ""0""","isEmpty == ""True""","peek_obj_type == ""EmptyObject""","push == ""none""","pop == ""EmptyObject""","clear == ""none""","size_p == ""0""",Yes
1339,1607885830123:3c80b411-65b6-4db9-a515-1bf600615e1f,1607885830123:eec60845-2b69-452c-a551-e89dfde37d08,"size == ""0""","isEmpty == ""True""","peek_obj_type == ""EmptyObject""","push == ""class java.lang.String""","pop == ""none""","clear == ""none""","size_p == ""0""",Yes
1340,1607885830123:3c80b411-65b6-4db9-a515-1bf600615e1f,1607885830123:eec60845-2b69-452c-a551-e89dfde37d08,"size == ""0""","isEmpty == ""True""","peek_obj_type == ""EmptyObject""","push == ""none""","pop == ""EmptyObject""","clear == ""none""","size_p == ""0""",No
1342,1607885830122:e816236a-945c-4519-98fa-107079ff7860,1607885830122:ec75d2e6-6790-4214-bbcc-de4f212d144a,"size == ""0""","isEmpty == ""True""","peek_obj_type == ""EmptyObject""","push == ""class java.lang.String""","pop == ""none""","clear == ""none""","size_p == ""0""",Yes
1343,1607885830122:e816236a-945c-4519-98fa-107079ff7860,1607885830122:ec75d2e6-6790-4214-bbcc-de4f212d144a,"size == ""0""","isEmpty == ""True""","peek_obj_type == ""EmptyObject""","push == ""class java.lang.String""","pop == ""none""","clear == ""none""","size_p == ""0""",Yes
1345,1607885830122:e816236a-945c-4519-98fa-107079ff7860,1607885830122:575a1b37-91c7-4488-b8cf-0e8545372545,"size == ""0""","isEmpty == ""True""","peek_obj_type == ""EmptyObject""","push == ""class java.lang.String""","pop == ""none""","clear == ""none""","size_p == ""0""",Yes
1346,1607885830122:e816236a-945c-4519-98fa-107079ff7860,1607885830122:575a1b37-91c7-4488-b8cf-0e8545372545,"size == ""0""","isEmpty == ""True""","peek_obj_type == ""EmptyObject""","push == ""none""","pop == ""EmptyObject""","clear == ""none""","size_p == ""0""",No
1348,1607885830122:cf05d965-460f-46d6-a25c-9411f0ecd820,1607885830122:8622d1ee-7972-45e9-b6c0-2f5307dff6d4,"size == ""0""","isEmpty == ""True""","peek_obj_type == ""EmptyObject""","push == ""class java.lang.String""","pop == ""none""","clear == ""none""","size_p == ""0""",Yes
1349,1607885830122:cf05d965-460f-46d6-a25c-9411f0ecd820,1607885830122:8622d1ee-7972-45e9-b6c0-2f5307dff6d4,"size == ""0""","isEmpty == ""True""","peek_obj_type == ""EmptyObject""","push == ""none""","pop == ""EmptyObject""","clear == ""none""","size_p == ""0""",No
1351,1607885830122:a29f34e6-8083-4a6d-88d8-513d174548e8,1607885830122:e5bb6f5e-0e5c-469f-a540-ba527ccce83b,"size == ""0""","isEmpty == ""True""","peek_obj_type == ""EmptyObject""","push == ""class java.lang.String""","pop == ""none""","clear == ""none""","size_p == ""0""",Yes
1353,1607885830122:a29f34e6-8083-4a6d-88d8-513d174548e8,1607885830122:4ec54ccf-43a3-4b7a-8f01-f056a83376ab,"size == ""0""","isEmpty == ""True""","peek_obj_type == ""EmptyObject""","push == ""class java.lang.String""","pop == ""none""","clear == ""none""","size_p == ""0""",Yes
1354,1607885830122:a29f34e6-8083-4a6d-88d8-513d174548e8,1607885830122:4ec54ccf-43a3-4b7a-8f01-f056a83376ab,"size == ""0""","isEmpty == ""True""","peek_obj_type == ""EmptyObject""","push == ""none""","pop == ""EmptyObject""","clear == ""none""","size_p == ""0""",No
1356,1607885830122:882d87f8-eab9-44ee-a34e-5beb5d142bdc,1607885830122:fa0fb045-583b-4f12-ad0b-ea6f181b8309,"size == ""0""","isEmpty == ""True""","peek_obj_type == ""EmptyObject""","push == ""class java.lang.String""","pop == ""none""","clear == ""none""","size_p == ""0""",Yes
1357,1607885830122:882d87f8-eab9-44ee-a34e-5beb5d142bdc,1607885830122:fa0fb045-583b-4f12-ad0b-ea6f181b8309,"size == ""0""","isEmpty == ""True""","peek_obj_type == ""EmptyObject""","push == ""none""","pop == ""EmptyObject""","clear == ""none""","size_p == ""0""",No
1359,1607885830122:577859a2-7cb0-4e51-9cd7-69eae8bfd3ef,1607885830122:ba50d2f3-3dfa-4dbb-8245-275900bb1935,"size == ""0""","isEmpty == ""True""","peek_obj_type == ""EmptyObject""","push == ""class java.lang.String""","pop == ""none""","clear == ""none""","size_p == ""0""",Yes
1360,1607885830122:577859a2-7cb0-4e51-9cd7-69eae8bfd3ef,1607885830122:ba50d2f3-3dfa-4dbb-8245-275900bb1935,"size == ""0""","isEmpty == ""True""","peek_obj_type == ""EmptyObject""","push == ""none""","pop == ""EmptyObject""","clear == ""none""","size_p == ""0""",No
1362,1607885830122:577859a2-7cb0-4e51-9cd7-69eae8bfd3ef,1607885830122:6b02140e-ffeb-48e6-b67d-e633b826264f,"size == ""0""","isEmpty == ""True""","peek_obj_type == ""EmptyObject""","push == ""class java.lang.String""","pop == ""none""","clear == ""none""","size_p == ""0""",Yes
1364,1607885830121:dc237879-b7fd-458f-a2c2-03106c0bff74,1607885830121:8367b3c0-f404-439f-b7c5-924214a8f174,"size == ""1""","isEmpty == ""False""","peek_obj_type == ""class java.lang.String""","push == ""none""","pop == ""none""","clear == ""clear""","size_p == ""0""",Yes
1365,1607885830121:dc237879-b7fd-458f-a2c2-03106c0bff74,1607885830121:8367b3c0-f404-439f-b7c5-924214a8f174,"size == ""1""","isEmpty == ""False""","peek_obj_type == ""class java.lang.String""","push == ""class java.lang.String""","pop == ""none""","clear == ""none""","size_p == ""1""",Yes
1366,1607885830121:dc237879-b7fd-458f-a2c2-03106c0bff74,1607885830121:8367b3c0-f404-439f-b7c5-924214a8f174,"size == ""2""","isEmpty == ""False""","peek_obj_type == ""class java.lang.String""","push == ""none""","pop == ""none""","clear == ""clear""","size_p == ""1""",Yes
1367,1607885830121:dc237879-b7fd-458f-a2c2-03106c0bff74,1607885830121:8367b3c0-f404-439f-b7c5-924214a8f174,"size == ""3""","isEmpty == ""False""","peek_obj_type == ""class java.lang.String""","push == ""none""","pop == ""none""","clear == ""clear""","size_p == ""2""",Yes
1368,1607885830121:dc237879-b7fd-458f-a2c2-03106c0bff74,1607885830121:8367b3c0-f404-439f-b7c5-924214a8f174,"size == ""4""","isEmpty == ""False""","peek_obj_type == ""class java.lang.String""","push == ""none""","pop == ""none""","clear == ""clear""","size_p == ""3""",Yes
1370,1607885830121:dc237879-b7fd-458f-a2c2-03106c0bff74,1607885830121:2caa57ed-2de3-4aa0-9153-049efc64d20d,"size == ""0""","isEmpty == ""True""","peek_obj_type == ""EmptyObject""","push == ""class java.lang.String""","pop == ""none""","clear == ""none""","size_p == ""0""",Yes
1371,1607885830121:dc237879-b7fd-458f-a2c2-03106c0bff74,1607885830121:2caa57ed-2de3-4aa0-9153-049efc64d20d,"size == ""0""","isEmpty == ""True""","peek_obj_type == ""EmptyObject""","push == ""none""","pop == ""EmptyObject""","clear == ""none""","size_p == ""0""",No
1373,1607885830121:d67bcdc1-b437-48a9-8934-6042ec81ee6c,1607885830121:bb27c02a-cb3d-4694-9426-c82e0873d3a9,"size == ""0""","isEmpty == ""True""","peek_obj_type == ""EmptyObject""","push == ""class java.lang.String""","pop == ""none""","clear == ""none""","size_p == ""0""",Yes
1374,1607885830121:d67bcdc1-b437-48a9-8934-6042ec81ee6c,1607885830121:bb27c02a-cb3d-4694-9426-c82e0873d3a9,"size == ""0""","isEmpty == ""True""","peek_obj_type == ""EmptyObject""","push == ""none""","pop == ""EmptyObject""","clear == ""none""","size_p == ""0""",No
1377,1607885830121:d67bcdc1-b437-48a9-8934-6042ec81ee6c,1607885830121:2b0d2e35-4872-4ec3-978c-715d81750b52,"size == ""0""","isEmpty == ""True""","peek_obj_type == ""EmptyObject""","push == ""class java.lang.String""","pop == ""none""","clear == ""none""","size_p == ""0""",Yes
1379,1607885830121:ca862b1c-b766-45b5-805b-a59ee7ae8c14,1607885830121:39d7f640-a68d-4828-b869-3a0f978d065a,"size == ""0""","isEmpty == ""True""","peek_obj_type == ""EmptyObject""","push == ""class java.lang.String""","pop == ""none""","clear == ""none""","size_p == ""0""",Yes
1380,1607885830121:ca862b1c-b766-45b5-805b-a59ee7ae8c14,1607885830121:39d7f640-a68d-4828-b869-3a0f978d065a,"size == ""0""","isEmpty == ""True""","peek_obj_type == ""EmptyObject""","push == ""none""","pop == ""EmptyObject""","clear == ""none""","size_p == ""0""",No
1382,1607885830121:2f7bb1d9-a753-4466-ba1f-ac65cb48a8b7,1607885830121:867dca22-a1e9-451b-ba6e-87d3fb9c4e68,"size == ""0""","isEmpty == ""True""","peek_obj_type == ""EmptyObject""","push == ""class java.lang.String""","pop == ""none""","clear == ""none""","size_p == ""0""",Yes
1384,1607885830121:2f7bb1d9-a753-4466-ba1f-ac65cb48a8b7,1607885830121:0b424ce6-082e-4a6a-bb38-4cf33aba3643,"size == ""0""","isEmpty == ""True""","peek_obj_type == ""EmptyObject""","push == ""class java.lang.String""","pop == ""none""","clear == ""none""","size_p == ""0""",Yes
1385,1607885830121:2f7bb1d9-a753-4466-ba1f-ac65cb48a8b7,1607885830121:0b424ce6-082e-4a6a-bb38-4cf33aba3643,"size == ""0""","isEmpty == ""True""","peek_obj_type == ""EmptyObject""","push == ""none""","pop == ""EmptyObject""","clear == ""none""","size_p == ""0""",No
1387,1607885830121:0cae3a7d-c8aa-463b-96bb-e707b20534c7,1607885830121:62b9eb39-86c6-444f-ae27-a50a3730381e,"size == ""0""","isEmpty == ""True""","peek_obj_type == ""EmptyObject""","push == ""class java.lang.String""","pop == ""none""","clear == ""none""","size_p == ""0""",Yes
1388,1607885830121:0cae3a7d-c8aa-463b-96bb-e707b20534c7,1607885830121:62b9eb39-86c6-444f-ae27-a50a3730381e,"size == ""0""","isEmpty == ""True""","peek_obj_type == ""EmptyObject""","push == ""none""","pop == ""EmptyObject""","clear == ""none""","size_p == ""0""",No
1390,1607885830121:0cae3a7d-c8aa-463b-96bb-e707b20534c7,1607885830121:0ce24721-485a-4232-9b82-bdfacf76b52f,"size == ""0""","isEmpty == ""True""","peek_obj_type == ""EmptyObject""","push == ""class java.lang.String""","pop == ""none""","clear == ""none""","size_p == ""0""",Yes
1392,1607885830120:e2172d9b-1a21-4204-9df3-6dc7a237fbde,1607885830120:6591c31f-e903-401d-9c35-79307a46a30e,"size == ""1""","isEmpty == ""False""","peek_obj_type == ""class java.lang.String""","push == ""none""","pop == ""none""","clear == ""clear""","size_p == ""0""",Yes
1393,1607885830120:e2172d9b-1a21-4204-9df3-6dc7a237fbde,1607885830120:6591c31f-e903-401d-9c35-79307a46a30e,"size == ""1""","isEmpty == ""False""","peek_obj_type == ""class java.lang.String""","push == ""class java.lang.String""","pop == ""none""","clear == ""none""","size_p == ""1""",Yes
1394,1607885830120:e2172d9b-1a21-4204-9df3-6dc7a237fbde,1607885830120:6591c31f-e903-401d-9c35-79307a46a30e,"size == ""2""","isEmpty == ""False""","peek_obj_type == ""class java.lang.String""","push == ""none""","pop == ""none""","clear == ""clear""","size_p == ""1""",Yes
1395,1607885830120:e2172d9b-1a21-4204-9df3-6dc7a237fbde,1607885830120:6591c31f-e903-401d-9c35-79307a46a30e,"size == ""3""","isEmpty == ""False""","peek_obj_type == ""class java.lang.String""","push == ""none""","pop == ""none""","clear == ""clear""","size_p == ""2""",Yes
1396,1607885830120:e2172d9b-1a21-4204-9df3-6dc7a237fbde,1607885830120:6591c31f-e903-401d-9c35-79307a46a30e,"size == ""4""","isEmpty == ""False""","peek_obj_type == ""class java.lang.String""","push == ""none""","pop == ""none""","clear == ""clear""","size_p == ""3""",Yes
1398,1607885830120:e2172d9b-1a21-4204-9df3-6dc7a237fbde,1607885830120:1a7fccc3-6054-4b97-8cb5-51fa8fd144dd,"size == ""0""","isEmpty == ""True""","peek_obj_type == ""EmptyObject""","push == ""class java.lang.String""","pop == ""none""","clear == ""none""","size_p == ""0""",Yes
1399,1607885830120:e2172d9b-1a21-4204-9df3-6dc7a237fbde,1607885830120:1a7fccc3-6054-4b97-8cb5-51fa8fd144dd,"size == ""0""","isEmpty == ""True""","peek_obj_type == ""EmptyObject""","push == ""none""","pop == ""EmptyObject""","clear == ""none""","size_p == ""0""",No
1401,1607885830120:aa7cfcbf-362e-4c97-9120-e7a69c5e5ce3,1607885830120:440bc7a1-47a6-4444-8fcc-8938d5a6bdc0,"size == ""0""","isEmpty == ""True""","peek_obj_type == ""EmptyObject""","push == ""class java.lang.String""","pop == ""none""","clear == ""none""","size_p == ""0""",Yes
1402,1607885830120:aa7cfcbf-362e-4c97-9120-e7a69c5e5ce3,1607885830120:440bc7a1-47a6-4444-8fcc-8938d5a6bdc0,"size == ""0""","isEmpty == ""True""","peek_obj_type == ""EmptyObject""","push == ""none""","pop == ""EmptyObject""","clear == ""none""","size_p == ""0""",No
1404,1607885830120:6c1cc449-9ad4-40db-b166-e4ead1980669,1607885830120:aa08b4a2-cda4-4f4f-980e-9f88fac68c29,"size == ""0""","isEmpty == ""True""","peek_obj_type == ""EmptyObject""","push == ""class java.lang.String""","pop == ""none""","clear == ""none""","size_p == ""0""",Yes
1405,1607885830120:6c1cc449-9ad4-40db-b166-e4ead1980669,1607885830120:aa08b4a2-cda4-4f4f-980e-9f88fac68c29,"size == ""0""","isEmpty == ""True""","peek_obj_type == ""EmptyObject""","push == ""none""","pop == ""EmptyObject""","clear == ""none""","size_p == ""0""",No
1407,1607885830120:6c1cc449-9ad4-40db-b166-e4ead1980669,1607885830120:2ed5b309-48c2-49a1-8523-4b90305b03eb,"size == ""1""","isEmpty == ""False""","peek_obj_type == ""class java.lang.String""","push == ""none""","pop == ""none""","clear == ""clear""","size_p == ""0""",Yes
1408,1607885830120:6c1cc449-9ad4-40db-b166-e4ead1980669,1607885830120:2ed5b309-48c2-49a1-8523-4b90305b03eb,"size == ""1""","isEmpty == ""False""","peek_obj_type == ""class java.lang.String""","push == ""class java.lang.String""","pop == ""none""","clear == ""none""","size_p == ""1""",Yes
1409,1607885830120:6c1cc449-9ad4-40db-b166-e4ead1980669,1607885830120:2ed5b309-48c2-49a1-8523-4b90305b03eb,"size == ""0""","isEmpty == ""True""","peek_obj_type == ""EmptyObject""","push == ""none""","pop == ""EmptyObject""","clear == ""none""","size_p == ""1""",No
1410,1607885830120:6c1cc449-9ad4-40db-b166-e4ead1980669,1607885830120:2ed5b309-48c2-49a1-8523-4b90305b03eb,"size == ""1""","isEmpty == ""False""","peek_obj_type == ""class java.lang.String""","push == ""none""","pop == ""none""","clear == ""clear""","size_p == ""0""",Yes
1412,1607885830120:5fa986c6-3475-44d2-b926-a2194e5b025a,1607885830120:db3f3167-7c2c-4310-9f2c-95fb90be0e0f,"size == ""1""","isEmpty == ""False""","peek_obj_type == ""class java.lang.String""","push == ""none""","pop == ""none""","clear == ""clear""","size_p == ""0""",Yes
1413,1607885830120:5fa986c6-3475-44d2-b926-a2194e5b025a,1607885830120:db3f3167-7c2c-4310-9f2c-95fb90be0e0f,"size == ""1""","isEmpty == ""False""","peek_obj_type == ""class java.lang.String""","push == ""class java.lang.String""","pop == ""none""","clear == ""none""","size_p == ""1""",Yes
1414,1607885830120:5fa986c6-3475-44d2-b926-a2194e5b025a,1607885830120:db3f3167-7c2c-4310-9f2c-95fb90be0e0f,"size == ""2""","isEmpty == ""False""","peek_obj_type == ""class java.lang.String""","push == ""none""","pop == ""none""","clear == ""clear""","size_p == ""1""",Yes
1415,1607885830120:5fa986c6-3475-44d2-b926-a2194e5b025a,1607885830120:db3f3167-7c2c-4310-9f2c-95fb90be0e0f,"size == ""3""","isEmpty == ""False""","peek_obj_type == ""class java.lang.String""","push == ""none""","pop == ""none""","clear == ""clear""","size_p == ""2""",Yes
1416,1607885830120:5fa986c6-3475-44d2-b926-a2194e5b025a,1607885830120:db3f3167-7c2c-4310-9f2c-95fb90be0e0f,"size == ""4""","isEmpty == ""False""","peek_obj_type == ""class java.lang.String""","push == ""none""","pop == ""none""","clear == ""clear""","size_p == ""3""",Yes
1418,1607885830120:5fa986c6-3475-44d2-b926-a2194e5b025a,1607885830120:c7b471a1-48fa-4356-884c-dc6cb3c2febb,"size == ""0""","isEmpty == ""True""","peek_obj_type == ""EmptyObject""","push == ""class java.lang.String""","pop == ""none""","clear == ""none""","size_p == ""0""",Yes
1420,1607885830120:5fa986c6-3475-44d2-b926-a2194e5b025a,1607885830120:9cc8413d-6b2e-4c9e-a29e-45fefd5fe023,"size == ""0""","isEmpty == ""True""","peek_obj_type == ""EmptyObject""","push == ""class java.lang.String""","pop == ""none""","clear == ""none""","size_p == ""0""",Yes
1421,1607885830120:5fa986c6-3475-44d2-b926-a2194e5b025a,1607885830120:9cc8413d-6b2e-4c9e-a29e-45fefd5fe023,"size == ""0""","isEmpty == ""True""","peek_obj_type == ""EmptyObject""","push == ""none""","pop == ""EmptyObject""","clear == ""none""","size_p == ""0""",No
1424,1607885830119:bb361ddf-fbc1-4ed3-91ff-ea7a277a5683,1607885830119:fa8e726c-abb2-430a-ac0a-34d467e504fb,"size == ""0""","isEmpty == ""True""","peek_obj_type == ""EmptyObject""","push == ""class java.lang.String""","pop == ""none""","clear == ""none""","size_p == ""0""",Yes
1425,1607885830119:bb361ddf-fbc1-4ed3-91ff-ea7a277a5683,1607885830119:fa8e726c-abb2-430a-ac0a-34d467e504fb,"size == ""0""","isEmpty == ""True""","peek_obj_type == ""EmptyObject""","push == ""none""","pop == ""EmptyObject""","clear == ""none""","size_p == ""0""",No
1427,1607885830119:bb361ddf-fbc1-4ed3-91ff-ea7a277a5683,1607885830119:65492564-217f-48a6-89a1-28632eb18217,"size == ""0""","isEmpty == ""True""","peek_obj_type == ""EmptyObject""","push == ""class java.lang.String""","pop == ""none""","clear == ""none""","size_p == ""0""",Yes
1430,1607885830119:9bb61296-641f-4fc3-930a-6c99bf4b674a,1607885830119:f99d45af-2770-40fe-a6d9-78b87da0fe19,"size == ""0""","isEmpty == ""True""","peek_obj_type == ""EmptyObject""","push == ""class java.lang.String""","pop == ""none""","clear == ""none""","size_p == ""0""",Yes
1431,1607885830119:9bb61296-641f-4fc3-930a-6c99bf4b674a,1607885830119:f99d45af-2770-40fe-a6d9-78b87da0fe19,"size == ""0""","isEmpty == ""True""","peek_obj_type == ""EmptyObject""","push == ""none""","pop == ""EmptyObject""","clear == ""none""","size_p == ""0""",No
1433,1607885830119:8b5d45fd-6bf3-418b-8c9f-273282341f06,1607885830119:ab3e3da6-1028-40de-b41c-97f14628fd82,"size == ""1""","isEmpty == ""False""","peek_obj_type == ""class java.lang.String""","push == ""none""","pop == ""none""","clear == ""clear""","size_p == ""0""",Yes
1434,1607885830119:8b5d45fd-6bf3-418b-8c9f-273282341f06,1607885830119:ab3e3da6-1028-40de-b41c-97f14628fd82,"size == ""1""","isEmpty == ""False""","peek_obj_type == ""class java.lang.String""","push == ""class java.lang.String""","pop == ""none""","clear == ""none""","size_p == ""1""",Yes
1435,1607885830119:8b5d45fd-6bf3-418b-8c9f-273282341f06,1607885830119:ab3e3da6-1028-40de-b41c-97f14628fd82,"size == ""2""","isEmpty == ""False""","peek_obj_type == ""class java.lang.String""","push == ""none""","pop == ""none""","clear == ""clear""","size_p == ""1""",Yes
1436,1607885830119:8b5d45fd-6bf3-418b-8c9f-273282341f06,1607885830119:ab3e3da6-1028-40de-b41c-97f14628fd82,"size == ""3""","isEmpty == ""False""","peek_obj_type == ""class java.lang.String""","push == ""none""","pop == ""none""","clear == ""clear""","size_p == ""2""",Yes
1437,1607885830119:8b5d45fd-6bf3-418b-8c9f-273282341f06,1607885830119:ab3e3da6-1028-40de-b41c-97f14628fd82,"size == ""4""","isEmpty == ""False""","peek_obj_type == ""class java.lang.String""","push == ""none""","pop == ""none""","clear == ""clear""","size_p == ""3""",Yes
1439,1607885830119:8b5d45fd-6bf3-418b-8c9f-273282341f06,1607885830119:4e71419b-2388-44f1-8937-472b6dbac47f,"size == ""0""","isEmpty == ""True""","peek_obj_type == ""EmptyObject""","push == ""class java.lang.String""","pop == ""none""","clear == ""none""","size_p == ""0""",Yes
1440,1607885830119:8b5d45fd-6bf3-418b-8c9f-273282341f06,1607885830119:4e71419b-2388-44f1-8937-472b6dbac47f,"size == ""0""","isEmpty == ""True""","peek_obj_type == ""EmptyObject""","push == ""none""","pop == ""EmptyObject""","clear == ""none""","size_p == ""0""",No
1442,1607885830119:0d273499-af60-4516-8175-3852a3fa85aa,1607885830119:bbca2596-3c81-42bd-8068-7d09904b4b8f,"size == ""1""","isEmpty == ""False""","peek_obj_type == ""class java.lang.String""","push == ""none""","pop == ""none""","clear == ""clear""","size_p == ""0""",Yes
1443,1607885830119:0d273499-af60-4516-8175-3852a3fa85aa,1607885830119:bbca2596-3c81-42bd-8068-7d09904b4b8f,"size == ""1""","isEmpty == ""False""","peek_obj_type == ""class java.lang.String""","push == ""class java.lang.String""","pop == ""none""","clear == ""none""","size_p == ""1""",Yes
1444,1607885830119:0d273499-af60-4516-8175-3852a3fa85aa,1607885830119:bbca2596-3c81-42bd-8068-7d09904b4b8f,"size == ""2""","isEmpty == ""False""","peek_obj_type == ""class java.lang.String""","push == ""none""","pop == ""none""","clear == ""clear""","size_p == ""1""",Yes
1445,1607885830119:0d273499-af60-4516-8175-3852a3fa85aa,1607885830119:bbca2596-3c81-42bd-8068-7d09904b4b8f,"size == ""3""","isEmpty == ""False""","peek_obj_type == ""class java.lang.String""","push == ""none""","pop == ""none""","clear == ""clear""","size_p == ""2""",Yes
1446,1607885830119:0d273499-af60-4516-8175-3852a3fa85aa,1607885830119:bbca2596-3c81-42bd-8068-7d09904b4b8f,"size == ""4""","isEmpty == ""False""","peek_obj_type == ""class java.lang.String""","push == ""none""","pop == ""none""","clear == ""clear""","size_p == ""3""",Yes
1447,1607885830119:0d273499-af60-4516-8175-3852a3fa85aa,1607885830119:bbca2596-3c81-42bd-8068-7d09904b4b8f,"size == ""5""","isEmpty == ""False""","peek_obj_type == ""class java.lang.String""","push == ""none""","pop == ""none""","clear == ""clear""","size_p == ""4""",Yes
1448,1607885830119:0d273499-af60-4516-8175-3852a3fa85aa,1607885830119:bbca2596-3c81-42bd-8068-7d09904b4b8f,"size == ""6""","isEmpty == ""False""","peek_obj_type == ""class java.lang.String""","push == ""none""","pop == ""none""","clear == ""clear""","size_p == ""5""",Yes
1449,1607885830119:0d273499-af60-4516-8175-3852a3fa85aa,1607885830119:bbca2596-3c81-42bd-8068-7d09904b4b8f,"size == ""7""","isEmpty == ""False""","peek_obj_type == ""class java.lang.String""","push == ""none""","pop == ""none""","clear == ""clear""","size_p == ""6""",Yes
1450,1607885830119:0d273499-af60-4516-8175-3852a3fa85aa,1607885830119:bbca2596-3c81-42bd-8068-7d09904b4b8f,"size == ""6""","isEmpty == ""False""","peek_obj_type == ""class java.lang.String""","push == ""none""","pop == ""class java.lang.String""","clear == ""none""","size_p == ""7""",Yes
1452,1607885830118:9708f71e-a8f4-4d0d-8da6-79ed681d88c4,1607885830118:a615ad48-1e07-48e4-9f6a-ccd2c9b648ab,"size == ""0""","isEmpty == ""True""","peek_obj_type == ""EmptyObject""","push == ""class java.lang.String""","pop == ""none""","clear == ""none""","size_p == ""0""",Yes
1455,1607885830118:9708f71e-a8f4-4d0d-8da6-79ed681d88c4,1607885830118:6874fe7f-3dd0-462b-86ed-e28fbeff335a,"size == ""0""","isEmpty == ""True""","peek_obj_type == ""EmptyObject""","push == ""class java.lang.String""","pop == ""none""","clear == ""none""","size_p == ""0""",Yes
1456,1607885830118:9708f71e-a8f4-4d0d-8da6-79ed681d88c4,1607885830118:6874fe7f-3dd0-462b-86ed-e28fbeff335a,"size == ""0""","isEmpty == ""True""","peek_obj_type == ""EmptyObject""","push == ""none""","pop == ""EmptyObject""","clear == ""none""","size_p == ""0""",No
1458,1607885830118:6eed7c39-3a08-401d-8e62-e7d698ca02e5,1607885830118:8fc541f4-d75d-46a8-81b2-97abe22ee356,"size == ""0""","isEmpty == ""True""","peek_obj_type == ""EmptyObject""","push == ""class java.lang.String""","pop == ""none""","clear == ""none""","size_p == ""0""",Yes
1459,1607885830118:6eed7c39-3a08-401d-8e62-e7d698ca02e5,1607885830118:8fc541f4-d75d-46a8-81b2-97abe22ee356,"size == ""0""","isEmpty == ""True""","peek_obj_type == ""EmptyObject""","push == ""none""","pop == ""EmptyObject""","clear == ""none""","size_p == ""0""",No
1461,1607885830118:6eed7c39-3a08-401d-8e62-e7d698ca02e5,1607885830118:26c7eb3d-a8c9-4bc7-ba24-a29ef6a1561c,"size == ""0""","isEmpty == ""True""","peek_obj_type == ""EmptyObject""","push == ""class java.lang.String""","pop == ""none""","clear == ""none""","size_p == ""0""",Yes
1462,1607885830118:6eed7c39-3a08-401d-8e62-e7d698ca02e5,1607885830118:26c7eb3d-a8c9-4bc7-ba24-a29ef6a1561c,"size == ""0""","isEmpty == ""True""","peek_obj_type == ""EmptyObject""","push == ""class java.lang.String""","pop == ""none""","clear == ""none""","size_p == ""0""",Yes
1464,1607885830118:4dbe3636-8231-4359-82fa-1011911dcb89,1607885830118:804d91e6-07fc-420d-a8c3-62bed9c12245,"size == ""1""","isEmpty == ""False""","peek_obj_type == ""class java.lang.String""","push == ""none""","pop == ""none""","clear == ""clear""","size_p == ""0""",Yes
1465,1607885830118:4dbe3636-8231-4359-82fa-1011911dcb89,1607885830118:804d91e6-07fc-420d-a8c3-62bed9c12245,"size == ""1""","isEmpty == ""False""","peek_obj_type == ""class java.lang.String""","push == ""class java.lang.String""","pop == ""none""","clear == ""none""","size_p == ""1""",Yes
1466,1607885830118:4dbe3636-8231-4359-82fa-1011911dcb89,1607885830118:804d91e6-07fc-420d-a8c3-62bed9c12245,"size == ""2""","isEmpty == ""False""","peek_obj_type == ""class java.lang.String""","push == ""none""","pop == ""none""","clear == ""clear""","size_p == ""1""",Yes
1468,1607885830118:4dbe3636-8231-4359-82fa-1011911dcb89,1607885830118:66e014f7-a7b5-488c-a8c4-ac4583ff568f,"size == ""0""","isEmpty == ""True""","peek_obj_type == ""EmptyObject""","push == ""class java.lang.String""","pop == ""none""","clear == ""none""","size_p == ""0""",Yes
1469,1607885830118:4dbe3636-8231-4359-82fa-1011911dcb89,1607885830118:66e014f7-a7b5-488c-a8c4-ac4583ff568f,"size == ""0""","isEmpty == ""True""","peek_obj_type == ""EmptyObject""","push == ""none""","pop == ""EmptyObject""","clear == ""none""","size_p == ""0""",No
1471,1607885830118:035275a8-6a10-480b-b011-44f4b3c375fc,1607885830118:f1c1b986-353f-4032-983b-b98e0e74da0b,"size == ""1""","isEmpty == ""False""","peek_obj_type == ""class java.lang.String""","push == ""none""","pop == ""none""","clear == ""clear""","size_p == ""0""",Yes
1472,1607885830118:035275a8-6a10-480b-b011-44f4b3c375fc,1607885830118:f1c1b986-353f-4032-983b-b98e0e74da0b,"size == ""1""","isEmpty == ""False""","peek_obj_type == ""class java.lang.String""","push == ""class java.lang.String""","pop == ""none""","clear == ""none""","size_p == ""1""",Yes
1473,1607885830118:035275a8-6a10-480b-b011-44f4b3c375fc,1607885830118:f1c1b986-353f-4032-983b-b98e0e74da0b,"size == ""2""","isEmpty == ""False""","peek_obj_type == ""class java.lang.String""","push == ""none""","pop == ""none""","clear == ""clear""","size_p == ""1""",Yes
1475,1607885830118:035275a8-6a10-480b-b011-44f4b3c375fc,1607885830118:76a31b8b-f871-4c29-a106-460c68aea1b4,"size == ""0""","isEmpty == ""True""","peek_obj_type == ""EmptyObject""","push == ""class java.lang.String""","pop == ""none""","clear == ""none""","size_p == ""0""",Yes
1476,1607885830118:035275a8-6a10-480b-b011-44f4b3c375fc,1607885830118:76a31b8b-f871-4c29-a106-460c68aea1b4,"size == ""0""","isEmpty == ""True""","peek_obj_type == ""EmptyObject""","push == ""none""","pop == ""EmptyObject""","clear == ""none""","size_p == ""0""",No
1478,1607885830118:035275a8-6a10-480b-b011-44f4b3c375fc,1607885830118:4c75095d-8bf7-4e32-b5a8-ad62bac8468a,"size == ""1""","isEmpty == ""False""","peek_obj_type == ""class java.lang.String""","push == ""none""","pop == ""none""","clear == ""clear""","size_p == ""0""",Yes
1479,1607885830118:035275a8-6a10-480b-b011-44f4b3c375fc,1607885830118:4c75095d-8bf7-4e32-b5a8-ad62bac8468a,"size == ""1""","isEmpty == ""False""","peek_obj_type == ""class java.lang.String""","push == ""class java.lang.String""","pop == ""none""","clear == ""none""","size_p == ""1""",Yes
1480,1607885830118:035275a8-6a10-480b-b011-44f4b3c375fc,1607885830118:4c75095d-8bf7-4e32-b5a8-ad62bac8468a,"size == ""2""","isEmpty == ""False""","peek_obj_type == ""class java.lang.String""","push == ""none""","pop == ""none""","clear == ""clear""","size_p == ""1""",Yes
1481,1607885830118:035275a8-6a10-480b-b011-44f4b3c375fc,1607885830118:4c75095d-8bf7-4e32-b5a8-ad62bac8468a,"size == ""3""","isEmpty == ""False""","peek_obj_type == ""class java.lang.String""","push == ""none""","pop == ""none""","clear == ""clear""","size_p == ""2""",Yes
1482,1607885830118:035275a8-6a10-480b-b011-44f4b3c375fc,1607885830118:4c75095d-8bf7-4e32-b5a8-ad62bac8468a,"size == ""4""","isEmpty == ""False""","peek_obj_type == ""class java.lang.String""","push == ""none""","pop == ""none""","clear == ""clear""","size_p == ""3""",Yes
1484,1607885830117:f62a48a5-ed6c-45fa-944e-af4c76b859fb,1607885830117:c32df48e-a2af-47d3-a721-0ad5293b66a2,"size == ""0""","isEmpty == ""True""","peek_obj_type == ""EmptyObject""","push == ""class java.lang.String""","pop == ""none""","clear == ""none""","size_p == ""0""",Yes
1485,1607885830117:f62a48a5-ed6c-45fa-944e-af4c76b859fb,1607885830117:c32df48e-a2af-47d3-a721-0ad5293b66a2,"size == ""0""","isEmpty == ""True""","peek_obj_type == ""EmptyObject""","push == ""class java.lang.String""","pop == ""none""","clear == ""none""","size_p == ""0""",Yes
1486,1607885830117:f62a48a5-ed6c-45fa-944e-af4c76b859fb,1607885830117:c32df48e-a2af-47d3-a721-0ad5293b66a2,"size == ""0""","isEmpty == ""True""","peek_obj_type == ""EmptyObject""","push == ""class java.lang.String""","pop == ""none""","clear == ""none""","size_p == ""0""",Yes
1488,1607885830117:f62a48a5-ed6c-45fa-944e-af4c76b859fb,1607885830117:62979e14-4214-4589-9d8e-886498e874ad,"size == ""0""","isEmpty == ""True""","peek_obj_type == ""EmptyObject""","push == ""class java.lang.String""","pop == ""none""","clear == ""none""","size_p == ""0""",Yes
1489,1607885830117:f62a48a5-ed6c-45fa-944e-af4c76b859fb,1607885830117:62979e14-4214-4589-9d8e-886498e874ad,"size == ""0""","isEmpty == ""True""","peek_obj_type == ""EmptyObject""","push == ""none""","pop == ""EmptyObject""","clear == ""none""","size_p == ""0""",No
1491,1607885830117:e8887ebf-99c1-4a8d-bdad-0d2e4059a492,1607885830117:616f0b53-94d8-4e2a-9c8c-6497cbb60b88,"size == ""0""","isEmpty == ""True""","peek_obj_type == ""EmptyObject""","push == ""class java.lang.String""","pop == ""none""","clear == ""none""","size_p == ""0""",Yes
1492,1607885830117:e8887ebf-99c1-4a8d-bdad-0d2e4059a492,1607885830117:616f0b53-94d8-4e2a-9c8c-6497cbb60b88,"size == ""0""","isEmpty == ""True""","peek_obj_type == ""EmptyObject""","push == ""none""","pop == ""EmptyObject""","clear == ""none""","size_p == ""0""",No
1494,1607885830117:e8887ebf-99c1-4a8d-bdad-0d2e4059a492,1607885830117:092af0ee-a1a5-4545-b038-9a538fa1c908,"size == ""1""","isEmpty == ""False""","peek_obj_type == ""class java.lang.String""","push == ""none""","pop == ""none""","clear == ""clear""","size_p == ""0""",Yes
1495,1607885830117:e8887ebf-99c1-4a8d-bdad-0d2e4059a492,1607885830117:092af0ee-a1a5-4545-b038-9a538fa1c908,"size == ""1""","isEmpty == ""False""","peek_obj_type == ""class java.lang.String""","push == ""class java.lang.String""","pop == ""none""","clear == ""none""","size_p == ""1""",Yes
1496,1607885830117:e8887ebf-99c1-4a8d-bdad-0d2e4059a492,1607885830117:092af0ee-a1a5-4545-b038-9a538fa1c908,"size == ""2""","isEmpty == ""False""","peek_obj_type == ""class java.lang.String""","push == ""none""","pop == ""none""","clear == ""clear""","size_p == ""1""",Yes
1497,1607885830117:e8887ebf-99c1-4a8d-bdad-0d2e4059a492,1607885830117:092af0ee-a1a5-4545-b038-9a538fa1c908,"size == ""3""","isEmpty == ""False""","peek_obj_type == ""class java.lang.String""","push == ""none""","pop == ""none""","clear == ""clear""","size_p == ""2""",Yes
1498,1607885830117:e8887ebf-99c1-4a8d-bdad-0d2e4059a492,1607885830117:092af0ee-a1a5-4545-b038-9a538fa1c908,"size == ""4""","isEmpty == ""False""","peek_obj_type == ""class java.lang.String""","push == ""none""","pop == ""none""","clear == ""clear""","size_p == ""3""",Yes
1500,1607885830117:c806f505-0437-4ad6-bacf-01ea65d09583,1607885830117:0885a644-74bd-412d-b6c5-0df38282003a,"size == ""0""","isEmpty == ""True""","peek_obj_type == ""EmptyObject""","push == ""class java.lang.String""","pop == ""none""","clear == ""none""","size_p == ""0""",Yes
1501,1607885830117:c806f505-0437-4ad6-bacf-01ea65d09583,1607885830117:0885a644-74bd-412d-b6c5-0df38282003a,"size == ""0""","isEmpty == ""True""","peek_obj_type == ""EmptyObject""","push == ""none""","pop == ""EmptyObject""","clear == ""none""","size_p == ""0""",No
1503,1607885830117:371ef405-4b0e-4501-9a68-7e1ff1fe039a,1607885830117:640b62ab-a6ba-4fed-bbbc-c389787dbf55,"size == ""0""","isEmpty == ""True""","peek_obj_type == ""EmptyObject""","push == ""class java.lang.String""","pop == ""none""","clear == ""none""","size_p == ""0""",Yes
1504,1607885830117:371ef405-4b0e-4501-9a68-7e1ff1fe039a,1607885830117:640b62ab-a6ba-4fed-bbbc-c389787dbf55,"size == ""0""","isEmpty == ""True""","peek_obj_type == ""EmptyObject""","push == ""none""","pop == ""EmptyObject""","clear == ""none""","size_p == ""0""",No
1506,1607885830116:f46e7df8-c633-4014-9bba-3acce1d102bd,1607885830116:e057dfe8-ff92-452d-97cd-61bd3521e5f0,"size == ""0""","isEmpty == ""True""","peek_obj_type == ""EmptyObject""","push == ""class java.lang.String""","pop == ""none""","clear == ""none""","size_p == ""0""",Yes
1507,1607885830116:f46e7df8-c633-4014-9bba-3acce1d102bd,1607885830116:e057dfe8-ff92-452d-97cd-61bd3521e5f0,"size == ""0""","isEmpty == ""True""","peek_obj_type == ""EmptyObject""","push == ""none""","pop == ""EmptyObject""","clear == ""none""","size_p == ""0""",No
1509,1607885830116:e3a095cd-3238-4fe7-b440-05dc452f9af2,1607885830116:f4c6f7eb-d1a6-4708-a02d-7026efbe6cd7,"size == ""0""","isEmpty == ""True""","peek_obj_type == ""EmptyObject""","push == ""class java.lang.String""","pop == ""none""","clear == ""none""","size_p == ""0""",Yes
1510,1607885830116:e3a095cd-3238-4fe7-b440-05dc452f9af2,1607885830116:f4c6f7eb-d1a6-4708-a02d-7026efbe6cd7,"size == ""0""","isEmpty == ""True""","peek_obj_type == ""EmptyObject""","push == ""class java.lang.String""","pop == ""none""","clear == ""none""","size_p == ""0""",Yes
1512,1607885830116:e3a095cd-3238-4fe7-b440-05dc452f9af2,1607885830116:11801835-304e-4826-96b6-7dc361731750,"size == ""0""","isEmpty == ""True""","peek_obj_type == ""EmptyObject""","push == ""class java.lang.String""","pop == ""none""","clear == ""none""","size_p == ""0""",Yes
1513,1607885830116:e3a095cd-3238-4fe7-b440-05dc452f9af2,1607885830116:11801835-304e-4826-96b6-7dc361731750,"size == ""0""","isEmpty == ""True""","peek_obj_type == ""EmptyObject""","push == ""none""","pop == ""EmptyObject""","clear == ""none""","size_p == ""0""",No
1515,1607885830116:79303fca-1f9f-4368-bd8e-1f35f55d7d9a,1607885830116:bb25a519-66c1-4709-a4eb-601fcd918c79,"size == ""0""","isEmpty == ""True""","peek_obj_type == ""EmptyObject""","push == ""class java.lang.String""","pop == ""none""","clear == ""none""","size_p == ""0""",Yes
1516,1607885830116:79303fca-1f9f-4368-bd8e-1f35f55d7d9a,1607885830116:bb25a519-66c1-4709-a4eb-601fcd918c79,"size == ""0""","isEmpty == ""True""","peek_obj_type == ""EmptyObject""","push == ""none""","pop == ""EmptyObject""","clear == ""none""","size_p == ""0""",No
1518,1607885830116:690788d7-b8e5-4ed3-89c6-560e4bb0b978,1607885830116:233bef3f-b2f3-4f04-9a43-6711c92dba20,"size == ""0""","isEmpty == ""True""","peek_obj_type == ""EmptyObject""","push == ""class java.lang.String""","pop == ""none""","clear == ""none""","size_p == ""0""",Yes
1519,1607885830116:690788d7-b8e5-4ed3-89c6-560e4bb0b978,1607885830116:233bef3f-b2f3-4f04-9a43-6711c92dba20,"size == ""0""","isEmpty == ""True""","peek_obj_type == ""EmptyObject""","push == ""none""","pop == ""EmptyObject""","clear == ""none""","size_p == ""0""",No
1521,1607885830116:3db3b16a-3d70-4132-acea-4e10d1f4518a,1607885830116:d498ddbc-9568-4a3c-8033-e4461f35d999,"size == ""1""","isEmpty == ""False""","peek_obj_type == ""class java.lang.String""","push == ""none""","pop == ""none""","clear == ""clear""","size_p == ""0""",Yes
1522,1607885830116:3db3b16a-3d70-4132-acea-4e10d1f4518a,1607885830116:d498ddbc-9568-4a3c-8033-e4461f35d999,"size == ""1""","isEmpty == ""False""","peek_obj_type == ""class java.lang.String""","push == ""class java.lang.String""","pop == ""none""","clear == ""none""","size_p == ""1""",Yes
1523,1607885830116:3db3b16a-3d70-4132-acea-4e10d1f4518a,1607885830116:d498ddbc-9568-4a3c-8033-e4461f35d999,"size == ""2""","isEmpty == ""False""","peek_obj_type == ""class java.lang.String""","push == ""none""","pop == ""none""","clear == ""clear""","size_p == ""1""",Yes
1525,1607885830116:3db3b16a-3d70-4132-acea-4e10d1f4518a,1607885830116:4b876236-7e6b-4ac8-b64f-2a036da8d049,"size == ""0""","isEmpty == ""True""","peek_obj_type == ""EmptyObject""","push == ""class java.lang.String""","pop == ""none""","clear == ""none""","size_p == ""0""",Yes
1526,1607885830116:3db3b16a-3d70-4132-acea-4e10d1f4518a,1607885830116:4b876236-7e6b-4ac8-b64f-2a036da8d049,"size == ""0""","isEmpty == ""True""","peek_obj_type == ""EmptyObject""","push == ""none""","pop == ""EmptyObject""","clear == ""none""","size_p == ""0""",No
1528,1607885830115:f48c5c86-2088-431e-af3e-ad24236a16ca,1607885830115:49a52553-80bf-4448-9d86-5b3746c36c04,"size == ""0""","isEmpty == ""True""","peek_obj_type == ""EmptyObject""","push == ""class java.lang.String""","pop == ""none""","clear == ""none""","size_p == ""0""",Yes
1529,1607885830115:f48c5c86-2088-431e-af3e-ad24236a16ca,1607885830115:49a52553-80bf-4448-9d86-5b3746c36c04,"size == ""0""","isEmpty == ""True""","peek_obj_type == ""EmptyObject""","push == ""none""","pop == ""EmptyObject""","clear == ""none""","size_p == ""0""",No
1531,1607885830115:f48c5c86-2088-431e-af3e-ad24236a16ca,1607885830115:1edd56e0-663c-4345-a027-7719a72a3aa2,"size == ""1""","isEmpty == ""False""","peek_obj_type == ""class java.lang.String""","push == ""none""","pop == ""none""","clear == ""clear""","size_p == ""0""",Yes
1532,1607885830115:f48c5c86-2088-431e-af3e-ad24236a16ca,1607885830115:1edd56e0-663c-4345-a027-7719a72a3aa2,"size == ""1""","isEmpty == ""False""","peek_obj_type == ""class java.lang.String""","push == ""class java.lang.String""","pop == ""none""","clear == ""none""","size_p == ""1""",Yes
1533,1607885830115:f48c5c86-2088-431e-af3e-ad24236a16ca,1607885830115:1edd56e0-663c-4345-a027-7719a72a3aa2,"size == ""2""","isEmpty == ""False""","peek_obj_type == ""class java.lang.String""","push == ""none""","pop == ""none""","clear == ""clear""","size_p == ""1""",Yes
1535,1607885830115:c671fc9f-089d-4bc4-a85e-98675eb9feb3,1607885830115:46fabb0e-c9ee-4612-b85c-1f1d5134cd08,"size == ""0""","isEmpty == ""True""","peek_obj_type == ""EmptyObject""","push == ""class java.lang.String""","pop == ""none""","clear == ""none""","size_p == ""0""",Yes
1536,1607885830115:c671fc9f-089d-4bc4-a85e-98675eb9feb3,1607885830115:46fabb0e-c9ee-4612-b85c-1f1d5134cd08,"size == ""0""","isEmpty == ""True""","peek_obj_type == ""EmptyObject""","push == ""none""","pop == ""EmptyObject""","clear == ""none""","size_p == ""0""",No
1538,1607885830115:87a6f009-7e46-44c8-b473-db62445aa601,1607885830115:ce132928-f9a6-4227-a32c-ebfa0de52237,"size == ""0""","isEmpty == ""True""","peek_obj_type == ""EmptyObject""","push == ""class java.lang.String""","pop == ""none""","clear == ""none""","size_p == ""0""",Yes
1539,1607885830115:87a6f009-7e46-44c8-b473-db62445aa601,1607885830115:ce132928-f9a6-4227-a32c-ebfa0de52237,"size == ""0""","isEmpty == ""True""","peek_obj_type == ""EmptyObject""","push == ""none""","pop == ""EmptyObject""","clear == ""none""","size_p == ""0""",No
1541,1607885830115:5a5912db-f8ac-4e12-a3bb-2c825caf13d7,1607885830116:1225ef54-e584-4f36-9e50-03171fe95add,"size == ""0""","isEmpty == ""True""","peek_obj_type == ""EmptyObject""","push == ""class java.lang.String""","pop == ""none""","clear == ""none""","size_p == ""0""",Yes
1542,1607885830115:5a5912db-f8ac-4e12-a3bb-2c825caf13d7,1607885830116:1225ef54-e584-4f36-9e50-03171fe95add,"size == ""0""","isEmpty == ""True""","peek_obj_type == ""EmptyObject""","push == ""none""","pop == ""EmptyObject""","clear == ""none""","size_p == ""0""",No
1544,1607885830115:5a5912db-f8ac-4e12-a3bb-2c825caf13d7,1607885830115:16d313f7-8333-4768-9e04-15a60a0a6440,"size == ""1""","isEmpty == ""False""","peek_obj_type == ""class java.lang.String""","push == ""none""","pop == ""none""","clear == ""clear""","size_p == ""0""",Yes
1545,1607885830115:5a5912db-f8ac-4e12-a3bb-2c825caf13d7,1607885830115:16d313f7-8333-4768-9e04-15a60a0a6440,"size == ""1""","isEmpty == ""False""","peek_obj_type == ""class java.lang.String""","push == ""class java.lang.String""","pop == ""none""","clear == ""none""","size_p == ""1""",Yes
1546,1607885830115:5a5912db-f8ac-4e12-a3bb-2c825caf13d7,1607885830115:16d313f7-8333-4768-9e04-15a60a0a6440,"size == ""0""","isEmpty == ""True""","peek_obj_type == ""EmptyObject""","push == ""none""","pop == ""EmptyObject""","clear == ""none""","size_p == ""1""",No
1547,1607885830115:5a5912db-f8ac-4e12-a3bb-2c825caf13d7,1607885830115:16d313f7-8333-4768-9e04-15a60a0a6440,"size == ""1""","isEmpty == ""False""","peek_obj_type == ""class java.lang.String""","push == ""none""","pop == ""none""","clear == ""clear""","size_p == ""0""",Yes
1549,1607885830115:4071d28d-201b-47f3-ad8b-f3fd6ead63bc,1607885830115:bdc6d429-d64e-4d54-809f-a16ef12b6519,"size == ""0""","isEmpty == ""True""","peek_obj_type == ""EmptyObject""","push == ""class java.lang.String""","pop == ""none""","clear == ""none""","size_p == ""0""",Yes
1550,1607885830115:4071d28d-201b-47f3-ad8b-f3fd6ead63bc,1607885830115:bdc6d429-d64e-4d54-809f-a16ef12b6519,"size == ""0""","isEmpty == ""True""","peek_obj_type == ""EmptyObject""","push == ""class java.lang.String""","pop == ""none""","clear == ""none""","size_p == ""0""",Yes
1552,1607885830115:4071d28d-201b-47f3-ad8b-f3fd6ead63bc,1607885830115:502f0832-feb4-4e18-9368-75d2936754f5,"size == ""0""","isEmpty == ""True""","peek_obj_type == ""EmptyObject""","push == ""class java.lang.String""","pop == ""none""","clear == ""none""","size_p == ""0""",Yes
1553,1607885830115:4071d28d-201b-47f3-ad8b-f3fd6ead63bc,1607885830115:502f0832-feb4-4e18-9368-75d2936754f5,"size == ""0""","isEmpty == ""True""","peek_obj_type == ""EmptyObject""","push == ""none""","pop == ""EmptyObject""","clear == ""none""","size_p == ""0""",No
1555,1607885830115:20e3325a-ad0f-4cee-9888-a73b78004f9e,1607885830115:18d26d3e-3ade-447f-b5ee-a4bc4cbd0341,"size == ""0""","isEmpty == ""True""","peek_obj_type == ""EmptyObject""","push == ""class java.lang.String""","pop == ""none""","clear == ""none""","size_p == ""0""",Yes
1556,1607885830115:20e3325a-ad0f-4cee-9888-a73b78004f9e,1607885830115:18d26d3e-3ade-447f-b5ee-a4bc4cbd0341,"size == ""0""","isEmpty == ""True""","peek_obj_type == ""EmptyObject""","push == ""none""","pop == ""EmptyObject""","clear == ""none""","size_p == ""0""",No
1558,1607885830114:f5dbe369-3465-432e-a30f-5ffc6b980306,1607885830114:17190c07-6a72-4394-9fac-1645b625322e,"size == ""1""","isEmpty == ""False""","peek_obj_type == ""class java.lang.String""","push == ""none""","pop == ""none""","clear == ""clear""","size_p == ""0""",Yes
1559,1607885830114:f5dbe369-3465-432e-a30f-5ffc6b980306,1607885830114:17190c07-6a72-4394-9fac-1645b625322e,"size == ""1""","isEmpty == ""False""","peek_obj_type == ""class java.lang.String""","push == ""class java.lang.String""","pop == ""none""","clear == ""none""","size_p == ""1""",Yes
1560,1607885830114:f5dbe369-3465-432e-a30f-5ffc6b980306,1607885830114:17190c07-6a72-4394-9fac-1645b625322e,"size == ""2""","isEmpty == ""False""","peek_obj_type == ""class java.lang.String""","push == ""none""","pop == ""none""","clear == ""clear""","size_p == ""1""",Yes
1561,1607885830114:f5dbe369-3465-432e-a30f-5ffc6b980306,1607885830114:17190c07-6a72-4394-9fac-1645b625322e,"size == ""3""","isEmpty == ""False""","peek_obj_type == ""class java.lang.String""","push == ""none""","pop == ""none""","clear == ""clear""","size_p == ""2""",Yes
1562,1607885830114:f5dbe369-3465-432e-a30f-5ffc6b980306,1607885830114:17190c07-6a72-4394-9fac-1645b625322e,"size == ""4""","isEmpty == ""False""","peek_obj_type == ""class java.lang.String""","push == ""none""","pop == ""none""","clear == ""clear""","size_p == ""3""",Yes
1564,1607885830114:f5dbe369-3465-432e-a30f-5ffc6b980306,1607885830114:1598937a-4827-4713-abe9-ec18f5bf982a,"size == ""0""","isEmpty == ""True""","peek_obj_type == ""EmptyObject""","push == ""class java.lang.String""","pop == ""none""","clear == ""none""","size_p == ""0""",Yes
1565,1607885830114:f5dbe369-3465-432e-a30f-5ffc6b980306,1607885830114:1598937a-4827-4713-abe9-ec18f5bf982a,"size == ""0""","isEmpty == ""True""","peek_obj_type == ""EmptyObject""","push == ""none""","pop == ""EmptyObject""","clear == ""none""","size_p == ""0""",No
1567,1607885830114:df3deb67-82e4-471c-be68-17f1cb34eb9e,1607885830114:c999fc0a-5d90-4454-abce-9b6b7095c349,"size == ""1""","isEmpty == ""False""","peek_obj_type == ""class java.lang.String""","push == ""none""","pop == ""none""","clear == ""clear""","size_p == ""0""",Yes
1568,1607885830114:df3deb67-82e4-471c-be68-17f1cb34eb9e,1607885830114:c999fc0a-5d90-4454-abce-9b6b7095c349,"size == ""1""","isEmpty == ""False""","peek_obj_type == ""class java.lang.String""","push == ""class java.lang.String""","pop == ""none""","clear == ""none""","size_p == ""1""",Yes
1569,1607885830114:df3deb67-82e4-471c-be68-17f1cb34eb9e,1607885830114:c999fc0a-5d90-4454-abce-9b6b7095c349,"size == ""2""","isEmpty == ""False""","peek_obj_type == ""class java.lang.String""","push == ""none""","pop == ""none""","clear == ""clear""","size_p == ""1""",Yes
1570,1607885830114:df3deb67-82e4-471c-be68-17f1cb34eb9e,1607885830114:c999fc0a-5d90-4454-abce-9b6b7095c349,"size == ""3""","isEmpty == ""False""","peek_obj_type == ""class java.lang.String""","push == ""none""","pop == ""none""","clear == ""clear""","size_p == ""2""",Yes
1571,1607885830114:df3deb67-82e4-471c-be68-17f1cb34eb9e,1607885830114:c999fc0a-5d90-4454-abce-9b6b7095c349,"size == ""4""","isEmpty == ""False""","peek_obj_type == ""class java.lang.String""","push == ""none""","pop == ""none""","clear == ""clear""","size_p == ""3""",Yes
1573,1607885830114:df3deb67-82e4-471c-be68-17f1cb34eb9e,1607885830114:9ee0845a-df7a-49a4-8b04-882f71935b21,"size == ""0""","isEmpty == ""True""","peek_obj_type == ""EmptyObject""","push == ""class java.lang.String""","pop == ""none""","clear == ""none""","size_p == ""0""",Yes
1574,1607885830114:df3deb67-82e4-471c-be68-17f1cb34eb9e,1607885830114:9ee0845a-df7a-49a4-8b04-882f71935b21,"size == ""0""","isEmpty == ""True""","peek_obj_type == ""EmptyObject""","push == ""none""","pop == ""EmptyObject""","clear == ""none""","size_p == ""0""",No
1576,1607885830114:a96d0a06-83c7-492f-8180-b4256c11d355,1607885830114:d9b69be7-9d12-435a-8c20-f99d971df081,"size == ""0""","isEmpty == ""True""","peek_obj_type == ""EmptyObject""","push == ""class java.lang.String""","pop == ""none""","clear == ""none""","size_p == ""0""",Yes
1577,1607885830114:a96d0a06-83c7-492f-8180-b4256c11d355,1607885830114:d9b69be7-9d12-435a-8c20-f99d971df081,"size == ""0""","isEmpty == ""True""","peek_obj_type == ""EmptyObject""","push == ""none""","pop == ""EmptyObject""","clear == ""none""","size_p == ""0""",No
1579,1607885830114:8ab36812-79dd-400d-a165-95737c822948,1607885830114:b885209b-4549-4e48-bf55-b2ffe3fabd43,"size == ""0""","isEmpty == ""True""","peek_obj_type == ""EmptyObject""","push == ""class java.lang.String""","pop == ""none""","clear == ""none""","size_p == ""0""",Yes
1580,1607885830114:8ab36812-79dd-400d-a165-95737c822948,1607885830114:b885209b-4549-4e48-bf55-b2ffe3fabd43,"size == ""0""","isEmpty == ""True""","peek_obj_type == ""EmptyObject""","push == ""none""","pop == ""EmptyObject""","clear == ""none""","size_p == ""0""",No
1582,1607885830114:6f4bf186-2b34-4a02-9038-cc32e1dc8602,1607885830114:c0439f2d-356e-45be-9827-d8ae1e8559b8,"size == ""0""","isEmpty == ""True""","peek_obj_type == ""EmptyObject""","push == ""class java.lang.String""","pop == ""none""","clear == ""none""","size_p == ""0""",Yes
1583,1607885830114:6f4bf186-2b34-4a02-9038-cc32e1dc8602,1607885830114:c0439f2d-356e-45be-9827-d8ae1e8559b8,"size == ""0""","isEmpty == ""True""","peek_obj_type == ""EmptyObject""","push == ""none""","pop == ""EmptyObject""","clear == ""none""","size_p == ""0""",No
1585,1607885830114:6f4bf186-2b34-4a02-9038-cc32e1dc8602,1607885830114:570439fb-fb60-4b5e-bfdf-2c4695c81b7d,"size == ""0""","isEmpty == ""True""","peek_obj_type == ""EmptyObject""","push == ""class java.lang.String""","pop == ""none""","clear == ""none""","size_p == ""0""",Yes
1587,1607885830114:46bc5ab3-fe7e-445f-8010-a0c6b3e8b0f9,1607885830114:3ec68b50-7054-472e-975d-5b899cd00915,"size == ""0""","isEmpty == ""True""","peek_obj_type == ""EmptyObject""","push == ""class java.lang.String""","pop == ""none""","clear == ""none""","size_p == ""0""",Yes
1588,1607885830114:46bc5ab3-fe7e-445f-8010-a0c6b3e8b0f9,1607885830114:3ec68b50-7054-472e-975d-5b899cd00915,"size == ""0""","isEmpty == ""True""","peek_obj_type == ""EmptyObject""","push == ""class java.lang.String""","pop == ""none""","clear == ""none""","size_p == ""0""",Yes
1589,1607885830114:46bc5ab3-fe7e-445f-8010-a0c6b3e8b0f9,1607885830114:3ec68b50-7054-472e-975d-5b899cd00915,"size == ""0""","isEmpty == ""True""","peek_obj_type == ""EmptyObject""","push == ""class java.lang.String""","pop == ""none""","clear == ""none""","size_p == ""0""",Yes
1591,1607885830114:46bc5ab3-fe7e-445f-8010-a0c6b3e8b0f9,1607885830114:30806a53-5a0d-4169-a44f-753b052b2ae8,"size == ""0""","isEmpty == ""True""","peek_obj_type == ""EmptyObject""","push == ""class java.lang.String""","pop == ""none""","clear == ""none""","size_p == ""0""",Yes
1592,1607885830114:46bc5ab3-fe7e-445f-8010-a0c6b3e8b0f9,1607885830114:30806a53-5a0d-4169-a44f-753b052b2ae8,"size == ""0""","isEmpty == ""True""","peek_obj_type == ""EmptyObject""","push == ""none""","pop == ""EmptyObject""","clear == ""none""","size_p == ""0""",No
1594,1607885830114:46bc5ab3-fe7e-445f-8010-a0c6b3e8b0f9,1607885830114:2b44ed92-347f-48b2-9a41-1bd3b2e782f0,"size == ""1""","isEmpty == ""False""","peek_obj_type == ""class java.lang.String""","push == ""none""","pop == ""none""","clear == ""clear""","size_p == ""0""",Yes
1595,1607885830114:46bc5ab3-fe7e-445f-8010-a0c6b3e8b0f9,1607885830114:2b44ed92-347f-48b2-9a41-1bd3b2e782f0,"size == ""1""","isEmpty == ""False""","peek_obj_type == ""class java.lang.String""","push == ""class java.lang.String""","pop == ""none""","clear == ""none""","size_p == ""1""",Yes
1596,1607885830114:46bc5ab3-fe7e-445f-8010-a0c6b3e8b0f9,1607885830114:2b44ed92-347f-48b2-9a41-1bd3b2e782f0,"size == ""0""","isEmpty == ""True""","peek_obj_type == ""EmptyObject""","push == ""none""","pop == ""EmptyObject""","clear == ""none""","size_p == ""1""",No
1597,1607885830114:46bc5ab3-fe7e-445f-8010-a0c6b3e8b0f9,1607885830114:2b44ed92-347f-48b2-9a41-1bd3b2e782f0,"size == ""1""","isEmpty == ""False""","peek_obj_type == ""class java.lang.String""","push == ""none""","pop == ""none""","clear == ""clear""","size_p == ""0""",Yes
1599,1607885830114:37f1c6c9-3d88-4c4c-9435-58d2f77c438f,1607885830114:6307a7a0-3607-4a12-85ac-3ae26af4cc1d,"size == ""0""","isEmpty == ""True""","peek_obj_type == ""EmptyObject""","push == ""class java.lang.String""","pop == ""none""","clear == ""none""","size_p == ""0""",Yes
1600,1607885830114:37f1c6c9-3d88-4c4c-9435-58d2f77c438f,1607885830114:6307a7a0-3607-4a12-85ac-3ae26af4cc1d,"size == ""0""","isEmpty == ""True""","peek_obj_type == ""EmptyObject""","push == ""none""","pop == ""EmptyObject""","clear == ""none""","size_p == ""0""",No
1602,1607885830114:37f1c6c9-3d88-4c4c-9435-58d2f77c438f,1607885830114:49a08848-4647-4326-827d-cc02f902fef9,"size == ""0""","isEmpty == ""True""","peek_obj_type == ""EmptyObject""","push == ""class java.lang.String""","pop == ""none""","clear == ""none""","size_p == ""0""",Yes
1603,1607885830114:37f1c6c9-3d88-4c4c-9435-58d2f77c438f,1607885830114:49a08848-4647-4326-827d-cc02f902fef9,"size == ""0""","isEmpty == ""True""","peek_obj_type == ""EmptyObject""","push == ""class java.lang.String""","pop == ""none""","clear == ""none""","size_p == ""0""",Yes
1605,1607885830113:df9ed8cc-b205-4b31-8585-5a4eecfbc3d2,1607885830113:b972f70a-a13c-4a06-9e4c-b4c56bd87586,"size == ""0""","isEmpty == ""True""","peek_obj_type == ""EmptyObject""","push == ""class java.lang.String""","pop == ""none""","clear == ""none""","size_p == ""0""",Yes
1606,1607885830113:df9ed8cc-b205-4b31-8585-5a4eecfbc3d2,1607885830113:b972f70a-a13c-4a06-9e4c-b4c56bd87586,"size == ""0""","isEmpty == ""True""","peek_obj_type == ""EmptyObject""","push == ""none""","pop == ""EmptyObject""","clear == ""none""","size_p == ""0""",No
1608,1607885830113:d9ae1ce8-99dc-4778-b0e9-98cfa4fd208c,1607885830113:0f3bb257-a2b3-438a-a6c4-bd9b0a6388b2,"size == ""0""","isEmpty == ""True""","peek_obj_type == ""EmptyObject""","push == ""class java.lang.String""","pop == ""none""","clear == ""none""","size_p == ""0""",Yes
1609,1607885830113:d9ae1ce8-99dc-4778-b0e9-98cfa4fd208c,1607885830113:0f3bb257-a2b3-438a-a6c4-bd9b0a6388b2,"size == ""0""","isEmpty == ""True""","peek_obj_type == ""EmptyObject""","push == ""none""","pop == ""EmptyObject""","clear == ""none""","size_p == ""0""",No
1611,1607885830113:9a985544-ccda-46d5-bad4-694e91dd6771,1607885830113:915e8632-81de-44ad-9e3d-80da668e3aef,"size == ""0""","isEmpty == ""True""","peek_obj_type == ""EmptyObject""","push == ""class java.lang.String""","pop == ""none""","clear == ""none""","size_p == ""0""",Yes
1612,1607885830113:9a985544-ccda-46d5-bad4-694e91dd6771,1607885830113:915e8632-81de-44ad-9e3d-80da668e3aef,"size == ""0""","isEmpty == ""True""","peek_obj_type == ""EmptyObject""","push == ""none""","pop == ""EmptyObject""","clear == ""none""","size_p == ""0""",No
1614,1607885830113:9a985544-ccda-46d5-bad4-694e91dd6771,1607885830113:910d2a49-e09a-4ad8-974e-22dc328ae05e,"size == ""0""","isEmpty == ""True""","peek_obj_type == ""EmptyObject""","push == ""class java.lang.String""","pop == ""none""","clear == ""none""","size_p == ""0""",Yes
1616,1607885830113:81be2f16-6496-4d58-bae5-b0033e5a3f39,1607885830113:fe84e69d-91d7-49df-ace0-3dc4ca56047f,"size == ""0""","isEmpty == ""True""","peek_obj_type == ""EmptyObject""","push == ""class java.lang.String""","pop == ""none""","clear == ""none""","size_p == ""0""",Yes
1617,1607885830113:81be2f16-6496-4d58-bae5-b0033e5a3f39,1607885830113:fe84e69d-91d7-49df-ace0-3dc4ca56047f,"size == ""0""","isEmpty == ""True""","peek_obj_type == ""EmptyObject""","push == ""none""","pop == ""EmptyObject""","clear == ""none""","size_p == ""0""",No
1619,1607885830113:81be2f16-6496-4d58-bae5-b0033e5a3f39,1607885830113:330621ea-2f34-4573-9152-204cea485993,"size == ""1""","isEmpty == ""False""","peek_obj_type == ""class java.lang.String""","push == ""none""","pop == ""none""","clear == ""clear""","size_p == ""0""",Yes
1620,1607885830113:81be2f16-6496-4d58-bae5-b0033e5a3f39,1607885830113:330621ea-2f34-4573-9152-204cea485993,"size == ""1""","isEmpty == ""False""","peek_obj_type == ""class java.lang.String""","push == ""class java.lang.String""","pop == ""none""","clear == ""none""","size_p == ""1""",Yes
1621,1607885830113:81be2f16-6496-4d58-bae5-b0033e5a3f39,1607885830113:330621ea-2f34-4573-9152-204cea485993,"size == ""2""","isEmpty == ""False""","peek_obj_type == ""class java.lang.String""","push == ""none""","pop == ""none""","clear == ""clear""","size_p == ""1""",Yes
1622,1607885830113:81be2f16-6496-4d58-bae5-b0033e5a3f39,1607885830113:330621ea-2f34-4573-9152-204cea485993,"size == ""3""","isEmpty == ""False""","peek_obj_type == ""class java.lang.String""","push == ""none""","pop == ""none""","clear == ""clear""","size_p == ""2""",Yes
1623,1607885830113:81be2f16-6496-4d58-bae5-b0033e5a3f39,1607885830113:330621ea-2f34-4573-9152-204cea485993,"size == ""4""","isEmpty == ""False""","peek_obj_type == ""class java.lang.String""","push == ""none""","pop == ""none""","clear == ""clear""","size_p == ""3""",Yes
1625,1607885830113:46ff1597-8215-4b90-9941-4bc6802f66b7,1607885830113:f41c8264-f843-4c76-ac06-ff3b2a2484b7,"size == ""0""","isEmpty == ""True""","peek_obj_type == ""EmptyObject""","push == ""class java.lang.String""","pop == ""none""","clear == ""none""","size_p == ""0""",Yes
1626,1607885830113:46ff1597-8215-4b90-9941-4bc6802f66b7,1607885830113:f41c8264-f843-4c76-ac06-ff3b2a2484b7,"size == ""0""","isEmpty == ""True""","peek_obj_type == ""EmptyObject""","push == ""none""","pop == ""EmptyObject""","clear == ""none""","size_p == ""0""",No
1628,1607885830113:46ff1597-8215-4b90-9941-4bc6802f66b7,1607885830113:93f7ac37-f04f-4acc-85cf-062aed876ed6,"size == ""0""","isEmpty == ""True""","peek_obj_type == ""EmptyObject""","push == ""class java.lang.String""","pop == ""none""","clear == ""none""","size_p == ""0""",Yes
1629,1607885830113:46ff1597-8215-4b90-9941-4bc6802f66b7,1607885830113:93f7ac37-f04f-4acc-85cf-062aed876ed6,"size == ""0""","isEmpty == ""True""","peek_obj_type == ""EmptyObject""","push == ""class java.lang.String""","pop == ""none""","clear == ""none""","size_p == ""0""",Yes
1631,1607885830113:1af7f093-bc0c-4095-959d-b5857ca9672f,1607885830113:bd62641c-d67f-4719-9759-d6a1a98a762b,"size == ""0""","isEmpty == ""True""","peek_obj_type == ""EmptyObject""","push == ""class java.lang.String""","pop == ""none""","clear == ""none""","size_p == ""0""",Yes
1632,1607885830113:1af7f093-bc0c-4095-959d-b5857ca9672f,1607885830113:bd62641c-d67f-4719-9759-d6a1a98a762b,"size == ""0""","isEmpty == ""True""","peek_obj_type == ""EmptyObject""","push == ""none""","pop == ""EmptyObject""","clear == ""none""","size_p == ""0""",No
1634,1607885830113:1474106b-328c-43f3-a3ba-d71c91bb28e8,1607885830113:dbe5df52-ef30-4710-9ff9-c9b3aeb0fbcd,"size == ""0""","isEmpty == ""True""","peek_obj_type == ""EmptyObject""","push == ""class java.lang.String""","pop == ""none""","clear == ""none""","size_p == ""0""",Yes
1635,1607885830113:1474106b-328c-43f3-a3ba-d71c91bb28e8,1607885830113:dbe5df52-ef30-4710-9ff9-c9b3aeb0fbcd,"size == ""0""","isEmpty == ""True""","peek_obj_type == ""EmptyObject""","push == ""none""","pop == ""EmptyObject""","clear == ""none""","size_p == ""0""",No
1637,1607885830112:ded2aba4-556b-4a06-bd03-af7adbe88b9a,1607885830112:a9fd3a1d-cb57-4682-850c-77a1db072eb6,"size == ""0""","isEmpty == ""True""","peek_obj_type == ""EmptyObject""","push == ""class java.lang.String""","pop == ""none""","clear == ""none""","size_p == ""0""",Yes
1639,1607885830112:ded2aba4-556b-4a06-bd03-af7adbe88b9a,1607885830112:6ed3836d-cef5-47c8-8834-8079c898dad1,"size == ""0""","isEmpty == ""True""","peek_obj_type == ""EmptyObject""","push == ""class java.lang.String""","pop == ""none""","clear == ""none""","size_p == ""0""",Yes
1640,1607885830112:ded2aba4-556b-4a06-bd03-af7adbe88b9a,1607885830112:6ed3836d-cef5-47c8-8834-8079c898dad1,"size == ""0""","isEmpty == ""True""","peek_obj_type == ""EmptyObject""","push == ""none""","pop == ""EmptyObject""","clear == ""none""","size_p == ""0""",No
1643,1607885830112:c82b8252-1b45-473d-bb1e-f0193dc44540,1607885830112:def7a6fd-9239-45fa-8505-05dcd8008852,"size == ""0""","isEmpty == ""True""","peek_obj_type == ""EmptyObject""","push == ""class java.lang.String""","pop == ""none""","clear == ""none""","size_p == ""0""",Yes
1644,1607885830112:c82b8252-1b45-473d-bb1e-f0193dc44540,1607885830112:def7a6fd-9239-45fa-8505-05dcd8008852,"size == ""0""","isEmpty == ""True""","peek_obj_type == ""EmptyObject""","push == ""none""","pop == ""EmptyObject""","clear == ""none""","size_p == ""0""",No
1646,1607885830112:9a62a90c-4e3f-4c5e-a7ec-5071f56598ba,1607885830112:7287aa66-774b-4233-b860-d22a3b208c7d,"size == ""1""","isEmpty == ""False""","peek_obj_type == ""class java.lang.String""","push == ""none""","pop == ""none""","clear == ""clear""","size_p == ""0""",Yes
1647,1607885830112:9a62a90c-4e3f-4c5e-a7ec-5071f56598ba,1607885830112:7287aa66-774b-4233-b860-d22a3b208c7d,"size == ""1""","isEmpty == ""False""","peek_obj_type == ""class java.lang.String""","push == ""class java.lang.String""","pop == ""none""","clear == ""none""","size_p == ""1""",Yes
1648,1607885830112:9a62a90c-4e3f-4c5e-a7ec-5071f56598ba,1607885830112:7287aa66-774b-4233-b860-d22a3b208c7d,"size == ""2""","isEmpty == ""False""","peek_obj_type == ""class java.lang.String""","push == ""none""","pop == ""none""","clear == ""clear""","size_p == ""1""",Yes
1649,1607885830112:9a62a90c-4e3f-4c5e-a7ec-5071f56598ba,1607885830112:7287aa66-774b-4233-b860-d22a3b208c7d,"size == ""3""","isEmpty == ""False""","peek_obj_type == ""class java.lang.String""","push == ""none""","pop == ""none""","clear == ""clear""","size_p == ""2""",Yes
1650,1607885830112:9a62a90c-4e3f-4c5e-a7ec-5071f56598ba,1607885830112:7287aa66-774b-4233-b860-d22a3b208c7d,"size == ""4""","isEmpty == ""False""","peek_obj_type == ""class java.lang.String""","push == ""none""","pop == ""none""","clear == ""clear""","size_p == ""3""",Yes
1652,1607885830112:9a62a90c-4e3f-4c5e-a7ec-5071f56598ba,1607885830112:3b4a57d8-cb08-4ea6-aee0-40df7365813a,"size == ""0""","isEmpty == ""True""","peek_obj_type == ""EmptyObject""","push == ""class java.lang.String""","pop == ""none""","clear == ""none""","size_p == ""0""",Yes
1653,1607885830112:9a62a90c-4e3f-4c5e-a7ec-5071f56598ba,1607885830112:3b4a57d8-cb08-4ea6-aee0-40df7365813a,"size == ""0""","isEmpty == ""True""","peek_obj_type == ""EmptyObject""","push == ""none""","pop == ""EmptyObject""","clear == ""none""","size_p == ""0""",No
1655,1607885830112:695fd7b1-33be-4bd9-ab83-053dcd74d8ba,1607885830112:f5608b94-43b6-49d2-a4c9-c7784800ef8c,"size == ""1""","isEmpty == ""False""","peek_obj_type == ""class java.lang.String""","push == ""none""","pop == ""none""","clear == ""clear""","size_p == ""0""",Yes
1656,1607885830112:695fd7b1-33be-4bd9-ab83-053dcd74d8ba,1607885830112:f5608b94-43b6-49d2-a4c9-c7784800ef8c,"size == ""1""","isEmpty == ""False""","peek_obj_type == ""class java.lang.String""","push == ""class java.lang.String""","pop == ""none""","clear == ""none""","size_p == ""1""",No
1658,1607885830112:695fd7b1-33be-4bd9-ab83-053dcd74d8ba,1607885830112:2d317ab3-8baf-4ddb-a0ab-9c17506b3b13,"size == ""0""","isEmpty == ""True""","peek_obj_type == ""EmptyObject""","push == ""class java.lang.String""","pop == ""none""","clear == ""none""","size_p == ""0""",Yes
1659,1607885830112:695fd7b1-33be-4bd9-ab83-053dcd74d8ba,1607885830112:2d317ab3-8baf-4ddb-a0ab-9c17506b3b13,"size == ""0""","isEmpty == ""True""","peek_obj_type == ""EmptyObject""","push == ""none""","pop == ""EmptyObject""","clear == ""none""","size_p == ""0""",No
1661,1607885830112:60492653-4c49-4daa-9c51-12f4858c10f9,1607885830112:a212db4c-3ffe-4aaa-b401-96dba1e16263,"size == ""1""","isEmpty == ""False""","peek_obj_type == ""class java.lang.String""","push == ""none""","pop == ""none""","clear == ""clear""","size_p == ""0""",Yes
1662,1607885830112:60492653-4c49-4daa-9c51-12f4858c10f9,1607885830112:a212db4c-3ffe-4aaa-b401-96dba1e16263,"size == ""1""","isEmpty == ""False""","peek_obj_type == ""class java.lang.String""","push == ""class java.lang.String""","pop == ""none""","clear == ""none""","size_p == ""1""",Yes
1663,1607885830112:60492653-4c49-4daa-9c51-12f4858c10f9,1607885830112:a212db4c-3ffe-4aaa-b401-96dba1e16263,"size == ""2""","isEmpty == ""False""","peek_obj_type == ""class java.lang.String""","push == ""none""","pop == ""none""","clear == ""clear""","size_p == ""1""",Yes
1664,1607885830112:60492653-4c49-4daa-9c51-12f4858c10f9,1607885830112:a212db4c-3ffe-4aaa-b401-96dba1e16263,"size == ""3""","isEmpty == ""False""","peek_obj_type == ""class java.lang.String""","push == ""none""","pop == ""none""","clear == ""clear""","size_p == ""2""",Yes
1665,1607885830112:60492653-4c49-4daa-9c51-12f4858c10f9,1607885830112:a212db4c-3ffe-4aaa-b401-96dba1e16263,"size == ""4""","isEmpty == ""False""","peek_obj_type == ""class java.lang.String""","push == ""none""","pop == ""none""","clear == ""clear""","size_p == ""3""",Yes
1667,1607885830112:60492653-4c49-4daa-9c51-12f4858c10f9,1607885830112:446401c1-6c1a-40ad-9548-597b37ecfe1a,"size == ""0""","isEmpty == ""True""","peek_obj_type == ""EmptyObject""","push == ""class java.lang.String""","pop == ""none""","clear == ""none""","size_p == ""0""",Yes
1668,1607885830112:60492653-4c49-4daa-9c51-12f4858c10f9,1607885830112:446401c1-6c1a-40ad-9548-597b37ecfe1a,"size == ""0""","isEmpty == ""True""","peek_obj_type == ""EmptyObject""","push == ""none""","pop == ""EmptyObject""","clear == ""none""","size_p == ""0""",No
1670,1607885830112:5d051c38-c61f-4c69-ac2a-9b61fe07c975,1607885830112:b7b850b1-ad6e-4123-89b6-39f54f926482,"size == ""0""","isEmpty == ""True""","peek_obj_type == ""EmptyObject""","push == ""class java.lang.String""","pop == ""none""","clear == ""none""","size_p == ""0""",Yes
1671,1607885830112:5d051c38-c61f-4c69-ac2a-9b61fe07c975,1607885830112:b7b850b1-ad6e-4123-89b6-39f54f926482,"size == ""0""","isEmpty == ""True""","peek_obj_type == ""EmptyObject""","push == ""none""","pop == ""EmptyObject""","clear == ""none""","size_p == ""0""",No
1673,1607885830112:19604fc4-6a49-4674-b7ac-9358ead957f6,1607885830112:d504770d-d8c3-4c9d-80d6-a97a09e0aef2,"size == ""0""","isEmpty == ""True""","peek_obj_type == ""EmptyObject""","push == ""class java.lang.String""","pop == ""none""","clear == ""none""","size_p == ""0""",Yes
1674,1607885830112:19604fc4-6a49-4674-b7ac-9358ead957f6,1607885830112:d504770d-d8c3-4c9d-80d6-a97a09e0aef2,"size == ""0""","isEmpty == ""True""","peek_obj_type == ""EmptyObject""","push == ""none""","pop == ""EmptyObject""","clear == ""none""","size_p == ""0""",No
1676,1607885830112:139897f5-2835-4a93-b5f8-f803e40e4c50,1607885830112:caa51611-1832-443f-8f54-bca49ff7d287,"size == ""1""","isEmpty == ""False""","peek_obj_type == ""class java.lang.String""","push == ""none""","pop == ""none""","clear == ""clear""","size_p == ""0""",Yes
1677,1607885830112:139897f5-2835-4a93-b5f8-f803e40e4c50,1607885830112:caa51611-1832-443f-8f54-bca49ff7d287,"size == ""1""","isEmpty == ""False""","peek_obj_type == ""class java.lang.String""","push == ""class java.lang.String""","pop == ""none""","clear == ""none""","size_p == ""1""",Yes
1678,1607885830112:139897f5-2835-4a93-b5f8-f803e40e4c50,1607885830112:caa51611-1832-443f-8f54-bca49ff7d287,"size == ""2""","isEmpty == ""False""","peek_obj_type == ""class java.lang.String""","push == ""none""","pop == ""none""","clear == ""clear""","size_p == ""1""",Yes
1679,1607885830112:139897f5-2835-4a93-b5f8-f803e40e4c50,1607885830112:caa51611-1832-443f-8f54-bca49ff7d287,"size == ""3""","isEmpty == ""False""","peek_obj_type == ""class java.lang.String""","push == ""none""","pop == ""none""","clear == ""clear""","size_p == ""2""",Yes
1680,1607885830112:139897f5-2835-4a93-b5f8-f803e40e4c50,1607885830112:caa51611-1832-443f-8f54-bca49ff7d287,"size == ""4""","isEmpty == ""False""","peek_obj_type == ""class java.lang.String""","push == ""none""","pop == ""none""","clear == ""clear""","size_p == ""3""",Yes
1682,1607885830112:139897f5-2835-4a93-b5f8-f803e40e4c50,1607885830112:c3d914dc-493f-4494-8425-4b50b55764bb,"size == ""0""","isEmpty == ""True""","peek_obj_type == ""EmptyObject""","push == ""class java.lang.String""","pop == ""none""","clear == ""none""","size_p == ""0""",Yes
1683,1607885830112:139897f5-2835-4a93-b5f8-f803e40e4c50,1607885830112:c3d914dc-493f-4494-8425-4b50b55764bb,"size == ""0""","isEmpty == ""True""","peek_obj_type == ""EmptyObject""","push == ""none""","pop == ""EmptyObject""","clear == ""none""","size_p == ""0""",No
1685,1607885830111:f99adf3d-3646-46a5-b702-1b3e6d400adf,1607885830111:f11fb887-87dd-4c8f-832c-5d1fe98af3b0,"size == ""0""","isEmpty == ""True""","peek_obj_type == ""EmptyObject""","push == ""class java.lang.String""","pop == ""none""","clear == ""none""","size_p == ""0""",Yes
1686,1607885830111:f99adf3d-3646-46a5-b702-1b3e6d400adf,1607885830111:f11fb887-87dd-4c8f-832c-5d1fe98af3b0,"size == ""0""","isEmpty == ""True""","peek_obj_type == ""EmptyObject""","push == ""none""","pop == ""EmptyObject""","clear == ""none""","size_p == ""0""",No
1688,1607885830111:f99adf3d-3646-46a5-b702-1b3e6d400adf,1607885830111:7cab3f39-b16a-4fc3-913d-05650ba5cb08,"size == ""1""","isEmpty == ""False""","peek_obj_type == ""class java.lang.String""","push == ""none""","pop == ""none""","clear == ""clear""","size_p == ""0""",Yes
1689,1607885830111:f99adf3d-3646-46a5-b702-1b3e6d400adf,1607885830111:7cab3f39-b16a-4fc3-913d-05650ba5cb08,"size == ""1""","isEmpty == ""False""","peek_obj_type == ""class java.lang.String""","push == ""class java.lang.String""","pop == ""none""","clear == ""none""","size_p == ""1""",Yes
1690,1607885830111:f99adf3d-3646-46a5-b702-1b3e6d400adf,1607885830111:7cab3f39-b16a-4fc3-913d-05650ba5cb08,"size == ""2""","isEmpty == ""False""","peek_obj_type == ""class java.lang.String""","push == ""none""","pop == ""none""","clear == ""clear""","size_p == ""1""",Yes
1691,1607885830111:f99adf3d-3646-46a5-b702-1b3e6d400adf,1607885830111:7cab3f39-b16a-4fc3-913d-05650ba5cb08,"size == ""3""","isEmpty == ""False""","peek_obj_type == ""class java.lang.String""","push == ""none""","pop == ""none""","clear == ""clear""","size_p == ""2""",Yes
1692,1607885830111:f99adf3d-3646-46a5-b702-1b3e6d400adf,1607885830111:7cab3f39-b16a-4fc3-913d-05650ba5cb08,"size == ""4""","isEmpty == ""False""","peek_obj_type == ""class java.lang.String""","push == ""none""","pop == ""none""","clear == ""clear""","size_p == ""3""",Yes
1694,1607885830111:c095725e-fb92-4964-b86b-2ec277728d5c,1607885830111:95360132-f9d8-411b-97a4-f851c48db29c,"size == ""0""","isEmpty == ""True""","peek_obj_type == ""EmptyObject""","push == ""class java.lang.String""","pop == ""none""","clear == ""none""","size_p == ""0""",Yes
1695,1607885830111:c095725e-fb92-4964-b86b-2ec277728d5c,1607885830111:95360132-f9d8-411b-97a4-f851c48db29c,"size == ""0""","isEmpty == ""True""","peek_obj_type == ""EmptyObject""","push == ""none""","pop == ""EmptyObject""","clear == ""none""","size_p == ""0""",No
1697,1607885830111:9bb0c7fb-f5ab-4bd2-8e28-72963bcfb0a5,1607885830112:1be61c8a-0937-46e1-b85b-ebb4f44b7e23,"size == ""0""","isEmpty == ""True""","peek_obj_type == ""EmptyObject""","push == ""class java.lang.String""","pop == ""none""","clear == ""none""","size_p == ""0""",Yes
1698,1607885830111:9bb0c7fb-f5ab-4bd2-8e28-72963bcfb0a5,1607885830112:1be61c8a-0937-46e1-b85b-ebb4f44b7e23,"size == ""0""","isEmpty == ""True""","peek_obj_type == ""EmptyObject""","push == ""none""","pop == ""EmptyObject""","clear == ""none""","size_p == ""0""",No
1700,1607885830111:9bb0c7fb-f5ab-4bd2-8e28-72963bcfb0a5,1607885830111:6b8930f7-a2f7-4c1f-b5c3-c5c88a170781,"size == ""0""","isEmpty == ""True""","peek_obj_type == ""EmptyObject""","push == ""class java.lang.String""","pop == ""none""","clear == ""none""","size_p == ""0""",Yes
1702,1607885830111:90c3ca93-e92d-4354-b8fc-f232f68ee9e0,1607885830111:0cd5ba67-7d57-40a8-9fc7-1b2a7a3fb98e,"size == ""0""","isEmpty == ""True""","peek_obj_type == ""EmptyObject""","push == ""class java.lang.String""","pop == ""none""","clear == ""none""","size_p == ""0""",Yes
1703,1607885830111:90c3ca93-e92d-4354-b8fc-f232f68ee9e0,1607885830111:0cd5ba67-7d57-40a8-9fc7-1b2a7a3fb98e,"size == ""0""","isEmpty == ""True""","peek_obj_type == ""EmptyObject""","push == ""none""","pop == ""EmptyObject""","clear == ""none""","size_p == ""0""",No
1705,1607885830111:7154f689-4891-4b2c-9d6c-f5ac60abea52,1607885830111:fab1bd8a-b4d6-43c4-a6c0-d7bf046b8d60,"size == ""0""","isEmpty == ""True""","peek_obj_type == ""EmptyObject""","push == ""class java.lang.String""","pop == ""none""","clear == ""none""","size_p == ""0""",Yes
1706,1607885830111:7154f689-4891-4b2c-9d6c-f5ac60abea52,1607885830111:fab1bd8a-b4d6-43c4-a6c0-d7bf046b8d60,"size == ""0""","isEmpty == ""True""","peek_obj_type == ""EmptyObject""","push == ""none""","pop == ""EmptyObject""","clear == ""none""","size_p == ""0""",No
1708,1607885830111:7154f689-4891-4b2c-9d6c-f5ac60abea52,1607885830111:a95490bc-96eb-491a-995e-cf183e2e9582,"size == ""1""","isEmpty == ""False""","peek_obj_type == ""class java.lang.String""","push == ""none""","pop == ""none""","clear == ""clear""","size_p == ""0""",Yes
1709,1607885830111:7154f689-4891-4b2c-9d6c-f5ac60abea52,1607885830111:a95490bc-96eb-491a-995e-cf183e2e9582,"size == ""1""","isEmpty == ""False""","peek_obj_type == ""class java.lang.String""","push == ""class java.lang.String""","pop == ""none""","clear == ""none""","size_p == ""1""",Yes
1710,1607885830111:7154f689-4891-4b2c-9d6c-f5ac60abea52,1607885830111:a95490bc-96eb-491a-995e-cf183e2e9582,"size == ""2""","isEmpty == ""False""","peek_obj_type == ""class java.lang.String""","push == ""none""","pop == ""none""","clear == ""clear""","size_p == ""1""",Yes
1711,1607885830111:7154f689-4891-4b2c-9d6c-f5ac60abea52,1607885830111:a95490bc-96eb-491a-995e-cf183e2e9582,"size == ""3""","isEmpty == ""False""","peek_obj_type == ""class java.lang.String""","push == ""none""","pop == ""none""","clear == ""clear""","size_p == ""2""",Yes
1712,1607885830111:7154f689-4891-4b2c-9d6c-f5ac60abea52,1607885830111:a95490bc-96eb-491a-995e-cf183e2e9582,"size == ""4""","isEmpty == ""False""","peek_obj_type == ""class java.lang.String""","push == ""none""","pop == ""none""","clear == ""clear""","size_p == ""3""",Yes
1714,1607885830111:5e5d3bd2-6767-45a1-8b8e-16cd305c1265,1607885830111:41dfda8b-1f51-4bc7-be54-01c2c717ae0e,"size == ""0""","isEmpty == ""True""","peek_obj_type == ""EmptyObject""","push == ""class java.lang.String""","pop == ""none""","clear == ""none""","size_p == ""0""",Yes
1715,1607885830111:5e5d3bd2-6767-45a1-8b8e-16cd305c1265,1607885830111:41dfda8b-1f51-4bc7-be54-01c2c717ae0e,"size == ""0""","isEmpty == ""True""","peek_obj_type == ""EmptyObject""","push == ""none""","pop == ""EmptyObject""","clear == ""none""","size_p == ""0""",No
1717,1607885830111:01843fcb-50e5-4b62-884f-5ebecc5ceeab,1607885830111:f8a3558e-05ad-4624-9d65-e86b24577d9a,"size == ""1""","isEmpty == ""False""","peek_obj_type == ""class java.lang.String""","push == ""none""","pop == ""none""","clear == ""clear""","size_p == ""0""",Yes
1718,1607885830111:01843fcb-50e5-4b62-884f-5ebecc5ceeab,1607885830111:f8a3558e-05ad-4624-9d65-e86b24577d9a,"size == ""1""","isEmpty == ""False""","peek_obj_type == ""class java.lang.String""","push == ""class java.lang.String""","pop == ""none""","clear == ""none""","size_p == ""1""",Yes
1719,1607885830111:01843fcb-50e5-4b62-884f-5ebecc5ceeab,1607885830111:f8a3558e-05ad-4624-9d65-e86b24577d9a,"size == ""2""","isEmpty == ""False""","peek_obj_type == ""class java.lang.String""","push == ""none""","pop == ""none""","clear == ""clear""","size_p == ""1""",Yes
1720,1607885830111:01843fcb-50e5-4b62-884f-5ebecc5ceeab,1607885830111:f8a3558e-05ad-4624-9d65-e86b24577d9a,"size == ""3""","isEmpty == ""False""","peek_obj_type == ""class java.lang.String""","push == ""none""","pop == ""none""","clear == ""clear""","size_p == ""2""",Yes
1721,1607885830111:01843fcb-50e5-4b62-884f-5ebecc5ceeab,1607885830111:f8a3558e-05ad-4624-9d65-e86b24577d9a,"size == ""4""","isEmpty == ""False""","peek_obj_type == ""class java.lang.String""","push == ""none""","pop == ""none""","clear == ""clear""","size_p == ""3""",Yes
1723,1607885830111:01843fcb-50e5-4b62-884f-5ebecc5ceeab,1607885830111:5187ee85-a790-4a58-9e57-b301781efad8,"size == ""0""","isEmpty == ""True""","peek_obj_type == ""EmptyObject""","push == ""class java.lang.String""","pop == ""none""","clear == ""none""","size_p == ""0""",Yes
1724,1607885830111:01843fcb-50e5-4b62-884f-5ebecc5ceeab,1607885830111:5187ee85-a790-4a58-9e57-b301781efad8,"size == ""0""","isEmpty == ""True""","peek_obj_type == ""EmptyObject""","push == ""none""","pop == ""EmptyObject""","clear == ""none""","size_p == ""0""",No
1726,1607885830110:ed181c97-11a5-4397-9a09-2b7ea5c0abe0,1607885830110:a014e43a-419e-4560-bb28-cbe027386e4a,"size == ""0""","isEmpty == ""True""","peek_obj_type == ""EmptyObject""","push == ""class java.lang.String""","pop == ""none""","clear == ""none""","size_p == ""0""",Yes
1727,1607885830110:ed181c97-11a5-4397-9a09-2b7ea5c0abe0,1607885830110:a014e43a-419e-4560-bb28-cbe027386e4a,"size == ""0""","isEmpty == ""True""","peek_obj_type == ""EmptyObject""","push == ""none""","pop == ""EmptyObject""","clear == ""none""","size_p == ""0""",No
1729,1607885830110:c42c3e9b-bfeb-4bc3-b0fd-b1521190e992,1607885830110:fccd6b92-5261-49c1-ac31-99c17303ee5d,"size == ""1""","isEmpty == ""False""","peek_obj_type == ""class java.lang.String""","push == ""none""","pop == ""none""","clear == ""clear""","size_p == ""0""",Yes
1730,1607885830110:c42c3e9b-bfeb-4bc3-b0fd-b1521190e992,1607885830110:fccd6b92-5261-49c1-ac31-99c17303ee5d,"size == ""1""","isEmpty == ""False""","peek_obj_type == ""class java.lang.String""","push == ""class java.lang.String""","pop == ""none""","clear == ""none""","size_p == ""1""",Yes
1731,1607885830110:c42c3e9b-bfeb-4bc3-b0fd-b1521190e992,1607885830110:fccd6b92-5261-49c1-ac31-99c17303ee5d,"size == ""2""","isEmpty == ""False""","peek_obj_type == ""class java.lang.String""","push == ""none""","pop == ""none""","clear == ""clear""","size_p == ""1""",Yes
1732,1607885830110:c42c3e9b-bfeb-4bc3-b0fd-b1521190e992,1607885830110:fccd6b92-5261-49c1-ac31-99c17303ee5d,"size == ""3""","isEmpty == ""False""","peek_obj_type == ""class java.lang.String""","push == ""none""","pop == ""none""","clear == ""clear""","size_p == ""2""",Yes
1733,1607885830110:c42c3e9b-bfeb-4bc3-b0fd-b1521190e992,1607885830110:fccd6b92-5261-49c1-ac31-99c17303ee5d,"size == ""4""","isEmpty == ""False""","peek_obj_type == ""class java.lang.String""","push == ""none""","pop == ""none""","clear == ""clear""","size_p == ""3""",Yes
1735,1607885830110:c42c3e9b-bfeb-4bc3-b0fd-b1521190e992,1607885830110:b5035edd-57a1-489a-9be2-dd6a6856ca55,"size == ""0""","isEmpty == ""True""","peek_obj_type == ""EmptyObject""","push == ""class java.lang.String""","pop == ""none""","clear == ""none""","size_p == ""0""",Yes
1736,1607885830110:c42c3e9b-bfeb-4bc3-b0fd-b1521190e992,1607885830110:b5035edd-57a1-489a-9be2-dd6a6856ca55,"size == ""0""","isEmpty == ""True""","peek_obj_type == ""EmptyObject""","push == ""none""","pop == ""EmptyObject""","clear == ""none""","size_p == ""0""",No
1739,1607885830110:a49b1cff-4a68-43dc-9a8a-7cc2553c6e92,1607885830110:29b123d8-f546-4920-ac2b-0a22202c3802,"size == ""0""","isEmpty == ""True""","peek_obj_type == ""EmptyObject""","push == ""class java.lang.String""","pop == ""none""","clear == ""none""","size_p == ""0""",Yes
1741,1607885830110:a49b1cff-4a68-43dc-9a8a-7cc2553c6e92,1607885830110:2621e1ad-93fd-440e-91cf-824ef58d36f7,"size == ""0""","isEmpty == ""True""","peek_obj_type == ""EmptyObject""","push == ""class java.lang.String""","pop == ""none""","clear == ""none""","size_p == ""0""",Yes
1742,1607885830110:a49b1cff-4a68-43dc-9a8a-7cc2553c6e92,1607885830110:2621e1ad-93fd-440e-91cf-824ef58d36f7,"size == ""0""","isEmpty == ""True""","peek_obj_type == ""EmptyObject""","push == ""none""","pop == ""EmptyObject""","clear == ""none""","size_p == ""0""",No
1744,1607885830110:9fea0d20-71ff-4206-8718-52d5bec15c4d,1607885830110:6ee1df83-173f-4f7a-8cbd-6ab2873ca352,"size == ""0""","isEmpty == ""True""","peek_obj_type == ""EmptyObject""","push == ""class java.lang.String""","pop == ""none""","clear == ""none""","size_p == ""0""",Yes
1745,1607885830110:9fea0d20-71ff-4206-8718-52d5bec15c4d,1607885830110:6ee1df83-173f-4f7a-8cbd-6ab2873ca352,"size == ""0""","isEmpty == ""True""","peek_obj_type == ""EmptyObject""","push == ""none""","pop == ""EmptyObject""","clear == ""none""","size_p == ""0""",No
1747,1607885830110:5c6156ef-e963-40c6-8dbd-a6be5eaeac34,1607885830110:d6b96d50-c762-472e-b8f8-1943bcc4e2ec,"size == ""0""","isEmpty == ""True""","peek_obj_type == ""EmptyObject""","push == ""class java.lang.String""","pop == ""none""","clear == ""none""","size_p == ""0""",Yes
1748,1607885830110:5c6156ef-e963-40c6-8dbd-a6be5eaeac34,1607885830110:d6b96d50-c762-472e-b8f8-1943bcc4e2ec,"size == ""0""","isEmpty == ""True""","peek_obj_type == ""EmptyObject""","push == ""none""","pop == ""EmptyObject""","clear == ""none""","size_p == ""0""",No
1750,1607885830110:4465cc16-7d3a-46cf-8c99-6c687a050ff3,1607885830110:ec4289f2-c5cd-4044-ac71-7fa569dc5834,"size == ""0""","isEmpty == ""True""","peek_obj_type == ""EmptyObject""","push == ""class java.lang.String""","pop == ""none""","clear == ""none""","size_p == ""0""",Yes
1751,1607885830110:4465cc16-7d3a-46cf-8c99-6c687a050ff3,1607885830110:ec4289f2-c5cd-4044-ac71-7fa569dc5834,"size == ""0""","isEmpty == ""True""","peek_obj_type == ""EmptyObject""","push == ""class java.lang.String""","pop == ""none""","clear == ""none""","size_p == ""0""",Yes
1753,1607885830110:4465cc16-7d3a-46cf-8c99-6c687a050ff3,1607885830110:4a1c4f63-d841-4643-a75f-81a86eb752cd,"size == ""0""","isEmpty == ""True""","peek_obj_type == ""EmptyObject""","push == ""class java.lang.String""","pop == ""none""","clear == ""none""","size_p == ""0""",Yes
1754,1607885830110:4465cc16-7d3a-46cf-8c99-6c687a050ff3,1607885830110:4a1c4f63-d841-4643-a75f-81a86eb752cd,"size == ""0""","isEmpty == ""True""","peek_obj_type == ""EmptyObject""","push == ""none""","pop == ""EmptyObject""","clear == ""none""","size_p == ""0""",No
1756,1607885830110:3f0e35b6-b282-4617-bf94-1a2bf7e610e8,1607885830110:d80cf634-4b37-4af4-bf6c-84df60c9967e,"size == ""0""","isEmpty == ""True""","peek_obj_type == ""EmptyObject""","push == ""class java.lang.String""","pop == ""none""","clear == ""none""","size_p == ""0""",Yes
1757,1607885830110:3f0e35b6-b282-4617-bf94-1a2bf7e610e8,1607885830110:d80cf634-4b37-4af4-bf6c-84df60c9967e,"size == ""0""","isEmpty == ""True""","peek_obj_type == ""EmptyObject""","push == ""none""","pop == ""EmptyObject""","clear == ""none""","size_p == ""0""",No
1759,1607885830110:3f0e35b6-b282-4617-bf94-1a2bf7e610e8,1607885830110:7dfe351c-95f7-4396-8f96-ebc7bf53b035,"size == ""0""","isEmpty == ""True""","peek_obj_type == ""EmptyObject""","push == ""class java.lang.String""","pop == ""none""","clear == ""none""","size_p == ""0""",Yes
1761,1607885830109:ee93d73a-5427-458d-b3be-a055c1b8a9b3,1607885830110:d33cb7ad-1d42-478b-9d2a-7600e38d2de6,"size == ""0""","isEmpty == ""True""","peek_obj_type == ""EmptyObject""","push == ""class java.lang.String""","pop == ""none""","clear == ""none""","size_p == ""0""",Yes
1762,1607885830109:ee93d73a-5427-458d-b3be-a055c1b8a9b3,1607885830110:d33cb7ad-1d42-478b-9d2a-7600e38d2de6,"size == ""0""","isEmpty == ""True""","peek_obj_type == ""EmptyObject""","push == ""none""","pop == ""EmptyObject""","clear == ""none""","size_p == ""0""",No
1764,1607885830109:ee93d73a-5427-458d-b3be-a055c1b8a9b3,1607885830110:28b8fcb7-1e29-44fc-a248-fb4276e10b8f,"size == ""0""","isEmpty == ""True""","peek_obj_type == ""EmptyObject""","push == ""class java.lang.String""","pop == ""none""","clear == ""none""","size_p == ""0""",Yes
1767,1607885830109:ee93d73a-5427-458d-b3be-a055c1b8a9b3,1607885830109:0976f96b-6dca-4d8c-8f6b-302c224872da,"size == ""1""","isEmpty == ""False""","peek_obj_type == ""class java.lang.String""","push == ""none""","pop == ""none""","clear == ""clear""","size_p == ""0""",Yes
1768,1607885830109:ee93d73a-5427-458d-b3be-a055c1b8a9b3,1607885830109:0976f96b-6dca-4d8c-8f6b-302c224872da,"size == ""1""","isEmpty == ""False""","peek_obj_type == ""class java.lang.String""","push == ""class java.lang.String""","pop == ""none""","clear == ""none""","size_p == ""1""",Yes
1769,1607885830109:ee93d73a-5427-458d-b3be-a055c1b8a9b3,1607885830109:0976f96b-6dca-4d8c-8f6b-302c224872da,"size == ""2""","isEmpty == ""False""","peek_obj_type == ""class java.lang.String""","push == ""none""","pop == ""none""","clear == ""clear""","size_p == ""1""",Yes
1771,1607885830109:bb929a5c-b3f1-45dd-8862-73226741e451,1607885830109:5e84863e-c5db-44c4-bc94-450fe0f7a6da,"size == ""0""","isEmpty == ""True""","peek_obj_type == ""EmptyObject""","push == ""class java.lang.String""","pop == ""none""","clear == ""none""","size_p == ""0""",Yes
1773,1607885830109:bb929a5c-b3f1-45dd-8862-73226741e451,1607885830109:2f162e9e-ff41-4d9e-9ae2-902eb08bfec6,"size == ""0""","isEmpty == ""True""","peek_obj_type == ""EmptyObject""","push == ""class java.lang.String""","pop == ""none""","clear == ""none""","size_p == ""0""",Yes
1774,1607885830109:bb929a5c-b3f1-45dd-8862-73226741e451,1607885830109:2f162e9e-ff41-4d9e-9ae2-902eb08bfec6,"size == ""0""","isEmpty == ""True""","peek_obj_type == ""EmptyObject""","push == ""none""","pop == ""EmptyObject""","clear == ""none""","size_p == ""0""",No
1777,1607885830109:b54d065b-46f6-41d6-803e-eca50d0987d7,1607885830109:9b22329b-7902-4c22-933e-bfd47da6eee2,"size == ""0""","isEmpty == ""True""","peek_obj_type == ""EmptyObject""","push == ""class java.lang.String""","pop == ""none""","clear == ""none""","size_p == ""0""",Yes
1778,1607885830109:b54d065b-46f6-41d6-803e-eca50d0987d7,1607885830109:9b22329b-7902-4c22-933e-bfd47da6eee2,"size == ""0""","isEmpty == ""True""","peek_obj_type == ""EmptyObject""","push == ""none""","pop == ""EmptyObject""","clear == ""none""","size_p == ""0""",No
1780,1607885830109:61bb9fa7-91fa-4207-b05b-a096e90011a3,1607885830109:f97bc5b0-5ec5-495d-bf6d-71a4b66d25cb,"size == ""0""","isEmpty == ""True""","peek_obj_type == ""EmptyObject""","push == ""class java.lang.String""","pop == ""none""","clear == ""none""","size_p == ""0""",Yes
1781,1607885830109:61bb9fa7-91fa-4207-b05b-a096e90011a3,1607885830109:f97bc5b0-5ec5-495d-bf6d-71a4b66d25cb,"size == ""0""","isEmpty == ""True""","peek_obj_type == ""EmptyObject""","push == ""none""","pop == ""EmptyObject""","clear == ""none""","size_p == ""0""",No
1783,1607885830109:39233c5e-4cc3-41fc-b6e3-b507a3c68eae,1607885830109:d8ba35b7-c070-45aa-89cd-0a7185051579,"size == ""0""","isEmpty == ""True""","peek_obj_type == ""EmptyObject""","push == ""class java.lang.String""","pop == ""none""","clear == ""none""","size_p == ""0""",Yes
1784,1607885830109:39233c5e-4cc3-41fc-b6e3-b507a3c68eae,1607885830109:d8ba35b7-c070-45aa-89cd-0a7185051579,"size == ""0""","isEmpty == ""True""","peek_obj_type == ""EmptyObject""","push == ""none""","pop == ""EmptyObject""","clear == ""none""","size_p == ""0""",No
1786,1607885830109:39233c5e-4cc3-41fc-b6e3-b507a3c68eae,1607885830109:9e8aeb9a-9cf5-48a2-b06e-4e8c865ccbb9,"size == ""1""","isEmpty == ""False""","peek_obj_type == ""class java.lang.String""","push == ""none""","pop == ""none""","clear == ""clear""","size_p == ""0""",Yes
1787,1607885830109:39233c5e-4cc3-41fc-b6e3-b507a3c68eae,1607885830109:9e8aeb9a-9cf5-48a2-b06e-4e8c865ccbb9,"size == ""1""","isEmpty == ""False""","peek_obj_type == ""class java.lang.String""","push == ""class java.lang.String""","pop == ""none""","clear == ""none""","size_p == ""1""",Yes
1788,1607885830109:39233c5e-4cc3-41fc-b6e3-b507a3c68eae,1607885830109:9e8aeb9a-9cf5-48a2-b06e-4e8c865ccbb9,"size == ""2""","isEmpty == ""False""","peek_obj_type == ""class java.lang.String""","push == ""none""","pop == ""none""","clear == ""clear""","size_p == ""1""",Yes
1789,1607885830109:39233c5e-4cc3-41fc-b6e3-b507a3c68eae,1607885830109:9e8aeb9a-9cf5-48a2-b06e-4e8c865ccbb9,"size == ""3""","isEmpty == ""False""","peek_obj_type == ""class java.lang.String""","push == ""none""","pop == ""none""","clear == ""clear""","size_p == ""2""",Yes
1790,1607885830109:39233c5e-4cc3-41fc-b6e3-b507a3c68eae,1607885830109:9e8aeb9a-9cf5-48a2-b06e-4e8c865ccbb9,"size == ""4""","isEmpty == ""False""","peek_obj_type == ""class java.lang.String""","push == ""none""","pop == ""none""","clear == ""clear""","size_p == ""3""",Yes
1792,1607885830109:2ba33abf-7662-4019-823e-ce351da4b704,1607885830109:1e130e75-1c23-4b06-8d89-66765b8532fb,"size == ""0""","isEmpty == ""True""","peek_obj_type == ""EmptyObject""","push == ""class java.lang.String""","pop == ""none""","clear == ""none""","size_p == ""0""",Yes
1793,1607885830109:2ba33abf-7662-4019-823e-ce351da4b704,1607885830109:1e130e75-1c23-4b06-8d89-66765b8532fb,"size == ""0""","isEmpty == ""True""","peek_obj_type == ""EmptyObject""","push == ""none""","pop == ""EmptyObject""","clear == ""none""","size_p == ""0""",No
1795,1607885830109:2343f2d9-0de3-426e-a0ff-22cf0a63236a,1607885830109:82cd3abd-c8c4-4bc6-8972-6670e57887e0,"size == ""0""","isEmpty == ""True""","peek_obj_type == ""EmptyObject""","push == ""class java.lang.String""","pop == ""none""","clear == ""none""","size_p == ""0""",Yes
1796,1607885830109:2343f2d9-0de3-426e-a0ff-22cf0a63236a,1607885830109:82cd3abd-c8c4-4bc6-8972-6670e57887e0,"size == ""0""","isEmpty == ""True""","peek_obj_type == ""EmptyObject""","push == ""none""","pop == ""EmptyObject""","clear == ""none""","size_p == ""0""",No
1798,1607885830108:d2bf386c-6738-47e1-8f44-8babc46122f3,1607885830108:db7d39df-3da1-4a77-b1fa-d0b19796126d,"size == ""0""","isEmpty == ""True""","peek_obj_type == ""EmptyObject""","push == ""class java.lang.String""","pop == ""none""","clear == ""none""","size_p == ""0""",Yes
1799,1607885830108:d2bf386c-6738-47e1-8f44-8babc46122f3,1607885830108:db7d39df-3da1-4a77-b1fa-d0b19796126d,"size == ""0""","isEmpty == ""True""","peek_obj_type == ""EmptyObject""","push == ""none""","pop == ""EmptyObject""","clear == ""none""","size_p == ""0""",No
1802,1607885830108:d019d1bf-8c87-4cbb-bbfd-68b018f6be99,1607885830108:986aac73-1a7a-4493-942f-77e20c738464,"size == ""0""","isEmpty == ""True""","peek_obj_type == ""EmptyObject""","push == ""class java.lang.String""","pop == ""none""","clear == ""none""","size_p == ""0""",Yes
1804,1607885830108:d019d1bf-8c87-4cbb-bbfd-68b018f6be99,1607885830108:70accb38-d0ea-4989-a2ee-8eb470636f38,"size == ""0""","isEmpty == ""True""","peek_obj_type == ""EmptyObject""","push == ""class java.lang.String""","pop == ""none""","clear == ""none""","size_p == ""0""",Yes
1805,1607885830108:d019d1bf-8c87-4cbb-bbfd-68b018f6be99,1607885830108:70accb38-d0ea-4989-a2ee-8eb470636f38,"size == ""0""","isEmpty == ""True""","peek_obj_type == ""EmptyObject""","push == ""none""","pop == ""EmptyObject""","clear == ""none""","size_p == ""0""",No
1807,1607885830108:badf1bd4-fbf4-4e85-b566-ec951c41792a,1607885830108:aeeb0672-7030-4869-98ff-edbc24c8cdcb,"size == ""0""","isEmpty == ""True""","peek_obj_type == ""EmptyObject""","push == ""class java.lang.String""","pop == ""none""","clear == ""none""","size_p == ""0""",Yes
1810,1607885830108:badf1bd4-fbf4-4e85-b566-ec951c41792a,1607885830108:4a3d7cda-71e8-45b0-96b4-ee867a75927b,"size == ""0""","isEmpty == ""True""","peek_obj_type == ""EmptyObject""","push == ""class java.lang.String""","pop == ""none""","clear == ""none""","size_p == ""0""",Yes
1811,1607885830108:badf1bd4-fbf4-4e85-b566-ec951c41792a,1607885830108:4a3d7cda-71e8-45b0-96b4-ee867a75927b,"size == ""0""","isEmpty == ""True""","peek_obj_type == ""EmptyObject""","push == ""none""","pop == ""EmptyObject""","clear == ""none""","size_p == ""0""",No
1813,1607885830108:95361798-4ece-4557-b59c-09d47731800d,1607885830108:3f1d2729-8bef-4fc9-9b3f-cc3b8f5b14c8,"size == ""0""","isEmpty == ""True""","peek_obj_type == ""EmptyObject""","push == ""class java.lang.String""","pop == ""none""","clear == ""none""","size_p == ""0""",Yes
1814,1607885830108:95361798-4ece-4557-b59c-09d47731800d,1607885830108:3f1d2729-8bef-4fc9-9b3f-cc3b8f5b14c8,"size == ""0""","isEmpty == ""True""","peek_obj_type == ""EmptyObject""","push == ""none""","pop == ""EmptyObject""","clear == ""none""","size_p == ""0""",No
1816,1607885830108:8063391f-d256-4dd4-b88a-5bd2cd766314,1607885830108:bfc47341-9b6c-4e47-9e55-6cc693c13af2,"size == ""1""","isEmpty == ""False""","peek_obj_type == ""class java.lang.String""","push == ""none""","pop == ""none""","clear == ""clear""","size_p == ""0""",Yes
1817,1607885830108:8063391f-d256-4dd4-b88a-5bd2cd766314,1607885830108:bfc47341-9b6c-4e47-9e55-6cc693c13af2,"size == ""1""","isEmpty == ""False""","peek_obj_type == ""class java.lang.String""","push == ""class java.lang.String""","pop == ""none""","clear == ""none""","size_p == ""1""",Yes
1818,1607885830108:8063391f-d256-4dd4-b88a-5bd2cd766314,1607885830108:bfc47341-9b6c-4e47-9e55-6cc693c13af2,"size == ""0""","isEmpty == ""True""","peek_obj_type == ""EmptyObject""","push == ""none""","pop == ""EmptyObject""","clear == ""none""","size_p == ""1""",No
1819,1607885830108:8063391f-d256-4dd4-b88a-5bd2cd766314,1607885830108:bfc47341-9b6c-4e47-9e55-6cc693c13af2,"size == ""1""","isEmpty == ""False""","peek_obj_type == ""class java.lang.String""","push == ""none""","pop == ""none""","clear == ""clear""","size_p == ""0""",Yes
1821,1607885830108:8063391f-d256-4dd4-b88a-5bd2cd766314,1607885830108:9ca7747a-ab7a-4efc-a750-2feeda005d01,"size == ""0""","isEmpty == ""True""","peek_obj_type == ""EmptyObject""","push == ""class java.lang.String""","pop == ""none""","clear == ""none""","size_p == ""0""",Yes
1822,1607885830108:8063391f-d256-4dd4-b88a-5bd2cd766314,1607885830108:9ca7747a-ab7a-4efc-a750-2feeda005d01,"size == ""0""","isEmpty == ""True""","peek_obj_type == ""EmptyObject""","push == ""none""","pop == ""EmptyObject""","clear == ""none""","size_p == ""0""",No
1824,1607885830108:777001d7-8a25-47af-9420-5ef649da4320,1607885830108:add1fa00-c068-43d7-9dd1-5f97597daacd,"size == ""0""","isEmpty == ""True""","peek_obj_type == ""EmptyObject""","push == ""class java.lang.String""","pop == ""none""","clear == ""none""","size_p == ""0""",Yes
1825,1607885830108:777001d7-8a25-47af-9420-5ef649da4320,1607885830108:add1fa00-c068-43d7-9dd1-5f97597daacd,"size == ""0""","isEmpty == ""True""","peek_obj_type == ""EmptyObject""","push == ""none""","pop == ""EmptyObject""","clear == ""none""","size_p == ""0""",No
1827,1607885830108:608ba25e-9fac-43e0-a523-f69814855560,1607885830108:6ab0f54c-946c-4cfe-a3b3-a896fde81e4a,"size == ""0""","isEmpty == ""True""","peek_obj_type == ""EmptyObject""","push == ""class java.lang.String""","pop == ""none""","clear == ""none""","size_p == ""0""",Yes
1828,1607885830108:608ba25e-9fac-43e0-a523-f69814855560,1607885830108:6ab0f54c-946c-4cfe-a3b3-a896fde81e4a,"size == ""0""","isEmpty == ""True""","peek_obj_type == ""EmptyObject""","push == ""none""","pop == ""EmptyObject""","clear == ""none""","size_p == ""0""",No
1830,1607885830108:00a371cb-6df7-45af-b74b-4b9725bddde2,1607885830108:cca2ae97-6a2f-46d7-ae41-19ddd9489f25,"size == ""0""","isEmpty == ""True""","peek_obj_type == ""EmptyObject""","push == ""class java.lang.String""","pop == ""none""","clear == ""none""","size_p == ""0""",Yes
1832,1607885830108:00a371cb-6df7-45af-b74b-4b9725bddde2,1607885830108:c46004c8-3066-4f81-bcc4-4248c031da0f,"size == ""0""","isEmpty == ""True""","peek_obj_type == ""EmptyObject""","push == ""class java.lang.String""","pop == ""none""","clear == ""none""","size_p == ""0""",Yes
1833,1607885830108:00a371cb-6df7-45af-b74b-4b9725bddde2,1607885830108:c46004c8-3066-4f81-bcc4-4248c031da0f,"size == ""0""","isEmpty == ""True""","peek_obj_type == ""EmptyObject""","push == ""class java.lang.String""","pop == ""none""","clear == ""none""","size_p == ""0""",Yes
1834,1607885830108:00a371cb-6df7-45af-b74b-4b9725bddde2,1607885830108:c46004c8-3066-4f81-bcc4-4248c031da0f,"size == ""0""","isEmpty == ""True""","peek_obj_type == ""EmptyObject""","push == ""class java.lang.String""","pop == ""none""","clear == ""none""","size_p == ""0""",Yes
1835,1607885830108:00a371cb-6df7-45af-b74b-4b9725bddde2,1607885830108:c46004c8-3066-4f81-bcc4-4248c031da0f,"size == ""1""","isEmpty == ""False""","peek_obj_type == ""class java.lang.String""","push == ""none""","pop == ""none""","clear == ""clear""","size_p == ""0""",Yes
1837,1607885830108:00a371cb-6df7-45af-b74b-4b9725bddde2,1607885830108:0d44fddc-5bcd-4226-ac93-caa9c8d73af0,"size == ""0""","isEmpty == ""True""","peek_obj_type == ""EmptyObject""","push == ""class java.lang.String""","pop == ""none""","clear == ""none""","size_p == ""0""",Yes
1838,1607885830108:00a371cb-6df7-45af-b74b-4b9725bddde2,1607885830108:0d44fddc-5bcd-4226-ac93-caa9c8d73af0,"size == ""0""","isEmpty == ""True""","peek_obj_type == ""EmptyObject""","push == ""none""","pop == ""EmptyObject""","clear == ""none""","size_p == ""0""",No
1840,1607885830107:eb0925c5-4504-486e-8ec3-547f60d26fcc,1607885830107:c319a7f3-252d-4f73-93f1-b31fbeedb46d,"size == ""0""","isEmpty == ""True""","peek_obj_type == ""EmptyObject""","push == ""class java.lang.String""","pop == ""none""","clear == ""none""","size_p == ""0""",Yes
1841,1607885830107:eb0925c5-4504-486e-8ec3-547f60d26fcc,1607885830107:c319a7f3-252d-4f73-93f1-b31fbeedb46d,"size == ""0""","isEmpty == ""True""","peek_obj_type == ""EmptyObject""","push == ""none""","pop == ""EmptyObject""","clear == ""none""","size_p == ""0""",No
1843,1607885830107:eb0925c5-4504-486e-8ec3-547f60d26fcc,1607885830107:c082ff64-a849-4ed9-8cb2-9a199f4571b2,"size == ""1""","isEmpty == ""False""","peek_obj_type == ""class java.lang.String""","push == ""none""","pop == ""none""","clear == ""clear""","size_p == ""0""",Yes
1844,1607885830107:eb0925c5-4504-486e-8ec3-547f60d26fcc,1607885830107:c082ff64-a849-4ed9-8cb2-9a199f4571b2,"size == ""1""","isEmpty == ""False""","peek_obj_type == ""class java.lang.String""","push == ""class java.lang.String""","pop == ""none""","clear == ""none""","size_p == ""1""",Yes
1845,1607885830107:eb0925c5-4504-486e-8ec3-547f60d26fcc,1607885830107:c082ff64-a849-4ed9-8cb2-9a199f4571b2,"size == ""2""","isEmpty == ""False""","peek_obj_type == ""class java.lang.String""","push == ""none""","pop == ""none""","clear == ""clear""","size_p == ""1""",Yes
1846,1607885830107:eb0925c5-4504-486e-8ec3-547f60d26fcc,1607885830107:c082ff64-a849-4ed9-8cb2-9a199f4571b2,"size == ""3""","isEmpty == ""False""","peek_obj_type == ""class java.lang.String""","push == ""none""","pop == ""none""","clear == ""clear""","size_p == ""2""",Yes
1847,1607885830107:eb0925c5-4504-486e-8ec3-547f60d26fcc,1607885830107:c082ff64-a849-4ed9-8cb2-9a199f4571b2,"size == ""4""","isEmpty == ""False""","peek_obj_type == ""class java.lang.String""","push == ""none""","pop == ""none""","clear == ""clear""","size_p == ""3""",Yes
1849,1607885830107:8e92bd75-17c3-4a0d-a2ac-d1fefa349e39,1607885830107:86dc5fec-d1ae-4de5-a6dc-8f576c680746,"size == ""1""","isEmpty == ""False""","peek_obj_type == ""class java.lang.String""","push == ""none""","pop == ""none""","clear == ""clear""","size_p == ""0""",Yes
1850,1607885830107:8e92bd75-17c3-4a0d-a2ac-d1fefa349e39,1607885830107:86dc5fec-d1ae-4de5-a6dc-8f576c680746,"size == ""1""","isEmpty == ""False""","peek_obj_type == ""class java.lang.String""","push == ""class java.lang.String""","pop == ""none""","clear == ""none""","size_p == ""1""",Yes
1851,1607885830107:8e92bd75-17c3-4a0d-a2ac-d1fefa349e39,1607885830107:86dc5fec-d1ae-4de5-a6dc-8f576c680746,"size == ""2""","isEmpty == ""False""","peek_obj_type == ""class java.lang.String""","push == ""none""","pop == ""none""","clear == ""clear""","size_p == ""1""",Yes
1852,1607885830107:8e92bd75-17c3-4a0d-a2ac-d1fefa349e39,1607885830107:86dc5fec-d1ae-4de5-a6dc-8f576c680746,"size == ""3""","isEmpty == ""False""","peek_obj_type == ""class java.lang.String""","push == ""none""","pop == ""none""","clear == ""clear""","size_p == ""2""",Yes
1853,1607885830107:8e92bd75-17c3-4a0d-a2ac-d1fefa349e39,1607885830107:86dc5fec-d1ae-4de5-a6dc-8f576c680746,"size == ""4""","isEmpty == ""False""","peek_obj_type == ""class java.lang.String""","push == ""none""","pop == ""none""","clear == ""clear""","size_p == ""3""",Yes
1855,1607885830107:8e92bd75-17c3-4a0d-a2ac-d1fefa349e39,1607885830107:80afeef5-4fa2-423e-9c1d-b13528154ed5,"size == ""0""","isEmpty == ""True""","peek_obj_type == ""EmptyObject""","push == ""class java.lang.String""","pop == ""none""","clear == ""none""","size_p == ""0""",Yes
1856,1607885830107:8e92bd75-17c3-4a0d-a2ac-d1fefa349e39,1607885830107:80afeef5-4fa2-423e-9c1d-b13528154ed5,"size == ""0""","isEmpty == ""True""","peek_obj_type == ""EmptyObject""","push == ""none""","pop == ""EmptyObject""","clear == ""none""","size_p == ""0""",No
1858,1607885830107:83ed1e18-4b73-430a-bb1d-f36f9e408716,1607885830107:26ff7828-1eb3-4a38-8774-4321e3ec3ba3,"size == ""0""","isEmpty == ""True""","peek_obj_type == ""EmptyObject""","push == ""class java.lang.String""","pop == ""none""","clear == ""none""","size_p == ""0""",Yes
1859,1607885830107:83ed1e18-4b73-430a-bb1d-f36f9e408716,1607885830107:26ff7828-1eb3-4a38-8774-4321e3ec3ba3,"size == ""0""","isEmpty == ""True""","peek_obj_type == ""EmptyObject""","push == ""none""","pop == ""EmptyObject""","clear == ""none""","size_p == ""0""",No
1861,1607885830107:6fa2cf5e-9d01-41a8-8b0e-a5684c20ebb4,1607885830107:c421991f-5214-4a2b-a949-fdc6cbd4feeb,"size == ""0""","isEmpty == ""True""","peek_obj_type == ""EmptyObject""","push == ""class java.lang.String""","pop == ""none""","clear == ""none""","size_p == ""0""",Yes
1862,1607885830107:6fa2cf5e-9d01-41a8-8b0e-a5684c20ebb4,1607885830107:c421991f-5214-4a2b-a949-fdc6cbd4feeb,"size == ""0""","isEmpty == ""True""","peek_obj_type == ""EmptyObject""","push == ""none""","pop == ""EmptyObject""","clear == ""none""","size_p == ""0""",No
1864,1607885830107:6fa2cf5e-9d01-41a8-8b0e-a5684c20ebb4,1607885830107:33e87056-bd7f-4996-8afd-fffacb487415,"size == ""1""","isEmpty == ""False""","peek_obj_type == ""class java.lang.String""","push == ""none""","pop == ""none""","clear == ""clear""","size_p == ""0""",Yes
1865,1607885830107:6fa2cf5e-9d01-41a8-8b0e-a5684c20ebb4,1607885830107:33e87056-bd7f-4996-8afd-fffacb487415,"size == ""1""","isEmpty == ""False""","peek_obj_type == ""class java.lang.String""","push == ""class java.lang.String""","pop == ""none""","clear == ""none""","size_p == ""1""",Yes
1866,1607885830107:6fa2cf5e-9d01-41a8-8b0e-a5684c20ebb4,1607885830107:33e87056-bd7f-4996-8afd-fffacb487415,"size == ""2""","isEmpty == ""False""","peek_obj_type == ""class java.lang.String""","push == ""none""","pop == ""none""","clear == ""clear""","size_p == ""1""",Yes
1868,1607885830107:6f8aa6fa-845c-42f6-a93f-f5ab3174e281,1607885830107:55d218f5-2556-4278-8ff0-6ac9aa3dcc78,"size == ""0""","isEmpty == ""True""","peek_obj_type == ""EmptyObject""","push == ""class java.lang.String""","pop == ""none""","clear == ""none""","size_p == ""0""",Yes
1869,1607885830107:6f8aa6fa-845c-42f6-a93f-f5ab3174e281,1607885830107:55d218f5-2556-4278-8ff0-6ac9aa3dcc78,"size == ""0""","isEmpty == ""True""","peek_obj_type == ""EmptyObject""","push == ""none""","pop == ""EmptyObject""","clear == ""none""","size_p == ""0""",No
1871,1607885830107:568e84f9-fd4b-4e4a-8af2-2a1fd0911e76,1607885830107:d48419cd-41f3-4d45-aefc-d7bd9eb7959c,"size == ""0""","isEmpty == ""True""","peek_obj_type == ""EmptyObject""","push == ""class java.lang.String""","pop == ""none""","clear == ""none""","size_p == ""0""",Yes
1872,1607885830107:568e84f9-fd4b-4e4a-8af2-2a1fd0911e76,1607885830107:d48419cd-41f3-4d45-aefc-d7bd9eb7959c,"size == ""0""","isEmpty == ""True""","peek_obj_type == ""EmptyObject""","push == ""class java.lang.String""","pop == ""none""","clear == ""none""","size_p == ""0""",Yes
1874,1607885830107:568e84f9-fd4b-4e4a-8af2-2a1fd0911e76,1607885830107:c8e6d176-31f5-47b2-9c20-2bf6672daca6,"size == ""0""","isEmpty == ""True""","peek_obj_type == ""EmptyObject""","push == ""class java.lang.String""","pop == ""none""","clear == ""none""","size_p == ""0""",Yes
1875,1607885830107:568e84f9-fd4b-4e4a-8af2-2a1fd0911e76,1607885830107:c8e6d176-31f5-47b2-9c20-2bf6672daca6,"size == ""0""","isEmpty == ""True""","peek_obj_type == ""EmptyObject""","push == ""none""","pop == ""EmptyObject""","clear == ""none""","size_p == ""0""",No
1877,1607885830107:392d9160-da44-4826-8565-4fa1017bef35,1607885830107:86dcf771-2679-4067-bb9e-1183ac7ec818,"size == ""0""","isEmpty == ""True""","peek_obj_type == ""EmptyObject""","push == ""class java.lang.String""","pop == ""none""","clear == ""none""","size_p == ""0""",Yes
1878,1607885830107:392d9160-da44-4826-8565-4fa1017bef35,1607885830107:86dcf771-2679-4067-bb9e-1183ac7ec818,"size == ""0""","isEmpty == ""True""","peek_obj_type == ""EmptyObject""","push == ""none""","pop == ""EmptyObject""","clear == ""none""","size_p == ""0""",No
1880,1607885830107:073fd4ba-fc55-42e9-9f8a-9c2dbb600f89,1607885830107:1149df56-b56b-4b73-aabc-4793e1e98172,"size == ""0""","isEmpty == ""True""","peek_obj_type == ""EmptyObject""","push == ""class java.lang.String""","pop == ""none""","clear == ""none""","size_p == ""0""",Yes
1881,1607885830107:073fd4ba-fc55-42e9-9f8a-9c2dbb600f89,1607885830107:1149df56-b56b-4b73-aabc-4793e1e98172,"size == ""0""","isEmpty == ""True""","peek_obj_type == ""EmptyObject""","push == ""none""","pop == ""EmptyObject""","clear == ""none""","size_p == ""0""",No
1883,1607885830106:fb5f728d-9a18-4488-97d4-112b71f24c49,1607885830107:7fd811f0-73ab-4702-aec0-f9e6f1d1e3f3,"size == ""0""","isEmpty == ""True""","peek_obj_type == ""EmptyObject""","push == ""class java.lang.String""","pop == ""none""","clear == ""none""","size_p == ""0""",Yes
1884,1607885830106:fb5f728d-9a18-4488-97d4-112b71f24c49,1607885830107:7fd811f0-73ab-4702-aec0-f9e6f1d1e3f3,"size == ""0""","isEmpty == ""True""","peek_obj_type == ""EmptyObject""","push == ""none""","pop == ""EmptyObject""","clear == ""none""","size_p == ""0""",No
1886,1607885830106:fb5f728d-9a18-4488-97d4-112b71f24c49,1607885830106:8985ec28-6409-49dc-bace-b261ad7aac29,"size == ""1""","isEmpty == ""False""","peek_obj_type == ""class java.lang.String""","push == ""none""","pop == ""none""","clear == ""clear""","size_p == ""0""",Yes
1887,1607885830106:fb5f728d-9a18-4488-97d4-112b71f24c49,1607885830106:8985ec28-6409-49dc-bace-b261ad7aac29,"size == ""1""","isEmpty == ""False""","peek_obj_type == ""class java.lang.String""","push == ""class java.lang.String""","pop == ""none""","clear == ""none""","size_p == ""1""",Yes
1888,1607885830106:fb5f728d-9a18-4488-97d4-112b71f24c49,1607885830106:8985ec28-6409-49dc-bace-b261ad7aac29,"size == ""2""","isEmpty == ""False""","peek_obj_type == ""class java.lang.String""","push == ""none""","pop == ""none""","clear == ""clear""","size_p == ""1""",Yes
1889,1607885830106:fb5f728d-9a18-4488-97d4-112b71f24c49,1607885830106:8985ec28-6409-49dc-bace-b261ad7aac29,"size == ""3""","isEmpty == ""False""","peek_obj_type == ""class java.lang.String""","push == ""none""","pop == ""none""","clear == ""clear""","size_p == ""2""",Yes
1890,1607885830106:fb5f728d-9a18-4488-97d4-112b71f24c49,1607885830106:8985ec28-6409-49dc-bace-b261ad7aac29,"size == ""4""","isEmpty == ""False""","peek_obj_type == ""class java.lang.String""","push == ""none""","pop == ""none""","clear == ""clear""","size_p == ""3""",Yes
1892,1607885830106:ed413e7a-c216-46b1-9a09-dce39cb3243f,1607885830106:684bbbdc-8a53-4272-b9be-bd4762390a22,"size == ""0""","isEmpty == ""True""","peek_obj_type == ""EmptyObject""","push == ""class java.lang.String""","pop == ""none""","clear == ""none""","size_p == ""0""",Yes
1893,1607885830106:ed413e7a-c216-46b1-9a09-dce39cb3243f,1607885830106:684bbbdc-8a53-4272-b9be-bd4762390a22,"size == ""0""","isEmpty == ""True""","peek_obj_type == ""EmptyObject""","push == ""none""","pop == ""EmptyObject""","clear == ""none""","size_p == ""0""",No
1895,1607885830106:e32e2f1b-72cf-4850-b4c2-a86a2bd66344,1607885830106:fa8b5bd5-1eea-4ca0-8297-a818ef4d080b,"size == ""0""","isEmpty == ""True""","peek_obj_type == ""EmptyObject""","push == ""class java.lang.String""","pop == ""none""","clear == ""none""","size_p == ""0""",Yes
1896,1607885830106:e32e2f1b-72cf-4850-b4c2-a86a2bd66344,1607885830106:fa8b5bd5-1eea-4ca0-8297-a818ef4d080b,"size == ""0""","isEmpty == ""True""","peek_obj_type == ""EmptyObject""","push == ""none""","pop == ""EmptyObject""","clear == ""none""","size_p == ""0""",No
1898,1607885830106:dee759ad-cde3-4f27-b83c-46b63f2ba345,1607885830106:c30d2107-3073-49bd-ae40-f997a5c30c3a,"size == ""1""","isEmpty == ""False""","peek_obj_type == ""class java.lang.String""","push == ""none""","pop == ""none""","clear == ""clear""","size_p == ""0""",Yes
1899,1607885830106:dee759ad-cde3-4f27-b83c-46b63f2ba345,1607885830106:c30d2107-3073-49bd-ae40-f997a5c30c3a,"size == ""1""","isEmpty == ""False""","peek_obj_type == ""class java.lang.String""","push == ""class java.lang.String""","pop == ""none""","clear == ""none""","size_p == ""1""",Yes
1900,1607885830106:dee759ad-cde3-4f27-b83c-46b63f2ba345,1607885830106:c30d2107-3073-49bd-ae40-f997a5c30c3a,"size == ""2""","isEmpty == ""False""","peek_obj_type == ""class java.lang.String""","push == ""none""","pop == ""none""","clear == ""clear""","size_p == ""1""",Yes
1901,1607885830106:dee759ad-cde3-4f27-b83c-46b63f2ba345,1607885830106:c30d2107-3073-49bd-ae40-f997a5c30c3a,"size == ""3""","isEmpty == ""False""","peek_obj_type == ""class java.lang.String""","push == ""none""","pop == ""none""","clear == ""clear""","size_p == ""2""",Yes
1902,1607885830106:dee759ad-cde3-4f27-b83c-46b63f2ba345,1607885830106:c30d2107-3073-49bd-ae40-f997a5c30c3a,"size == ""4""","isEmpty == ""False""","peek_obj_type == ""class java.lang.String""","push == ""none""","pop == ""none""","clear == ""clear""","size_p == ""3""",Yes
1904,1607885830106:dee759ad-cde3-4f27-b83c-46b63f2ba345,1607885830106:0ad1e8b3-5571-42b8-88c9-1f2dd09f0cd1,"size == ""0""","isEmpty == ""True""","peek_obj_type == ""EmptyObject""","push == ""class java.lang.String""","pop == ""none""","clear == ""none""","size_p == ""0""",Yes
1905,1607885830106:dee759ad-cde3-4f27-b83c-46b63f2ba345,1607885830106:0ad1e8b3-5571-42b8-88c9-1f2dd09f0cd1,"size == ""0""","isEmpty == ""True""","peek_obj_type == ""EmptyObject""","push == ""none""","pop == ""EmptyObject""","clear == ""none""","size_p == ""0""",No
1907,1607885830106:d744639b-fd0c-491b-8698-729b11f7c25c,1607885830106:885d48af-8f8d-4bc9-b9a1-3e434e6964f6,"size == ""0""","isEmpty == ""True""","peek_obj_type == ""EmptyObject""","push == ""class java.lang.String""","pop == ""none""","clear == ""none""","size_p == ""0""",Yes
1908,1607885830106:d744639b-fd0c-491b-8698-729b11f7c25c,1607885830106:885d48af-8f8d-4bc9-b9a1-3e434e6964f6,"size == ""0""","isEmpty == ""True""","peek_obj_type == ""EmptyObject""","push == ""none""","pop == ""EmptyObject""","clear == ""none""","size_p == ""0""",No
1911,1607885830106:67a6c96e-8d23-4caf-a85a-3c0f670d1a1a,1607885830106:8bee5541-a126-425c-a008-163238803779,"size == ""0""","isEmpty == ""True""","peek_obj_type == ""EmptyObject""","push == ""class java.lang.String""","pop == ""none""","clear == ""none""","size_p == ""0""",Yes
1913,1607885830106:67a6c96e-8d23-4caf-a85a-3c0f670d1a1a,1607885830106:59cf72a7-c573-4f93-9c4d-2c6d1e970ebf,"size == ""0""","isEmpty == ""True""","peek_obj_type == ""EmptyObject""","push == ""class java.lang.String""","pop == ""none""","clear == ""none""","size_p == ""0""",Yes
1914,1607885830106:67a6c96e-8d23-4caf-a85a-3c0f670d1a1a,1607885830106:59cf72a7-c573-4f93-9c4d-2c6d1e970ebf,"size == ""0""","isEmpty == ""True""","peek_obj_type == ""EmptyObject""","push == ""none""","pop == ""EmptyObject""","clear == ""none""","size_p == ""0""",No
1916,1607885830106:27f3cf84-6382-4d3c-8033-909e5f5560ef,1607885830106:5355a741-5824-4dee-88b4-16698ad48aea,"size == ""0""","isEmpty == ""True""","peek_obj_type == ""EmptyObject""","push == ""class java.lang.String""","pop == ""none""","clear == ""none""","size_p == ""0""",Yes
1917,1607885830106:27f3cf84-6382-4d3c-8033-909e5f5560ef,1607885830106:5355a741-5824-4dee-88b4-16698ad48aea,"size == ""0""","isEmpty == ""True""","peek_obj_type == ""EmptyObject""","push == ""class java.lang.String""","pop == ""none""","clear == ""none""","size_p == ""0""",Yes
1919,1607885830106:27f3cf84-6382-4d3c-8033-909e5f5560ef,1607885830106:04ab3ee9-da20-44ce-b371-6d9018ab75cf,"size == ""0""","isEmpty == ""True""","peek_obj_type == ""EmptyObject""","push == ""class java.lang.String""","pop == ""none""","clear == ""none""","size_p == ""0""",Yes
1920,1607885830106:27f3cf84-6382-4d3c-8033-909e5f5560ef,1607885830106:04ab3ee9-da20-44ce-b371-6d9018ab75cf,"size == ""0""","isEmpty == ""True""","peek_obj_type == ""EmptyObject""","push == ""none""","pop == ""EmptyObject""","clear == ""none""","size_p == ""0""",No
1922,1607885830106:1d61cf33-4438-474d-9c7c-7fab08da8596,1607885830106:80091c69-745e-4a2c-8515-f8d1fc25cac0,"size == ""0""","isEmpty == ""True""","peek_obj_type == ""EmptyObject""","push == ""class java.lang.String""","pop == ""none""","clear == ""none""","size_p == ""0""",Yes
1923,1607885830106:1d61cf33-4438-474d-9c7c-7fab08da8596,1607885830106:80091c69-745e-4a2c-8515-f8d1fc25cac0,"size == ""0""","isEmpty == ""True""","peek_obj_type == ""EmptyObject""","push == ""none""","pop == ""EmptyObject""","clear == ""none""","size_p == ""0""",No
1925,1607885830106:1d61cf33-4438-474d-9c7c-7fab08da8596,1607885830106:0ddd25d4-7d3d-434f-9df1-c4ec70f506b9,"size == ""1""","isEmpty == ""False""","peek_obj_type == ""class java.lang.String""","push == ""none""","pop == ""none""","clear == ""clear""","size_p == ""0""",Yes
1926,1607885830106:1d61cf33-4438-474d-9c7c-7fab08da8596,1607885830106:0ddd25d4-7d3d-434f-9df1-c4ec70f506b9,"size == ""1""","isEmpty == ""False""","peek_obj_type == ""class java.lang.String""","push == ""class java.lang.String""","pop == ""none""","clear == ""none""","size_p == ""1""",Yes
1927,1607885830106:1d61cf33-4438-474d-9c7c-7fab08da8596,1607885830106:0ddd25d4-7d3d-434f-9df1-c4ec70f506b9,"size == ""2""","isEmpty == ""False""","peek_obj_type == ""class java.lang.String""","push == ""none""","pop == ""none""","clear == ""clear""","size_p == ""1""",Yes
1928,1607885830106:1d61cf33-4438-474d-9c7c-7fab08da8596,1607885830106:0ddd25d4-7d3d-434f-9df1-c4ec70f506b9,"size == ""3""","isEmpty == ""False""","peek_obj_type == ""class java.lang.String""","push == ""none""","pop == ""none""","clear == ""clear""","size_p == ""2""",Yes
1929,1607885830106:1d61cf33-4438-474d-9c7c-7fab08da8596,1607885830106:0ddd25d4-7d3d-434f-9df1-c4ec70f506b9,"size == ""4""","isEmpty == ""False""","peek_obj_type == ""class java.lang.String""","push == ""none""","pop == ""none""","clear == ""clear""","size_p == ""3""",Yes
1931,1607885830106:16b8636b-3c5c-4071-a838-fe01883154f6,1607885830106:0cb5865b-1428-4c7a-b9ab-e4f21684a599,"size == ""0""","isEmpty == ""True""","peek_obj_type == ""EmptyObject""","push == ""class java.lang.String""","pop == ""none""","clear == ""none""","size_p == ""0""",Yes
1932,1607885830106:16b8636b-3c5c-4071-a838-fe01883154f6,1607885830106:0cb5865b-1428-4c7a-b9ab-e4f21684a599,"size == ""0""","isEmpty == ""True""","peek_obj_type == ""EmptyObject""","push == ""none""","pop == ""EmptyObject""","clear == ""none""","size_p == ""0""",No
1934,1607885830105:e9a122b2-a312-4c1f-8148-6ca69a2dcb7e,1607885830105:c7f4ce36-6c7c-499f-bf46-77db0491f27e,"size == ""1""","isEmpty == ""False""","peek_obj_type == ""class java.lang.String""","push == ""none""","pop == ""none""","clear == ""clear""","size_p == ""0""",Yes
1935,1607885830105:e9a122b2-a312-4c1f-8148-6ca69a2dcb7e,1607885830105:c7f4ce36-6c7c-499f-bf46-77db0491f27e,"size == ""1""","isEmpty == ""False""","peek_obj_type == ""class java.lang.String""","push == ""class java.lang.String""","pop == ""none""","clear == ""none""","size_p == ""1""",Yes
1936,1607885830105:e9a122b2-a312-4c1f-8148-6ca69a2dcb7e,1607885830105:c7f4ce36-6c7c-499f-bf46-77db0491f27e,"size == ""2""","isEmpty == ""False""","peek_obj_type == ""class java.lang.String""","push == ""none""","pop == ""none""","clear == ""clear""","size_p == ""1""",Yes
1937,1607885830105:e9a122b2-a312-4c1f-8148-6ca69a2dcb7e,1607885830105:c7f4ce36-6c7c-499f-bf46-77db0491f27e,"size == ""3""","isEmpty == ""False""","peek_obj_type == ""class java.lang.String""","push == ""none""","pop == ""none""","clear == ""clear""","size_p == ""2""",Yes
1938,1607885830105:e9a122b2-a312-4c1f-8148-6ca69a2dcb7e,1607885830105:c7f4ce36-6c7c-499f-bf46-77db0491f27e,"size == ""4""","isEmpty == ""False""","peek_obj_type == ""class java.lang.String""","push == ""none""","pop == ""none""","clear == ""clear""","size_p == ""3""",Yes
1940,1607885830105:e9a122b2-a312-4c1f-8148-6ca69a2dcb7e,1607885830105:b4fdc627-ca43-4c54-8558-d1a32d9072ab,"size == ""0""","isEmpty == ""True""","peek_obj_type == ""EmptyObject""","push == ""class java.lang.String""","pop == ""none""","clear == ""none""","size_p == ""0""",Yes
1941,1607885830105:e9a122b2-a312-4c1f-8148-6ca69a2dcb7e,1607885830105:b4fdc627-ca43-4c54-8558-d1a32d9072ab,"size == ""0""","isEmpty == ""True""","peek_obj_type == ""EmptyObject""","push == ""none""","pop == ""EmptyObject""","clear == ""none""","size_p == ""0""",No
1943,1607885830105:96f2ad39-8ae6-4af7-8fa7-8a262488cb13,1607885830105:a588a4c8-f44a-4e20-bc79-1f10e9e8b859,"size == ""1""","isEmpty == ""False""","peek_obj_type == ""class java.lang.String""","push == ""none""","pop == ""none""","clear == ""clear""","size_p == ""0""",Yes
1944,1607885830105:96f2ad39-8ae6-4af7-8fa7-8a262488cb13,1607885830105:a588a4c8-f44a-4e20-bc79-1f10e9e8b859,"size == ""1""","isEmpty == ""False""","peek_obj_type == ""class java.lang.String""","push == ""class java.lang.String""","pop == ""none""","clear == ""none""","size_p == ""1""",Yes
1945,1607885830105:96f2ad39-8ae6-4af7-8fa7-8a262488cb13,1607885830105:a588a4c8-f44a-4e20-bc79-1f10e9e8b859,"size == ""2""","isEmpty == ""False""","peek_obj_type == ""class java.lang.String""","push == ""none""","pop == ""none""","clear == ""clear""","size_p == ""1""",Yes
1946,1607885830105:96f2ad39-8ae6-4af7-8fa7-8a262488cb13,1607885830105:a588a4c8-f44a-4e20-bc79-1f10e9e8b859,"size == ""3""","isEmpty == ""False""","peek_obj_type == ""class java.lang.String""","push == ""none""","pop == ""none""","clear == ""clear""","size_p == ""2""",Yes
1947,1607885830105:96f2ad39-8ae6-4af7-8fa7-8a262488cb13,1607885830105:a588a4c8-f44a-4e20-bc79-1f10e9e8b859,"size == ""4""","isEmpty == ""False""","peek_obj_type == ""class java.lang.String""","push == ""none""","pop == ""none""","clear == ""clear""","size_p == ""3""",Yes
1949,1607885830105:96f2ad39-8ae6-4af7-8fa7-8a262488cb13,1607885830105:565807f7-5d8f-4c5d-a22c-dec2b45c6444,"size == ""0""","isEmpty == ""True""","peek_obj_type == ""EmptyObject""","push == ""class java.lang.String""","pop == ""none""","clear == ""none""","size_p == ""0""",Yes
1950,1607885830105:96f2ad39-8ae6-4af7-8fa7-8a262488cb13,1607885830105:565807f7-5d8f-4c5d-a22c-dec2b45c6444,"size == ""0""","isEmpty == ""True""","peek_obj_type == ""EmptyObject""","push == ""none""","pop == ""EmptyObject""","clear == ""none""","size_p == ""0""",No
1952,1607885830105:72d9152b-9e61-450c-b4e2-8c6b04ac3cea,1607885830105:61284b68-3eb4-4892-93d1-2835c007bf58,"size == ""0""","isEmpty == ""True""","peek_obj_type == ""EmptyObject""","push == ""class java.lang.String""","pop == ""none""","clear == ""none""","size_p == ""0""",Yes
1953,1607885830105:72d9152b-9e61-450c-b4e2-8c6b04ac3cea,1607885830105:61284b68-3eb4-4892-93d1-2835c007bf58,"size == ""0""","isEmpty == ""True""","peek_obj_type == ""EmptyObject""","push == ""class java.lang.String""","pop == ""none""","clear == ""none""","size_p == ""0""",Yes
1955,1607885830105:72d9152b-9e61-450c-b4e2-8c6b04ac3cea,1607885830105:05bf2c6e-4886-45d0-8fc9-715f14dfa790,"size == ""0""","isEmpty == ""True""","peek_obj_type == ""EmptyObject""","push == ""class java.lang.String""","pop == ""none""","clear == ""none""","size_p == ""0""",Yes
1956,1607885830105:72d9152b-9e61-450c-b4e2-8c6b04ac3cea,1607885830105:05bf2c6e-4886-45d0-8fc9-715f14dfa790,"size == ""0""","isEmpty == ""True""","peek_obj_type == ""EmptyObject""","push == ""none""","pop == ""EmptyObject""","clear == ""none""","size_p == ""0""",No
1958,1607885830105:69aee97d-34b5-47b7-a34f-b5b43dabe1a3,1607885830105:b6c47a03-024f-4e3b-8fe5-2fa7889263b8,"size == ""0""","isEmpty == ""True""","peek_obj_type == ""EmptyObject""","push == ""class java.lang.String""","pop == ""none""","clear == ""none""","size_p == ""0""",Yes
1960,1607885830105:69aee97d-34b5-47b7-a34f-b5b43dabe1a3,1607885830105:579c47d0-6a4c-4e15-b7a0-f9c44fe846cd,"size == ""0""","isEmpty == ""True""","peek_obj_type == ""EmptyObject""","push == ""class java.lang.String""","pop == ""none""","clear == ""none""","size_p == ""0""",Yes
1961,1607885830105:69aee97d-34b5-47b7-a34f-b5b43dabe1a3,1607885830105:579c47d0-6a4c-4e15-b7a0-f9c44fe846cd,"size == ""0""","isEmpty == ""True""","peek_obj_type == ""EmptyObject""","push == ""none""","pop == ""EmptyObject""","clear == ""none""","size_p == ""0""",No
1963,1607885830105:488897ff-6358-4d0a-8272-336318e9b0ba,1607885830105:2f2f39e0-e1ea-48fa-8533-022545f77065,"size == ""0""","isEmpty == ""True""","peek_obj_type == ""EmptyObject""","push == ""class java.lang.String""","pop == ""none""","clear == ""none""","size_p == ""0""",Yes
1964,1607885830105:488897ff-6358-4d0a-8272-336318e9b0ba,1607885830105:2f2f39e0-e1ea-48fa-8533-022545f77065,"size == ""0""","isEmpty == ""True""","peek_obj_type == ""EmptyObject""","push == ""class java.lang.String""","pop == ""none""","clear == ""none""","size_p == ""0""",Yes
1966,1607885830105:488897ff-6358-4d0a-8272-336318e9b0ba,1607885830105:07967f91-b387-468d-86bb-cf56fba2eedc,"size == ""0""","isEmpty == ""True""","peek_obj_type == ""EmptyObject""","push == ""class java.lang.String""","pop == ""none""","clear == ""none""","size_p == ""0""",Yes
1967,1607885830105:488897ff-6358-4d0a-8272-336318e9b0ba,1607885830105:07967f91-b387-468d-86bb-cf56fba2eedc,"size == ""0""","isEmpty == ""True""","peek_obj_type == ""EmptyObject""","push == ""none""","pop == ""EmptyObject""","clear == ""none""","size_p == ""0""",No
1969,1607885830105:1e4ca6b5-4ff9-420a-aa06-7f1b71aa3c4d,1607885830105:6d203292-be7e-4a47-8530-ed209fbad7c1,"size == ""0""","isEmpty == ""True""","peek_obj_type == ""EmptyObject""","push == ""class java.lang.String""","pop == ""none""","clear == ""none""","size_p == ""0""",Yes
1970,1607885830105:1e4ca6b5-4ff9-420a-aa06-7f1b71aa3c4d,1607885830105:6d203292-be7e-4a47-8530-ed209fbad7c1,"size == ""0""","isEmpty == ""True""","peek_obj_type == ""EmptyObject""","push == ""none""","pop == ""EmptyObject""","clear == ""none""","size_p == ""0""",No
1972,1607885830104:f789fe3b-80e6-41b0-bc7f-81b8323f7994,1607885830104:fb813f61-634d-4e8f-a063-4d5962967f80,"size == ""0""","isEmpty == ""True""","peek_obj_type == ""EmptyObject""","push == ""class java.lang.String""","pop == ""none""","clear == ""none""","size_p == ""0""",Yes
1975,1607885830104:f789fe3b-80e6-41b0-bc7f-81b8323f7994,1607885830104:663da8c7-f223-486a-93c2-7226c6c2c811,"size == ""0""","isEmpty == ""True""","peek_obj_type == ""EmptyObject""","push == ""class java.lang.String""","pop == ""none""","clear == ""none""","size_p == ""0""",Yes
1976,1607885830104:f789fe3b-80e6-41b0-bc7f-81b8323f7994,1607885830104:663da8c7-f223-486a-93c2-7226c6c2c811,"size == ""0""","isEmpty == ""True""","peek_obj_type == ""EmptyObject""","push == ""none""","pop == ""EmptyObject""","clear == ""none""","size_p == ""0""",No
1978,1607885830104:e448158b-2c1a-4ee8-bb40-e70618223a0e,1607885830104:6b225095-2436-42ab-9d3e-ebf8cbf046c3,"size == ""0""","isEmpty == ""True""","peek_obj_type == ""EmptyObject""","push == ""class java.lang.String""","pop == ""none""","clear == ""none""","size_p == ""0""",Yes
1979,1607885830104:e448158b-2c1a-4ee8-bb40-e70618223a0e,1607885830104:6b225095-2436-42ab-9d3e-ebf8cbf046c3,"size == ""0""","isEmpty == ""True""","peek_obj_type == ""EmptyObject""","push == ""none""","pop == ""EmptyObject""","clear == ""none""","size_p == ""0""",No
1981,1607885830104:e448158b-2c1a-4ee8-bb40-e70618223a0e,1607885830104:6117d875-7903-490b-9456-ee53cbcc56ba,"size == ""1""","isEmpty == ""False""","peek_obj_type == ""class java.lang.String""","push == ""none""","pop == ""none""","clear == ""clear""","size_p == ""0""",Yes
1982,1607885830104:e448158b-2c1a-4ee8-bb40-e70618223a0e,1607885830104:6117d875-7903-490b-9456-ee53cbcc56ba,"size == ""1""","isEmpty == ""False""","peek_obj_type == ""class java.lang.String""","push == ""class java.lang.String""","pop == ""none""","clear == ""none""","size_p == ""1""",Yes
1983,1607885830104:e448158b-2c1a-4ee8-bb40-e70618223a0e,1607885830104:6117d875-7903-490b-9456-ee53cbcc56ba,"size == ""2""","isEmpty == ""False""","peek_obj_type == ""class java.lang.String""","push == ""none""","pop == ""none""","clear == ""clear""","size_p == ""1""",Yes
1984,1607885830104:e448158b-2c1a-4ee8-bb40-e70618223a0e,1607885830104:6117d875-7903-490b-9456-ee53cbcc56ba,"size == ""3""","isEmpty == ""False""","peek_obj_type == ""class java.lang.String""","push == ""none""","pop == ""none""","clear == ""clear""","size_p == ""2""",Yes
1985,1607885830104:e448158b-2c1a-4ee8-bb40-e70618223a0e,1607885830104:6117d875-7903-490b-9456-ee53cbcc56ba,"size == ""4""","isEmpty == ""False""","peek_obj_type == ""class java.lang.String""","push == ""none""","pop == ""none""","clear == ""clear""","size_p == ""3""",Yes
1987,1607885830104:dba9fe00-b85a-47d3-addf-0d559e5820bb,1607885830104:fca1900c-20af-49ff-b95f-07551184f09f,"size == ""1""","isEmpty == ""False""","peek_obj_type == ""class java.lang.String""","push == ""none""","pop == ""none""","clear == ""clear""","size_p == ""0""",Yes
1988,1607885830104:dba9fe00-b85a-47d3-addf-0d559e5820bb,1607885830104:fca1900c-20af-49ff-b95f-07551184f09f,"size == ""1""","isEmpty == ""False""","peek_obj_type == ""class java.lang.String""","push == ""class java.lang.String""","pop == ""none""","clear == ""none""","size_p == ""1""",Yes
1989,1607885830104:dba9fe00-b85a-47d3-addf-0d559e5820bb,1607885830104:fca1900c-20af-49ff-b95f-07551184f09f,"size == ""2""","isEmpty == ""False""","peek_obj_type == ""class java.lang.String""","push == ""none""","pop == ""none""","clear == ""clear""","size_p == ""1""",Yes
1990,1607885830104:dba9fe00-b85a-47d3-addf-0d559e5820bb,1607885830104:fca1900c-20af-49ff-b95f-07551184f09f,"size == ""3""","isEmpty == ""False""","peek_obj_type == ""class java.lang.String""","push == ""none""","pop == ""none""","clear == ""clear""","size_p == ""2""",Yes
1991,1607885830104:dba9fe00-b85a-47d3-addf-0d559e5820bb,1607885830104:fca1900c-20af-49ff-b95f-07551184f09f,"size == ""4""","isEmpty == ""False""","peek_obj_type == ""class java.lang.String""","push == ""none""","pop == ""none""","clear == ""clear""","size_p == ""3""",Yes
1993,1607885830104:dba9fe00-b85a-47d3-addf-0d559e5820bb,1607885830104:8d3e1a78-5200-43bc-a962-ba747b61858c,"size == ""0""","isEmpty == ""True""","peek_obj_type == ""EmptyObject""","push == ""class java.lang.String""","pop == ""none""","clear == ""none""","size_p == ""0""",Yes
1994,1607885830104:dba9fe00-b85a-47d3-addf-0d559e5820bb,1607885830104:8d3e1a78-5200-43bc-a962-ba747b61858c,"size == ""0""","isEmpty == ""True""","peek_obj_type == ""EmptyObject""","push == ""none""","pop == ""EmptyObject""","clear == ""none""","size_p == ""0""",No
1996,1607885830104:d36673af-48d2-4612-bdfb-a58ff1cdb573,1607885830104:78ec55ff-fddc-4289-b947-118b02d97e18,"size == ""0""","isEmpty == ""True""","peek_obj_type == ""EmptyObject""","push == ""class java.lang.String""","pop == ""none""","clear == ""none""","size_p == ""0""",Yes
1997,1607885830104:d36673af-48d2-4612-bdfb-a58ff1cdb573,1607885830104:78ec55ff-fddc-4289-b947-118b02d97e18,"size == ""0""","isEmpty == ""True""","peek_obj_type == ""EmptyObject""","push == ""none""","pop == ""EmptyObject""","clear == ""none""","size_p == ""0""",No
1999,1607885830104:d36673af-48d2-4612-bdfb-a58ff1cdb573,1607885830104:77ed5e45-91e9-46d2-b8e1-5a83fc6f074b,"size == ""0""","isEmpty == ""True""","peek_obj_type == ""EmptyObject""","push == ""class java.lang.String""","pop == ""none""","clear == ""none""","size_p == ""0""",Yes
2002,1607885830104:a851f8cf-33c4-45dd-9ac9-02064790e828,1607885830104:b223d5bf-0521-46aa-a302-a1b0c8d42f6c,"size == ""0""","isEmpty == ""True""","peek_obj_type == ""EmptyObject""","push == ""class java.lang.String""","pop == ""none""","clear == ""none""","size_p == ""0""",Yes
2004,1607885830104:a851f8cf-33c4-45dd-9ac9-02064790e828,1607885830104:8af295bd-fe2d-4109-ac72-245e312889b3,"size == ""0""","isEmpty == ""True""","peek_obj_type == ""EmptyObject""","push == ""class java.lang.String""","pop == ""none""","clear == ""none""","size_p == ""0""",Yes
2005,1607885830104:a851f8cf-33c4-45dd-9ac9-02064790e828,1607885830104:8af295bd-fe2d-4109-ac72-245e312889b3,"size == ""0""","isEmpty == ""True""","peek_obj_type == ""EmptyObject""","push == ""none""","pop == ""EmptyObject""","clear == ""none""","size_p == ""0""",No
2008,1607885830104:99f86540-328f-45a7-a11d-7b519af0030a,1607885830104:09197a9a-bc31-481f-b443-50cd30381e54,"size == ""0""","isEmpty == ""True""","peek_obj_type == ""EmptyObject""","push == ""class java.lang.String""","pop == ""none""","clear == ""none""","size_p == ""0""",Yes
2009,1607885830104:99f86540-328f-45a7-a11d-7b519af0030a,1607885830104:09197a9a-bc31-481f-b443-50cd30381e54,"size == ""0""","isEmpty == ""True""","peek_obj_type == ""EmptyObject""","push == ""none""","pop == ""EmptyObject""","clear == ""none""","size_p == ""0""",No
2011,1607885830104:4cc72cf6-2d3d-44ba-9b8e-f6a38e060921,1607885830104:5539f848-6fdc-4cbd-b13c-4a9414ff4354,"size == ""1""","isEmpty == ""False""","peek_obj_type == ""class java.lang.String""","push == ""none""","pop == ""none""","clear == ""clear""","size_p == ""0""",Yes
2012,1607885830104:4cc72cf6-2d3d-44ba-9b8e-f6a38e060921,1607885830104:5539f848-6fdc-4cbd-b13c-4a9414ff4354,"size == ""1""","isEmpty == ""False""","peek_obj_type == ""class java.lang.String""","push == ""class java.lang.String""","pop == ""none""","clear == ""none""","size_p == ""1""",Yes
2013,1607885830104:4cc72cf6-2d3d-44ba-9b8e-f6a38e060921,1607885830104:5539f848-6fdc-4cbd-b13c-4a9414ff4354,"size == ""2""","isEmpty == ""False""","peek_obj_type == ""class java.lang.String""","push == ""none""","pop == ""none""","clear == ""clear""","size_p == ""1""",Yes
2014,1607885830104:4cc72cf6-2d3d-44ba-9b8e-f6a38e060921,1607885830104:5539f848-6fdc-4cbd-b13c-4a9414ff4354,"size == ""3""","isEmpty == ""False""","peek_obj_type == ""class java.lang.String""","push == ""none""","pop == ""none""","clear == ""clear""","size_p == ""2""",Yes
2015,1607885830104:4cc72cf6-2d3d-44ba-9b8e-f6a38e060921,1607885830104:5539f848-6fdc-4cbd-b13c-4a9414ff4354,"size == ""4""","isEmpty == ""False""","peek_obj_type == ""class java.lang.String""","push == ""none""","pop == ""none""","clear == ""clear""","size_p == ""3""",Yes
2017,1607885830104:4cc72cf6-2d3d-44ba-9b8e-f6a38e060921,1607885830104:48bd55d3-d175-4a91-adc0-d8ed4ae993f7,"size == ""0""","isEmpty == ""True""","peek_obj_type == ""EmptyObject""","push == ""class java.lang.String""","pop == ""none""","clear == ""none""","size_p == ""0""",Yes
2018,1607885830104:4cc72cf6-2d3d-44ba-9b8e-f6a38e060921,1607885830104:48bd55d3-d175-4a91-adc0-d8ed4ae993f7,"size == ""0""","isEmpty == ""True""","peek_obj_type == ""EmptyObject""","push == ""none""","pop == ""EmptyObject""","clear == ""none""","size_p == ""0""",No
2021,1607885830103:d22c13a7-f96a-4b24-9e5d-3dba26741cc7,1607885830103:7e123a50-2af3-4bfe-ac82-60faecd06177,"size == ""0""","isEmpty == ""True""","peek_obj_type == ""EmptyObject""","push == ""class java.lang.String""","pop == ""none""","clear == ""none""","size_p == ""0""",Yes
2023,1607885830103:d22c13a7-f96a-4b24-9e5d-3dba26741cc7,1607885830103:5ecc2b71-80f9-4e41-9221-dac8c5a1f2d3,"size == ""0""","isEmpty == ""True""","peek_obj_type == ""EmptyObject""","push == ""class java.lang.String""","pop == ""none""","clear == ""none""","size_p == ""0""",Yes
2024,1607885830103:d22c13a7-f96a-4b24-9e5d-3dba26741cc7,1607885830103:5ecc2b71-80f9-4e41-9221-dac8c5a1f2d3,"size == ""0""","isEmpty == ""True""","peek_obj_type == ""EmptyObject""","push == ""none""","pop == ""EmptyObject""","clear == ""none""","size_p == ""0""",No
2026,1607885830103:972f5331-19a3-4cb5-b2dd-b2fae6bbda06,1607885830103:437cd70c-38df-419d-bf58-b592e06ba395,"size == ""0""","isEmpty == ""True""","peek_obj_type == ""EmptyObject""","push == ""class java.lang.String""","pop == ""none""","clear == ""none""","size_p == ""0""",Yes
2027,1607885830103:972f5331-19a3-4cb5-b2dd-b2fae6bbda06,1607885830103:437cd70c-38df-419d-bf58-b592e06ba395,"size == ""0""","isEmpty == ""True""","peek_obj_type == ""EmptyObject""","push == ""none""","pop == ""EmptyObject""","clear == ""none""","size_p == ""0""",No
2029,1607885830103:854c1f39-e7f7-4c92-ae54-61291954d578,1607885830103:7d170c93-c268-43fb-a510-bc8b85a93645,"size == ""1""","isEmpty == ""False""","peek_obj_type == ""class java.lang.String""","push == ""none""","pop == ""none""","clear == ""clear""","size_p == ""0""",Yes
2030,1607885830103:854c1f39-e7f7-4c92-ae54-61291954d578,1607885830103:7d170c93-c268-43fb-a510-bc8b85a93645,"size == ""1""","isEmpty == ""False""","peek_obj_type == ""class java.lang.String""","push == ""class java.lang.String""","pop == ""none""","clear == ""none""","size_p == ""1""",Yes
2031,1607885830103:854c1f39-e7f7-4c92-ae54-61291954d578,1607885830103:7d170c93-c268-43fb-a510-bc8b85a93645,"size == ""0""","isEmpty == ""True""","peek_obj_type == ""EmptyObject""","push == ""none""","pop == ""EmptyObject""","clear == ""none""","size_p == ""1""",No
2032,1607885830103:854c1f39-e7f7-4c92-ae54-61291954d578,1607885830103:7d170c93-c268-43fb-a510-bc8b85a93645,"size == ""0""","isEmpty == ""True""","peek_obj_type == ""EmptyObject""","push == ""class java.lang.String""","pop == ""none""","clear == ""none""","size_p == ""0""",Yes
2034,1607885830103:854c1f39-e7f7-4c92-ae54-61291954d578,1607885830103:160bd07a-3aa1-4a98-ad19-6c7954aa303d,"size == ""0""","isEmpty == ""True""","peek_obj_type == ""EmptyObject""","push == ""class java.lang.String""","pop == ""none""","clear == ""none""","size_p == ""0""",Yes
2035,1607885830103:854c1f39-e7f7-4c92-ae54-61291954d578,1607885830103:160bd07a-3aa1-4a98-ad19-6c7954aa303d,"size == ""0""","isEmpty == ""True""","peek_obj_type == ""EmptyObject""","push == ""none""","pop == ""EmptyObject""","clear == ""none""","size_p == ""0""",No
2038,1607885830103:65192723-b8f6-464b-9abf-6d84bffbbe87,1607885830103:84df1c84-9395-44bf-b490-3c732ccc209d,"size == ""0""","isEmpty == ""True""","peek_obj_type == ""EmptyObject""","push == ""class java.lang.String""","pop == ""none""","clear == ""none""","size_p == ""0""",Yes
2040,1607885830103:65192723-b8f6-464b-9abf-6d84bffbbe87,1607885830103:18a15d3b-4419-471d-8faf-309d082fe47f,"size == ""0""","isEmpty == ""True""","peek_obj_type == ""EmptyObject""","push == ""class java.lang.String""","pop == ""none""","clear == ""none""","size_p == ""0""",Yes
2041,1607885830103:65192723-b8f6-464b-9abf-6d84bffbbe87,1607885830103:18a15d3b-4419-471d-8faf-309d082fe47f,"size == ""0""","isEmpty == ""True""","peek_obj_type == ""EmptyObject""","push == ""none""","pop == ""EmptyObject""","clear == ""none""","size_p == ""0""",No
2043,1607885830103:43b8bef5-e509-4eda-8ce9-dfa25dc17071,1607885830103:0f3ab177-35ac-47a8-8515-71eefbfcf149,"size == ""0""","isEmpty == ""True""","peek_obj_type == ""EmptyObject""","push == ""class java.lang.String""","pop == ""none""","clear == ""none""","size_p == ""0""",Yes
2044,1607885830103:43b8bef5-e509-4eda-8ce9-dfa25dc17071,1607885830103:0f3ab177-35ac-47a8-8515-71eefbfcf149,"size == ""0""","isEmpty == ""True""","peek_obj_type == ""EmptyObject""","push == ""none""","pop == ""EmptyObject""","clear == ""none""","size_p == ""0""",No
2046,1607885830103:1bee9d9d-7438-4951-a874-d3fda9e626c1,1607885830103:7a54e234-5e89-40cd-b189-fac11d84b298,"size == ""0""","isEmpty == ""True""","peek_obj_type == ""EmptyObject""","push == ""class java.lang.String""","pop == ""none""","clear == ""none""","size_p == ""0""",Yes
2047,1607885830103:1bee9d9d-7438-4951-a874-d3fda9e626c1,1607885830103:7a54e234-5e89-40cd-b189-fac11d84b298,"size == ""0""","isEmpty == ""True""","peek_obj_type == ""EmptyObject""","push == ""class java.lang.String""","pop == ""none""","clear == ""none""","size_p == ""0""",Yes
2049,1607885830103:1bee9d9d-7438-4951-a874-d3fda9e626c1,1607885830103:22a04e88-f594-41e2-8f1c-4e229caa04b9,"size == ""0""","isEmpty == ""True""","peek_obj_type == ""EmptyObject""","push == ""class java.lang.String""","pop == ""none""","clear == ""none""","size_p == ""0""",Yes
2050,1607885830103:1bee9d9d-7438-4951-a874-d3fda9e626c1,1607885830103:22a04e88-f594-41e2-8f1c-4e229caa04b9,"size == ""0""","isEmpty == ""True""","peek_obj_type == ""EmptyObject""","push == ""none""","pop == ""EmptyObject""","clear == ""none""","size_p == ""0""",No
2052,1607885830103:0d38d1de-171f-42e2-ac7a-b7b9f39f18a2,1607885830103:87341f5d-3d38-442f-b8a8-f45b18bebf91,"size == ""0""","isEmpty == ""True""","peek_obj_type == ""EmptyObject""","push == ""class java.lang.String""","pop == ""none""","clear == ""none""","size_p == ""0""",Yes
2053,1607885830103:0d38d1de-171f-42e2-ac7a-b7b9f39f18a2,1607885830103:87341f5d-3d38-442f-b8a8-f45b18bebf91,"size == ""0""","isEmpty == ""True""","peek_obj_type == ""EmptyObject""","push == ""none""","pop == ""EmptyObject""","clear == ""none""","size_p == ""0""",No
2055,1607885830103:01b076ed-4db7-4f0b-a152-a375ce5d5ac0,1607885830103:cc1f4f94-72a4-49d3-bcfd-122e8608d7a7,"size == ""1""","isEmpty == ""False""","peek_obj_type == ""class java.lang.String""","push == ""none""","pop == ""none""","clear == ""clear""","size_p == ""0""",Yes
2056,1607885830103:01b076ed-4db7-4f0b-a152-a375ce5d5ac0,1607885830103:cc1f4f94-72a4-49d3-bcfd-122e8608d7a7,"size == ""1""","isEmpty == ""False""","peek_obj_type == ""class java.lang.String""","push == ""class java.lang.String""","pop == ""none""","clear == ""none""","size_p == ""1""",Yes
2057,1607885830103:01b076ed-4db7-4f0b-a152-a375ce5d5ac0,1607885830103:cc1f4f94-72a4-49d3-bcfd-122e8608d7a7,"size == ""2""","isEmpty == ""False""","peek_obj_type == ""class java.lang.String""","push == ""none""","pop == ""none""","clear == ""clear""","size_p == ""1""",Yes
2058,1607885830103:01b076ed-4db7-4f0b-a152-a375ce5d5ac0,1607885830103:cc1f4f94-72a4-49d3-bcfd-122e8608d7a7,"size == ""3""","isEmpty == ""False""","peek_obj_type == ""class java.lang.String""","push == ""none""","pop == ""none""","clear == ""clear""","size_p == ""2""",Yes
2059,1607885830103:01b076ed-4db7-4f0b-a152-a375ce5d5ac0,1607885830103:cc1f4f94-72a4-49d3-bcfd-122e8608d7a7,"size == ""4""","isEmpty == ""False""","peek_obj_type == ""class java.lang.String""","push == ""none""","pop == ""none""","clear == ""clear""","size_p == ""3""",Yes
2061,1607885830103:01b076ed-4db7-4f0b-a152-a375ce5d5ac0,1607885830103:aa8ec16b-860e-4eed-9e18-806f4a2ddb24,"size == ""0""","isEmpty == ""True""","peek_obj_type == ""EmptyObject""","push == ""class java.lang.String""","pop == ""none""","clear == ""none""","size_p == ""0""",Yes
2062,1607885830103:01b076ed-4db7-4f0b-a152-a375ce5d5ac0,1607885830103:aa8ec16b-860e-4eed-9e18-806f4a2ddb24,"size == ""0""","isEmpty == ""True""","peek_obj_type == ""EmptyObject""","push == ""none""","pop == ""EmptyObject""","clear == ""none""","size_p == ""0""",No
2065,1607885830102:b81a877b-ec87-4580-afc7-78f3577d9390,1607885830102:b21ba2f4-5d71-473b-93dd-6962616a27db,"size == ""0""","isEmpty == ""True""","peek_obj_type == ""EmptyObject""","push == ""class java.lang.String""","pop == ""none""","clear == ""none""","size_p == ""0""",Yes
2066,1607885830102:b81a877b-ec87-4580-afc7-78f3577d9390,1607885830102:b21ba2f4-5d71-473b-93dd-6962616a27db,"size == ""0""","isEmpty == ""True""","peek_obj_type == ""EmptyObject""","push == ""none""","pop == ""EmptyObject""","clear == ""none""","size_p == ""0""",No
2068,1607885830102:b81a877b-ec87-4580-afc7-78f3577d9390,1607885830102:338b430f-26a1-45c8-8c68-9db295bc401d,"size == ""0""","isEmpty == ""True""","peek_obj_type == ""EmptyObject""","push == ""class java.lang.String""","pop == ""none""","clear == ""none""","size_p == ""0""",Yes
2070,1607885830102:a7cf123d-00d7-4db5-93ff-b546bbb9bfe1,1607885830102:5b0449ea-f088-4112-8722-04a0ec377e57,"size == ""0""","isEmpty == ""True""","peek_obj_type == ""EmptyObject""","push == ""class java.lang.String""","pop == ""none""","clear == ""none""","size_p == ""0""",Yes
2071,1607885830102:a7cf123d-00d7-4db5-93ff-b546bbb9bfe1,1607885830102:5b0449ea-f088-4112-8722-04a0ec377e57,"size == ""0""","isEmpty == ""True""","peek_obj_type == ""EmptyObject""","push == ""none""","pop == ""EmptyObject""","clear == ""none""","size_p == ""0""",No
2073,1607885830102:996fb7f5-48ff-4564-8bed-6be5aff5b734,1607885830102:b564d57e-d004-46e3-ac46-7242555eb423,"size == ""0""","isEmpty == ""True""","peek_obj_type == ""EmptyObject""","push == ""class java.lang.String""","pop == ""none""","clear == ""none""","size_p == ""0""",Yes
2074,1607885830102:996fb7f5-48ff-4564-8bed-6be5aff5b734,1607885830102:b564d57e-d004-46e3-ac46-7242555eb423,"size == ""0""","isEmpty == ""True""","peek_obj_type == ""EmptyObject""","push == ""none""","pop == ""EmptyObject""","clear == ""none""","size_p == ""0""",No
2076,1607885830102:996fb7f5-48ff-4564-8bed-6be5aff5b734,1607885830102:45cbc3a8-e4d3-48f4-a840-43663f52193b,"size == ""1""","isEmpty == ""False""","peek_obj_type == ""class java.lang.String""","push == ""none""","pop == ""none""","clear == ""clear""","size_p == ""0""",Yes
2077,1607885830102:996fb7f5-48ff-4564-8bed-6be5aff5b734,1607885830102:45cbc3a8-e4d3-48f4-a840-43663f52193b,"size == ""1""","isEmpty == ""False""","peek_obj_type == ""class java.lang.String""","push == ""class java.lang.String""","pop == ""none""","clear == ""none""","size_p == ""1""",Yes
2078,1607885830102:996fb7f5-48ff-4564-8bed-6be5aff5b734,1607885830102:45cbc3a8-e4d3-48f4-a840-43663f52193b,"size == ""0""","isEmpty == ""True""","peek_obj_type == ""EmptyObject""","push == ""none""","pop == ""EmptyObject""","clear == ""none""","size_p == ""1""",No
2080,1607885830102:963066d6-cc55-42a9-bf26-435720f9c056,1607885830102:305d26b2-bb64-470d-892a-6ce3fbc8c623,"size == ""0""","isEmpty == ""True""","peek_obj_type == ""EmptyObject""","push == ""class java.lang.String""","pop == ""none""","clear == ""none""","size_p == ""0""",Yes
2081,1607885830102:963066d6-cc55-42a9-bf26-435720f9c056,1607885830102:305d26b2-bb64-470d-892a-6ce3fbc8c623,"size == ""0""","isEmpty == ""True""","peek_obj_type == ""EmptyObject""","push == ""none""","pop == ""EmptyObject""","clear == ""none""","size_p == ""0""",No
2083,1607885830102:8e5b9436-11e9-4243-a374-508472071a21,1607885830102:cf7a6daf-1fc7-48c0-a35b-e64feaa4e4ba,"size == ""1""","isEmpty == ""False""","peek_obj_type == ""class java.lang.String""","push == ""none""","pop == ""none""","clear == ""clear""","size_p == ""0""",Yes
2084,1607885830102:8e5b9436-11e9-4243-a374-508472071a21,1607885830102:cf7a6daf-1fc7-48c0-a35b-e64feaa4e4ba,"size == ""1""","isEmpty == ""False""","peek_obj_type == ""class java.lang.String""","push == ""class java.lang.String""","pop == ""none""","clear == ""none""","size_p == ""1""",Yes
2085,1607885830102:8e5b9436-11e9-4243-a374-508472071a21,1607885830102:cf7a6daf-1fc7-48c0-a35b-e64feaa4e4ba,"size == ""2""","isEmpty == ""False""","peek_obj_type == ""class java.lang.String""","push == ""none""","pop == ""none""","clear == ""clear""","size_p == ""1""",Yes
2086,1607885830102:8e5b9436-11e9-4243-a374-508472071a21,1607885830102:cf7a6daf-1fc7-48c0-a35b-e64feaa4e4ba,"size == ""3""","isEmpty == ""False""","peek_obj_type == ""class java.lang.String""","push == ""none""","pop == ""none""","clear == ""clear""","size_p == ""2""",Yes
2087,1607885830102:8e5b9436-11e9-4243-a374-508472071a21,1607885830102:cf7a6daf-1fc7-48c0-a35b-e64feaa4e4ba,"size == ""4""","isEmpty == ""False""","peek_obj_type == ""class java.lang.String""","push == ""none""","pop == ""none""","clear == ""clear""","size_p == ""3""",Yes
2089,1607885830102:8e5b9436-11e9-4243-a374-508472071a21,1607885830102:c566dfdd-f6d1-4613-b25b-1874f9849b70,"size == ""0""","isEmpty == ""True""","peek_obj_type == ""EmptyObject""","push == ""class java.lang.String""","pop == ""none""","clear == ""none""","size_p == ""0""",Yes
2090,1607885830102:8e5b9436-11e9-4243-a374-508472071a21,1607885830102:c566dfdd-f6d1-4613-b25b-1874f9849b70,"size == ""0""","isEmpty == ""True""","peek_obj_type == ""EmptyObject""","push == ""none""","pop == ""EmptyObject""","clear == ""none""","size_p == ""0""",No
2092,1607885830102:8e5b9436-11e9-4243-a374-508472071a21,1607885830102:19f2b9c3-c986-40a2-a1af-5ee3a224e128,"size == ""1""","isEmpty == ""False""","peek_obj_type == ""class java.lang.String""","push == ""none""","pop == ""none""","clear == ""clear""","size_p == ""0""",Yes
2093,1607885830102:8e5b9436-11e9-4243-a374-508472071a21,1607885830102:19f2b9c3-c986-40a2-a1af-5ee3a224e128,"size == ""1""","isEmpty == ""False""","peek_obj_type == ""class java.lang.String""","push == ""class java.lang.String""","pop == ""none""","clear == ""none""","size_p == ""1""",Yes
2094,1607885830102:8e5b9436-11e9-4243-a374-508472071a21,1607885830102:19f2b9c3-c986-40a2-a1af-5ee3a224e128,"size == ""2""","isEmpty == ""False""","peek_obj_type == ""class java.lang.String""","push == ""none""","pop == ""none""","clear == ""clear""","size_p == ""1""",Yes
2095,1607885830102:8e5b9436-11e9-4243-a374-508472071a21,1607885830102:19f2b9c3-c986-40a2-a1af-5ee3a224e128,"size == ""3""","isEmpty == ""False""","peek_obj_type == ""class java.lang.String""","push == ""none""","pop == ""none""","clear == ""clear""","size_p == ""2""",Yes
2096,1607885830102:8e5b9436-11e9-4243-a374-508472071a21,1607885830102:19f2b9c3-c986-40a2-a1af-5ee3a224e128,"size == ""4""","isEmpty == ""False""","peek_obj_type == ""class java.lang.String""","push == ""none""","pop == ""none""","clear == ""clear""","size_p == ""3""",Yes
2098,1607885830102:3f0e3a90-1f58-4f92-8ec7-8d44aff21eb7,1607885830102:a13cf063-62e6-427c-b008-8d2e4c0dc14f,"size == ""0""","isEmpty == ""True""","peek_obj_type == ""EmptyObject""","push == ""class java.lang.String""","pop == ""none""","clear == ""none""","size_p == ""0""",Yes
2099,1607885830102:3f0e3a90-1f58-4f92-8ec7-8d44aff21eb7,1607885830102:a13cf063-62e6-427c-b008-8d2e4c0dc14f,"size == ""0""","isEmpty == ""True""","peek_obj_type == ""EmptyObject""","push == ""none""","pop == ""EmptyObject""","clear == ""none""","size_p == ""0""",No
2101,1607885830101:2b973c43-c4ce-482c-9ad2-95e36c6750ed,1607885830101:da603c88-ce90-4ccc-bce3-a6d5caa29b28,"size == ""1""","isEmpty == ""False""","peek_obj_type == ""class java.lang.String""","push == ""none""","pop == ""none""","clear == ""clear""","size_p == ""0""",Yes
2102,1607885830101:2b973c43-c4ce-482c-9ad2-95e36c6750ed,1607885830101:da603c88-ce90-4ccc-bce3-a6d5caa29b28,"size == ""1""","isEmpty == ""False""","peek_obj_type == ""class java.lang.String""","push == ""class java.lang.String""","pop == ""none""","clear == ""none""","size_p == ""1""",Yes
2103,1607885830101:2b973c43-c4ce-482c-9ad2-95e36c6750ed,1607885830101:da603c88-ce90-4ccc-bce3-a6d5caa29b28,"size == ""0""","isEmpty == ""True""","peek_obj_type == ""EmptyObject""","push == ""none""","pop == ""EmptyObject""","clear == ""none""","size_p == ""1""",No
2104,1607885830101:2b973c43-c4ce-482c-9ad2-95e36c6750ed,1607885830101:da603c88-ce90-4ccc-bce3-a6d5caa29b28,"size == ""1""","isEmpty == ""False""","peek_obj_type == ""class java.lang.String""","push == ""none""","pop == ""none""","clear == ""clear""","size_p == ""0""",Yes
2106,1607885830101:2b973c43-c4ce-482c-9ad2-95e36c6750ed,1607885830101:64cbb463-ee6e-4f01-b32a-191492d73b55,"size == ""0""","isEmpty == ""True""","peek_obj_type == ""EmptyObject""","push == ""class java.lang.String""","pop == ""none""","clear == ""none""","size_p == ""0""",Yes
2107,1607885830101:2b973c43-c4ce-482c-9ad2-95e36c6750ed,1607885830101:64cbb463-ee6e-4f01-b32a-191492d73b55,"size == ""0""","isEmpty == ""True""","peek_obj_type == ""EmptyObject""","push == ""none""","pop == ""EmptyObject""","clear == ""none""","size_p == ""0""",No
2109,1607885830101:2b973c43-c4ce-482c-9ad2-95e36c6750ed,1607885830101:034ee8d4-0673-4658-ab6a-0a6b0f9f305a,"size == ""0""","isEmpty == ""True""","peek_obj_type == ""EmptyObject""","push == ""class java.lang.String""","pop == ""none""","clear == ""none""","size_p == ""0""",Yes
2110,1607885830101:2b973c43-c4ce-482c-9ad2-95e36c6750ed,1607885830101:034ee8d4-0673-4658-ab6a-0a6b0f9f305a,"size == ""0""","isEmpty == ""True""","peek_obj_type == ""EmptyObject""","push == ""class java.lang.String""","pop == ""none""","clear == ""none""","size_p == ""0""",Yes
2111,1607885830101:2b973c43-c4ce-482c-9ad2-95e36c6750ed,1607885830101:034ee8d4-0673-4658-ab6a-0a6b0f9f305a,"size == ""0""","isEmpty == ""True""","peek_obj_type == ""EmptyObject""","push == ""class java.lang.String""","pop == ""none""","clear == ""none""","size_p == ""0""",Yes
2113,1607885830101:03ed394f-47fb-413b-9f92-1b73f2fcb7f1,1607885830101:ff0f5359-8274-4913-987c-fc752b558263,"size == ""0""","isEmpty == ""True""","peek_obj_type == ""EmptyObject""","push == ""class java.lang.String""","pop == ""none""","clear == ""none""","size_p == ""0""",Yes
2114,1607885830101:03ed394f-47fb-413b-9f92-1b73f2fcb7f1,1607885830101:ff0f5359-8274-4913-987c-fc752b558263,"size == ""0""","isEmpty == ""True""","peek_obj_type == ""EmptyObject""","push == ""none""","pop == ""EmptyObject""","clear == ""none""","size_p == ""0""",No
2116,1607885830100:a04db2ce-d9ff-40e3-a73a-623b4838df9a,1607885830101:cea943bb-0f6a-42be-945e-3175364e29c1,"size == ""0""","isEmpty == ""True""","peek_obj_type == ""EmptyObject""","push == ""class java.lang.String""","pop == ""none""","clear == ""none""","size_p == ""0""",Yes
2117,1607885830100:a04db2ce-d9ff-40e3-a73a-623b4838df9a,1607885830101:cea943bb-0f6a-42be-945e-3175364e29c1,"size == ""0""","isEmpty == ""True""","peek_obj_type == ""EmptyObject""","push == ""none""","pop == ""EmptyObject""","clear == ""none""","size_p == ""0""",No
2119,1607885830100:a04db2ce-d9ff-40e3-a73a-623b4838df9a,1607885830100:aa9b1f3a-aa70-4f72-9f1b-ec30bb37e365,"size == ""0""","isEmpty == ""True""","peek_obj_type == ""EmptyObject""","push == ""class java.lang.String""","pop == ""none""","clear == ""none""","size_p == ""0""",Yes
2122,1607885830100:9ae19532-76b9-4071-b1c4-c23158501c9a,1607885830100:0b05be4f-3f75-4fd3-8b00-221a1cab48bf,"size == ""0""","isEmpty == ""True""","peek_obj_type == ""EmptyObject""","push == ""class java.lang.String""","pop == ""none""","clear == ""none""","size_p == ""0""",Yes
2123,1607885830100:9ae19532-76b9-4071-b1c4-c23158501c9a,1607885830100:0b05be4f-3f75-4fd3-8b00-221a1cab48bf,"size == ""0""","isEmpty == ""True""","peek_obj_type == ""EmptyObject""","push == ""none""","pop == ""EmptyObject""","clear == ""none""","size_p == ""0""",No
2125,1607885830100:91b0969b-441c-4d78-8d7b-abffc32400a5,1607885830100:a9b15a2b-fc23-42a0-b40f-66504758cf38,"size == ""0""","isEmpty == ""True""","peek_obj_type == ""EmptyObject""","push == ""class java.lang.String""","pop == ""none""","clear == ""none""","size_p == ""0""",Yes
2126,1607885830100:91b0969b-441c-4d78-8d7b-abffc32400a5,1607885830100:a9b15a2b-fc23-42a0-b40f-66504758cf38,"size == ""0""","isEmpty == ""True""","peek_obj_type == ""EmptyObject""","push == ""none""","pop == ""EmptyObject""","clear == ""none""","size_p == ""0""",No
2128,1607885830100:91b0969b-441c-4d78-8d7b-abffc32400a5,1607885830100:129c885e-88c2-4882-b857-6be617ee2ed2,"size == ""0""","isEmpty == ""True""","peek_obj_type == ""EmptyObject""","push == ""class java.lang.String""","pop == ""none""","clear == ""none""","size_p == ""0""",Yes
2129,1607885830100:91b0969b-441c-4d78-8d7b-abffc32400a5,1607885830100:129c885e-88c2-4882-b857-6be617ee2ed2,"size == ""0""","isEmpty == ""True""","peek_obj_type == ""EmptyObject""","push == ""class java.lang.String""","pop == ""none""","clear == ""none""","size_p == ""0""",Yes
2131,1607885830100:8a0c87bc-0113-4afb-b6cd-05cfb5509326,1607885830100:796fb8e1-1e75-43f9-83fc-5b47ba22c3be,"size == ""0""","isEmpty == ""True""","peek_obj_type == ""EmptyObject""","push == ""class java.lang.String""","pop == ""none""","clear == ""none""","size_p == ""0""",Yes
2132,1607885830100:8a0c87bc-0113-4afb-b6cd-05cfb5509326,1607885830100:796fb8e1-1e75-43f9-83fc-5b47ba22c3be,"size == ""0""","isEmpty == ""True""","peek_obj_type == ""EmptyObject""","push == ""none""","pop == ""EmptyObject""","clear == ""none""","size_p == ""0""",No
2134,1607885830100:5f2852f1-0229-41c8-8fbc-816f58b4d817,1607885830100:24f9f39c-a6ed-4018-8bf3-ab1ca931d2dc,"size == ""0""","isEmpty == ""True""","peek_obj_type == ""EmptyObject""","push == ""class java.lang.String""","pop == ""none""","clear == ""none""","size_p == ""0""",Yes
2135,1607885830100:5f2852f1-0229-41c8-8fbc-816f58b4d817,1607885830100:24f9f39c-a6ed-4018-8bf3-ab1ca931d2dc,"size == ""0""","isEmpty == ""True""","peek_obj_type == ""EmptyObject""","push == ""none""","pop == ""EmptyObject""","clear == ""none""","size_p == ""0""",No
2137,1607885830099:ed555393-7eb8-44bc-9934-02d3271c89e3,1607885830099:e112aa04-c108-4764-ace7-3c1b1a22721e,"size == ""1""","isEmpty == ""False""","peek_obj_type == ""class java.lang.String""","push == ""none""","pop == ""none""","clear == ""clear""","size_p == ""0""",Yes
2138,1607885830099:ed555393-7eb8-44bc-9934-02d3271c89e3,1607885830099:e112aa04-c108-4764-ace7-3c1b1a22721e,"size == ""1""","isEmpty == ""False""","peek_obj_type == ""class java.lang.String""","push == ""class java.lang.String""","pop == ""none""","clear == ""none""","size_p == ""1""",Yes
2139,1607885830099:ed555393-7eb8-44bc-9934-02d3271c89e3,1607885830099:e112aa04-c108-4764-ace7-3c1b1a22721e,"size == ""2""","isEmpty == ""False""","peek_obj_type == ""class java.lang.String""","push == ""none""","pop == ""none""","clear == ""clear""","size_p == ""1""",Yes
2140,1607885830099:ed555393-7eb8-44bc-9934-02d3271c89e3,1607885830099:e112aa04-c108-4764-ace7-3c1b1a22721e,"size == ""3""","isEmpty == ""False""","peek_obj_type == ""class java.lang.String""","push == ""none""","pop == ""none""","clear == ""clear""","size_p == ""2""",Yes
2141,1607885830099:ed555393-7eb8-44bc-9934-02d3271c89e3,1607885830099:e112aa04-c108-4764-ace7-3c1b1a22721e,"size == ""4""","isEmpty == ""False""","peek_obj_type == ""class java.lang.String""","push == ""none""","pop == ""none""","clear == ""clear""","size_p == ""3""",Yes
2143,1607885830099:ed555393-7eb8-44bc-9934-02d3271c89e3,1607885830099:94278da9-ba88-4d60-b24e-42b84714eed9,"size == ""0""","isEmpty == ""True""","peek_obj_type == ""EmptyObject""","push == ""class java.lang.String""","pop == ""none""","clear == ""none""","size_p == ""0""",Yes
2144,1607885830099:ed555393-7eb8-44bc-9934-02d3271c89e3,1607885830099:94278da9-ba88-4d60-b24e-42b84714eed9,"size == ""0""","isEmpty == ""True""","peek_obj_type == ""EmptyObject""","push == ""none""","pop == ""EmptyObject""","clear == ""none""","size_p == ""0""",No
2146,1607885830099:7e384ce4-c29e-4055-861c-d9d24467fb18,1607885830099:d685b724-e858-4a0d-a601-39dd835e5d5b,"size == ""0""","isEmpty == ""True""","peek_obj_type == ""EmptyObject""","push == ""class java.lang.String""","pop == ""none""","clear == ""none""","size_p == ""0""",Yes
2147,1607885830099:7e384ce4-c29e-4055-861c-d9d24467fb18,1607885830099:d685b724-e858-4a0d-a601-39dd835e5d5b,"size == ""0""","isEmpty == ""True""","peek_obj_type == ""EmptyObject""","push == ""none""","pop == ""EmptyObject""","clear == ""none""","size_p == ""0""",No
2149,1607885830099:1c4fa004-8926-4a5b-9c43-8d591ff4f943,1607885830099:e0f75f0f-67ef-47b0-a023-d46c1686dd10,"size == ""0""","isEmpty == ""True""","peek_obj_type == ""EmptyObject""","push == ""class java.lang.String""","pop == ""none""","clear == ""none""","size_p == ""0""",Yes
2150,1607885830099:1c4fa004-8926-4a5b-9c43-8d591ff4f943,1607885830099:e0f75f0f-67ef-47b0-a023-d46c1686dd10,"size == ""0""","isEmpty == ""True""","peek_obj_type == ""EmptyObject""","push == ""none""","pop == ""EmptyObject""","clear == ""none""","size_p == ""0""",No
2152,1607885830099:1c4fa004-8926-4a5b-9c43-8d591ff4f943,1607885830099:5d0b8f0a-048e-42ed-ba92-231122921799,"size == ""0""","isEmpty == ""True""","peek_obj_type == ""EmptyObject""","push == ""class java.lang.String""","pop == ""none""","clear == ""none""","size_p == ""0""",Yes
2154,1607885830099:1323d07a-3b10-43ef-adc1-f37bdda31889,1607885830099:7c575888-6c37-49c6-ba51-7076089ce49a,"size == ""0""","isEmpty == ""True""","peek_obj_type == ""EmptyObject""","push == ""class java.lang.String""","pop == ""none""","clear == ""none""","size_p == ""0""",Yes
2155,1607885830099:1323d07a-3b10-43ef-adc1-f37bdda31889,1607885830099:7c575888-6c37-49c6-ba51-7076089ce49a,"size == ""0""","isEmpty == ""True""","peek_obj_type == ""EmptyObject""","push == ""none""","pop == ""EmptyObject""","clear == ""none""","size_p == ""0""",No
2157,1607885830099:1323d07a-3b10-43ef-adc1-f37bdda31889,1607885830099:14734096-cced-4cf6-bcfe-b00129d18621,"size == ""1""","isEmpty == ""False""","peek_obj_type == ""class java.lang.String""","push == ""none""","pop == ""none""","clear == ""clear""","size_p == ""0""",Yes
2158,1607885830099:1323d07a-3b10-43ef-adc1-f37bdda31889,1607885830099:14734096-cced-4cf6-bcfe-b00129d18621,"size == ""1""","isEmpty == ""False""","peek_obj_type == ""class java.lang.String""","push == ""class java.lang.String""","pop == ""none""","clear == ""none""","size_p == ""1""",Yes
2159,1607885830099:1323d07a-3b10-43ef-adc1-f37bdda31889,1607885830099:14734096-cced-4cf6-bcfe-b00129d18621,"size == ""0""","isEmpty == ""True""","peek_obj_type == ""EmptyObject""","push == ""none""","pop == ""EmptyObject""","clear == ""none""","size_p == ""1""",No
2160,1607885830099:1323d07a-3b10-43ef-adc1-f37bdda31889,1607885830099:14734096-cced-4cf6-bcfe-b00129d18621,"size == ""1""","isEmpty == ""False""","peek_obj_type == ""class java.lang.String""","push == ""none""","pop == ""none""","clear == ""clear""","size_p == ""0""",Yes
2162,1607885830098:fc400019-7f44-4bad-9a0c-0cfe7c854e52,1607885830098:fe091bbe-8138-4990-a1a1-3fbde7edb43b,"size == ""0""","isEmpty == ""True""","peek_obj_type == ""EmptyObject""","push == ""class java.lang.String""","pop == ""none""","clear == ""none""","size_p == ""0""",Yes
2163,1607885830098:fc400019-7f44-4bad-9a0c-0cfe7c854e52,1607885830098:fe091bbe-8138-4990-a1a1-3fbde7edb43b,"size == ""0""","isEmpty == ""True""","peek_obj_type == ""EmptyObject""","push == ""none""","pop == ""EmptyObject""","clear == ""none""","size_p == ""0""",No
2165,1607885830098:afefab56-4af5-4d58-9c6d-41e20d71728d,1607885830099:ebe0409a-1856-4091-b83e-c91c7d2b064d,"size == ""0""","isEmpty == ""True""","peek_obj_type == ""EmptyObject""","push == ""class java.lang.String""","pop == ""none""","clear == ""none""","size_p == ""0""",Yes
2167,1607885830098:afefab56-4af5-4d58-9c6d-41e20d71728d,1607885830099:8fec454a-9156-4232-9505-f66f4c1ace80,"size == ""0""","isEmpty == ""True""","peek_obj_type == ""EmptyObject""","push == ""class java.lang.String""","pop == ""none""","clear == ""none""","size_p == ""0""",Yes
2168,1607885830098:afefab56-4af5-4d58-9c6d-41e20d71728d,1607885830099:8fec454a-9156-4232-9505-f66f4c1ace80,"size == ""0""","isEmpty == ""True""","peek_obj_type == ""EmptyObject""","push == ""none""","pop == ""EmptyObject""","clear == ""none""","size_p == ""0""",No
2170,1607885830098:805370d7-5a95-4ea2-b1b1-d9223543388f,1607885830098:ea6dc7e2-7fd7-43a4-9e0d-fc1bc5bb6456,"size == ""0""","isEmpty == ""True""","peek_obj_type == ""EmptyObject""","push == ""class java.lang.String""","pop == ""none""","clear == ""none""","size_p == ""0""",Yes
2171,1607885830098:805370d7-5a95-4ea2-b1b1-d9223543388f,1607885830098:ea6dc7e2-7fd7-43a4-9e0d-fc1bc5bb6456,"size == ""0""","isEmpty == ""True""","peek_obj_type == ""EmptyObject""","push == ""none""","pop == ""EmptyObject""","clear == ""none""","size_p == ""0""",No
2173,1607885830098:7bb8fea9-9dc1-483e-a365-ffca12e16636,1607885830098:eafba237-5aa0-42d5-8370-090f3051d519,"size == ""0""","isEmpty == ""True""","peek_obj_type == ""EmptyObject""","push == ""class java.lang.String""","pop == ""none""","clear == ""none""","size_p == ""0""",Yes
2174,1607885830098:7bb8fea9-9dc1-483e-a365-ffca12e16636,1607885830098:eafba237-5aa0-42d5-8370-090f3051d519,"size == ""0""","isEmpty == ""True""","peek_obj_type == ""EmptyObject""","push == ""none""","pop == ""EmptyObject""","clear == ""none""","size_p == ""0""",No
2176,1607885830098:47162772-b468-4e00-884b-f1a5317fc28c,1607885830098:e9763f92-5ffd-4a1d-8c5c-68fa3ecb7fe5,"size == ""0""","isEmpty == ""True""","peek_obj_type == ""EmptyObject""","push == ""class java.lang.String""","pop == ""none""","clear == ""none""","size_p == ""0""",Yes
2177,1607885830098:47162772-b468-4e00-884b-f1a5317fc28c,1607885830098:e9763f92-5ffd-4a1d-8c5c-68fa3ecb7fe5,"size == ""0""","isEmpty == ""True""","peek_obj_type == ""EmptyObject""","push == ""none""","pop == ""EmptyObject""","clear == ""none""","size_p == ""0""",No
2179,1607885830098:47162772-b468-4e00-884b-f1a5317fc28c,1607885830098:148a11d9-09e9-47df-951f-ff1de061bd90,"size == ""0""","isEmpty == ""True""","peek_obj_type == ""EmptyObject""","push == ""class java.lang.String""","pop == ""none""","clear == ""none""","size_p == ""0""",Yes
2180,1607885830098:47162772-b468-4e00-884b-f1a5317fc28c,1607885830098:148a11d9-09e9-47df-951f-ff1de061bd90,"size == ""0""","isEmpty == ""True""","peek_obj_type == ""EmptyObject""","push == ""class java.lang.String""","pop == ""none""","clear == ""none""","size_p == ""0""",Yes
2182,1607885830097:e0394c38-38a6-41a1-b9b6-94d9328da44a,1607885830097:8f909443-c6cd-43e8-822c-398f3b8459be,"size == ""0""","isEmpty == ""True""","peek_obj_type == ""EmptyObject""","push == ""class java.lang.String""","pop == ""none""","clear == ""none""","size_p == ""0""",Yes
2183,1607885830097:e0394c38-38a6-41a1-b9b6-94d9328da44a,1607885830097:8f909443-c6cd-43e8-822c-398f3b8459be,"size == ""0""","isEmpty == ""True""","peek_obj_type == ""EmptyObject""","push == ""none""","pop == ""EmptyObject""","clear == ""none""","size_p == ""0""",No
2185,1607885830097:d9e239a5-a42f-4fb1-b589-a452c6175546,1607885830097:f1084a36-6c87-49f6-865d-5c4bc1ea43d5,"size == ""0""","isEmpty == ""True""","peek_obj_type == ""EmptyObject""","push == ""class java.lang.String""","pop == ""none""","clear == ""none""","size_p == ""0""",Yes
2186,1607885830097:d9e239a5-a42f-4fb1-b589-a452c6175546,1607885830097:f1084a36-6c87-49f6-865d-5c4bc1ea43d5,"size == ""0""","isEmpty == ""True""","peek_obj_type == ""EmptyObject""","push == ""none""","pop == ""EmptyObject""","clear == ""none""","size_p == ""0""",No
2188,1607885830097:ce8db446-e015-4088-9c7d-4402afc10a69,1607885830097:d1199378-7104-423d-b119-b637bc0dba28,"size == ""0""","isEmpty == ""True""","peek_obj_type == ""EmptyObject""","push == ""class java.lang.String""","pop == ""none""","clear == ""none""","size_p == ""0""",Yes
2189,1607885830097:ce8db446-e015-4088-9c7d-4402afc10a69,1607885830097:d1199378-7104-423d-b119-b637bc0dba28,"size == ""0""","isEmpty == ""True""","peek_obj_type == ""EmptyObject""","push == ""class java.lang.String""","pop == ""none""","clear == ""none""","size_p == ""0""",Yes
2191,1607885830097:ce8db446-e015-4088-9c7d-4402afc10a69,1607885830097:ce16742e-c0f6-4c27-bf0c-6076fdb42531,"size == ""0""","isEmpty == ""True""","peek_obj_type == ""EmptyObject""","push == ""class java.lang.String""","pop == ""none""","clear == ""none""","size_p == ""0""",Yes
2192,1607885830097:ce8db446-e015-4088-9c7d-4402afc10a69,1607885830097:ce16742e-c0f6-4c27-bf0c-6076fdb42531,"size == ""0""","isEmpty == ""True""","peek_obj_type == ""EmptyObject""","push == ""none""","pop == ""EmptyObject""","clear == ""none""","size_p == ""0""",No
2194,1607885830097:6c47ccd5-a1e2-4afe-bc80-2e478f80741c,1607885830097:8c5909cd-8d8f-4f02-9c77-a9d9b10b5d54,"size == ""0""","isEmpty == ""True""","peek_obj_type == ""EmptyObject""","push == ""class java.lang.String""","pop == ""none""","clear == ""none""","size_p == ""0""",Yes
2195,1607885830097:6c47ccd5-a1e2-4afe-bc80-2e478f80741c,1607885830097:8c5909cd-8d8f-4f02-9c77-a9d9b10b5d54,"size == ""0""","isEmpty == ""True""","peek_obj_type == ""EmptyObject""","push == ""none""","pop == ""EmptyObject""","clear == ""none""","size_p == ""0""",No
2197,1607885830097:02a470aa-f41a-4f58-8cc9-413666c0e1b9,1607885830097:38b76e68-9f20-4e43-82c8-1a1dfbec3b08,"size == ""0""","isEmpty == ""True""","peek_obj_type == ""EmptyObject""","push == ""class java.lang.String""","pop == ""none""","clear == ""none""","size_p == ""0""",Yes
2198,1607885830097:02a470aa-f41a-4f58-8cc9-413666c0e1b9,1607885830097:38b76e68-9f20-4e43-82c8-1a1dfbec3b08,"size == ""0""","isEmpty == ""True""","peek_obj_type == ""EmptyObject""","push == ""none""","pop == ""EmptyObject""","clear == ""none""","size_p == ""0""",No
2200,1607885830096:9ba48bdb-71bb-46c4-9252-45ac6d71d8ea,1607885830096:e07a154b-3053-414c-8789-4f7e45ec2053,"size == ""1""","isEmpty == ""False""","peek_obj_type == ""class java.lang.String""","push == ""none""","pop == ""none""","clear == ""clear""","size_p == ""0""",Yes
2201,1607885830096:9ba48bdb-71bb-46c4-9252-45ac6d71d8ea,1607885830096:e07a154b-3053-414c-8789-4f7e45ec2053,"size == ""1""","isEmpty == ""False""","peek_obj_type == ""class java.lang.String""","push == ""class java.lang.String""","pop == ""none""","clear == ""none""","size_p == ""1""",Yes
2202,1607885830096:9ba48bdb-71bb-46c4-9252-45ac6d71d8ea,1607885830096:e07a154b-3053-414c-8789-4f7e45ec2053,"size == ""0""","isEmpty == ""True""","peek_obj_type == ""EmptyObject""","push == ""none""","pop == ""EmptyObject""","clear == ""none""","size_p == ""1""",No
2203,1607885830096:9ba48bdb-71bb-46c4-9252-45ac6d71d8ea,1607885830096:e07a154b-3053-414c-8789-4f7e45ec2053,"size == ""1""","isEmpty == ""False""","peek_obj_type == ""class java.lang.String""","push == ""none""","pop == ""none""","clear == ""clear""","size_p == ""0""",Yes
2205,1607885830096:9ba48bdb-71bb-46c4-9252-45ac6d71d8ea,1607885830096:90e60edc-f781-431d-994d-274877ee6b58,"size == ""0""","isEmpty == ""True""","peek_obj_type == ""EmptyObject""","push == ""class java.lang.String""","pop == ""none""","clear == ""none""","size_p == ""0""",Yes
2206,1607885830096:9ba48bdb-71bb-46c4-9252-45ac6d71d8ea,1607885830096:90e60edc-f781-431d-994d-274877ee6b58,"size == ""0""","isEmpty == ""True""","peek_obj_type == ""EmptyObject""","push == ""none""","pop == ""EmptyObject""","clear == ""none""","size_p == ""0""",No
2208,1607885830096:7e4734ed-9ad8-47b4-8d65-4b61e54fdf4e,1607885830096:a714ded5-b3db-43d5-adbe-d5c94c77bb62,"size == ""0""","isEmpty == ""True""","peek_obj_type == ""EmptyObject""","push == ""class java.lang.String""","pop == ""none""","clear == ""none""","size_p == ""0""",Yes
2209,1607885830096:7e4734ed-9ad8-47b4-8d65-4b61e54fdf4e,1607885830096:a714ded5-b3db-43d5-adbe-d5c94c77bb62,"size == ""0""","isEmpty == ""True""","peek_obj_type == ""EmptyObject""","push == ""none""","pop == ""EmptyObject""","clear == ""none""","size_p == ""0""",No
2211,1607885830096:2ed914b0-07ab-408b-afa5-a4271e2259ff,1607885830096:58a56ac6-ca91-4ffe-be09-b6c38f5abb63,"size == ""1""","isEmpty == ""False""","peek_obj_type == ""class java.lang.String""","push == ""none""","pop == ""none""","clear == ""clear""","size_p == ""0""",Yes
2212,1607885830096:2ed914b0-07ab-408b-afa5-a4271e2259ff,1607885830096:58a56ac6-ca91-4ffe-be09-b6c38f5abb63,"size == ""1""","isEmpty == ""False""","peek_obj_type == ""class java.lang.String""","push == ""class java.lang.String""","pop == ""none""","clear == ""none""","size_p == ""1""",Yes
2213,1607885830096:2ed914b0-07ab-408b-afa5-a4271e2259ff,1607885830096:58a56ac6-ca91-4ffe-be09-b6c38f5abb63,"size == ""2""","isEmpty == ""False""","peek_obj_type == ""class java.lang.String""","push == ""none""","pop == ""none""","clear == ""clear""","size_p == ""1""",Yes
2215,1607885830096:2ed914b0-07ab-408b-afa5-a4271e2259ff,1607885830096:35be59b6-9f6e-48e8-b990-0af34118bf8b,"size == ""0""","isEmpty == ""True""","peek_obj_type == ""EmptyObject""","push == ""class java.lang.String""","pop == ""none""","clear == ""none""","size_p == ""0""",Yes
2216,1607885830096:2ed914b0-07ab-408b-afa5-a4271e2259ff,1607885830096:35be59b6-9f6e-48e8-b990-0af34118bf8b,"size == ""0""","isEmpty == ""True""","peek_obj_type == ""EmptyObject""","push == ""none""","pop == ""EmptyObject""","clear == ""none""","size_p == ""0""",No
2218,1607885830095:f23b06b9-aab6-45e1-8fec-a5dbd2258ca5,1607885830095:53553e07-57e6-4f13-b818-aaba288003f8,"size == ""0""","isEmpty == ""True""","peek_obj_type == ""EmptyObject""","push == ""class java.lang.String""","pop == ""none""","clear == ""none""","size_p == ""0""",Yes
2219,1607885830095:f23b06b9-aab6-45e1-8fec-a5dbd2258ca5,1607885830095:53553e07-57e6-4f13-b818-aaba288003f8,"size == ""0""","isEmpty == ""True""","peek_obj_type == ""EmptyObject""","push == ""none""","pop == ""EmptyObject""","clear == ""none""","size_p == ""0""",No
2221,1607885830095:c3ee1637-2300-49fa-971f-d89d23e45c46,1607885830095:9678b93d-9acf-4fc4-a310-7ccecace819f,"size == ""0""","isEmpty == ""True""","peek_obj_type == ""EmptyObject""","push == ""class java.lang.String""","pop == ""none""","clear == ""none""","size_p == ""0""",Yes
2223,1607885830095:c3ee1637-2300-49fa-971f-d89d23e45c46,1607885830095:1f4c5acf-d289-4c5f-a9dd-aab2feb528cc,"size == ""0""","isEmpty == ""True""","peek_obj_type == ""EmptyObject""","push == ""class java.lang.String""","pop == ""none""","clear == ""none""","size_p == ""0""",Yes
2224,1607885830095:c3ee1637-2300-49fa-971f-d89d23e45c46,1607885830095:1f4c5acf-d289-4c5f-a9dd-aab2feb528cc,"size == ""0""","isEmpty == ""True""","peek_obj_type == ""EmptyObject""","push == ""none""","pop == ""EmptyObject""","clear == ""none""","size_p == ""0""",No
2226,1607885830095:9413c542-6114-471a-810a-5a6c8ee2a958,1607885830095:6a4bc6e7-1fd4-405c-9a90-5278db726ae5,"size == ""0""","isEmpty == ""True""","peek_obj_type == ""EmptyObject""","push == ""class java.lang.String""","pop == ""none""","clear == ""none""","size_p == ""0""",Yes
2227,1607885830095:9413c542-6114-471a-810a-5a6c8ee2a958,1607885830095:6a4bc6e7-1fd4-405c-9a90-5278db726ae5,"size == ""0""","isEmpty == ""True""","peek_obj_type == ""EmptyObject""","push == ""none""","pop == ""EmptyObject""","clear == ""none""","size_p == ""0""",No
2229,1607885830095:1b8c1e44-63de-4b91-86ba-9b96ee25b54c,1607885830095:98e926ce-9051-4141-9021-badb990e66eb,"size == ""0""","isEmpty == ""True""","peek_obj_type == ""EmptyObject""","push == ""class java.lang.String""","pop == ""none""","clear == ""none""","size_p == ""0""",Yes
2230,1607885830095:1b8c1e44-63de-4b91-86ba-9b96ee25b54c,1607885830095:98e926ce-9051-4141-9021-badb990e66eb,"size == ""0""","isEmpty == ""True""","peek_obj_type == ""EmptyObject""","push == ""none""","pop == ""EmptyObject""","clear == ""none""","size_p == ""0""",No
2233,1607885830095:1b8c1e44-63de-4b91-86ba-9b96ee25b54c,1607885830095:1bbeca25-e003-436a-8aac-d2e7334e0cb1,"size == ""0""","isEmpty == ""True""","peek_obj_type == ""EmptyObject""","push == ""class java.lang.String""","pop == ""none""","clear == ""none""","size_p == ""0""",Yes
2235,1607885830094:7adeab47-e4d3-480f-846e-a670cb7d38c6,1607885830094:f36e91cf-f945-4fc5-a09b-1606d6eb2562,"size == ""0""","isEmpty == ""True""","peek_obj_type == ""EmptyObject""","push == ""class java.lang.String""","pop == ""none""","clear == ""none""","size_p == ""0""",Yes
2236,1607885830094:7adeab47-e4d3-480f-846e-a670cb7d38c6,1607885830094:f36e91cf-f945-4fc5-a09b-1606d6eb2562,"size == ""0""","isEmpty == ""True""","peek_obj_type == ""EmptyObject""","push == ""class java.lang.String""","pop == ""none""","clear == ""none""","size_p == ""0""",Yes
2238,1607885830094:7adeab47-e4d3-480f-846e-a670cb7d38c6,1607885830094:860653b9-7baa-435c-9e76-dc90474b7a03,"size == ""0""","isEmpty == ""True""","peek_obj_type == ""EmptyObject""","push == ""class java.lang.String""","pop == ""none""","clear == ""none""","size_p == ""0""",Yes
2239,1607885830094:7adeab47-e4d3-480f-846e-a670cb7d38c6,1607885830094:860653b9-7baa-435c-9e76-dc90474b7a03,"size == ""0""","isEmpty == ""True""","peek_obj_type == ""EmptyObject""","push == ""none""","pop == ""EmptyObject""","clear == ""none""","size_p == ""0""",No
2241,1607885830094:433cd1cc-7d97-4cbb-b22d-17ae556a9ec6,1607885830094:6531a9d3-7ce1-44df-ae6e-37be5a0f4ef8,"size == ""0""","isEmpty == ""True""","peek_obj_type == ""EmptyObject""","push == ""class java.lang.String""","pop == ""none""","clear == ""none""","size_p == ""0""",Yes
2242,1607885830094:433cd1cc-7d97-4cbb-b22d-17ae556a9ec6,1607885830094:6531a9d3-7ce1-44df-ae6e-37be5a0f4ef8,"size == ""0""","isEmpty == ""True""","peek_obj_type == ""EmptyObject""","push == ""none""","pop == ""EmptyObject""","clear == ""none""","size_p == ""0""",No
2244,1607885830094:3a7a718f-1b91-4017-bdaf-86afc7bb74f0,1607885830094:5c393073-f0f2-4a02-ba34-ddb5c92cd353,"size == ""0""","isEmpty == ""True""","peek_obj_type == ""EmptyObject""","push == ""class java.lang.String""","pop == ""none""","clear == ""none""","size_p == ""0""",Yes
2245,1607885830094:3a7a718f-1b91-4017-bdaf-86afc7bb74f0,1607885830094:5c393073-f0f2-4a02-ba34-ddb5c92cd353,"size == ""0""","isEmpty == ""True""","peek_obj_type == ""EmptyObject""","push == ""none""","pop == ""EmptyObject""","clear == ""none""","size_p == ""0""",No
2247,1607885830094:2f18404e-6bc1-4676-aace-caa3f0d761cc,1607885830094:e1409b21-1d37-4179-afab-ce33565ab97e,"size == ""1""","isEmpty == ""False""","peek_obj_type == ""class java.lang.String""","push == ""none""","pop == ""none""","clear == ""clear""","size_p == ""0""",Yes
2248,1607885830094:2f18404e-6bc1-4676-aace-caa3f0d761cc,1607885830094:e1409b21-1d37-4179-afab-ce33565ab97e,"size == ""1""","isEmpty == ""False""","peek_obj_type == ""class java.lang.String""","push == ""class java.lang.String""","pop == ""none""","clear == ""none""","size_p == ""1""",Yes
2249,1607885830094:2f18404e-6bc1-4676-aace-caa3f0d761cc,1607885830094:e1409b21-1d37-4179-afab-ce33565ab97e,"size == ""2""","isEmpty == ""False""","peek_obj_type == ""class java.lang.String""","push == ""none""","pop == ""none""","clear == ""clear""","size_p == ""1""",Yes
2250,1607885830094:2f18404e-6bc1-4676-aace-caa3f0d761cc,1607885830094:e1409b21-1d37-4179-afab-ce33565ab97e,"size == ""3""","isEmpty == ""False""","peek_obj_type == ""class java.lang.String""","push == ""none""","pop == ""none""","clear == ""clear""","size_p == ""2""",Yes
2251,1607885830094:2f18404e-6bc1-4676-aace-caa3f0d761cc,1607885830094:e1409b21-1d37-4179-afab-ce33565ab97e,"size == ""4""","isEmpty == ""False""","peek_obj_type == ""class java.lang.String""","push == ""none""","pop == ""none""","clear == ""clear""","size_p == ""3""",Yes
2253,1607885830094:2f18404e-6bc1-4676-aace-caa3f0d761cc,1607885830094:0fd9cfa0-5d8d-4a66-9481-0a4d50c12d5d,"size == ""0""","isEmpty == ""True""","peek_obj_type == ""EmptyObject""","push == ""class java.lang.String""","pop == ""none""","clear == ""none""","size_p == ""0""",Yes
2254,1607885830094:2f18404e-6bc1-4676-aace-caa3f0d761cc,1607885830094:0fd9cfa0-5d8d-4a66-9481-0a4d50c12d5d,"size == ""0""","isEmpty == ""True""","peek_obj_type == ""EmptyObject""","push == ""none""","pop == ""EmptyObject""","clear == ""none""","size_p == ""0""",No
2256,1607885830093:e59892ef-e2c6-4a0f-93d8-23b00459286e,1607885830093:a16c24a5-ec9c-4864-8a42-8553ba4c06f7,"size == ""0""","isEmpty == ""True""","peek_obj_type == ""EmptyObject""","push == ""class java.lang.String""","pop == ""none""","clear == ""none""","size_p == ""0""",Yes
2257,1607885830093:e59892ef-e2c6-4a0f-93d8-23b00459286e,1607885830093:a16c24a5-ec9c-4864-8a42-8553ba4c06f7,"size == ""0""","isEmpty == ""True""","peek_obj_type == ""EmptyObject""","push == ""class java.lang.String""","pop == ""none""","clear == ""none""","size_p == ""0""",Yes
2259,1607885830093:e59892ef-e2c6-4a0f-93d8-23b00459286e,1607885830093:09d3b44f-fbed-4147-ba6a-72a4e814b24a,"size == ""0""","isEmpty == ""True""","peek_obj_type == ""EmptyObject""","push == ""class java.lang.String""","pop == ""none""","clear == ""none""","size_p == ""0""",Yes
2260,1607885830093:e59892ef-e2c6-4a0f-93d8-23b00459286e,1607885830093:09d3b44f-fbed-4147-ba6a-72a4e814b24a,"size == ""0""","isEmpty == ""True""","peek_obj_type == ""EmptyObject""","push == ""none""","pop == ""EmptyObject""","clear == ""none""","size_p == ""0""",No
2262,1607885830093:def4b111-61e3-4325-a61e-885e07cd3a23,1607885830093:c1e2a674-2946-4413-b054-ba4a895a0371,"size == ""0""","isEmpty == ""True""","peek_obj_type == ""EmptyObject""","push == ""class java.lang.String""","pop == ""none""","clear == ""none""","size_p == ""0""",Yes
2263,1607885830093:def4b111-61e3-4325-a61e-885e07cd3a23,1607885830093:c1e2a674-2946-4413-b054-ba4a895a0371,"size == ""0""","isEmpty == ""True""","peek_obj_type == ""EmptyObject""","push == ""class java.lang.String""","pop == ""none""","clear == ""none""","size_p == ""0""",Yes
2265,1607885830093:def4b111-61e3-4325-a61e-885e07cd3a23,1607885830093:02799138-e66e-4dd1-b650-7d01e0e7d6c5,"size == ""0""","isEmpty == ""True""","peek_obj_type == ""EmptyObject""","push == ""class java.lang.String""","pop == ""none""","clear == ""none""","size_p == ""0""",Yes
2266,1607885830093:def4b111-61e3-4325-a61e-885e07cd3a23,1607885830093:02799138-e66e-4dd1-b650-7d01e0e7d6c5,"size == ""0""","isEmpty == ""True""","peek_obj_type == ""EmptyObject""","push == ""none""","pop == ""EmptyObject""","clear == ""none""","size_p == ""0""",No
2268,1607885830093:bc28de20-36b2-497f-b97d-314150ab1d5c,1607885830093:09db52ac-95cb-4a29-8892-1af1e03c859e,"size == ""0""","isEmpty == ""True""","peek_obj_type == ""EmptyObject""","push == ""class java.lang.String""","pop == ""none""","clear == ""none""","size_p == ""0""",Yes
2269,1607885830093:bc28de20-36b2-497f-b97d-314150ab1d5c,1607885830093:09db52ac-95cb-4a29-8892-1af1e03c859e,"size == ""0""","isEmpty == ""True""","peek_obj_type == ""EmptyObject""","push == ""none""","pop == ""EmptyObject""","clear == ""none""","size_p == ""0""",No
2271,1607885830093:32e9ac91-a996-43ed-ab2a-be0c592deea2,1607885830093:1ee70a87-1370-4a9b-922e-94e595fa3cf9,"size == ""0""","isEmpty == ""True""","peek_obj_type == ""EmptyObject""","push == ""class java.lang.String""","pop == ""none""","clear == ""none""","size_p == ""0""",Yes
2272,1607885830093:32e9ac91-a996-43ed-ab2a-be0c592deea2,1607885830093:1ee70a87-1370-4a9b-922e-94e595fa3cf9,"size == ""0""","isEmpty == ""True""","peek_obj_type == ""EmptyObject""","push == ""none""","pop == ""EmptyObject""","clear == ""none""","size_p == ""0""",No
2274,1607885830093:30b087c3-f67d-4680-840c-d7a84fbfe4ba,1607885830094:0839afbb-91ca-47a7-aec2-a4f0404c7991,"size == ""0""","isEmpty == ""True""","peek_obj_type == ""EmptyObject""","push == ""class java.lang.String""","pop == ""none""","clear == ""none""","size_p == ""0""",Yes
2275,1607885830093:30b087c3-f67d-4680-840c-d7a84fbfe4ba,1607885830094:0839afbb-91ca-47a7-aec2-a4f0404c7991,"size == ""0""","isEmpty == ""True""","peek_obj_type == ""EmptyObject""","push == ""none""","pop == ""EmptyObject""","clear == ""none""","size_p == ""0""",No
2277,1607885830093:30b087c3-f67d-4680-840c-d7a84fbfe4ba,1607885830093:22782a94-8609-402d-9709-17664bbbe68d,"size == ""0""","isEmpty == ""True""","peek_obj_type == ""EmptyObject""","push == ""class java.lang.String""","pop == ""none""","clear == ""none""","size_p == ""0""",Yes
2279,1607885830092:fe686fd7-9011-42c6-bef8-fd88a3101dcf,1607885830092:038c6829-5bcf-4251-8532-a15fd6437f9e,"size == ""0""","isEmpty == ""True""","peek_obj_type == ""EmptyObject""","push == ""class java.lang.String""","pop == ""none""","clear == ""none""","size_p == ""0""",Yes
2280,1607885830092:fe686fd7-9011-42c6-bef8-fd88a3101dcf,1607885830092:038c6829-5bcf-4251-8532-a15fd6437f9e,"size == ""0""","isEmpty == ""True""","peek_obj_type == ""EmptyObject""","push == ""none""","pop == ""EmptyObject""","clear == ""none""","size_p == ""0""",No
2282,1607885830092:8b753132-2be4-4c57-bc53-9aade9beb135,1607885830092:30051618-c343-4eb6-ae54-8ba484cedec5,"size == ""0""","isEmpty == ""True""","peek_obj_type == ""EmptyObject""","push == ""class java.lang.String""","pop == ""none""","clear == ""none""","size_p == ""0""",Yes
2283,1607885830092:8b753132-2be4-4c57-bc53-9aade9beb135,1607885830092:30051618-c343-4eb6-ae54-8ba484cedec5,"size == ""0""","isEmpty == ""True""","peek_obj_type == ""EmptyObject""","push == ""none""","pop == ""EmptyObject""","clear == ""none""","size_p == ""0""",No
2285,1607885830092:642ecaa4-e822-42d6-822d-a2cb3506563d,1607885830092:d0581ba8-faec-4ef1-af01-c0f4c38dbbb3,"size == ""0""","isEmpty == ""True""","peek_obj_type == ""EmptyObject""","push == ""class java.lang.String""","pop == ""none""","clear == ""none""","size_p == ""0""",Yes
2286,1607885830092:642ecaa4-e822-42d6-822d-a2cb3506563d,1607885830092:d0581ba8-faec-4ef1-af01-c0f4c38dbbb3,"size == ""0""","isEmpty == ""True""","peek_obj_type == ""EmptyObject""","push == ""none""","pop == ""EmptyObject""","clear == ""none""","size_p == ""0""",No
2288,1607885830092:2c2d2afd-201f-4619-905d-c9c26949cd23,1607885830092:8a83a596-7814-419d-aa75-53ab6666cd9b,"size == ""0""","isEmpty == ""True""","peek_obj_type == ""EmptyObject""","push == ""class java.lang.String""","pop == ""none""","clear == ""none""","size_p == ""0""",Yes
2289,1607885830092:2c2d2afd-201f-4619-905d-c9c26949cd23,1607885830092:8a83a596-7814-419d-aa75-53ab6666cd9b,"size == ""0""","isEmpty == ""True""","peek_obj_type == ""EmptyObject""","push == ""none""","pop == ""EmptyObject""","clear == ""none""","size_p == ""0""",No
2291,1607885830092:2c2d2afd-201f-4619-905d-c9c26949cd23,1607885830092:6801d6d5-af02-4ca2-9e33-b77a01f7c500,"size == ""0""","isEmpty == ""True""","peek_obj_type == ""EmptyObject""","push == ""class java.lang.String""","pop == ""none""","clear == ""none""","size_p == ""0""",Yes
2293,1607885830092:264d7d40-2e28-413e-98f8-15b7910cd5a1,1607885830092:587a9678-a77d-4a1a-99c2-082fafafc44b,"size == ""0""","isEmpty == ""True""","peek_obj_type == ""EmptyObject""","push == ""class java.lang.String""","pop == ""none""","clear == ""none""","size_p == ""0""",Yes
2294,1607885830092:264d7d40-2e28-413e-98f8-15b7910cd5a1,1607885830092:587a9678-a77d-4a1a-99c2-082fafafc44b,"size == ""0""","isEmpty == ""True""","peek_obj_type == ""EmptyObject""","push == ""none""","pop == ""EmptyObject""","clear == ""none""","size_p == ""0""",No
2296,1607885830092:001cc219-1755-45ff-986a-8a0bcde0d50a,1607885830092:666535f1-86ee-48a9-b197-c15be7c455c4,"size == ""0""","isEmpty == ""True""","peek_obj_type == ""EmptyObject""","push == ""class java.lang.String""","pop == ""none""","clear == ""none""","size_p == ""0""",Yes
2297,1607885830092:001cc219-1755-45ff-986a-8a0bcde0d50a,1607885830092:666535f1-86ee-48a9-b197-c15be7c455c4,"size == ""0""","isEmpty == ""True""","peek_obj_type == ""EmptyObject""","push == ""none""","pop == ""EmptyObject""","clear == ""none""","size_p == ""0""",No
2299,1607885830091:ec0e13cb-934d-4f42-a1ed-550d3162b137,1607885830091:14a9e308-8980-4dc5-a52a-2e13bf9c2bd8,"size == ""1""","isEmpty == ""False""","peek_obj_type == ""class java.lang.String""","push == ""none""","pop == ""none""","clear == ""clear""","size_p == ""0""",Yes
2300,1607885830091:ec0e13cb-934d-4f42-a1ed-550d3162b137,1607885830091:14a9e308-8980-4dc5-a52a-2e13bf9c2bd8,"size == ""1""","isEmpty == ""False""","peek_obj_type == ""class java.lang.String""","push == ""class java.lang.String""","pop == ""none""","clear == ""none""","size_p == ""1""",Yes
2301,1607885830091:ec0e13cb-934d-4f42-a1ed-550d3162b137,1607885830091:14a9e308-8980-4dc5-a52a-2e13bf9c2bd8,"size == ""0""","isEmpty == ""True""","peek_obj_type == ""EmptyObject""","push == ""none""","pop == ""EmptyObject""","clear == ""none""","size_p == ""1""",No
2302,1607885830091:ec0e13cb-934d-4f42-a1ed-550d3162b137,1607885830091:14a9e308-8980-4dc5-a52a-2e13bf9c2bd8,"size == ""0""","isEmpty == ""True""","peek_obj_type == ""EmptyObject""","push == ""class java.lang.String""","pop == ""none""","clear == ""none""","size_p == ""0""",Yes
2304,1607885830091:ec0e13cb-934d-4f42-a1ed-550d3162b137,1607885830091:0edaa124-e3cc-4ab3-876a-6445a282626d,"size == ""0""","isEmpty == ""True""","peek_obj_type == ""EmptyObject""","push == ""class java.lang.String""","pop == ""none""","clear == ""none""","size_p == ""0""",Yes
2305,1607885830091:ec0e13cb-934d-4f42-a1ed-550d3162b137,1607885830091:0edaa124-e3cc-4ab3-876a-6445a282626d,"size == ""0""","isEmpty == ""True""","peek_obj_type == ""EmptyObject""","push == ""none""","pop == ""EmptyObject""","clear == ""none""","size_p == ""0""",No
2307,1607885830091:e3968ff2-b59e-48fd-8c83-e3ebdf0379ee,1607885830091:fbda6350-2d68-4006-82d5-5349e2e86ec4,"size == ""0""","isEmpty == ""True""","peek_obj_type == ""EmptyObject""","push == ""class java.lang.String""","pop == ""none""","clear == ""none""","size_p == ""0""",Yes
2308,1607885830091:e3968ff2-b59e-48fd-8c83-e3ebdf0379ee,1607885830091:fbda6350-2d68-4006-82d5-5349e2e86ec4,"size == ""0""","isEmpty == ""True""","peek_obj_type == ""EmptyObject""","push == ""none""","pop == ""EmptyObject""","clear == ""none""","size_p == ""0""",No
2310,1607885830091:e3968ff2-b59e-48fd-8c83-e3ebdf0379ee,1607885830091:601aab5e-b967-47cb-a2a6-c770c20be620,"size == ""1""","isEmpty == ""False""","peek_obj_type == ""class java.lang.String""","push == ""none""","pop == ""none""","clear == ""clear""","size_p == ""0""",Yes
2311,1607885830091:e3968ff2-b59e-48fd-8c83-e3ebdf0379ee,1607885830091:601aab5e-b967-47cb-a2a6-c770c20be620,"size == ""1""","isEmpty == ""False""","peek_obj_type == ""class java.lang.String""","push == ""class java.lang.String""","pop == ""none""","clear == ""none""","size_p == ""1""",Yes
2312,1607885830091:e3968ff2-b59e-48fd-8c83-e3ebdf0379ee,1607885830091:601aab5e-b967-47cb-a2a6-c770c20be620,"size == ""0""","isEmpty == ""True""","peek_obj_type == ""EmptyObject""","push == ""none""","pop == ""EmptyObject""","clear == ""none""","size_p == ""1""",No
2313,1607885830091:e3968ff2-b59e-48fd-8c83-e3ebdf0379ee,1607885830091:601aab5e-b967-47cb-a2a6-c770c20be620,"size == ""1""","isEmpty == ""False""","peek_obj_type == ""class java.lang.String""","push == ""none""","pop == ""none""","clear == ""clear""","size_p == ""0""",Yes
2315,1607885830091:a5d9a954-ce88-4ba4-a92c-450f8b6d5dd6,1607885830091:df5989a3-2a16-4b7e-aa20-b94c2acd70ff,"size == ""0""","isEmpty == ""True""","peek_obj_type == ""EmptyObject""","push == ""class java.lang.String""","pop == ""none""","clear == ""none""","size_p == ""0""",Yes
2316,1607885830091:a5d9a954-ce88-4ba4-a92c-450f8b6d5dd6,1607885830091:df5989a3-2a16-4b7e-aa20-b94c2acd70ff,"size == ""0""","isEmpty == ""True""","peek_obj_type == ""EmptyObject""","push == ""class java.lang.String""","pop == ""none""","clear == ""none""","size_p == ""0""",Yes
2318,1607885830091:a5d9a954-ce88-4ba4-a92c-450f8b6d5dd6,1607885830091:2211d7d4-4c5f-46c6-a8d0-40f771df06c1,"size == ""0""","isEmpty == ""True""","peek_obj_type == ""EmptyObject""","push == ""class java.lang.String""","pop == ""none""","clear == ""none""","size_p == ""0""",Yes
2319,1607885830091:a5d9a954-ce88-4ba4-a92c-450f8b6d5dd6,1607885830091:2211d7d4-4c5f-46c6-a8d0-40f771df06c1,"size == ""0""","isEmpty == ""True""","peek_obj_type == ""EmptyObject""","push == ""none""","pop == ""EmptyObject""","clear == ""none""","size_p == ""0""",No
2321,1607885830091:9e69f0be-c828-48aa-a902-976ad856a056,1607885830091:048d0ca1-1e48-4d7d-8fad-35806916cca1,"size == ""1""","isEmpty == ""False""","peek_obj_type == ""class java.lang.String""","push == ""none""","pop == ""none""","clear == ""clear""","size_p == ""0""",Yes
2322,1607885830091:9e69f0be-c828-48aa-a902-976ad856a056,1607885830091:048d0ca1-1e48-4d7d-8fad-35806916cca1,"size == ""1""","isEmpty == ""False""","peek_obj_type == ""class java.lang.String""","push == ""class java.lang.String""","pop == ""none""","clear == ""none""","size_p == ""1""",Yes
2323,1607885830091:9e69f0be-c828-48aa-a902-976ad856a056,1607885830091:048d0ca1-1e48-4d7d-8fad-35806916cca1,"size == ""2""","isEmpty == ""False""","peek_obj_type == ""class java.lang.String""","push == ""none""","pop == ""none""","clear == ""clear""","size_p == ""1""",Yes
2325,1607885830091:9e69f0be-c828-48aa-a902-976ad856a056,1607885830091:03c4fff6-c1a1-4020-b97d-d597664704db,"size == ""0""","isEmpty == ""True""","peek_obj_type == ""EmptyObject""","push == ""class java.lang.String""","pop == ""none""","clear == ""none""","size_p == ""0""",Yes
2326,1607885830091:9e69f0be-c828-48aa-a902-976ad856a056,1607885830091:03c4fff6-c1a1-4020-b97d-d597664704db,"size == ""0""","isEmpty == ""True""","peek_obj_type == ""EmptyObject""","push == ""none""","pop == ""EmptyObject""","clear == ""none""","size_p == ""0""",No
2328,1607885830090:f402e813-e248-4e75-8424-df2641358392,1607885830090:294fb3ce-9768-4d46-8c7f-ff43b4a8f8b6,"size == ""0""","isEmpty == ""True""","peek_obj_type == ""EmptyObject""","push == ""class java.lang.String""","pop == ""none""","clear == ""none""","size_p == ""0""",Yes
2329,1607885830090:f402e813-e248-4e75-8424-df2641358392,1607885830090:294fb3ce-9768-4d46-8c7f-ff43b4a8f8b6,"size == ""0""","isEmpty == ""True""","peek_obj_type == ""EmptyObject""","push == ""none""","pop == ""EmptyObject""","clear == ""none""","size_p == ""0""",No
2331,1607885830090:f0f14075-2da0-4bce-9b94-410966500883,1607885830090:ae09b82f-e6a5-4087-a8ce-9a41dcfb9359,"size == ""0""","isEmpty == ""True""","peek_obj_type == ""EmptyObject""","push == ""class java.lang.String""","pop == ""none""","clear == ""none""","size_p == ""0""",Yes
2332,1607885830090:f0f14075-2da0-4bce-9b94-410966500883,1607885830090:ae09b82f-e6a5-4087-a8ce-9a41dcfb9359,"size == ""0""","isEmpty == ""True""","peek_obj_type == ""EmptyObject""","push == ""none""","pop == ""EmptyObject""","clear == ""none""","size_p == ""0""",No
2334,1607885830090:b7d02dd9-2f89-4ef8-bbf3-eac35a4c8437,1607885830090:3384c09c-c0d7-40b6-beb1-e5f80dd6d51b,"size == ""0""","isEmpty == ""True""","peek_obj_type == ""EmptyObject""","push == ""class java.lang.String""","pop == ""none""","clear == ""none""","size_p == ""0""",Yes
2335,1607885830090:b7d02dd9-2f89-4ef8-bbf3-eac35a4c8437,1607885830090:3384c09c-c0d7-40b6-beb1-e5f80dd6d51b,"size == ""0""","isEmpty == ""True""","peek_obj_type == ""EmptyObject""","push == ""none""","pop == ""EmptyObject""","clear == ""none""","size_p == ""0""",No
2337,1607885830090:945184f6-eca0-4ebc-b7e3-9f6c313a337f,1607885830090:38c68563-01f2-41f8-93f6-3b6ba0e58147,"size == ""0""","isEmpty == ""True""","peek_obj_type == ""EmptyObject""","push == ""class java.lang.String""","pop == ""none""","clear == ""none""","size_p == ""0""",Yes
2338,1607885830090:945184f6-eca0-4ebc-b7e3-9f6c313a337f,1607885830090:38c68563-01f2-41f8-93f6-3b6ba0e58147,"size == ""0""","isEmpty == ""True""","peek_obj_type == ""EmptyObject""","push == ""none""","pop == ""EmptyObject""","clear == ""none""","size_p == ""0""",No
2340,1607885830090:7fb15e0f-593f-4b5c-ad0d-158b622b5b68,1607885830090:8afb6b14-550c-49c7-9735-b122337ee437,"size == ""0""","isEmpty == ""True""","peek_obj_type == ""EmptyObject""","push == ""class java.lang.String""","pop == ""none""","clear == ""none""","size_p == ""0""",Yes
2343,1607885830090:7fb15e0f-593f-4b5c-ad0d-158b622b5b68,1607885830090:2c2ff8ec-f306-4f8b-87da-9225e3e11617,"size == ""0""","isEmpty == ""True""","peek_obj_type == ""EmptyObject""","push == ""class java.lang.String""","pop == ""none""","clear == ""none""","size_p == ""0""",Yes
2344,1607885830090:7fb15e0f-593f-4b5c-ad0d-158b622b5b68,1607885830090:2c2ff8ec-f306-4f8b-87da-9225e3e11617,"size == ""0""","isEmpty == ""True""","peek_obj_type == ""EmptyObject""","push == ""none""","pop == ""EmptyObject""","clear == ""none""","size_p == ""0""",No
2346,1607885830089:e8a57c09-c486-48e8-9e45-6b9e2123dc55,1607885830089:c8714e3e-bd3e-4b52-b7f1-ee03285d2938,"size == ""0""","isEmpty == ""True""","peek_obj_type == ""EmptyObject""","push == ""class java.lang.String""","pop == ""none""","clear == ""none""","size_p == ""0""",Yes
2348,1607885830089:e8a57c09-c486-48e8-9e45-6b9e2123dc55,1607885830089:b2506ea3-fb0a-4c1d-9dd5-2676542b35d5,"size == ""0""","isEmpty == ""True""","peek_obj_type == ""EmptyObject""","push == ""class java.lang.String""","pop == ""none""","clear == ""none""","size_p == ""0""",Yes
2349,1607885830089:e8a57c09-c486-48e8-9e45-6b9e2123dc55,1607885830089:b2506ea3-fb0a-4c1d-9dd5-2676542b35d5,"size == ""0""","isEmpty == ""True""","peek_obj_type == ""EmptyObject""","push == ""none""","pop == ""EmptyObject""","clear == ""none""","size_p == ""0""",No
2351,1607885830089:a1c4935b-c666-4153-a15f-46da066724e4,1607885830089:8f7d36d4-1e9f-4ff5-94b1-b999a7f591b7,"size == ""1""","isEmpty == ""False""","peek_obj_type == ""class java.lang.String""","push == ""none""","pop == ""none""","clear == ""clear""","size_p == ""0""",Yes
2352,1607885830089:a1c4935b-c666-4153-a15f-46da066724e4,1607885830089:8f7d36d4-1e9f-4ff5-94b1-b999a7f591b7,"size == ""1""","isEmpty == ""False""","peek_obj_type == ""class java.lang.String""","push == ""class java.lang.String""","pop == ""none""","clear == ""none""","size_p == ""1""",Yes
2353,1607885830089:a1c4935b-c666-4153-a15f-46da066724e4,1607885830089:8f7d36d4-1e9f-4ff5-94b1-b999a7f591b7,"size == ""2""","isEmpty == ""False""","peek_obj_type == ""class java.lang.String""","push == ""none""","pop == ""none""","clear == ""clear""","size_p == ""1""",Yes
2355,1607885830089:a1c4935b-c666-4153-a15f-46da066724e4,1607885830089:3dfa40f1-d2b4-4eee-a4de-9aeea2c12ecd,"size == ""0""","isEmpty == ""True""","peek_obj_type == ""EmptyObject""","push == ""class java.lang.String""","pop == ""none""","clear == ""none""","size_p == ""0""",Yes
2356,1607885830089:a1c4935b-c666-4153-a15f-46da066724e4,1607885830089:3dfa40f1-d2b4-4eee-a4de-9aeea2c12ecd,"size == ""0""","isEmpty == ""True""","peek_obj_type == ""EmptyObject""","push == ""none""","pop == ""EmptyObject""","clear == ""none""","size_p == ""0""",No
2358,1607885830089:7342d765-8bb8-4687-b2aa-3e1158528e97,1607885830089:b33c9f6f-8a00-401a-9301-b0f419c861fc,"size == ""0""","isEmpty == ""True""","peek_obj_type == ""EmptyObject""","push == ""class java.lang.String""","pop == ""none""","clear == ""none""","size_p == ""0""",Yes
2359,1607885830089:7342d765-8bb8-4687-b2aa-3e1158528e97,1607885830089:b33c9f6f-8a00-401a-9301-b0f419c861fc,"size == ""0""","isEmpty == ""True""","peek_obj_type == ""EmptyObject""","push == ""none""","pop == ""EmptyObject""","clear == ""none""","size_p == ""0""",No
2361,1607885830089:6eb09aa9-70f3-4bb1-a718-6b0acc758d1f,1607885830089:3d12b96d-670e-4523-9c8e-05fddc61bc76,"size == ""0""","isEmpty == ""True""","peek_obj_type == ""EmptyObject""","push == ""class java.lang.String""","pop == ""none""","clear == ""none""","size_p == ""0""",Yes
2362,1607885830089:6eb09aa9-70f3-4bb1-a718-6b0acc758d1f,1607885830089:3d12b96d-670e-4523-9c8e-05fddc61bc76,"size == ""0""","isEmpty == ""True""","peek_obj_type == ""EmptyObject""","push == ""none""","pop == ""EmptyObject""","clear == ""none""","size_p == ""0""",No
2364,1607885830089:3a21372b-4773-425f-9a5c-35a17b0431ac,1607885830089:f4c4e03b-809f-41e2-a273-1de61585b724,"size == ""0""","isEmpty == ""True""","peek_obj_type == ""EmptyObject""","push == ""class java.lang.String""","pop == ""none""","clear == ""none""","size_p == ""0""",Yes
2365,1607885830089:3a21372b-4773-425f-9a5c-35a17b0431ac,1607885830089:f4c4e03b-809f-41e2-a273-1de61585b724,"size == ""0""","isEmpty == ""True""","peek_obj_type == ""EmptyObject""","push == ""none""","pop == ""EmptyObject""","clear == ""none""","size_p == ""0""",No
2367,1607885830089:3a21372b-4773-425f-9a5c-35a17b0431ac,1607885830089:43670d3d-c594-4989-b0d7-2c702019462a,"size == ""1""","isEmpty == ""False""","peek_obj_type == ""class java.lang.String""","push == ""none""","pop == ""none""","clear == ""clear""","size_p == ""0""",Yes
2368,1607885830089:3a21372b-4773-425f-9a5c-35a17b0431ac,1607885830089:43670d3d-c594-4989-b0d7-2c702019462a,"size == ""1""","isEmpty == ""False""","peek_obj_type == ""class java.lang.String""","push == ""class java.lang.String""","pop == ""none""","clear == ""none""","size_p == ""1""",Yes
2369,1607885830089:3a21372b-4773-425f-9a5c-35a17b0431ac,1607885830089:43670d3d-c594-4989-b0d7-2c702019462a,"size == ""0""","isEmpty == ""True""","peek_obj_type == ""EmptyObject""","push == ""none""","pop == ""EmptyObject""","clear == ""none""","size_p == ""1""",No
2370,1607885830089:3a21372b-4773-425f-9a5c-35a17b0431ac,1607885830089:43670d3d-c594-4989-b0d7-2c702019462a,"size == ""1""","isEmpty == ""False""","peek_obj_type == ""class java.lang.String""","push == ""none""","pop == ""none""","clear == ""clear""","size_p == ""0""",Yes
2372,1607885830088:f3458ce4-021e-46fe-8ddc-9108204f4177,1607885830088:f6913ae7-9e97-4f21-b529-36c23e731993,"size == ""0""","isEmpty == ""True""","peek_obj_type == ""EmptyObject""","push == ""class java.lang.String""","pop == ""none""","clear == ""none""","size_p == ""0""",Yes
2373,1607885830088:f3458ce4-021e-46fe-8ddc-9108204f4177,1607885830088:f6913ae7-9e97-4f21-b529-36c23e731993,"size == ""0""","isEmpty == ""True""","peek_obj_type == ""EmptyObject""","push == ""none""","pop == ""EmptyObject""","clear == ""none""","size_p == ""0""",No
2375,1607885830088:eff55987-d49d-46a3-99d9-81854ac030fa,1607885830088:937cddec-f509-4e98-b597-4910ac4786fb,"size == ""0""","isEmpty == ""True""","peek_obj_type == ""EmptyObject""","push == ""class java.lang.String""","pop == ""none""","clear == ""none""","size_p == ""0""",Yes
2377,1607885830088:eff55987-d49d-46a3-99d9-81854ac030fa,1607885830088:2ac21b09-b28f-4d6b-9e2b-4114a9fad167,"size == ""0""","isEmpty == ""True""","peek_obj_type == ""EmptyObject""","push == ""class java.lang.String""","pop == ""none""","clear == ""none""","size_p == ""0""",Yes
2378,1607885830088:eff55987-d49d-46a3-99d9-81854ac030fa,1607885830088:2ac21b09-b28f-4d6b-9e2b-4114a9fad167,"size == ""0""","isEmpty == ""True""","peek_obj_type == ""EmptyObject""","push == ""none""","pop == ""EmptyObject""","clear == ""none""","size_p == ""0""",No
2381,1607885830088:eb0f3f56-d140-480b-b91d-df38e31def03,1607885830088:357c70dc-1ee5-4fdb-8973-967e91e3aaf9,"size == ""0""","isEmpty == ""True""","peek_obj_type == ""EmptyObject""","push == ""class java.lang.String""","pop == ""none""","clear == ""none""","size_p == ""0""",Yes
2382,1607885830088:eb0f3f56-d140-480b-b91d-df38e31def03,1607885830088:357c70dc-1ee5-4fdb-8973-967e91e3aaf9,"size == ""0""","isEmpty == ""True""","peek_obj_type == ""EmptyObject""","push == ""none""","pop == ""EmptyObject""","clear == ""none""","size_p == ""0""",No
2384,1607885830088:eb0f3f56-d140-480b-b91d-df38e31def03,1607885830088:0a7293fe-9cd8-4f90-8d32-0076e2ebbbb9,"size == ""0""","isEmpty == ""True""","peek_obj_type == ""EmptyObject""","push == ""class java.lang.String""","pop == ""none""","clear == ""none""","size_p == ""0""",Yes
2386,1607885830088:c3dda7da-0db6-49d9-b44f-2558f33f6e6c,1607885830088:d9e6c14a-6a73-4d8d-a9b0-dc7ec2de9442,"size == ""0""","isEmpty == ""True""","peek_obj_type == ""EmptyObject""","push == ""class java.lang.String""","pop == ""none""","clear == ""none""","size_p == ""0""",Yes
2387,1607885830088:c3dda7da-0db6-49d9-b44f-2558f33f6e6c,1607885830088:d9e6c14a-6a73-4d8d-a9b0-dc7ec2de9442,"size == ""0""","isEmpty == ""True""","peek_obj_type == ""EmptyObject""","push == ""none""","pop == ""EmptyObject""","clear == ""none""","size_p == ""0""",No
2389,1607885830088:190976a3-71a5-48fe-aac7-e2217d6b20ae,1607885830088:a0d5e15d-b170-4a70-b3c4-9273c35c11a8,"size == ""0""","isEmpty == ""True""","peek_obj_type == ""EmptyObject""","push == ""class java.lang.String""","pop == ""none""","clear == ""none""","size_p == ""0""",Yes
2390,1607885830088:190976a3-71a5-48fe-aac7-e2217d6b20ae,1607885830088:a0d5e15d-b170-4a70-b3c4-9273c35c11a8,"size == ""0""","isEmpty == ""True""","peek_obj_type == ""EmptyObject""","push == ""none""","pop == ""EmptyObject""","clear == ""none""","size_p == ""0""",No
2392,1607885830087:f6f2edde-764e-48b0-b254-ae8465f41ef6,1607885830087:f7b21a2d-a002-4c29-a7ce-11dce3020ee6,"size == ""1""","isEmpty == ""False""","peek_obj_type == ""class java.lang.String""","push == ""none""","pop == ""none""","clear == ""clear""","size_p == ""0""",Yes
2393,1607885830087:f6f2edde-764e-48b0-b254-ae8465f41ef6,1607885830087:f7b21a2d-a002-4c29-a7ce-11dce3020ee6,"size == ""1""","isEmpty == ""False""","peek_obj_type == ""class java.lang.String""","push == ""class java.lang.String""","pop == ""none""","clear == ""none""","size_p == ""1""",Yes
2394,1607885830087:f6f2edde-764e-48b0-b254-ae8465f41ef6,1607885830087:f7b21a2d-a002-4c29-a7ce-11dce3020ee6,"size == ""2""","isEmpty == ""False""","peek_obj_type == ""class java.lang.String""","push == ""none""","pop == ""none""","clear == ""clear""","size_p == ""1""",Yes
2395,1607885830087:f6f2edde-764e-48b0-b254-ae8465f41ef6,1607885830087:f7b21a2d-a002-4c29-a7ce-11dce3020ee6,"size == ""3""","isEmpty == ""False""","peek_obj_type == ""class java.lang.String""","push == ""none""","pop == ""none""","clear == ""clear""","size_p == ""2""",Yes
2396,1607885830087:f6f2edde-764e-48b0-b254-ae8465f41ef6,1607885830087:f7b21a2d-a002-4c29-a7ce-11dce3020ee6,"size == ""4""","isEmpty == ""False""","peek_obj_type == ""class java.lang.String""","push == ""none""","pop == ""none""","clear == ""clear""","size_p == ""3""",Yes
2398,1607885830087:f6f2edde-764e-48b0-b254-ae8465f41ef6,1607885830087:dfffe81e-0598-41c4-b057-c21a9f28bc6f,"size == ""0""","isEmpty == ""True""","peek_obj_type == ""EmptyObject""","push == ""class java.lang.String""","pop == ""none""","clear == ""none""","size_p == ""0""",Yes
2399,1607885830087:f6f2edde-764e-48b0-b254-ae8465f41ef6,1607885830087:dfffe81e-0598-41c4-b057-c21a9f28bc6f,"size == ""0""","isEmpty == ""True""","peek_obj_type == ""EmptyObject""","push == ""none""","pop == ""EmptyObject""","clear == ""none""","size_p == ""0""",No
2401,1607885830087:f6f2edde-764e-48b0-b254-ae8465f41ef6,1607885830087:1acc3daf-54fa-468e-97e7-69aa97ff5636,"size == ""0""","isEmpty == ""True""","peek_obj_type == ""EmptyObject""","push == ""class java.lang.String""","pop == ""none""","clear == ""none""","size_p == ""0""",Yes
2402,1607885830087:f6f2edde-764e-48b0-b254-ae8465f41ef6,1607885830087:1acc3daf-54fa-468e-97e7-69aa97ff5636,"size == ""0""","isEmpty == ""True""","peek_obj_type == ""EmptyObject""","push == ""class java.lang.String""","pop == ""none""","clear == ""none""","size_p == ""0""",Yes
2404,1607885830087:e91e8b17-dfa8-4954-9144-518bbc2b6e70,1607885830087:3834f725-7da7-4703-8002-4a0245f0bb32,"size == ""0""","isEmpty == ""True""","peek_obj_type == ""EmptyObject""","push == ""class java.lang.String""","pop == ""none""","clear == ""none""","size_p == ""0""",Yes
2405,1607885830087:e91e8b17-dfa8-4954-9144-518bbc2b6e70,1607885830087:3834f725-7da7-4703-8002-4a0245f0bb32,"size == ""0""","isEmpty == ""True""","peek_obj_type == ""EmptyObject""","push == ""none""","pop == ""EmptyObject""","clear == ""none""","size_p == ""0""",No
2407,1607885830087:e91e8b17-dfa8-4954-9144-518bbc2b6e70,1607885830087:03f1a1b5-d215-4018-b360-25432233a18a,"size == ""0""","isEmpty == ""True""","peek_obj_type == ""EmptyObject""","push == ""class java.lang.String""","pop == ""none""","clear == ""none""","size_p == ""0""",Yes
2408,1607885830087:e91e8b17-dfa8-4954-9144-518bbc2b6e70,1607885830087:03f1a1b5-d215-4018-b360-25432233a18a,"size == ""0""","isEmpty == ""True""","peek_obj_type == ""EmptyObject""","push == ""class java.lang.String""","pop == ""none""","clear == ""none""","size_p == ""0""",Yes
2410,1607885830087:bf71a4b2-a329-41c8-a045-021d2798a9c8,1607885830087:0ebe092b-ea82-4b8e-b79c-7b72be9ca696,"size == ""0""","isEmpty == ""True""","peek_obj_type == ""EmptyObject""","push == ""class java.lang.String""","pop == ""none""","clear == ""none""","size_p == ""0""",Yes
2411,1607885830087:bf71a4b2-a329-41c8-a045-021d2798a9c8,1607885830087:0ebe092b-ea82-4b8e-b79c-7b72be9ca696,"size == ""0""","isEmpty == ""True""","peek_obj_type == ""EmptyObject""","push == ""none""","pop == ""EmptyObject""","clear == ""none""","size_p == ""0""",No
2413,1607885830087:a64ddf06-5994-4b37-ba83-65527758e4a3,1607885830087:f245705b-2c01-4628-bbc4-b11118905c77,"size == ""0""","isEmpty == ""True""","peek_obj_type == ""EmptyObject""","push == ""class java.lang.String""","pop == ""none""","clear == ""none""","size_p == ""0""",Yes
2414,1607885830087:a64ddf06-5994-4b37-ba83-65527758e4a3,1607885830087:f245705b-2c01-4628-bbc4-b11118905c77,"size == ""0""","isEmpty == ""True""","peek_obj_type == ""EmptyObject""","push == ""none""","pop == ""EmptyObject""","clear == ""none""","size_p == ""0""",No
2416,1607885830087:8b607eed-de24-42a0-8d34-347b91b1f262,1607885830087:ad14d5cf-6bea-4927-9c42-0fb99ebc28fe,"size == ""0""","isEmpty == ""True""","peek_obj_type == ""EmptyObject""","push == ""class java.lang.String""","pop == ""none""","clear == ""none""","size_p == ""0""",Yes
2417,1607885830087:8b607eed-de24-42a0-8d34-347b91b1f262,1607885830087:ad14d5cf-6bea-4927-9c42-0fb99ebc28fe,"size == ""0""","isEmpty == ""True""","peek_obj_type == ""EmptyObject""","push == ""class java.lang.String""","pop == ""none""","clear == ""none""","size_p == ""0""",Yes
2418,1607885830087:8b607eed-de24-42a0-8d34-347b91b1f262,1607885830087:ad14d5cf-6bea-4927-9c42-0fb99ebc28fe,"size == ""0""","isEmpty == ""True""","peek_obj_type == ""EmptyObject""","push == ""class java.lang.String""","pop == ""none""","clear == ""none""","size_p == ""0""",Yes
2420,1607885830087:8b607eed-de24-42a0-8d34-347b91b1f262,1607885830087:7fa8c024-b59a-4f9b-9e1c-bb1626462ee7,"size == ""0""","isEmpty == ""True""","peek_obj_type == ""EmptyObject""","push == ""class java.lang.String""","pop == ""none""","clear == ""none""","size_p == ""0""",Yes
2421,1607885830087:8b607eed-de24-42a0-8d34-347b91b1f262,1607885830087:7fa8c024-b59a-4f9b-9e1c-bb1626462ee7,"size == ""0""","isEmpty == ""True""","peek_obj_type == ""EmptyObject""","push == ""none""","pop == ""EmptyObject""","clear == ""none""","size_p == ""0""",No
2423,1607885830086:579de390-779b-4602-9753-9d1eafc199e4,1607885830086:d1f083df-dc4b-48e8-bfb0-c7d593590edf,"size == ""1""","isEmpty == ""False""","peek_obj_type == ""class java.lang.String""","push == ""none""","pop == ""none""","clear == ""clear""","size_p == ""0""",Yes
2424,1607885830086:579de390-779b-4602-9753-9d1eafc199e4,1607885830086:d1f083df-dc4b-48e8-bfb0-c7d593590edf,"size == ""1""","isEmpty == ""False""","peek_obj_type == ""class java.lang.String""","push == ""class java.lang.String""","pop == ""none""","clear == ""none""","size_p == ""1""",Yes
2425,1607885830086:579de390-779b-4602-9753-9d1eafc199e4,1607885830086:d1f083df-dc4b-48e8-bfb0-c7d593590edf,"size == ""2""","isEmpty == ""False""","peek_obj_type == ""class java.lang.String""","push == ""none""","pop == ""none""","clear == ""clear""","size_p == ""1""",Yes
2426,1607885830086:579de390-779b-4602-9753-9d1eafc199e4,1607885830086:d1f083df-dc4b-48e8-bfb0-c7d593590edf,"size == ""3""","isEmpty == ""False""","peek_obj_type == ""class java.lang.String""","push == ""none""","pop == ""none""","clear == ""clear""","size_p == ""2""",Yes
2427,1607885830086:579de390-779b-4602-9753-9d1eafc199e4,1607885830086:d1f083df-dc4b-48e8-bfb0-c7d593590edf,"size == ""4""","isEmpty == ""False""","peek_obj_type == ""class java.lang.String""","push == ""none""","pop == ""none""","clear == ""clear""","size_p == ""3""",Yes
2429,1607885830086:579de390-779b-4602-9753-9d1eafc199e4,1607885830086:5d6907d5-6680-412a-b768-5e317550701b,"size == ""0""","isEmpty == ""True""","peek_obj_type == ""EmptyObject""","push == ""class java.lang.String""","pop == ""none""","clear == ""none""","size_p == ""0""",Yes
2430,1607885830086:579de390-779b-4602-9753-9d1eafc199e4,1607885830086:5d6907d5-6680-412a-b768-5e317550701b,"size == ""0""","isEmpty == ""True""","peek_obj_type == ""EmptyObject""","push == ""none""","pop == ""EmptyObject""","clear == ""none""","size_p == ""0""",No
2432,1607885830086:3f143404-a0cb-419d-9b38-c50f10d12ec9,1607885830086:7db74bc4-4ab3-4de3-91a2-f1b494a4d200,"size == ""0""","isEmpty == ""True""","peek_obj_type == ""EmptyObject""","push == ""class java.lang.String""","pop == ""none""","clear == ""none""","size_p == ""0""",Yes
2433,1607885830086:3f143404-a0cb-419d-9b38-c50f10d12ec9,1607885830086:7db74bc4-4ab3-4de3-91a2-f1b494a4d200,"size == ""0""","isEmpty == ""True""","peek_obj_type == ""EmptyObject""","push == ""none""","pop == ""EmptyObject""","clear == ""none""","size_p == ""0""",No
2435,1607885830086:296c9f13-7fcf-4db3-8512-e31397ebb891,1607885830086:f1ffcb7d-b672-43f4-a572-4c4691a418f2,"size == ""0""","isEmpty == ""True""","peek_obj_type == ""EmptyObject""","push == ""class java.lang.String""","pop == ""none""","clear == ""none""","size_p == ""0""",Yes
2436,1607885830086:296c9f13-7fcf-4db3-8512-e31397ebb891,1607885830086:f1ffcb7d-b672-43f4-a572-4c4691a418f2,"size == ""0""","isEmpty == ""True""","peek_obj_type == ""EmptyObject""","push == ""none""","pop == ""EmptyObject""","clear == ""none""","size_p == ""0""",No
2438,1607885830086:18390183-9fba-404c-affd-1fa5cdbc7ffb,1607885830086:eaa4eedc-dfe8-45dc-b217-958d785b6181,"size == ""1""","isEmpty == ""False""","peek_obj_type == ""class java.lang.String""","push == ""none""","pop == ""none""","clear == ""clear""","size_p == ""0""",Yes
2439,1607885830086:18390183-9fba-404c-affd-1fa5cdbc7ffb,1607885830086:eaa4eedc-dfe8-45dc-b217-958d785b6181,"size == ""1""","isEmpty == ""False""","peek_obj_type == ""class java.lang.String""","push == ""class java.lang.String""","pop == ""none""","clear == ""none""","size_p == ""1""",Yes
2440,1607885830086:18390183-9fba-404c-affd-1fa5cdbc7ffb,1607885830086:eaa4eedc-dfe8-45dc-b217-958d785b6181,"size == ""2""","isEmpty == ""False""","peek_obj_type == ""class java.lang.String""","push == ""none""","pop == ""none""","clear == ""clear""","size_p == ""1""",Yes
2441,1607885830086:18390183-9fba-404c-affd-1fa5cdbc7ffb,1607885830086:eaa4eedc-dfe8-45dc-b217-958d785b6181,"size == ""3""","isEmpty == ""False""","peek_obj_type == ""class java.lang.String""","push == ""none""","pop == ""none""","clear == ""clear""","size_p == ""2""",Yes
2442,1607885830086:18390183-9fba-404c-affd-1fa5cdbc7ffb,1607885830086:eaa4eedc-dfe8-45dc-b217-958d785b6181,"size == ""4""","isEmpty == ""False""","peek_obj_type == ""class java.lang.String""","push == ""none""","pop == ""none""","clear == ""clear""","size_p == ""3""",Yes
2444,1607885830086:18390183-9fba-404c-affd-1fa5cdbc7ffb,1607885830086:7d8435a9-3285-46ec-905d-06d5aa91f347,"size == ""0""","isEmpty == ""True""","peek_obj_type == ""EmptyObject""","push == ""class java.lang.String""","pop == ""none""","clear == ""none""","size_p == ""0""",Yes
2445,1607885830086:18390183-9fba-404c-affd-1fa5cdbc7ffb,1607885830086:7d8435a9-3285-46ec-905d-06d5aa91f347,"size == ""0""","isEmpty == ""True""","peek_obj_type == ""EmptyObject""","push == ""none""","pop == ""EmptyObject""","clear == ""none""","size_p == ""0""",No
2447,1607885830086:17288cde-c6ac-4774-bd07-84dfc371c445,1607885830086:6d8faff4-eeb5-4701-9d33-14b375e61ebb,"size == ""0""","isEmpty == ""True""","peek_obj_type == ""EmptyObject""","push == ""class java.lang.String""","pop == ""none""","clear == ""none""","size_p == ""0""",Yes
2448,1607885830086:17288cde-c6ac-4774-bd07-84dfc371c445,1607885830086:6d8faff4-eeb5-4701-9d33-14b375e61ebb,"size == ""0""","isEmpty == ""True""","peek_obj_type == ""EmptyObject""","push == ""none""","pop == ""EmptyObject""","clear == ""none""","size_p == ""0""",No
2450,1607885830085:cef8c591-9034-4b14-8bc1-9d8111c3a5b3,1607885830085:b994eee0-d84a-48da-8a48-f13f6054d690,"size == ""1""","isEmpty == ""False""","peek_obj_type == ""class java.lang.String""","push == ""none""","pop == ""none""","clear == ""clear""","size_p == ""0""",Yes
2451,1607885830085:cef8c591-9034-4b14-8bc1-9d8111c3a5b3,1607885830085:b994eee0-d84a-48da-8a48-f13f6054d690,"size == ""1""","isEmpty == ""False""","peek_obj_type == ""class java.lang.String""","push == ""class java.lang.String""","pop == ""none""","clear == ""none""","size_p == ""1""",Yes
2452,1607885830085:cef8c591-9034-4b14-8bc1-9d8111c3a5b3,1607885830085:b994eee0-d84a-48da-8a48-f13f6054d690,"size == ""2""","isEmpty == ""False""","peek_obj_type == ""class java.lang.String""","push == ""none""","pop == ""none""","clear == ""clear""","size_p == ""1""",Yes
2453,1607885830085:cef8c591-9034-4b14-8bc1-9d8111c3a5b3,1607885830085:b994eee0-d84a-48da-8a48-f13f6054d690,"size == ""3""","isEmpty == ""False""","peek_obj_type == ""class java.lang.String""","push == ""none""","pop == ""none""","clear == ""clear""","size_p == ""2""",Yes
2454,1607885830085:cef8c591-9034-4b14-8bc1-9d8111c3a5b3,1607885830085:b994eee0-d84a-48da-8a48-f13f6054d690,"size == ""4""","isEmpty == ""False""","peek_obj_type == ""class java.lang.String""","push == ""none""","pop == ""none""","clear == ""clear""","size_p == ""3""",Yes
2456,1607885830085:cef8c591-9034-4b14-8bc1-9d8111c3a5b3,1607885830085:9752720d-e2fd-49bf-be08-40ddaa6d1f8b,"size == ""0""","isEmpty == ""True""","peek_obj_type == ""EmptyObject""","push == ""class java.lang.String""","pop == ""none""","clear == ""none""","size_p == ""0""",Yes
2457,1607885830085:cef8c591-9034-4b14-8bc1-9d8111c3a5b3,1607885830085:9752720d-e2fd-49bf-be08-40ddaa6d1f8b,"size == ""0""","isEmpty == ""True""","peek_obj_type == ""EmptyObject""","push == ""none""","pop == ""EmptyObject""","clear == ""none""","size_p == ""0""",No
2459,1607885830085:5e5c059e-07a2-435c-952c-fc1a51035445,1607885830086:2b387d9b-d6a4-4300-9503-e6b2caa79648,"size == ""0""","isEmpty == ""True""","peek_obj_type == ""EmptyObject""","push == ""class java.lang.String""","pop == ""none""","clear == ""none""","size_p == ""0""",Yes
2460,1607885830085:5e5c059e-07a2-435c-952c-fc1a51035445,1607885830086:2b387d9b-d6a4-4300-9503-e6b2caa79648,"size == ""0""","isEmpty == ""True""","peek_obj_type == ""EmptyObject""","push == ""none""","pop == ""EmptyObject""","clear == ""none""","size_p == ""0""",No
2462,1607885830085:5e5c059e-07a2-435c-952c-fc1a51035445,1607885830085:b6e43f9d-1a1a-47d4-a06e-4dee7c373425,"size == ""0""","isEmpty == ""True""","peek_obj_type == ""EmptyObject""","push == ""class java.lang.String""","pop == ""none""","clear == ""none""","size_p == ""0""",Yes
2464,1607885830085:468324b7-0e00-4387-bcc0-71f9af8f83c3,1607885830085:beaefc52-ffa5-4e12-a2e6-48eeeeb3501c,"size == ""0""","isEmpty == ""True""","peek_obj_type == ""EmptyObject""","push == ""class java.lang.String""","pop == ""none""","clear == ""none""","size_p == ""0""",Yes
2465,1607885830085:468324b7-0e00-4387-bcc0-71f9af8f83c3,1607885830085:beaefc52-ffa5-4e12-a2e6-48eeeeb3501c,"size == ""0""","isEmpty == ""True""","peek_obj_type == ""EmptyObject""","push == ""class java.lang.String""","pop == ""none""","clear == ""none""","size_p == ""0""",Yes
2467,1607885830085:468324b7-0e00-4387-bcc0-71f9af8f83c3,1607885830085:a248d421-62a4-4fec-9a36-277b65dae069,"size == ""0""","isEmpty == ""True""","peek_obj_type == ""EmptyObject""","push == ""class java.lang.String""","pop == ""none""","clear == ""none""","size_p == ""0""",Yes
2468,1607885830085:468324b7-0e00-4387-bcc0-71f9af8f83c3,1607885830085:a248d421-62a4-4fec-9a36-277b65dae069,"size == ""0""","isEmpty == ""True""","peek_obj_type == ""EmptyObject""","push == ""none""","pop == ""EmptyObject""","clear == ""none""","size_p == ""0""",No
2470,1607885830084:902a2fdd-04fb-433d-9599-a4a5f5503091,1607885830084:de48c448-0136-40f2-9ec7-293aa7091854,"size == ""0""","isEmpty == ""True""","peek_obj_type == ""EmptyObject""","push == ""class java.lang.String""","pop == ""none""","clear == ""none""","size_p == ""0""",Yes
2471,1607885830084:902a2fdd-04fb-433d-9599-a4a5f5503091,1607885830084:de48c448-0136-40f2-9ec7-293aa7091854,"size == ""0""","isEmpty == ""True""","peek_obj_type == ""EmptyObject""","push == ""none""","pop == ""EmptyObject""","clear == ""none""","size_p == ""0""",No
2474,1607885830084:72de4642-55b8-4139-a08b-325ce7020d52,1607885830084:9d334f18-5c5d-4fb8-bfb1-aad14c465f27,"size == ""0""","isEmpty == ""True""","peek_obj_type == ""EmptyObject""","push == ""class java.lang.String""","pop == ""none""","clear == ""none""","size_p == ""0""",Yes
2475,1607885830084:72de4642-55b8-4139-a08b-325ce7020d52,1607885830084:9d334f18-5c5d-4fb8-bfb1-aad14c465f27,"size == ""0""","isEmpty == ""True""","peek_obj_type == ""EmptyObject""","push == ""none""","pop == ""EmptyObject""","clear == ""none""","size_p == ""0""",No
2477,1607885830084:72de4642-55b8-4139-a08b-325ce7020d52,1607885830084:03bb41c8-549f-43c1-9b45-4fb1a3aab06c,"size == ""0""","isEmpty == ""True""","peek_obj_type == ""EmptyObject""","push == ""class java.lang.String""","pop == ""none""","clear == ""none""","size_p == ""0""",Yes
2479,1607885830084:4458a2b9-8d15-4c43-976c-97319790856d,1607885830084:3b3d5bb0-1fdb-4d97-b91c-910fe6d90528,"size == ""0""","isEmpty == ""True""","peek_obj_type == ""EmptyObject""","push == ""class java.lang.String""","pop == ""none""","clear == ""none""","size_p == ""0""",Yes
2480,1607885830084:4458a2b9-8d15-4c43-976c-97319790856d,1607885830084:3b3d5bb0-1fdb-4d97-b91c-910fe6d90528,"size == ""0""","isEmpty == ""True""","peek_obj_type == ""EmptyObject""","push == ""none""","pop == ""EmptyObject""","clear == ""none""","size_p == ""0""",No
2482,1607885830084:40a1b724-c4de-44cb-9207-67bac0b5dcb8,1607885830084:91de0538-ade6-4ed1-9106-aa21e3f3933c,"size == ""0""","isEmpty == ""True""","peek_obj_type == ""EmptyObject""","push == ""class java.lang.String""","pop == ""none""","clear == ""none""","size_p == ""0""",Yes
2483,1607885830084:40a1b724-c4de-44cb-9207-67bac0b5dcb8,1607885830084:91de0538-ade6-4ed1-9106-aa21e3f3933c,"size == ""0""","isEmpty == ""True""","peek_obj_type == ""EmptyObject""","push == ""none""","pop == ""EmptyObject""","clear == ""none""","size_p == ""0""",No
2485,1607885830084:34a2d3e9-7120-429f-927e-c93c745c842a,1607885830084:ec39ae97-95f8-4ed6-97c8-f115892748f7,"size == ""0""","isEmpty == ""True""","peek_obj_type == ""EmptyObject""","push == ""class java.lang.String""","pop == ""none""","clear == ""none""","size_p == ""0""",Yes
2486,1607885830084:34a2d3e9-7120-429f-927e-c93c745c842a,1607885830084:ec39ae97-95f8-4ed6-97c8-f115892748f7,"size == ""0""","isEmpty == ""True""","peek_obj_type == ""EmptyObject""","push == ""class java.lang.String""","pop == ""none""","clear == ""none""","size_p == ""0""",Yes
2488,1607885830084:34a2d3e9-7120-429f-927e-c93c745c842a,1607885830084:bb7b2800-1b99-430e-a25a-aa727a9007dd,"size == ""0""","isEmpty == ""True""","peek_obj_type == ""EmptyObject""","push == ""class java.lang.String""","pop == ""none""","clear == ""none""","size_p == ""0""",Yes
2489,1607885830084:34a2d3e9-7120-429f-927e-c93c745c842a,1607885830084:bb7b2800-1b99-430e-a25a-aa727a9007dd,"size == ""0""","isEmpty == ""True""","peek_obj_type == ""EmptyObject""","push == ""none""","pop == ""EmptyObject""","clear == ""none""","size_p == ""0""",No
2491,1607885830084:1bc6f58f-2a2a-4d31-9071-0d8704d33f25,1607885830084:77bc1381-827f-4bfb-8816-d16fa2dbe1bf,"size == ""0""","isEmpty == ""True""","peek_obj_type == ""EmptyObject""","push == ""class java.lang.String""","pop == ""none""","clear == ""none""","size_p == ""0""",Yes
2492,1607885830084:1bc6f58f-2a2a-4d31-9071-0d8704d33f25,1607885830084:77bc1381-827f-4bfb-8816-d16fa2dbe1bf,"size == ""0""","isEmpty == ""True""","peek_obj_type == ""EmptyObject""","push == ""none""","pop == ""EmptyObject""","clear == ""none""","size_p == ""0""",No
2494,1607885830083:c4693470-faa6-46c9-a844-be3fc76f5fd2,1607885830083:112c176f-25cd-4136-80fa-3daeb0934e8e,"size == ""0""","isEmpty == ""True""","peek_obj_type == ""EmptyObject""","push == ""class java.lang.String""","pop == ""none""","clear == ""none""","size_p == ""0""",Yes
2495,1607885830083:c4693470-faa6-46c9-a844-be3fc76f5fd2,1607885830083:112c176f-25cd-4136-80fa-3daeb0934e8e,"size == ""0""","isEmpty == ""True""","peek_obj_type == ""EmptyObject""","push == ""none""","pop == ""EmptyObject""","clear == ""none""","size_p == ""0""",No
2497,1607885830083:23eec45c-413b-4291-904a-d36a8a1cbb08,1607885830083:d9d5bf38-2892-4fb1-8894-648aa6f93577,"size == ""0""","isEmpty == ""True""","peek_obj_type == ""EmptyObject""","push == ""class java.lang.String""","pop == ""none""","clear == ""none""","size_p == ""0""",Yes
2498,1607885830083:23eec45c-413b-4291-904a-d36a8a1cbb08,1607885830083:d9d5bf38-2892-4fb1-8894-648aa6f93577,"size == ""0""","isEmpty == ""True""","peek_obj_type == ""EmptyObject""","push == ""none""","pop == ""EmptyObject""","clear == ""none""","size_p == ""0""",No
2500,1607885830083:23eec45c-413b-4291-904a-d36a8a1cbb08,1607885830083:d82d9e33-614a-410c-9a22-16eefb4c66bf,"size == ""0""","isEmpty == ""True""","peek_obj_type == ""EmptyObject""","push == ""class java.lang.String""","pop == ""none""","clear == ""none""","size_p == ""0""",Yes
2502,1607885830083:22203020-fdad-461e-8ebf-944b6ba21290,1607885830083:fea0ef8b-0310-4a89-9501-3769124f7580,"size == ""1""","isEmpty == ""False""","peek_obj_type == ""class java.lang.String""","push == ""none""","pop == ""none""","clear == ""clear""","size_p == ""0""",Yes
2503,1607885830083:22203020-fdad-461e-8ebf-944b6ba21290,1607885830083:fea0ef8b-0310-4a89-9501-3769124f7580,"size == ""1""","isEmpty == ""False""","peek_obj_type == ""class java.lang.String""","push == ""class java.lang.String""","pop == ""none""","clear == ""none""","size_p == ""1""",Yes
2504,1607885830083:22203020-fdad-461e-8ebf-944b6ba21290,1607885830083:fea0ef8b-0310-4a89-9501-3769124f7580,"size == ""0""","isEmpty == ""True""","peek_obj_type == ""EmptyObject""","push == ""none""","pop == ""EmptyObject""","clear == ""none""","size_p == ""1""",No
2505,1607885830083:22203020-fdad-461e-8ebf-944b6ba21290,1607885830083:fea0ef8b-0310-4a89-9501-3769124f7580,"size == ""1""","isEmpty == ""False""","peek_obj_type == ""class java.lang.String""","push == ""none""","pop == ""none""","clear == ""clear""","size_p == ""0""",Yes
2507,1607885830083:22203020-fdad-461e-8ebf-944b6ba21290,1607885830083:5dee9205-d12a-4a79-a176-833ab2a0b342,"size == ""0""","isEmpty == ""True""","peek_obj_type == ""EmptyObject""","push == ""class java.lang.String""","pop == ""none""","clear == ""none""","size_p == ""0""",Yes
2508,1607885830083:22203020-fdad-461e-8ebf-944b6ba21290,1607885830083:5dee9205-d12a-4a79-a176-833ab2a0b342,"size == ""0""","isEmpty == ""True""","peek_obj_type == ""EmptyObject""","push == ""none""","pop == ""EmptyObject""","clear == ""none""","size_p == ""0""",No
2510,1607885830083:1ae98da6-7f83-4471-92ec-dd5c958389da,1607885830083:acea52d9-bc8a-4661-bfee-08cf8ee5132d,"size == ""0""","isEmpty == ""True""","peek_obj_type == ""EmptyObject""","push == ""class java.lang.String""","pop == ""none""","clear == ""none""","size_p == ""0""",Yes
2511,1607885830083:1ae98da6-7f83-4471-92ec-dd5c958389da,1607885830083:acea52d9-bc8a-4661-bfee-08cf8ee5132d,"size == ""0""","isEmpty == ""True""","peek_obj_type == ""EmptyObject""","push == ""none""","pop == ""EmptyObject""","clear == ""none""","size_p == ""0""",No
2513,1607885830083:1ae98da6-7f83-4471-92ec-dd5c958389da,1607885830083:9e8d2ea4-5bc3-45d6-bf95-94b472bcfebd,"size == ""0""","isEmpty == ""True""","peek_obj_type == ""EmptyObject""","push == ""class java.lang.String""","pop == ""none""","clear == ""none""","size_p == ""0""",Yes
2515,1607885830083:14199cc0-cfb1-40e6-9959-3c6b3bb0dc8d,1607885830083:ccae5553-c797-4712-a1c2-7dd920bf4ae9,"size == ""0""","isEmpty == ""True""","peek_obj_type == ""EmptyObject""","push == ""class java.lang.String""","pop == ""none""","clear == ""none""","size_p == ""0""",Yes
2517,1607885830083:14199cc0-cfb1-40e6-9959-3c6b3bb0dc8d,1607885830083:6db36f51-39db-4b1e-9824-85d4820aacea,"size == ""0""","isEmpty == ""True""","peek_obj_type == ""EmptyObject""","push == ""class java.lang.String""","pop == ""none""","clear == ""none""","size_p == ""0""",Yes
2518,1607885830083:14199cc0-cfb1-40e6-9959-3c6b3bb0dc8d,1607885830083:6db36f51-39db-4b1e-9824-85d4820aacea,"size == ""0""","isEmpty == ""True""","peek_obj_type == ""EmptyObject""","push == ""none""","pop == ""EmptyObject""","clear == ""none""","size_p == ""0""",No
2520,1607885830082:dbe9e08c-e632-4bc9-9f07-4f1a83608deb,1607885830082:f5837c84-8554-470f-be24-b6471f780e27,"size == ""0""","isEmpty == ""True""","peek_obj_type == ""EmptyObject""","push == ""class java.lang.String""","pop == ""none""","clear == ""none""","size_p == ""0""",Yes
2521,1607885830082:dbe9e08c-e632-4bc9-9f07-4f1a83608deb,1607885830082:f5837c84-8554-470f-be24-b6471f780e27,"size == ""0""","isEmpty == ""True""","peek_obj_type == ""EmptyObject""","push == ""none""","pop == ""EmptyObject""","clear == ""none""","size_p == ""0""",No
2523,1607885830082:a0ccdae1-b58c-4abe-a9c3-c0cf77137aa9,1607885830082:96558187-7e2a-4f2b-9937-ac5450b03c89,"size == ""1""","isEmpty == ""False""","peek_obj_type == ""class java.lang.String""","push == ""none""","pop == ""none""","clear == ""clear""","size_p == ""0""",Yes
2524,1607885830082:a0ccdae1-b58c-4abe-a9c3-c0cf77137aa9,1607885830082:96558187-7e2a-4f2b-9937-ac5450b03c89,"size == ""1""","isEmpty == ""False""","peek_obj_type == ""class java.lang.String""","push == ""class java.lang.String""","pop == ""none""","clear == ""none""","size_p == ""1""",Yes
2525,1607885830082:a0ccdae1-b58c-4abe-a9c3-c0cf77137aa9,1607885830082:96558187-7e2a-4f2b-9937-ac5450b03c89,"size == ""2""","isEmpty == ""False""","peek_obj_type == ""class java.lang.String""","push == ""none""","pop == ""none""","clear == ""clear""","size_p == ""1""",Yes
2526,1607885830082:a0ccdae1-b58c-4abe-a9c3-c0cf77137aa9,1607885830082:96558187-7e2a-4f2b-9937-ac5450b03c89,"size == ""3""","isEmpty == ""False""","peek_obj_type == ""class java.lang.String""","push == ""none""","pop == ""none""","clear == ""clear""","size_p == ""2""",Yes
2527,1607885830082:a0ccdae1-b58c-4abe-a9c3-c0cf77137aa9,1607885830082:96558187-7e2a-4f2b-9937-ac5450b03c89,"size == ""4""","isEmpty == ""False""","peek_obj_type == ""class java.lang.String""","push == ""none""","pop == ""none""","clear == ""clear""","size_p == ""3""",Yes
2529,1607885830082:a0ccdae1-b58c-4abe-a9c3-c0cf77137aa9,1607885830082:472e4283-68fa-4e25-9aaa-c8489cb70f6a,"size == ""0""","isEmpty == ""True""","peek_obj_type == ""EmptyObject""","push == ""class java.lang.String""","pop == ""none""","clear == ""none""","size_p == ""0""",Yes
2530,1607885830082:a0ccdae1-b58c-4abe-a9c3-c0cf77137aa9,1607885830082:472e4283-68fa-4e25-9aaa-c8489cb70f6a,"size == ""0""","isEmpty == ""True""","peek_obj_type == ""EmptyObject""","push == ""none""","pop == ""EmptyObject""","clear == ""none""","size_p == ""0""",No
2532,1607885830082:8f8c4368-563a-40b4-b47b-f1e66322de93,1607885830082:2e52382b-e562-46bf-be34-c75f31e5461d,"size == ""0""","isEmpty == ""True""","peek_obj_type == ""EmptyObject""","push == ""class java.lang.String""","pop == ""none""","clear == ""none""","size_p == ""0""",Yes
2533,1607885830082:8f8c4368-563a-40b4-b47b-f1e66322de93,1607885830082:2e52382b-e562-46bf-be34-c75f31e5461d,"size == ""0""","isEmpty == ""True""","peek_obj_type == ""EmptyObject""","push == ""none""","pop == ""EmptyObject""","clear == ""none""","size_p == ""0""",No
2535,1607885830082:83148778-4fc7-48f4-abfe-2df09995eb1f,1607885830082:6afde06b-6a67-49c0-878a-96453ca6e00b,"size == ""0""","isEmpty == ""True""","peek_obj_type == ""EmptyObject""","push == ""class java.lang.String""","pop == ""none""","clear == ""none""","size_p == ""0""",Yes
2536,1607885830082:83148778-4fc7-48f4-abfe-2df09995eb1f,1607885830082:6afde06b-6a67-49c0-878a-96453ca6e00b,"size == ""0""","isEmpty == ""True""","peek_obj_type == ""EmptyObject""","push == ""none""","pop == ""EmptyObject""","clear == ""none""","size_p == ""0""",No
2538,1607885830082:1ddc4078-181c-4165-b13e-6b6a0dee27f7,1607885830082:dd3fb3e3-fb6c-4707-962c-331fb2f60969,"size == ""0""","isEmpty == ""True""","peek_obj_type == ""EmptyObject""","push == ""class java.lang.String""","pop == ""none""","clear == ""none""","size_p == ""0""",Yes
2540,1607885830082:1ddc4078-181c-4165-b13e-6b6a0dee27f7,1607885830082:1c07bad9-c19f-4118-9e43-e1d2da9e810e,"size == ""0""","isEmpty == ""True""","peek_obj_type == ""EmptyObject""","push == ""class java.lang.String""","pop == ""none""","clear == ""none""","size_p == ""0""",Yes
2541,1607885830082:1ddc4078-181c-4165-b13e-6b6a0dee27f7,1607885830082:1c07bad9-c19f-4118-9e43-e1d2da9e810e,"size == ""0""","isEmpty == ""True""","peek_obj_type == ""EmptyObject""","push == ""none""","pop == ""EmptyObject""","clear == ""none""","size_p == ""0""",No
2543,1607885830082:0537faf0-d6c8-44e5-8f97-1aea7e2e254d,1607885830082:8c52a957-57e3-4e2e-a512-c3ee2f2b8ade,"size == ""0""","isEmpty == ""True""","peek_obj_type == ""EmptyObject""","push == ""class java.lang.String""","pop == ""none""","clear == ""none""","size_p == ""0""",Yes
2544,1607885830082:0537faf0-d6c8-44e5-8f97-1aea7e2e254d,1607885830082:8c52a957-57e3-4e2e-a512-c3ee2f2b8ade,"size == ""0""","isEmpty == ""True""","peek_obj_type == ""EmptyObject""","push == ""none""","pop == ""EmptyObject""","clear == ""none""","size_p == ""0""",No
2546,1607885830082:0537faf0-d6c8-44e5-8f97-1aea7e2e254d,1607885830082:18e32cc0-6598-4496-a0cb-6ade915a4186,"size == ""0""","isEmpty == ""True""","peek_obj_type == ""EmptyObject""","push == ""class java.lang.String""","pop == ""none""","clear == ""none""","size_p == ""0""",Yes
2547,1607885830082:0537faf0-d6c8-44e5-8f97-1aea7e2e254d,1607885830082:18e32cc0-6598-4496-a0cb-6ade915a4186,"size == ""0""","isEmpty == ""True""","peek_obj_type == ""EmptyObject""","push == ""class java.lang.String""","pop == ""none""","clear == ""none""","size_p == ""0""",Yes
2549,1607885830081:dec8e287-5f7c-4141-afad-0ddb28f75094,1607885830081:6f895f87-fefa-4fe6-9f43-775555e27a60,"size == ""0""","isEmpty == ""True""","peek_obj_type == ""EmptyObject""","push == ""class java.lang.String""","pop == ""none""","clear == ""none""","size_p == ""0""",Yes
2550,1607885830081:dec8e287-5f7c-4141-afad-0ddb28f75094,1607885830081:6f895f87-fefa-4fe6-9f43-775555e27a60,"size == ""0""","isEmpty == ""True""","peek_obj_type == ""EmptyObject""","push == ""class java.lang.String""","pop == ""none""","clear == ""none""","size_p == ""0""",Yes
2551,1607885830081:dec8e287-5f7c-4141-afad-0ddb28f75094,1607885830081:6f895f87-fefa-4fe6-9f43-775555e27a60,"size == ""1""","isEmpty == ""False""","peek_obj_type == ""class java.lang.String""","push == ""none""","pop == ""none""","clear == ""clear""","size_p == ""0""",Yes
2552,1607885830081:dec8e287-5f7c-4141-afad-0ddb28f75094,1607885830081:6f895f87-fefa-4fe6-9f43-775555e27a60,"size == ""2""","isEmpty == ""False""","peek_obj_type == ""class java.lang.String""","push == ""none""","pop == ""none""","clear == ""clear""","size_p == ""1""",Yes
2554,1607885830081:dec8e287-5f7c-4141-afad-0ddb28f75094,1607885830081:6ebdbf8b-cbf2-4986-9708-fd23227d1c24,"size == ""0""","isEmpty == ""True""","peek_obj_type == ""EmptyObject""","push == ""class java.lang.String""","pop == ""none""","clear == ""none""","size_p == ""0""",Yes
2555,1607885830081:dec8e287-5f7c-4141-afad-0ddb28f75094,1607885830081:6ebdbf8b-cbf2-4986-9708-fd23227d1c24,"size == ""0""","isEmpty == ""True""","peek_obj_type == ""EmptyObject""","push == ""none""","pop == ""EmptyObject""","clear == ""none""","size_p == ""0""",No
2557,1607885830081:d33283ac-90fe-434e-ac67-e9cf5088ce86,1607885830081:88ca2d82-dff7-48ac-968d-0e39f39cca05,"size == ""0""","isEmpty == ""True""","peek_obj_type == ""EmptyObject""","push == ""class java.lang.String""","pop == ""none""","clear == ""none""","size_p == ""0""",Yes
2558,1607885830081:d33283ac-90fe-434e-ac67-e9cf5088ce86,1607885830081:88ca2d82-dff7-48ac-968d-0e39f39cca05,"size == ""0""","isEmpty == ""True""","peek_obj_type == ""EmptyObject""","push == ""none""","pop == ""EmptyObject""","clear == ""none""","size_p == ""0""",No
2560,1607885830081:d33283ac-90fe-434e-ac67-e9cf5088ce86,1607885830081:57614d70-13a4-4528-9e6f-33f3e31ea6ae,"size == ""0""","isEmpty == ""True""","peek_obj_type == ""EmptyObject""","push == ""class java.lang.String""","pop == ""none""","clear == ""none""","size_p == ""0""",Yes
2562,1607885830081:74b055b8-ad69-4be8-bada-5acbda17cd62,1607885830081:cceb0e69-a7be-4e01-abbf-cc71ea4e8669,"size == ""0""","isEmpty == ""True""","peek_obj_type == ""EmptyObject""","push == ""class java.lang.String""","pop == ""none""","clear == ""none""","size_p == ""0""",Yes
2563,1607885830081:74b055b8-ad69-4be8-bada-5acbda17cd62,1607885830081:cceb0e69-a7be-4e01-abbf-cc71ea4e8669,"size == ""0""","isEmpty == ""True""","peek_obj_type == ""EmptyObject""","push == ""none""","pop == ""EmptyObject""","clear == ""none""","size_p == ""0""",No
2565,1607885830081:5ccab31f-9f4c-4038-ba15-e2a9b1f9b790,1607885830081:15cc267a-248d-4c2c-803c-7def0e25fd69,"size == ""0""","isEmpty == ""True""","peek_obj_type == ""EmptyObject""","push == ""class java.lang.String""","pop == ""none""","clear == ""none""","size_p == ""0""",Yes
2566,1607885830081:5ccab31f-9f4c-4038-ba15-e2a9b1f9b790,1607885830081:15cc267a-248d-4c2c-803c-7def0e25fd69,"size == ""0""","isEmpty == ""True""","peek_obj_type == ""EmptyObject""","push == ""none""","pop == ""EmptyObject""","clear == ""none""","size_p == ""0""",No
2568,1607885830081:1bad6e14-4e0d-45ee-8831-46bc2342e8ed,1607885830081:33a4b679-684c-4dfd-a444-ef977b7a624e,"size == ""0""","isEmpty == ""True""","peek_obj_type == ""EmptyObject""","push == ""class java.lang.String""","pop == ""none""","clear == ""none""","size_p == ""0""",Yes
2569,1607885830081:1bad6e14-4e0d-45ee-8831-46bc2342e8ed,1607885830081:33a4b679-684c-4dfd-a444-ef977b7a624e,"size == ""0""","isEmpty == ""True""","peek_obj_type == ""EmptyObject""","push == ""none""","pop == ""EmptyObject""","clear == ""none""","size_p == ""0""",No
2571,1607885830080:a6443d37-c847-48c5-adbc-7175297d73b0,1607885830080:aabf86a4-4bd9-4698-a871-96403d2f8973,"size == ""0""","isEmpty == ""True""","peek_obj_type == ""EmptyObject""","push == ""class java.lang.String""","pop == ""none""","clear == ""none""","size_p == ""0""",Yes
2572,1607885830080:a6443d37-c847-48c5-adbc-7175297d73b0,1607885830080:aabf86a4-4bd9-4698-a871-96403d2f8973,"size == ""0""","isEmpty == ""True""","peek_obj_type == ""EmptyObject""","push == ""none""","pop == ""EmptyObject""","clear == ""none""","size_p == ""0""",No
2574,1607885830080:a6443d37-c847-48c5-adbc-7175297d73b0,1607885830080:4ad57955-50af-4603-87f7-f75bc27c86b1,"size == ""0""","isEmpty == ""True""","peek_obj_type == ""EmptyObject""","push == ""class java.lang.String""","pop == ""none""","clear == ""none""","size_p == ""0""",Yes
2575,1607885830080:a6443d37-c847-48c5-adbc-7175297d73b0,1607885830080:4ad57955-50af-4603-87f7-f75bc27c86b1,"size == ""0""","isEmpty == ""True""","peek_obj_type == ""EmptyObject""","push == ""class java.lang.String""","pop == ""none""","clear == ""none""","size_p == ""0""",Yes
2577,1607885830080:9ac217a1-4c8e-47f1-8b72-c52ec7865ead,1607885830080:9fef34f7-c0da-4751-89cf-1b5c68563460,"size == ""0""","isEmpty == ""True""","peek_obj_type == ""EmptyObject""","push == ""class java.lang.String""","pop == ""none""","clear == ""none""","size_p == ""0""",Yes
2578,1607885830080:9ac217a1-4c8e-47f1-8b72-c52ec7865ead,1607885830080:9fef34f7-c0da-4751-89cf-1b5c68563460,"size == ""0""","isEmpty == ""True""","peek_obj_type == ""EmptyObject""","push == ""none""","pop == ""EmptyObject""","clear == ""none""","size_p == ""0""",No
2580,1607885830080:77a1843c-733c-4931-a9aa-eb2c575d8d0d,1607885830080:21c0bb6d-5bf6-4efa-b9e1-ce3df559b4db,"size == ""0""","isEmpty == ""True""","peek_obj_type == ""EmptyObject""","push == ""class java.lang.String""","pop == ""none""","clear == ""none""","size_p == ""0""",Yes
2581,1607885830080:77a1843c-733c-4931-a9aa-eb2c575d8d0d,1607885830080:21c0bb6d-5bf6-4efa-b9e1-ce3df559b4db,"size == ""0""","isEmpty == ""True""","peek_obj_type == ""EmptyObject""","push == ""none""","pop == ""EmptyObject""","clear == ""none""","size_p == ""0""",No
2583,1607885830080:61167adb-de0f-45b1-ac75-142a23819b89,1607885830080:b1071ab0-e0ad-47f6-a464-8dfa49a27d4c,"size == ""0""","isEmpty == ""True""","peek_obj_type == ""EmptyObject""","push == ""class java.lang.String""","pop == ""none""","clear == ""none""","size_p == ""0""",Yes
2584,1607885830080:61167adb-de0f-45b1-ac75-142a23819b89,1607885830080:b1071ab0-e0ad-47f6-a464-8dfa49a27d4c,"size == ""0""","isEmpty == ""True""","peek_obj_type == ""EmptyObject""","push == ""none""","pop == ""EmptyObject""","clear == ""none""","size_p == ""0""",No
2586,1607885830080:2c9da9dd-9764-4183-923b-2f99eb7691be,1607885830081:ca95486e-5acf-47e1-bdf1-bed707295d71,"size == ""0""","isEmpty == ""True""","peek_obj_type == ""EmptyObject""","push == ""class java.lang.String""","pop == ""none""","clear == ""none""","size_p == ""0""",Yes
2587,1607885830080:2c9da9dd-9764-4183-923b-2f99eb7691be,1607885830081:ca95486e-5acf-47e1-bdf1-bed707295d71,"size == ""0""","isEmpty == ""True""","peek_obj_type == ""EmptyObject""","push == ""none""","pop == ""EmptyObject""","clear == ""none""","size_p == ""0""",No
2589,1607885830080:2c9da9dd-9764-4183-923b-2f99eb7691be,1607885830080:b756c5aa-70e2-4cad-a660-fe54c1823439,"size == ""0""","isEmpty == ""True""","peek_obj_type == ""EmptyObject""","push == ""class java.lang.String""","pop == ""none""","clear == ""none""","size_p == ""0""",Yes
2590,1607885830080:2c9da9dd-9764-4183-923b-2f99eb7691be,1607885830080:b756c5aa-70e2-4cad-a660-fe54c1823439,"size == ""0""","isEmpty == ""True""","peek_obj_type == ""EmptyObject""","push == ""class java.lang.String""","pop == ""none""","clear == ""none""","size_p == ""0""",Yes
2591,1607885830080:2c9da9dd-9764-4183-923b-2f99eb7691be,1607885830080:b756c5aa-70e2-4cad-a660-fe54c1823439,"size == ""0""","isEmpty == ""True""","peek_obj_type == ""EmptyObject""","push == ""class java.lang.String""","pop == ""none""","clear == ""none""","size_p == ""0""",Yes
2593,1607885830080:1c116b49-cf28-4b1d-b333-2ee8bdfb6921,1607885830080:ee5df41f-c6bf-4866-b388-9b34706b2d60,"size == ""0""","isEmpty == ""True""","peek_obj_type == ""EmptyObject""","push == ""class java.lang.String""","pop == ""none""","clear == ""none""","size_p == ""0""",Yes
2594,1607885830080:1c116b49-cf28-4b1d-b333-2ee8bdfb6921,1607885830080:ee5df41f-c6bf-4866-b388-9b34706b2d60,"size == ""0""","isEmpty == ""True""","peek_obj_type == ""EmptyObject""","push == ""none""","pop == ""EmptyObject""","clear == ""none""","size_p == ""0""",No
2596,1607885830080:1c116b49-cf28-4b1d-b333-2ee8bdfb6921,1607885830080:bdbd9094-8e7a-4dc0-91a5-113b0264839a,"size == ""0""","isEmpty == ""True""","peek_obj_type == ""EmptyObject""","push == ""class java.lang.String""","pop == ""none""","clear == ""none""","size_p == ""0""",Yes
2600,1607885830079:c7e126b2-7d63-447e-99b0-2d3b8ef137e6,1607885830079:bf143a7f-e8c6-4210-aa91-960a31725270,"size == ""0""","isEmpty == ""True""","peek_obj_type == ""EmptyObject""","push == ""class java.lang.String""","pop == ""none""","clear == ""none""","size_p == ""0""",Yes
2601,1607885830079:c7e126b2-7d63-447e-99b0-2d3b8ef137e6,1607885830079:bf143a7f-e8c6-4210-aa91-960a31725270,"size == ""0""","isEmpty == ""True""","peek_obj_type == ""EmptyObject""","push == ""none""","pop == ""EmptyObject""","clear == ""none""","size_p == ""0""",No
2603,1607885830079:c7e126b2-7d63-447e-99b0-2d3b8ef137e6,1607885830079:29f709e3-8fb5-49c7-bc5d-d47768a1def2,"size == ""0""","isEmpty == ""True""","peek_obj_type == ""EmptyObject""","push == ""class java.lang.String""","pop == ""none""","clear == ""none""","size_p == ""0""",Yes
2605,1607885830079:b79726fd-1a26-4aa8-b918-5b1e4c326832,1607885830079:026fd272-96d4-441a-9411-2688eb83c098,"size == ""0""","isEmpty == ""True""","peek_obj_type == ""EmptyObject""","push == ""class java.lang.String""","pop == ""none""","clear == ""none""","size_p == ""0""",Yes
2606,1607885830079:b79726fd-1a26-4aa8-b918-5b1e4c326832,1607885830079:026fd272-96d4-441a-9411-2688eb83c098,"size == ""0""","isEmpty == ""True""","peek_obj_type == ""EmptyObject""","push == ""none""","pop == ""EmptyObject""","clear == ""none""","size_p == ""0""",No
2608,1607885830079:6e864424-ff61-465b-8d9c-ed48342933d7,1607885830079:cbc7e5a3-0bd3-4c93-a4d3-78568c9388ac,"size == ""0""","isEmpty == ""True""","peek_obj_type == ""EmptyObject""","push == ""class java.lang.String""","pop == ""none""","clear == ""none""","size_p == ""0""",Yes
2609,1607885830079:6e864424-ff61-465b-8d9c-ed48342933d7,1607885830079:cbc7e5a3-0bd3-4c93-a4d3-78568c9388ac,"size == ""0""","isEmpty == ""True""","peek_obj_type == ""EmptyObject""","push == ""none""","pop == ""EmptyObject""","clear == ""none""","size_p == ""0""",No
2611,1607885830079:1974611c-9007-406b-90ba-fa7ba5a2e3fa,1607885830079:cde86c60-4aea-46c0-b6bb-5f972963edac,"size == ""1""","isEmpty == ""False""","peek_obj_type == ""class java.lang.String""","push == ""none""","pop == ""none""","clear == ""clear""","size_p == ""0""",Yes
2612,1607885830079:1974611c-9007-406b-90ba-fa7ba5a2e3fa,1607885830079:cde86c60-4aea-46c0-b6bb-5f972963edac,"size == ""1""","isEmpty == ""False""","peek_obj_type == ""class java.lang.String""","push == ""class java.lang.String""","pop == ""none""","clear == ""none""","size_p == ""1""",Yes
2613,1607885830079:1974611c-9007-406b-90ba-fa7ba5a2e3fa,1607885830079:cde86c60-4aea-46c0-b6bb-5f972963edac,"size == ""2""","isEmpty == ""False""","peek_obj_type == ""class java.lang.String""","push == ""none""","pop == ""none""","clear == ""clear""","size_p == ""1""",Yes
2615,1607885830079:1974611c-9007-406b-90ba-fa7ba5a2e3fa,1607885830079:8f05d685-5c11-4bdd-8728-2bc1858718a3,"size == ""0""","isEmpty == ""True""","peek_obj_type == ""EmptyObject""","push == ""class java.lang.String""","pop == ""none""","clear == ""none""","size_p == ""0""",Yes
2616,1607885830079:1974611c-9007-406b-90ba-fa7ba5a2e3fa,1607885830079:8f05d685-5c11-4bdd-8728-2bc1858718a3,"size == ""0""","isEmpty == ""True""","peek_obj_type == ""EmptyObject""","push == ""none""","pop == ""EmptyObject""","clear == ""none""","size_p == ""0""",No
2618,1607885830079:1974611c-9007-406b-90ba-fa7ba5a2e3fa,1607885830079:657dae52-cfc9-4622-a55f-1983738d5a7f,"size == ""1""","isEmpty == ""False""","peek_obj_type == ""class java.lang.String""","push == ""none""","pop == ""none""","clear == ""clear""","size_p == ""0""",Yes
2619,1607885830079:1974611c-9007-406b-90ba-fa7ba5a2e3fa,1607885830079:657dae52-cfc9-4622-a55f-1983738d5a7f,"size == ""1""","isEmpty == ""False""","peek_obj_type == ""class java.lang.String""","push == ""class java.lang.String""","pop == ""none""","clear == ""none""","size_p == ""1""",Yes
2620,1607885830079:1974611c-9007-406b-90ba-fa7ba5a2e3fa,1607885830079:657dae52-cfc9-4622-a55f-1983738d5a7f,"size == ""2""","isEmpty == ""False""","peek_obj_type == ""class java.lang.String""","push == ""none""","pop == ""none""","clear == ""clear""","size_p == ""1""",Yes
2621,1607885830079:1974611c-9007-406b-90ba-fa7ba5a2e3fa,1607885830079:657dae52-cfc9-4622-a55f-1983738d5a7f,"size == ""3""","isEmpty == ""False""","peek_obj_type == ""class java.lang.String""","push == ""none""","pop == ""none""","clear == ""clear""","size_p == ""2""",Yes
2622,1607885830079:1974611c-9007-406b-90ba-fa7ba5a2e3fa,1607885830079:657dae52-cfc9-4622-a55f-1983738d5a7f,"size == ""4""","isEmpty == ""False""","peek_obj_type == ""class java.lang.String""","push == ""none""","pop == ""none""","clear == ""clear""","size_p == ""3""",Yes
2624,1607885830072:fa389629-7906-49ed-876e-c3fd9fd9be81,1607885830078:604ccd4e-9e38-4a64-96af-56d1325b1e69,"size == ""0""","isEmpty == ""True""","peek_obj_type == ""EmptyObject""","push == ""class java.lang.String""","pop == ""none""","clear == ""none""","size_p == ""0""",Yes
2625,1607885830072:fa389629-7906-49ed-876e-c3fd9fd9be81,1607885830078:604ccd4e-9e38-4a64-96af-56d1325b1e69,"size == ""0""","isEmpty == ""True""","peek_obj_type == ""EmptyObject""","push == ""none""","pop == ""EmptyObject""","clear == ""none""","size_p == ""0""",No
2627,1607885830072:fa389629-7906-49ed-876e-c3fd9fd9be81,1607885830072:7ef5760e-43ef-4557-a485-28f54cf121e7,"size == ""0""","isEmpty == ""True""","peek_obj_type == ""EmptyObject""","push == ""class java.lang.String""","pop == ""none""","clear == ""none""","size_p == ""0""",Yes
2629,1607885830072:f11dcace-39e7-46e0-a92d-624c170e084a,1607885830072:d743c026-886c-4682-a271-91fac87edac7,"size == ""0""","isEmpty == ""True""","peek_obj_type == ""EmptyObject""","push == ""class java.lang.String""","pop == ""none""","clear == ""none""","size_p == ""0""",Yes
2630,1607885830072:f11dcace-39e7-46e0-a92d-624c170e084a,1607885830072:d743c026-886c-4682-a271-91fac87edac7,"size == ""0""","isEmpty == ""True""","peek_obj_type == ""EmptyObject""","push == ""none""","pop == ""EmptyObject""","clear == ""none""","size_p == ""0""",No
2632,1607885830072:346f0166-3196-4317-be9c-4f58fcc77a98,1607885830072:edafb2e6-8bab-4cc6-8ace-3838c7a0d5d1,"size == ""0""","isEmpty == ""True""","peek_obj_type == ""EmptyObject""","push == ""class java.lang.String""","pop == ""none""","clear == ""none""","size_p == ""0""",Yes
2633,1607885830072:346f0166-3196-4317-be9c-4f58fcc77a98,1607885830072:edafb2e6-8bab-4cc6-8ace-3838c7a0d5d1,"size == ""0""","isEmpty == ""True""","peek_obj_type == ""EmptyObject""","push == ""none""","pop == ""EmptyObject""","clear == ""none""","size_p == ""0""",No
2635,1607885830071:fb51509c-4b27-4269-92f6-c30e0c9eb620,1607885830071:81e8f5a1-56b4-4724-a2c2-e49f88c6ef38,"size == ""0""","isEmpty == ""True""","peek_obj_type == ""EmptyObject""","push == ""class java.lang.String""","pop == ""none""","clear == ""none""","size_p == ""0""",Yes
2636,1607885830071:fb51509c-4b27-4269-92f6-c30e0c9eb620,1607885830071:81e8f5a1-56b4-4724-a2c2-e49f88c6ef38,"size == ""0""","isEmpty == ""True""","peek_obj_type == ""EmptyObject""","push == ""none""","pop == ""EmptyObject""","clear == ""none""","size_p == ""0""",No
2638,1607885830071:e5021e0f-a69f-4161-8abb-13ef8d23937f,1607885830071:22c105b3-4861-4169-bd90-7c590496dd1b,"size == ""0""","isEmpty == ""True""","peek_obj_type == ""EmptyObject""","push == ""class java.lang.String""","pop == ""none""","clear == ""none""","size_p == ""0""",Yes
2639,1607885830071:e5021e0f-a69f-4161-8abb-13ef8d23937f,1607885830071:22c105b3-4861-4169-bd90-7c590496dd1b,"size == ""0""","isEmpty == ""True""","peek_obj_type == ""EmptyObject""","push == ""none""","pop == ""EmptyObject""","clear == ""none""","size_p == ""0""",No
2641,1607885830071:cf085cab-39d2-4633-9d7c-7e876514a59f,1607885830071:70e376b7-d3b9-46ae-b53a-1b5d64848c3a,"size == ""0""","isEmpty == ""True""","peek_obj_type == ""EmptyObject""","push == ""class java.lang.String""","pop == ""none""","clear == ""none""","size_p == ""0""",Yes
2642,1607885830071:cf085cab-39d2-4633-9d7c-7e876514a59f,1607885830071:70e376b7-d3b9-46ae-b53a-1b5d64848c3a,"size == ""0""","isEmpty == ""True""","peek_obj_type == ""EmptyObject""","push == ""none""","pop == ""EmptyObject""","clear == ""none""","size_p == ""0""",No
2644,1607885830071:46662ede-8563-47bb-964e-dab55c0a83d5,1607885830071:78e1efd6-8fe7-4b81-99fb-7ad67bb1baaa,"size == ""0""","isEmpty == ""True""","peek_obj_type == ""EmptyObject""","push == ""class java.lang.String""","pop == ""none""","clear == ""none""","size_p == ""0""",Yes
2645,1607885830071:46662ede-8563-47bb-964e-dab55c0a83d5,1607885830071:78e1efd6-8fe7-4b81-99fb-7ad67bb1baaa,"size == ""0""","isEmpty == ""True""","peek_obj_type == ""EmptyObject""","push == ""none""","pop == ""EmptyObject""","clear == ""none""","size_p == ""0""",No
2647,1607885830071:46662ede-8563-47bb-964e-dab55c0a83d5,1607885830071:0efd73bb-c408-41c6-91af-d797badcb112,"size == ""1""","isEmpty == ""False""","peek_obj_type == ""class java.lang.String""","push == ""none""","pop == ""none""","clear == ""clear""","size_p == ""0""",Yes
2648,1607885830071:46662ede-8563-47bb-964e-dab55c0a83d5,1607885830071:0efd73bb-c408-41c6-91af-d797badcb112,"size == ""1""","isEmpty == ""False""","peek_obj_type == ""class java.lang.String""","push == ""class java.lang.String""","pop == ""none""","clear == ""none""","size_p == ""1""",Yes
2649,1607885830071:46662ede-8563-47bb-964e-dab55c0a83d5,1607885830071:0efd73bb-c408-41c6-91af-d797badcb112,"size == ""2""","isEmpty == ""False""","peek_obj_type == ""class java.lang.String""","push == ""none""","pop == ""none""","clear == ""clear""","size_p == ""1""",Yes
2650,1607885830071:46662ede-8563-47bb-964e-dab55c0a83d5,1607885830071:0efd73bb-c408-41c6-91af-d797badcb112,"size == ""3""","isEmpty == ""False""","peek_obj_type == ""class java.lang.String""","push == ""none""","pop == ""none""","clear == ""clear""","size_p == ""2""",Yes
2651,1607885830071:46662ede-8563-47bb-964e-dab55c0a83d5,1607885830071:0efd73bb-c408-41c6-91af-d797badcb112,"size == ""4""","isEmpty == ""False""","peek_obj_type == ""class java.lang.String""","push == ""none""","pop == ""none""","clear == ""clear""","size_p == ""3""",Yes
2653,1607885830071:0c548426-3a65-4c1f-a9da-630f3d21f55f,1607885830071:ec2488c5-8fb7-4584-b010-42c69925b71d,"size == ""0""","isEmpty == ""True""","peek_obj_type == ""EmptyObject""","push == ""class java.lang.String""","pop == ""none""","clear == ""none""","size_p == ""0""",Yes
2654,1607885830071:0c548426-3a65-4c1f-a9da-630f3d21f55f,1607885830071:ec2488c5-8fb7-4584-b010-42c69925b71d,"size == ""0""","isEmpty == ""True""","peek_obj_type == ""EmptyObject""","push == ""none""","pop == ""EmptyObject""","clear == ""none""","size_p == ""0""",No
2656,1607885830070:ebd1243b-c31f-4e04-846f-9e795859f26b,1607885830070:a1b15ee5-3c35-4fd7-ac1a-86ec4f79f7d9,"size == ""0""","isEmpty == ""True""","peek_obj_type == ""EmptyObject""","push == ""class java.lang.String""","pop == ""none""","clear == ""none""","size_p == ""0""",Yes
2657,1607885830070:ebd1243b-c31f-4e04-846f-9e795859f26b,1607885830070:a1b15ee5-3c35-4fd7-ac1a-86ec4f79f7d9,"size == ""0""","isEmpty == ""True""","peek_obj_type == ""EmptyObject""","push == ""none""","pop == ""EmptyObject""","clear == ""none""","size_p == ""0""",No
2659,1607885830070:ebd1243b-c31f-4e04-846f-9e795859f26b,1607885830070:8a769052-f9ea-41f9-82b4-58609cc18871,"size == ""0""","isEmpty == ""True""","peek_obj_type == ""EmptyObject""","push == ""class java.lang.String""","pop == ""none""","clear == ""none""","size_p == ""0""",Yes
2660,1607885830070:ebd1243b-c31f-4e04-846f-9e795859f26b,1607885830070:8a769052-f9ea-41f9-82b4-58609cc18871,"size == ""0""","isEmpty == ""True""","peek_obj_type == ""EmptyObject""","push == ""class java.lang.String""","pop == ""none""","clear == ""none""","size_p == ""0""",Yes
2661,1607885830070:ebd1243b-c31f-4e04-846f-9e795859f26b,1607885830070:8a769052-f9ea-41f9-82b4-58609cc18871,"size == ""0""","isEmpty == ""True""","peek_obj_type == ""EmptyObject""","push == ""class java.lang.String""","pop == ""none""","clear == ""none""","size_p == ""0""",Yes
2663,1607885830070:b0f064b2-ed83-4f9a-b947-ad717dcb8411,1607885830070:d795d1d8-f019-4056-9d03-0682af7af0ef,"size == ""1""","isEmpty == ""False""","peek_obj_type == ""class java.lang.String""","push == ""none""","pop == ""none""","clear == ""clear""","size_p == ""0""",Yes
2664,1607885830070:b0f064b2-ed83-4f9a-b947-ad717dcb8411,1607885830070:d795d1d8-f019-4056-9d03-0682af7af0ef,"size == ""1""","isEmpty == ""False""","peek_obj_type == ""class java.lang.String""","push == ""class java.lang.String""","pop == ""none""","clear == ""none""","size_p == ""1""",Yes
2665,1607885830070:b0f064b2-ed83-4f9a-b947-ad717dcb8411,1607885830070:d795d1d8-f019-4056-9d03-0682af7af0ef,"size == ""0""","isEmpty == ""True""","peek_obj_type == ""EmptyObject""","push == ""none""","pop == ""EmptyObject""","clear == ""none""","size_p == ""1""",No
2666,1607885830070:b0f064b2-ed83-4f9a-b947-ad717dcb8411,1607885830070:d795d1d8-f019-4056-9d03-0682af7af0ef,"size == ""1""","isEmpty == ""False""","peek_obj_type == ""class java.lang.String""","push == ""none""","pop == ""none""","clear == ""clear""","size_p == ""0""",Yes
2668,1607885830070:b0f064b2-ed83-4f9a-b947-ad717dcb8411,1607885830070:1647902d-c83a-462a-a22e-6cd1512fdf60,"size == ""0""","isEmpty == ""True""","peek_obj_type == ""EmptyObject""","push == ""class java.lang.String""","pop == ""none""","clear == ""none""","size_p == ""0""",Yes
2669,1607885830070:b0f064b2-ed83-4f9a-b947-ad717dcb8411,1607885830070:1647902d-c83a-462a-a22e-6cd1512fdf60,"size == ""0""","isEmpty == ""True""","peek_obj_type == ""EmptyObject""","push == ""none""","pop == ""EmptyObject""","clear == ""none""","size_p == ""0""",No
2671,1607885830070:12ab6c3d-2065-4c5a-9c31-4238a9d6ec9e,1607885830070:02cc833e-b1ff-40d4-9292-65977bd09e29,"size == ""0""","isEmpty == ""True""","peek_obj_type == ""EmptyObject""","push == ""class java.lang.String""","pop == ""none""","clear == ""none""","size_p == ""0""",Yes
2672,1607885830070:12ab6c3d-2065-4c5a-9c31-4238a9d6ec9e,1607885830070:02cc833e-b1ff-40d4-9292-65977bd09e29,"size == ""0""","isEmpty == ""True""","peek_obj_type == ""EmptyObject""","push == ""none""","pop == ""EmptyObject""","clear == ""none""","size_p == ""0""",No
2674,1607885830070:0ad5c4f8-1216-455b-a0ae-080f5131278b,1607885830070:a127cd7c-b6b4-4bfe-9244-793541dd2dc2,"size == ""1""","isEmpty == ""False""","peek_obj_type == ""class java.lang.String""","push == ""none""","pop == ""none""","clear == ""clear""","size_p == ""0""",Yes
2675,1607885830070:0ad5c4f8-1216-455b-a0ae-080f5131278b,1607885830070:a127cd7c-b6b4-4bfe-9244-793541dd2dc2,"size == ""1""","isEmpty == ""False""","peek_obj_type == ""class java.lang.String""","push == ""class java.lang.String""","pop == ""none""","clear == ""none""","size_p == ""1""",Yes
2676,1607885830070:0ad5c4f8-1216-455b-a0ae-080f5131278b,1607885830070:a127cd7c-b6b4-4bfe-9244-793541dd2dc2,"size == ""2""","isEmpty == ""False""","peek_obj_type == ""class java.lang.String""","push == ""none""","pop == ""none""","clear == ""clear""","size_p == ""1""",Yes
2677,1607885830070:0ad5c4f8-1216-455b-a0ae-080f5131278b,1607885830070:a127cd7c-b6b4-4bfe-9244-793541dd2dc2,"size == ""3""","isEmpty == ""False""","peek_obj_type == ""class java.lang.String""","push == ""none""","pop == ""none""","clear == ""clear""","size_p == ""2""",Yes
2678,1607885830070:0ad5c4f8-1216-455b-a0ae-080f5131278b,1607885830070:a127cd7c-b6b4-4bfe-9244-793541dd2dc2,"size == ""4""","isEmpty == ""False""","peek_obj_type == ""class java.lang.String""","push == ""none""","pop == ""none""","clear == ""clear""","size_p == ""3""",Yes
2680,1607885830070:0ad5c4f8-1216-455b-a0ae-080f5131278b,1607885830070:2e95bfcf-2e25-4f69-8373-1a809fa6cd2f,"size == ""0""","isEmpty == ""True""","peek_obj_type == ""EmptyObject""","push == ""class java.lang.String""","pop == ""none""","clear == ""none""","size_p == ""0""",Yes
2681,1607885830070:0ad5c4f8-1216-455b-a0ae-080f5131278b,1607885830070:2e95bfcf-2e25-4f69-8373-1a809fa6cd2f,"size == ""0""","isEmpty == ""True""","peek_obj_type == ""EmptyObject""","push == ""none""","pop == ""EmptyObject""","clear == ""none""","size_p == ""0""",No
2683,1607885830069:ff2294e1-10f8-4139-a750-1a6f4397732e,1607885830069:d866bb05-ef2b-4844-be75-b09bd763848b,"size == ""0""","isEmpty == ""True""","peek_obj_type == ""EmptyObject""","push == ""class java.lang.String""","pop == ""none""","clear == ""none""","size_p == ""0""",Yes
2684,1607885830069:ff2294e1-10f8-4139-a750-1a6f4397732e,1607885830069:d866bb05-ef2b-4844-be75-b09bd763848b,"size == ""0""","isEmpty == ""True""","peek_obj_type == ""EmptyObject""","push == ""none""","pop == ""EmptyObject""","clear == ""none""","size_p == ""0""",No
2686,1607885830069:be8753ed-e472-4a02-8641-0878718a8821,1607885830069:2abf900a-39ed-481c-883d-5c5336f93e2c,"size == ""0""","isEmpty == ""True""","peek_obj_type == ""EmptyObject""","push == ""class java.lang.String""","pop == ""none""","clear == ""none""","size_p == ""0""",Yes
2687,1607885830069:be8753ed-e472-4a02-8641-0878718a8821,1607885830069:2abf900a-39ed-481c-883d-5c5336f93e2c,"size == ""0""","isEmpty == ""True""","peek_obj_type == ""EmptyObject""","push == ""none""","pop == ""EmptyObject""","clear == ""none""","size_p == ""0""",No
2689,1607885830069:ba6a64b2-89ff-4955-85a8-147a3bd9d35f,1607885830069:abdea084-dace-4767-8b70-11b2ca2f5b50,"size == ""0""","isEmpty == ""True""","peek_obj_type == ""EmptyObject""","push == ""class java.lang.String""","pop == ""none""","clear == ""none""","size_p == ""0""",Yes
2690,1607885830069:ba6a64b2-89ff-4955-85a8-147a3bd9d35f,1607885830069:abdea084-dace-4767-8b70-11b2ca2f5b50,"size == ""0""","isEmpty == ""True""","peek_obj_type == ""EmptyObject""","push == ""none""","pop == ""EmptyObject""","clear == ""none""","size_p == ""0""",No
2692,1607885830069:ba6a64b2-89ff-4955-85a8-147a3bd9d35f,1607885830069:a29de935-90f5-4edd-a13a-ed3cb13ae7cd,"size == ""1""","isEmpty == ""False""","peek_obj_type == ""class java.lang.String""","push == ""none""","pop == ""none""","clear == ""clear""","size_p == ""0""",Yes
2693,1607885830069:ba6a64b2-89ff-4955-85a8-147a3bd9d35f,1607885830069:a29de935-90f5-4edd-a13a-ed3cb13ae7cd,"size == ""1""","isEmpty == ""False""","peek_obj_type == ""class java.lang.String""","push == ""class java.lang.String""","pop == ""none""","clear == ""none""","size_p == ""1""",Yes
2694,1607885830069:ba6a64b2-89ff-4955-85a8-147a3bd9d35f,1607885830069:a29de935-90f5-4edd-a13a-ed3cb13ae7cd,"size == ""2""","isEmpty == ""False""","peek_obj_type == ""class java.lang.String""","push == ""none""","pop == ""none""","clear == ""clear""","size_p == ""1""",Yes
2695,1607885830069:ba6a64b2-89ff-4955-85a8-147a3bd9d35f,1607885830069:a29de935-90f5-4edd-a13a-ed3cb13ae7cd,"size == ""3""","isEmpty == ""False""","peek_obj_type == ""class java.lang.String""","push == ""none""","pop == ""none""","clear == ""clear""","size_p == ""2""",Yes
2696,1607885830069:ba6a64b2-89ff-4955-85a8-147a3bd9d35f,1607885830069:a29de935-90f5-4edd-a13a-ed3cb13ae7cd,"size == ""4""","isEmpty == ""False""","peek_obj_type == ""class java.lang.String""","push == ""none""","pop == ""none""","clear == ""clear""","size_p == ""3""",Yes
2698,1607885830069:175003c1-9986-45b5-8e69-2c155c0e398e,1607885830069:1ab51bc4-f82a-402e-a0b2-05aaeb79945c,"size == ""0""","isEmpty == ""True""","peek_obj_type == ""EmptyObject""","push == ""class java.lang.String""","pop == ""none""","clear == ""none""","size_p == ""0""",Yes
2699,1607885830069:175003c1-9986-45b5-8e69-2c155c0e398e,1607885830069:1ab51bc4-f82a-402e-a0b2-05aaeb79945c,"size == ""0""","isEmpty == ""True""","peek_obj_type == ""EmptyObject""","push == ""none""","pop == ""EmptyObject""","clear == ""none""","size_p == ""0""",No
2701,1607885830068:f952de66-7ad3-4526-8f21-704249a217c1,1607885830068:8ec36c6a-d267-4051-ac74-38ec82e3ae00,"size == ""0""","isEmpty == ""True""","peek_obj_type == ""EmptyObject""","push == ""class java.lang.String""","pop == ""none""","clear == ""none""","size_p == ""0""",Yes
2702,1607885830068:f952de66-7ad3-4526-8f21-704249a217c1,1607885830068:8ec36c6a-d267-4051-ac74-38ec82e3ae00,"size == ""0""","isEmpty == ""True""","peek_obj_type == ""EmptyObject""","push == ""none""","pop == ""EmptyObject""","clear == ""none""","size_p == ""0""",No
2704,1607885830068:e2ca693b-fec6-4cdb-a05b-e146390ce4ff,1607885830069:8548d98c-48dd-496d-84ca-9ee141ea6128,"size == ""0""","isEmpty == ""True""","peek_obj_type == ""EmptyObject""","push == ""class java.lang.String""","pop == ""none""","clear == ""none""","size_p == ""0""",Yes
2705,1607885830068:e2ca693b-fec6-4cdb-a05b-e146390ce4ff,1607885830069:8548d98c-48dd-496d-84ca-9ee141ea6128,"size == ""0""","isEmpty == ""True""","peek_obj_type == ""EmptyObject""","push == ""none""","pop == ""EmptyObject""","clear == ""none""","size_p == ""0""",No
2707,1607885830068:e2ca693b-fec6-4cdb-a05b-e146390ce4ff,1607885830069:6bd30bb4-946d-4533-bc8c-278d105a2ee8,"size == ""0""","isEmpty == ""True""","peek_obj_type == ""EmptyObject""","push == ""class java.lang.String""","pop == ""none""","clear == ""none""","size_p == ""0""",Yes
2708,1607885830068:e2ca693b-fec6-4cdb-a05b-e146390ce4ff,1607885830069:6bd30bb4-946d-4533-bc8c-278d105a2ee8,"size == ""0""","isEmpty == ""True""","peek_obj_type == ""EmptyObject""","push == ""class java.lang.String""","pop == ""none""","clear == ""none""","size_p == ""0""",Yes
2710,1607885830068:e2ca693b-fec6-4cdb-a05b-e146390ce4ff,1607885830069:1ad8f4d5-9a91-4138-b428-e3f3c6752319,"size == ""1""","isEmpty == ""False""","peek_obj_type == ""class java.lang.String""","push == ""none""","pop == ""none""","clear == ""clear""","size_p == ""0""",Yes
2711,1607885830068:e2ca693b-fec6-4cdb-a05b-e146390ce4ff,1607885830069:1ad8f4d5-9a91-4138-b428-e3f3c6752319,"size == ""1""","isEmpty == ""False""","peek_obj_type == ""class java.lang.String""","push == ""class java.lang.String""","pop == ""none""","clear == ""none""","size_p == ""1""",Yes
2712,1607885830068:e2ca693b-fec6-4cdb-a05b-e146390ce4ff,1607885830069:1ad8f4d5-9a91-4138-b428-e3f3c6752319,"size == ""0""","isEmpty == ""True""","peek_obj_type == ""EmptyObject""","push == ""none""","pop == ""EmptyObject""","clear == ""none""","size_p == ""1""",No
2714,1607885830068:72a2ee8c-5115-4dea-bd30-faed17bdbbbf,1607885830068:ce11f95d-b7f1-47a1-b96c-35b9f6c958b1,"size == ""1""","isEmpty == ""False""","peek_obj_type == ""class java.lang.String""","push == ""none""","pop == ""none""","clear == ""clear""","size_p == ""0""",Yes
2715,1607885830068:72a2ee8c-5115-4dea-bd30-faed17bdbbbf,1607885830068:ce11f95d-b7f1-47a1-b96c-35b9f6c958b1,"size == ""1""","isEmpty == ""False""","peek_obj_type == ""class java.lang.String""","push == ""class java.lang.String""","pop == ""none""","clear == ""none""","size_p == ""1""",Yes
2716,1607885830068:72a2ee8c-5115-4dea-bd30-faed17bdbbbf,1607885830068:ce11f95d-b7f1-47a1-b96c-35b9f6c958b1,"size == ""2""","isEmpty == ""False""","peek_obj_type == ""class java.lang.String""","push == ""none""","pop == ""none""","clear == ""clear""","size_p == ""1""",Yes
2718,1607885830068:72a2ee8c-5115-4dea-bd30-faed17bdbbbf,1607885830068:a2538cc8-3592-4dd3-98ed-e5a7d0ce9e4e,"size == ""0""","isEmpty == ""True""","peek_obj_type == ""EmptyObject""","push == ""class java.lang.String""","pop == ""none""","clear == ""none""","size_p == ""0""",Yes
2719,1607885830068:72a2ee8c-5115-4dea-bd30-faed17bdbbbf,1607885830068:a2538cc8-3592-4dd3-98ed-e5a7d0ce9e4e,"size == ""0""","isEmpty == ""True""","peek_obj_type == ""EmptyObject""","push == ""none""","pop == ""EmptyObject""","clear == ""none""","size_p == ""0""",No
2721,1607885830068:5f5a17c5-00f8-412f-990c-7d09db0b7e5e,1607885830068:a5965d1b-59f0-4fdc-9314-97fee873c90c,"size == ""0""","isEmpty == ""True""","peek_obj_type == ""EmptyObject""","push == ""class java.lang.String""","pop == ""none""","clear == ""none""","size_p == ""0""",Yes
2722,1607885830068:5f5a17c5-00f8-412f-990c-7d09db0b7e5e,1607885830068:a5965d1b-59f0-4fdc-9314-97fee873c90c,"size == ""0""","isEmpty == ""True""","peek_obj_type == ""EmptyObject""","push == ""class java.lang.String""","pop == ""none""","clear == ""none""","size_p == ""0""",Yes
2723,1607885830068:5f5a17c5-00f8-412f-990c-7d09db0b7e5e,1607885830068:a5965d1b-59f0-4fdc-9314-97fee873c90c,"size == ""1""","isEmpty == ""False""","peek_obj_type == ""class java.lang.String""","push == ""none""","pop == ""none""","clear == ""clear""","size_p == ""0""",Yes
2724,1607885830068:5f5a17c5-00f8-412f-990c-7d09db0b7e5e,1607885830068:a5965d1b-59f0-4fdc-9314-97fee873c90c,"size == ""2""","isEmpty == ""False""","peek_obj_type == ""class java.lang.String""","push == ""none""","pop == ""none""","clear == ""clear""","size_p == ""1""",Yes
2726,1607885830068:5f5a17c5-00f8-412f-990c-7d09db0b7e5e,1607885830068:3376dbd4-83c9-4bcc-9077-f6df23eb8594,"size == ""0""","isEmpty == ""True""","peek_obj_type == ""EmptyObject""","push == ""class java.lang.String""","pop == ""none""","clear == ""none""","size_p == ""0""",Yes
2727,1607885830068:5f5a17c5-00f8-412f-990c-7d09db0b7e5e,1607885830068:3376dbd4-83c9-4bcc-9077-f6df23eb8594,"size == ""0""","isEmpty == ""True""","peek_obj_type == ""EmptyObject""","push == ""none""","pop == ""EmptyObject""","clear == ""none""","size_p == ""0""",No
2729,1607885830067:f92154e7-3dd5-433e-b39b-09f24329edd3,1607885830067:b69fb393-cc86-4caf-9408-61facbec2c13,"size == ""0""","isEmpty == ""True""","peek_obj_type == ""EmptyObject""","push == ""class java.lang.String""","pop == ""none""","clear == ""none""","size_p == ""0""",Yes
2730,1607885830067:f92154e7-3dd5-433e-b39b-09f24329edd3,1607885830067:b69fb393-cc86-4caf-9408-61facbec2c13,"size == ""0""","isEmpty == ""True""","peek_obj_type == ""EmptyObject""","push == ""none""","pop == ""EmptyObject""","clear == ""none""","size_p == ""0""",No
2732,1607885830067:dc5f0af2-2cc6-4d4a-adf8-30f686ffa31d,1607885830068:c2648e61-c15d-4ec1-a5e9-c176b346c805,"size == ""0""","isEmpty == ""True""","peek_obj_type == ""EmptyObject""","push == ""class java.lang.String""","pop == ""none""","clear == ""none""","size_p == ""0""",Yes
2733,1607885830067:dc5f0af2-2cc6-4d4a-adf8-30f686ffa31d,1607885830068:c2648e61-c15d-4ec1-a5e9-c176b346c805,"size == ""0""","isEmpty == ""True""","peek_obj_type == ""EmptyObject""","push == ""none""","pop == ""EmptyObject""","clear == ""none""","size_p == ""0""",No
2735,1607885830067:dc5f0af2-2cc6-4d4a-adf8-30f686ffa31d,1607885830067:b99e4bc4-d028-404d-9fed-19514076386b,"size == ""1""","isEmpty == ""False""","peek_obj_type == ""class java.lang.String""","push == ""none""","pop == ""none""","clear == ""clear""","size_p == ""0""",Yes
2736,1607885830067:dc5f0af2-2cc6-4d4a-adf8-30f686ffa31d,1607885830067:b99e4bc4-d028-404d-9fed-19514076386b,"size == ""1""","isEmpty == ""False""","peek_obj_type == ""class java.lang.String""","push == ""class java.lang.String""","pop == ""none""","clear == ""none""","size_p == ""1""",Yes
2737,1607885830067:dc5f0af2-2cc6-4d4a-adf8-30f686ffa31d,1607885830067:b99e4bc4-d028-404d-9fed-19514076386b,"size == ""2""","isEmpty == ""False""","peek_obj_type == ""class java.lang.String""","push == ""none""","pop == ""none""","clear == ""clear""","size_p == ""1""",Yes
2738,1607885830067:dc5f0af2-2cc6-4d4a-adf8-30f686ffa31d,1607885830067:b99e4bc4-d028-404d-9fed-19514076386b,"size == ""3""","isEmpty == ""False""","peek_obj_type == ""class java.lang.String""","push == ""none""","pop == ""none""","clear == ""clear""","size_p == ""2""",Yes
2739,1607885830067:dc5f0af2-2cc6-4d4a-adf8-30f686ffa31d,1607885830067:b99e4bc4-d028-404d-9fed-19514076386b,"size == ""4""","isEmpty == ""False""","peek_obj_type == ""class java.lang.String""","push == ""none""","pop == ""none""","clear == ""clear""","size_p == ""3""",Yes
2741,1607885830067:4c6b86d1-f74c-49ea-8bf2-1f25e5124284,1607885830067:7498ca1f-1650-4c70-80a1-665266025037,"size == ""0""","isEmpty == ""True""","peek_obj_type == ""EmptyObject""","push == ""class java.lang.String""","pop == ""none""","clear == ""none""","size_p == ""0""",Yes
2742,1607885830067:4c6b86d1-f74c-49ea-8bf2-1f25e5124284,1607885830067:7498ca1f-1650-4c70-80a1-665266025037,"size == ""0""","isEmpty == ""True""","peek_obj_type == ""EmptyObject""","push == ""none""","pop == ""EmptyObject""","clear == ""none""","size_p == ""0""",No
2744,1607885830067:2f158ff4-fb7a-4cba-a8dc-b858cd011c5c,1607885830067:fbbac9fe-c643-46f2-8ee2-7e4ca3c4ffd7,"size == ""0""","isEmpty == ""True""","peek_obj_type == ""EmptyObject""","push == ""class java.lang.String""","pop == ""none""","clear == ""none""","size_p == ""0""",Yes
2746,1607885830067:2f158ff4-fb7a-4cba-a8dc-b858cd011c5c,1607885830067:7f57e776-077a-49eb-bb8e-9717dc519432,"size == ""0""","isEmpty == ""True""","peek_obj_type == ""EmptyObject""","push == ""class java.lang.String""","pop == ""none""","clear == ""none""","size_p == ""0""",Yes
2747,1607885830067:2f158ff4-fb7a-4cba-a8dc-b858cd011c5c,1607885830067:7f57e776-077a-49eb-bb8e-9717dc519432,"size == ""0""","isEmpty == ""True""","peek_obj_type == ""EmptyObject""","push == ""none""","pop == ""EmptyObject""","clear == ""none""","size_p == ""0""",No
2750,1607885830067:2f158ff4-fb7a-4cba-a8dc-b858cd011c5c,1607885830067:23927a0b-2a0e-47ca-b89f-4002ff19e282,"size == ""1""","isEmpty == ""False""","peek_obj_type == ""class java.lang.String""","push == ""none""","pop == ""none""","clear == ""clear""","size_p == ""0""",Yes
2751,1607885830067:2f158ff4-fb7a-4cba-a8dc-b858cd011c5c,1607885830067:23927a0b-2a0e-47ca-b89f-4002ff19e282,"size == ""1""","isEmpty == ""False""","peek_obj_type == ""class java.lang.String""","push == ""class java.lang.String""","pop == ""none""","clear == ""none""","size_p == ""1""",Yes
2752,1607885830067:2f158ff4-fb7a-4cba-a8dc-b858cd011c5c,1607885830067:23927a0b-2a0e-47ca-b89f-4002ff19e282,"size == ""2""","isEmpty == ""False""","peek_obj_type == ""class java.lang.String""","push == ""none""","pop == ""none""","clear == ""clear""","size_p == ""1""",Yes
2754,1607885830066:ba725c65-018f-496c-837f-2c7fb6ddcc38,1607885830066:3d9755c2-8286-4d8e-a6f3-fce443c4eba2,"size == ""0""","isEmpty == ""True""","peek_obj_type == ""EmptyObject""","push == ""class java.lang.String""","pop == ""none""","clear == ""none""","size_p == ""0""",Yes
2755,1607885830066:ba725c65-018f-496c-837f-2c7fb6ddcc38,1607885830066:3d9755c2-8286-4d8e-a6f3-fce443c4eba2,"size == ""0""","isEmpty == ""True""","peek_obj_type == ""EmptyObject""","push == ""none""","pop == ""EmptyObject""","clear == ""none""","size_p == ""0""",No
2758,1607885830066:ba725c65-018f-496c-837f-2c7fb6ddcc38,1607885830066:132c7f49-9143-47f9-a4fa-855530c84206,"size == ""0""","isEmpty == ""True""","peek_obj_type == ""EmptyObject""","push == ""class java.lang.String""","pop == ""none""","clear == ""none""","size_p == ""0""",Yes
2760,1607885830066:a43657fc-45b4-43ac-8f90-811224202943,1607885830066:75d565cb-ead5-4e8a-82e8-fd5fe969ef6c,"size == ""1""","isEmpty == ""False""","peek_obj_type == ""class java.lang.String""","push == ""none""","pop == ""none""","clear == ""clear""","size_p == ""0""",Yes
2761,1607885830066:a43657fc-45b4-43ac-8f90-811224202943,1607885830066:75d565cb-ead5-4e8a-82e8-fd5fe969ef6c,"size == ""1""","isEmpty == ""False""","peek_obj_type == ""class java.lang.String""","push == ""class java.lang.String""","pop == ""none""","clear == ""none""","size_p == ""1""",Yes
2762,1607885830066:a43657fc-45b4-43ac-8f90-811224202943,1607885830066:75d565cb-ead5-4e8a-82e8-fd5fe969ef6c,"size == ""2""","isEmpty == ""False""","peek_obj_type == ""class java.lang.String""","push == ""none""","pop == ""none""","clear == ""clear""","size_p == ""1""",Yes
2764,1607885830066:a43657fc-45b4-43ac-8f90-811224202943,1607885830066:07c401ce-0656-41f8-aa9b-39f173d39082,"size == ""0""","isEmpty == ""True""","peek_obj_type == ""EmptyObject""","push == ""class java.lang.String""","pop == ""none""","clear == ""none""","size_p == ""0""",Yes
2765,1607885830066:a43657fc-45b4-43ac-8f90-811224202943,1607885830066:07c401ce-0656-41f8-aa9b-39f173d39082,"size == ""0""","isEmpty == ""True""","peek_obj_type == ""EmptyObject""","push == ""none""","pop == ""EmptyObject""","clear == ""none""","size_p == ""0""",No
2767,1607885830066:8c121adc-5bbd-4f8f-b8fc-2eec74f9ba20,1607885830066:1b93af44-e2a3-492e-a8e7-b3e20c87c506,"size == ""1""","isEmpty == ""False""","peek_obj_type == ""class java.lang.String""","push == ""none""","pop == ""none""","clear == ""clear""","size_p == ""0""",Yes
2768,1607885830066:8c121adc-5bbd-4f8f-b8fc-2eec74f9ba20,1607885830066:1b93af44-e2a3-492e-a8e7-b3e20c87c506,"size == ""1""","isEmpty == ""False""","peek_obj_type == ""class java.lang.String""","push == ""class java.lang.String""","pop == ""none""","clear == ""none""","size_p == ""1""",Yes
2769,1607885830066:8c121adc-5bbd-4f8f-b8fc-2eec74f9ba20,1607885830066:1b93af44-e2a3-492e-a8e7-b3e20c87c506,"size == ""2""","isEmpty == ""False""","peek_obj_type == ""class java.lang.String""","push == ""none""","pop == ""none""","clear == ""clear""","size_p == ""1""",Yes
2770,1607885830066:8c121adc-5bbd-4f8f-b8fc-2eec74f9ba20,1607885830066:1b93af44-e2a3-492e-a8e7-b3e20c87c506,"size == ""3""","isEmpty == ""False""","peek_obj_type == ""class java.lang.String""","push == ""none""","pop == ""none""","clear == ""clear""","size_p == ""2""",Yes
2771,1607885830066:8c121adc-5bbd-4f8f-b8fc-2eec74f9ba20,1607885830066:1b93af44-e2a3-492e-a8e7-b3e20c87c506,"size == ""4""","isEmpty == ""False""","peek_obj_type == ""class java.lang.String""","push == ""none""","pop == ""none""","clear == ""clear""","size_p == ""3""",Yes
2773,1607885830066:8c121adc-5bbd-4f8f-b8fc-2eec74f9ba20,1607885830066:13beb509-8f1c-44ab-ad50-5ca92edf833c,"size == ""0""","isEmpty == ""True""","peek_obj_type == ""EmptyObject""","push == ""class java.lang.String""","pop == ""none""","clear == ""none""","size_p == ""0""",Yes
2774,1607885830066:8c121adc-5bbd-4f8f-b8fc-2eec74f9ba20,1607885830066:13beb509-8f1c-44ab-ad50-5ca92edf833c,"size == ""0""","isEmpty == ""True""","peek_obj_type == ""EmptyObject""","push == ""none""","pop == ""EmptyObject""","clear == ""none""","size_p == ""0""",No
2776,1607885830066:6d0dcd95-ee3c-41bc-8622-a1ad6ca2e441,1607885830067:9e7ce665-3b90-4145-98de-bd562dfc2010,"size == ""0""","isEmpty == ""True""","peek_obj_type == ""EmptyObject""","push == ""class java.lang.String""","pop == ""none""","clear == ""none""","size_p == ""0""",Yes
2777,1607885830066:6d0dcd95-ee3c-41bc-8622-a1ad6ca2e441,1607885830067:9e7ce665-3b90-4145-98de-bd562dfc2010,"size == ""0""","isEmpty == ""True""","peek_obj_type == ""EmptyObject""","push == ""none""","pop == ""EmptyObject""","clear == ""none""","size_p == ""0""",No
2779,1607885830066:6d0dcd95-ee3c-41bc-8622-a1ad6ca2e441,1607885830066:f7a60250-7284-4546-91ec-5a1a48a779e7,"size == ""1""","isEmpty == ""False""","peek_obj_type == ""class java.lang.String""","push == ""none""","pop == ""none""","clear == ""clear""","size_p == ""0""",Yes
2780,1607885830066:6d0dcd95-ee3c-41bc-8622-a1ad6ca2e441,1607885830066:f7a60250-7284-4546-91ec-5a1a48a779e7,"size == ""1""","isEmpty == ""False""","peek_obj_type == ""class java.lang.String""","push == ""class java.lang.String""","pop == ""none""","clear == ""none""","size_p == ""1""",Yes
2781,1607885830066:6d0dcd95-ee3c-41bc-8622-a1ad6ca2e441,1607885830066:f7a60250-7284-4546-91ec-5a1a48a779e7,"size == ""2""","isEmpty == ""False""","peek_obj_type == ""class java.lang.String""","push == ""none""","pop == ""none""","clear == ""clear""","size_p == ""1""",Yes
2782,1607885830066:6d0dcd95-ee3c-41bc-8622-a1ad6ca2e441,1607885830066:f7a60250-7284-4546-91ec-5a1a48a779e7,"size == ""3""","isEmpty == ""False""","peek_obj_type == ""class java.lang.String""","push == ""none""","pop == ""none""","clear == ""clear""","size_p == ""2""",Yes
2783,1607885830066:6d0dcd95-ee3c-41bc-8622-a1ad6ca2e441,1607885830066:f7a60250-7284-4546-91ec-5a1a48a779e7,"size == ""4""","isEmpty == ""False""","peek_obj_type == ""class java.lang.String""","push == ""none""","pop == ""none""","clear == ""clear""","size_p == ""3""",Yes
2785,1607885830065:96bf0469-f83d-4724-8655-58ee26c21e3d,1607885830065:954167e4-fea5-42ff-8f30-73079b1e0202,"size == ""0""","isEmpty == ""True""","peek_obj_type == ""EmptyObject""","push == ""class java.lang.String""","pop == ""none""","clear == ""none""","size_p == ""0""",Yes
2786,1607885830065:96bf0469-f83d-4724-8655-58ee26c21e3d,1607885830065:954167e4-fea5-42ff-8f30-73079b1e0202,"size == ""0""","isEmpty == ""True""","peek_obj_type == ""EmptyObject""","push == ""none""","pop == ""EmptyObject""","clear == ""none""","size_p == ""0""",No
2788,1607885830065:96bf0469-f83d-4724-8655-58ee26c21e3d,1607885830065:1dc8a0d9-e167-463e-bf21-576f7f8ccf26,"size == ""0""","isEmpty == ""True""","peek_obj_type == ""EmptyObject""","push == ""class java.lang.String""","pop == ""none""","clear == ""none""","size_p == ""0""",Yes
2790,1607885830065:3d0aaca1-4d41-46e5-abf7-b307dd49183c,1607885830065:93f226e8-348d-4ef5-bf15-25c237b1116c,"size == ""1""","isEmpty == ""False""","peek_obj_type == ""class java.lang.String""","push == ""none""","pop == ""none""","clear == ""clear""","size_p == ""0""",Yes
2791,1607885830065:3d0aaca1-4d41-46e5-abf7-b307dd49183c,1607885830065:93f226e8-348d-4ef5-bf15-25c237b1116c,"size == ""1""","isEmpty == ""False""","peek_obj_type == ""class java.lang.String""","push == ""class java.lang.String""","pop == ""none""","clear == ""none""","size_p == ""1""",Yes
2792,1607885830065:3d0aaca1-4d41-46e5-abf7-b307dd49183c,1607885830065:93f226e8-348d-4ef5-bf15-25c237b1116c,"size == ""0""","isEmpty == ""True""","peek_obj_type == ""EmptyObject""","push == ""none""","pop == ""EmptyObject""","clear == ""none""","size_p == ""1""",No
2794,1607885830065:3d0aaca1-4d41-46e5-abf7-b307dd49183c,1607885830065:5fa054ae-1413-4494-98b8-7cfb5fa2bc4c,"size == ""0""","isEmpty == ""True""","peek_obj_type == ""EmptyObject""","push == ""class java.lang.String""","pop == ""none""","clear == ""none""","size_p == ""0""",Yes
2795,1607885830065:3d0aaca1-4d41-46e5-abf7-b307dd49183c,1607885830065:5fa054ae-1413-4494-98b8-7cfb5fa2bc4c,"size == ""0""","isEmpty == ""True""","peek_obj_type == ""EmptyObject""","push == ""none""","pop == ""EmptyObject""","clear == ""none""","size_p == ""0""",No
2797,1607885830065:2da9de04-b2da-4cd3-81a8-08226ef03b36,1607885830065:712bb208-86ae-47a8-93c0-eec012b8866d,"size == ""0""","isEmpty == ""True""","peek_obj_type == ""EmptyObject""","push == ""class java.lang.String""","pop == ""none""","clear == ""none""","size_p == ""0""",Yes
2798,1607885830065:2da9de04-b2da-4cd3-81a8-08226ef03b36,1607885830065:712bb208-86ae-47a8-93c0-eec012b8866d,"size == ""0""","isEmpty == ""True""","peek_obj_type == ""EmptyObject""","push == ""none""","pop == ""EmptyObject""","clear == ""none""","size_p == ""0""",No
2800,1607885830064:ccdd42aa-2d9a-43e0-944a-46551ff7291b,1607885830065:0c96d635-4480-4f7c-adf5-e9123aa3db21,"size == ""0""","isEmpty == ""True""","peek_obj_type == ""EmptyObject""","push == ""class java.lang.String""","pop == ""none""","clear == ""none""","size_p == ""0""",Yes
2801,1607885830064:ccdd42aa-2d9a-43e0-944a-46551ff7291b,1607885830065:0c96d635-4480-4f7c-adf5-e9123aa3db21,"size == ""0""","isEmpty == ""True""","peek_obj_type == ""EmptyObject""","push == ""none""","pop == ""EmptyObject""","clear == ""none""","size_p == ""0""",No
2803,1607885830064:ccdd42aa-2d9a-43e0-944a-46551ff7291b,1607885830064:f7221a45-4b17-4e9b-a13e-ce9cc5bc7cfa,"size == ""1""","isEmpty == ""False""","peek_obj_type == ""class java.lang.String""","push == ""none""","pop == ""none""","clear == ""clear""","size_p == ""0""",Yes
2804,1607885830064:ccdd42aa-2d9a-43e0-944a-46551ff7291b,1607885830064:f7221a45-4b17-4e9b-a13e-ce9cc5bc7cfa,"size == ""1""","isEmpty == ""False""","peek_obj_type == ""class java.lang.String""","push == ""class java.lang.String""","pop == ""none""","clear == ""none""","size_p == ""1""",Yes
2805,1607885830064:ccdd42aa-2d9a-43e0-944a-46551ff7291b,1607885830064:f7221a45-4b17-4e9b-a13e-ce9cc5bc7cfa,"size == ""2""","isEmpty == ""False""","peek_obj_type == ""class java.lang.String""","push == ""none""","pop == ""none""","clear == ""clear""","size_p == ""1""",Yes
2806,1607885830064:ccdd42aa-2d9a-43e0-944a-46551ff7291b,1607885830064:f7221a45-4b17-4e9b-a13e-ce9cc5bc7cfa,"size == ""3""","isEmpty == ""False""","peek_obj_type == ""class java.lang.String""","push == ""none""","pop == ""none""","clear == ""clear""","size_p == ""2""",Yes
2807,1607885830064:ccdd42aa-2d9a-43e0-944a-46551ff7291b,1607885830064:f7221a45-4b17-4e9b-a13e-ce9cc5bc7cfa,"size == ""4""","isEmpty == ""False""","peek_obj_type == ""class java.lang.String""","push == ""none""","pop == ""none""","clear == ""clear""","size_p == ""3""",Yes
2809,1607885830064:7becbfaf-417d-4683-992a-ac09b72524d9,1607885830064:d4a65c48-d4d3-432a-85b0-b356ee8f8c0a,"size == ""0""","isEmpty == ""True""","peek_obj_type == ""EmptyObject""","push == ""class java.lang.String""","pop == ""none""","clear == ""none""","size_p == ""0""",Yes
2810,1607885830064:7becbfaf-417d-4683-992a-ac09b72524d9,1607885830064:d4a65c48-d4d3-432a-85b0-b356ee8f8c0a,"size == ""0""","isEmpty == ""True""","peek_obj_type == ""EmptyObject""","push == ""none""","pop == ""EmptyObject""","clear == ""none""","size_p == ""0""",No
2812,1607885830064:7becbfaf-417d-4683-992a-ac09b72524d9,1607885830064:a95e5396-1171-4fe7-be50-2e9dfe86c79a,"size == ""0""","isEmpty == ""True""","peek_obj_type == ""EmptyObject""","push == ""class java.lang.String""","pop == ""none""","clear == ""none""","size_p == ""0""",Yes
2814,1607885830064:4da4c8b8-ed85-4155-8451-f3e133659bd4,1607885830064:e9871fe8-0738-4823-aaf8-87bc4a788e23,"size == ""0""","isEmpty == ""True""","peek_obj_type == ""EmptyObject""","push == ""class java.lang.String""","pop == ""none""","clear == ""none""","size_p == ""0""",Yes
2815,1607885830064:4da4c8b8-ed85-4155-8451-f3e133659bd4,1607885830064:e9871fe8-0738-4823-aaf8-87bc4a788e23,"size == ""0""","isEmpty == ""True""","peek_obj_type == ""EmptyObject""","push == ""none""","pop == ""EmptyObject""","clear == ""none""","size_p == ""0""",No
2817,1607885830064:4da4c8b8-ed85-4155-8451-f3e133659bd4,1607885830064:5cf2a6ae-dc97-460b-a697-8c2d9e71d992,"size == ""0""","isEmpty == ""True""","peek_obj_type == ""EmptyObject""","push == ""class java.lang.String""","pop == ""none""","clear == ""none""","size_p == ""0""",Yes
2818,1607885830064:4da4c8b8-ed85-4155-8451-f3e133659bd4,1607885830064:5cf2a6ae-dc97-460b-a697-8c2d9e71d992,"size == ""0""","isEmpty == ""True""","peek_obj_type == ""EmptyObject""","push == ""class java.lang.String""","pop == ""none""","clear == ""none""","size_p == ""0""",Yes
2820,1607885830064:0a6d0e89-0cdb-4386-93b3-3c87bf452d5a,1607885830064:32350751-0132-410f-a41a-267341604ec2,"size == ""0""","isEmpty == ""True""","peek_obj_type == ""EmptyObject""","push == ""class java.lang.String""","pop == ""none""","clear == ""none""","size_p == ""0""",Yes
2821,1607885830064:0a6d0e89-0cdb-4386-93b3-3c87bf452d5a,1607885830064:32350751-0132-410f-a41a-267341604ec2,"size == ""0""","isEmpty == ""True""","peek_obj_type == ""EmptyObject""","push == ""none""","pop == ""EmptyObject""","clear == ""none""","size_p == ""0""",No
2823,1607885830063:f8a35033-f670-4157-acfa-2839068314d3,1607885830064:4cd443b7-f9a2-435f-a511-0e4b9c433f85,"size == ""0""","isEmpty == ""True""","peek_obj_type == ""EmptyObject""","push == ""class java.lang.String""","pop == ""none""","clear == ""none""","size_p == ""0""",Yes
2824,1607885830063:f8a35033-f670-4157-acfa-2839068314d3,1607885830064:4cd443b7-f9a2-435f-a511-0e4b9c433f85,"size == ""0""","isEmpty == ""True""","peek_obj_type == ""EmptyObject""","push == ""none""","pop == ""EmptyObject""","clear == ""none""","size_p == ""0""",No
2826,1607885830063:f8a35033-f670-4157-acfa-2839068314d3,1607885830064:201bd010-3442-4740-bfb0-c40b62254158,"size == ""1""","isEmpty == ""False""","peek_obj_type == ""class java.lang.String""","push == ""none""","pop == ""none""","clear == ""clear""","size_p == ""0""",Yes
2827,1607885830063:f8a35033-f670-4157-acfa-2839068314d3,1607885830064:201bd010-3442-4740-bfb0-c40b62254158,"size == ""1""","isEmpty == ""False""","peek_obj_type == ""class java.lang.String""","push == ""class java.lang.String""","pop == ""none""","clear == ""none""","size_p == ""1""",Yes
2828,1607885830063:f8a35033-f670-4157-acfa-2839068314d3,1607885830064:201bd010-3442-4740-bfb0-c40b62254158,"size == ""0""","isEmpty == ""True""","peek_obj_type == ""EmptyObject""","push == ""none""","pop == ""EmptyObject""","clear == ""none""","size_p == ""1""",No
2829,1607885830063:f8a35033-f670-4157-acfa-2839068314d3,1607885830064:201bd010-3442-4740-bfb0-c40b62254158,"size == ""1""","isEmpty == ""False""","peek_obj_type == ""class java.lang.String""","push == ""none""","pop == ""none""","clear == ""clear""","size_p == ""0""",Yes
2831,1607885830063:f8a35033-f670-4157-acfa-2839068314d3,1607885830063:001462c2-99b1-4042-84aa-b723bef33627,"size == ""0""","isEmpty == ""True""","peek_obj_type == ""EmptyObject""","push == ""class java.lang.String""","pop == ""none""","clear == ""none""","size_p == ""0""",Yes
2832,1607885830063:f8a35033-f670-4157-acfa-2839068314d3,1607885830063:001462c2-99b1-4042-84aa-b723bef33627,"size == ""0""","isEmpty == ""True""","peek_obj_type == ""EmptyObject""","push == ""class java.lang.String""","pop == ""none""","clear == ""none""","size_p == ""0""",Yes
2833,1607885830063:f8a35033-f670-4157-acfa-2839068314d3,1607885830063:001462c2-99b1-4042-84aa-b723bef33627,"size == ""0""","isEmpty == ""True""","peek_obj_type == ""EmptyObject""","push == ""class java.lang.String""","pop == ""none""","clear == ""none""","size_p == ""0""",Yes
2834,1607885830063:f8a35033-f670-4157-acfa-2839068314d3,1607885830063:001462c2-99b1-4042-84aa-b723bef33627,"size == ""1""","isEmpty == ""False""","peek_obj_type == ""class java.lang.String""","push == ""none""","pop == ""none""","clear == ""clear""","size_p == ""0""",Yes
2836,1607885830063:e3841cc6-6568-4501-a08b-b6f3f1b79036,1607885830063:c737b632-6ec1-4825-b99e-3d0258c7c117,"size == ""0""","isEmpty == ""True""","peek_obj_type == ""EmptyObject""","push == ""class java.lang.String""","pop == ""none""","clear == ""none""","size_p == ""0""",Yes
2837,1607885830063:e3841cc6-6568-4501-a08b-b6f3f1b79036,1607885830063:c737b632-6ec1-4825-b99e-3d0258c7c117,"size == ""0""","isEmpty == ""True""","peek_obj_type == ""EmptyObject""","push == ""none""","pop == ""EmptyObject""","clear == ""none""","size_p == ""0""",No
2839,1607885830063:914488fb-85ab-413f-8442-29311198d5fe,1607885830063:a28b1019-6e6d-4c3a-bc6c-7287a0a917f1,"size == ""0""","isEmpty == ""True""","peek_obj_type == ""EmptyObject""","push == ""class java.lang.String""","pop == ""none""","clear == ""none""","size_p == ""0""",Yes
2840,1607885830063:914488fb-85ab-413f-8442-29311198d5fe,1607885830063:a28b1019-6e6d-4c3a-bc6c-7287a0a917f1,"size == ""0""","isEmpty == ""True""","peek_obj_type == ""EmptyObject""","push == ""none""","pop == ""EmptyObject""","clear == ""none""","size_p == ""0""",No
2842,1607885830063:768945a1-56e7-47f7-8736-ebf63c47ed1f,1607885830063:b2da7213-0c5d-4ca4-bdd7-1d229c5de7c5,"size == ""0""","isEmpty == ""True""","peek_obj_type == ""EmptyObject""","push == ""class java.lang.String""","pop == ""none""","clear == ""none""","size_p == ""0""",Yes
2844,1607885830063:768945a1-56e7-47f7-8736-ebf63c47ed1f,1607885830063:22e3077d-82a4-4a2c-b978-ef50141083a0,"size == ""0""","isEmpty == ""True""","peek_obj_type == ""EmptyObject""","push == ""class java.lang.String""","pop == ""none""","clear == ""none""","size_p == ""0""",Yes
2845,1607885830063:768945a1-56e7-47f7-8736-ebf63c47ed1f,1607885830063:22e3077d-82a4-4a2c-b978-ef50141083a0,"size == ""0""","isEmpty == ""True""","peek_obj_type == ""EmptyObject""","push == ""none""","pop == ""EmptyObject""","clear == ""none""","size_p == ""0""",No
2847,1607885830063:17e8960e-2336-48de-9586-3adae1e9e6ed,1607885830063:7c082c5e-c2a0-4e3f-8213-28954c710b52,"size == ""0""","isEmpty == ""True""","peek_obj_type == ""EmptyObject""","push == ""class java.lang.String""","pop == ""none""","clear == ""none""","size_p == ""0""",Yes
2848,1607885830063:17e8960e-2336-48de-9586-3adae1e9e6ed,1607885830063:7c082c5e-c2a0-4e3f-8213-28954c710b52,"size == ""0""","isEmpty == ""True""","peek_obj_type == ""EmptyObject""","push == ""none""","pop == ""EmptyObject""","clear == ""none""","size_p == ""0""",No
2850,1607885830062:d219a2d9-8168-4282-b096-46e74e146f4b,1607885830062:efcd294a-6c4f-4db4-afc1-818de80d87b1,"size == ""0""","isEmpty == ""True""","peek_obj_type == ""EmptyObject""","push == ""class java.lang.String""","pop == ""none""","clear == ""none""","size_p == ""0""",Yes
2851,1607885830062:d219a2d9-8168-4282-b096-46e74e146f4b,1607885830062:efcd294a-6c4f-4db4-afc1-818de80d87b1,"size == ""0""","isEmpty == ""True""","peek_obj_type == ""EmptyObject""","push == ""none""","pop == ""EmptyObject""","clear == ""none""","size_p == ""0""",No
2853,1607885830062:58ae8406-93e4-4f5f-8ef8-1d3fc9d3da28,1607885830062:9407f060-12aa-47a6-a3bd-d7daa2b4394d,"size == ""1""","isEmpty == ""False""","peek_obj_type == ""class java.lang.String""","push == ""none""","pop == ""none""","clear == ""clear""","size_p == ""0""",Yes
2854,1607885830062:58ae8406-93e4-4f5f-8ef8-1d3fc9d3da28,1607885830062:9407f060-12aa-47a6-a3bd-d7daa2b4394d,"size == ""1""","isEmpty == ""False""","peek_obj_type == ""class java.lang.String""","push == ""class java.lang.String""","pop == ""none""","clear == ""none""","size_p == ""1""",Yes
2855,1607885830062:58ae8406-93e4-4f5f-8ef8-1d3fc9d3da28,1607885830062:9407f060-12aa-47a6-a3bd-d7daa2b4394d,"size == ""2""","isEmpty == ""False""","peek_obj_type == ""class java.lang.String""","push == ""none""","pop == ""none""","clear == ""clear""","size_p == ""1""",Yes
2856,1607885830062:58ae8406-93e4-4f5f-8ef8-1d3fc9d3da28,1607885830062:9407f060-12aa-47a6-a3bd-d7daa2b4394d,"size == ""3""","isEmpty == ""False""","peek_obj_type == ""class java.lang.String""","push == ""none""","pop == ""none""","clear == ""clear""","size_p == ""2""",Yes
2857,1607885830062:58ae8406-93e4-4f5f-8ef8-1d3fc9d3da28,1607885830062:9407f060-12aa-47a6-a3bd-d7daa2b4394d,"size == ""4""","isEmpty == ""False""","peek_obj_type == ""class java.lang.String""","push == ""none""","pop == ""none""","clear == ""clear""","size_p == ""3""",Yes
2859,1607885830062:58ae8406-93e4-4f5f-8ef8-1d3fc9d3da28,1607885830062:157c1e1d-3f63-4aff-9aa8-b7f67dcda6e0,"size == ""0""","isEmpty == ""True""","peek_obj_type == ""EmptyObject""","push == ""class java.lang.String""","pop == ""none""","clear == ""none""","size_p == ""0""",Yes
2860,1607885830062:58ae8406-93e4-4f5f-8ef8-1d3fc9d3da28,1607885830062:157c1e1d-3f63-4aff-9aa8-b7f67dcda6e0,"size == ""0""","isEmpty == ""True""","peek_obj_type == ""EmptyObject""","push == ""none""","pop == ""EmptyObject""","clear == ""none""","size_p == ""0""",No
2862,1607885830062:3a5f49e8-bbe8-4e84-826b-b0912433f80b,1607885830062:b3dad4a6-a4d4-4738-9cb9-cc5ca04876ec,"size == ""0""","isEmpty == ""True""","peek_obj_type == ""EmptyObject""","push == ""class java.lang.String""","pop == ""none""","clear == ""none""","size_p == ""0""",Yes
2863,1607885830062:3a5f49e8-bbe8-4e84-826b-b0912433f80b,1607885830062:b3dad4a6-a4d4-4738-9cb9-cc5ca04876ec,"size == ""0""","isEmpty == ""True""","peek_obj_type == ""EmptyObject""","push == ""none""","pop == ""EmptyObject""","clear == ""none""","size_p == ""0""",No
2865,1607885830062:3a5f49e8-bbe8-4e84-826b-b0912433f80b,1607885830062:7af5fcc8-b4ef-41e3-96ab-d49850278db6,"size == ""0""","isEmpty == ""True""","peek_obj_type == ""EmptyObject""","push == ""class java.lang.String""","pop == ""none""","clear == ""none""","size_p == ""0""",Yes
2867,1607885830062:2c3ca3d8-681c-43d8-b26a-278c699d8368,1607885830062:bfce9874-86ce-4d26-96f3-9d8adae0c2c5,"size == ""0""","isEmpty == ""True""","peek_obj_type == ""EmptyObject""","push == ""class java.lang.String""","pop == ""none""","clear == ""none""","size_p == ""0""",Yes
2868,1607885830062:2c3ca3d8-681c-43d8-b26a-278c699d8368,1607885830062:bfce9874-86ce-4d26-96f3-9d8adae0c2c5,"size == ""0""","isEmpty == ""True""","peek_obj_type == ""EmptyObject""","push == ""none""","pop == ""EmptyObject""","clear == ""none""","size_p == ""0""",No
2870,1607885830062:2c3ca3d8-681c-43d8-b26a-278c699d8368,1607885830062:992c9736-5c04-4d05-8160-74a56cf95155,"size == ""1""","isEmpty == ""False""","peek_obj_type == ""class java.lang.String""","push == ""none""","pop == ""none""","clear == ""clear""","size_p == ""0""",Yes
2871,1607885830062:2c3ca3d8-681c-43d8-b26a-278c699d8368,1607885830062:992c9736-5c04-4d05-8160-74a56cf95155,"size == ""1""","isEmpty == ""False""","peek_obj_type == ""class java.lang.String""","push == ""class java.lang.String""","pop == ""none""","clear == ""none""","size_p == ""1""",Yes
2872,1607885830062:2c3ca3d8-681c-43d8-b26a-278c699d8368,1607885830062:992c9736-5c04-4d05-8160-74a56cf95155,"size == ""2""","isEmpty == ""False""","peek_obj_type == ""class java.lang.String""","push == ""none""","pop == ""none""","clear == ""clear""","size_p == ""1""",Yes
2873,1607885830062:2c3ca3d8-681c-43d8-b26a-278c699d8368,1607885830062:992c9736-5c04-4d05-8160-74a56cf95155,"size == ""3""","isEmpty == ""False""","peek_obj_type == ""class java.lang.String""","push == ""none""","pop == ""none""","clear == ""clear""","size_p == ""2""",Yes
2874,1607885830062:2c3ca3d8-681c-43d8-b26a-278c699d8368,1607885830062:992c9736-5c04-4d05-8160-74a56cf95155,"size == ""4""","isEmpty == ""False""","peek_obj_type == ""class java.lang.String""","push == ""none""","pop == ""none""","clear == ""clear""","size_p == ""3""",Yes
2876,1607885830061:8f1b71bb-dc08-49f0-ba37-d3a4c0160f16,1607885830061:b648d09b-3955-41ab-aaa2-b44ab3ef77de,"size == ""0""","isEmpty == ""True""","peek_obj_type == ""EmptyObject""","push == ""class java.lang.String""","pop == ""none""","clear == ""none""","size_p == ""0""",Yes
2877,1607885830061:8f1b71bb-dc08-49f0-ba37-d3a4c0160f16,1607885830061:b648d09b-3955-41ab-aaa2-b44ab3ef77de,"size == ""0""","isEmpty == ""True""","peek_obj_type == ""EmptyObject""","push == ""none""","pop == ""EmptyObject""","clear == ""none""","size_p == ""0""",No
2879,1607885830061:28fb7d43-863a-4bc8-93f6-a83b40487bcd,1607885830061:f9f86740-6d4a-4064-87ce-3ce203e6806a,"size == ""0""","isEmpty == ""True""","peek_obj_type == ""EmptyObject""","push == ""class java.lang.String""","pop == ""none""","clear == ""none""","size_p == ""0""",Yes
2880,1607885830061:28fb7d43-863a-4bc8-93f6-a83b40487bcd,1607885830061:f9f86740-6d4a-4064-87ce-3ce203e6806a,"size == ""0""","isEmpty == ""True""","peek_obj_type == ""EmptyObject""","push == ""none""","pop == ""EmptyObject""","clear == ""none""","size_p == ""0""",No
2882,1607885830059:ec67848c-54d9-4619-b723-b13c822cdc2b,1607885830059:d19c37c8-61e8-4347-829f-a57ed684295b,"size == ""0""","isEmpty == ""True""","peek_obj_type == ""EmptyObject""","push == ""class java.lang.String""","pop == ""none""","clear == ""none""","size_p == ""0""",Yes
2883,1607885830059:ec67848c-54d9-4619-b723-b13c822cdc2b,1607885830059:d19c37c8-61e8-4347-829f-a57ed684295b,"size == ""0""","isEmpty == ""True""","peek_obj_type == ""EmptyObject""","push == ""none""","pop == ""EmptyObject""","clear == ""none""","size_p == ""0""",No
2886,1607885830059:ec67848c-54d9-4619-b723-b13c822cdc2b,1607885830059:1493f6c6-2854-4a5d-be7b-814de136662b,"size == ""0""","isEmpty == ""True""","peek_obj_type == ""EmptyObject""","push == ""class java.lang.String""","pop == ""none""","clear == ""none""","size_p == ""0""",Yes
2888,1607885830059:e28b13e4-dc78-4def-bc2d-91d4915dcc4a,1607885830059:b67c1d13-3692-4589-bf14-13c93172fef5,"size == ""0""","isEmpty == ""True""","peek_obj_type == ""EmptyObject""","push == ""class java.lang.String""","pop == ""none""","clear == ""none""","size_p == ""0""",Yes
2890,1607885830059:e28b13e4-dc78-4def-bc2d-91d4915dcc4a,1607885830059:8e8a5629-469a-4e72-8414-9d8c7fd09eca,"size == ""0""","isEmpty == ""True""","peek_obj_type == ""EmptyObject""","push == ""class java.lang.String""","pop == ""none""","clear == ""none""","size_p == ""0""",Yes
2891,1607885830059:e28b13e4-dc78-4def-bc2d-91d4915dcc4a,1607885830059:8e8a5629-469a-4e72-8414-9d8c7fd09eca,"size == ""0""","isEmpty == ""True""","peek_obj_type == ""EmptyObject""","push == ""none""","pop == ""EmptyObject""","clear == ""none""","size_p == ""0""",No
2893,1607885830059:9577acb0-3c40-4aeb-a570-c6924939f836,1607885830059:df809e9e-f8a8-4eab-9082-afdc1cd9346e,"size == ""0""","isEmpty == ""True""","peek_obj_type == ""EmptyObject""","push == ""class java.lang.String""","pop == ""none""","clear == ""none""","size_p == ""0""",Yes
2894,1607885830059:9577acb0-3c40-4aeb-a570-c6924939f836,1607885830059:df809e9e-f8a8-4eab-9082-afdc1cd9346e,"size == ""0""","isEmpty == ""True""","peek_obj_type == ""EmptyObject""","push == ""none""","pop == ""EmptyObject""","clear == ""none""","size_p == ""0""",No
2897,1607885830059:9577acb0-3c40-4aeb-a570-c6924939f836,1607885830059:10780267-a5ad-4228-8779-03c0d351e9fb,"size == ""0""","isEmpty == ""True""","peek_obj_type == ""EmptyObject""","push == ""class java.lang.String""","pop == ""none""","clear == ""none""","size_p == ""0""",Yes
2899,1607885830058:ecbae44e-47b5-422b-b1d5-c5b16c0b4702,1607885830058:67ad5a58-968a-4ecf-aae2-4a3634b09b1c,"size == ""0""","isEmpty == ""True""","peek_obj_type == ""EmptyObject""","push == ""class java.lang.String""","pop == ""none""","clear == ""none""","size_p == ""0""",Yes
2900,1607885830058:ecbae44e-47b5-422b-b1d5-c5b16c0b4702,1607885830058:67ad5a58-968a-4ecf-aae2-4a3634b09b1c,"size == ""0""","isEmpty == ""True""","peek_obj_type == ""EmptyObject""","push == ""none""","pop == ""EmptyObject""","clear == ""none""","size_p == ""0""",No
2902,1607885830058:ebcbfc25-182d-4234-b533-b55cc9a9d492,1607885830058:07dc94b9-a118-4c6c-a362-73ea4866d04a,"size == ""0""","isEmpty == ""True""","peek_obj_type == ""EmptyObject""","push == ""class java.lang.String""","pop == ""none""","clear == ""none""","size_p == ""0""",Yes
2903,1607885830058:ebcbfc25-182d-4234-b533-b55cc9a9d492,1607885830058:07dc94b9-a118-4c6c-a362-73ea4866d04a,"size == ""0""","isEmpty == ""True""","peek_obj_type == ""EmptyObject""","push == ""none""","pop == ""EmptyObject""","clear == ""none""","size_p == ""0""",No
2905,1607885830058:8e83d9e4-8e77-46fd-b189-b67f515d5fd4,1607885830058:b56b0c76-8111-4d0e-b0ee-6b7ec96d0195,"size == ""0""","isEmpty == ""True""","peek_obj_type == ""EmptyObject""","push == ""class java.lang.String""","pop == ""none""","clear == ""none""","size_p == ""0""",Yes
2906,1607885830058:8e83d9e4-8e77-46fd-b189-b67f515d5fd4,1607885830058:b56b0c76-8111-4d0e-b0ee-6b7ec96d0195,"size == ""0""","isEmpty == ""True""","peek_obj_type == ""EmptyObject""","push == ""class java.lang.String""","pop == ""none""","clear == ""none""","size_p == ""0""",Yes
2908,1607885830058:8e83d9e4-8e77-46fd-b189-b67f515d5fd4,1607885830058:a7b2ea4e-a38f-458a-ba1e-c8707f4720a4,"size == ""0""","isEmpty == ""True""","peek_obj_type == ""EmptyObject""","push == ""class java.lang.String""","pop == ""none""","clear == ""none""","size_p == ""0""",Yes
2909,1607885830058:8e83d9e4-8e77-46fd-b189-b67f515d5fd4,1607885830058:a7b2ea4e-a38f-458a-ba1e-c8707f4720a4,"size == ""0""","isEmpty == ""True""","peek_obj_type == ""EmptyObject""","push == ""none""","pop == ""EmptyObject""","clear == ""none""","size_p == ""0""",No
2911,1607885830057:6cff24b4-ecaf-428a-bba8-9b2250ff2f03,1607885830057:2199e5c6-c36a-4ca9-95f1-638272fe13ee,"size == ""0""","isEmpty == ""True""","peek_obj_type == ""EmptyObject""","push == ""class java.lang.String""","pop == ""none""","clear == ""none""","size_p == ""0""",Yes
2912,1607885830057:6cff24b4-ecaf-428a-bba8-9b2250ff2f03,1607885830057:2199e5c6-c36a-4ca9-95f1-638272fe13ee,"size == ""0""","isEmpty == ""True""","peek_obj_type == ""EmptyObject""","push == ""none""","pop == ""EmptyObject""","clear == ""none""","size_p == ""0""",No
2914,1607885830057:6cff24b4-ecaf-428a-bba8-9b2250ff2f03,1607885830057:148f55b2-4cc2-4be3-8f8c-0a6a801476b4,"size == ""0""","isEmpty == ""True""","peek_obj_type == ""EmptyObject""","push == ""class java.lang.String""","pop == ""none""","clear == ""none""","size_p == ""0""",Yes
2915,1607885830057:6cff24b4-ecaf-428a-bba8-9b2250ff2f03,1607885830057:148f55b2-4cc2-4be3-8f8c-0a6a801476b4,"size == ""0""","isEmpty == ""True""","peek_obj_type == ""EmptyObject""","push == ""class java.lang.String""","pop == ""none""","clear == ""none""","size_p == ""0""",Yes
2916,1607885830057:6cff24b4-ecaf-428a-bba8-9b2250ff2f03,1607885830057:148f55b2-4cc2-4be3-8f8c-0a6a801476b4,"size == ""0""","isEmpty == ""True""","peek_obj_type == ""EmptyObject""","push == ""class java.lang.String""","pop == ""none""","clear == ""none""","size_p == ""0""",Yes
2918,1607885830057:2ec5cf16-9bc9-4a7b-84e8-0c55db39c252,1607885830057:3dd42e1f-bc3d-4887-a652-ca79077b45ea,"size == ""0""","isEmpty == ""True""","peek_obj_type == ""EmptyObject""","push == ""class java.lang.String""","pop == ""none""","clear == ""none""","size_p == ""0""",Yes
2919,1607885830057:2ec5cf16-9bc9-4a7b-84e8-0c55db39c252,1607885830057:3dd42e1f-bc3d-4887-a652-ca79077b45ea,"size == ""0""","isEmpty == ""True""","peek_obj_type == ""EmptyObject""","push == ""none""","pop == ""EmptyObject""","clear == ""none""","size_p == ""0""",No
2921,1607885830057:2dc0ac45-0ac7-4c7e-82c5-6ff20b41d7cb,1607885830057:e5f63af0-c8ac-4535-bbfd-3f19188313c9,"size == ""0""","isEmpty == ""True""","peek_obj_type == ""EmptyObject""","push == ""class java.lang.String""","pop == ""none""","clear == ""none""","size_p == ""0""",Yes
2922,1607885830057:2dc0ac45-0ac7-4c7e-82c5-6ff20b41d7cb,1607885830057:e5f63af0-c8ac-4535-bbfd-3f19188313c9,"size == ""0""","isEmpty == ""True""","peek_obj_type == ""EmptyObject""","push == ""none""","pop == ""EmptyObject""","clear == ""none""","size_p == ""0""",No
2924,1607885830056:f6c1de6a-b318-427b-86bd-cd9a8bb3a543,1607885830056:ba3ec20d-131b-4ad8-85af-1eb5ca4dbeff,"size == ""0""","isEmpty == ""True""","peek_obj_type == ""EmptyObject""","push == ""class java.lang.String""","pop == ""none""","clear == ""none""","size_p == ""0""",Yes
2925,1607885830056:f6c1de6a-b318-427b-86bd-cd9a8bb3a543,1607885830056:ba3ec20d-131b-4ad8-85af-1eb5ca4dbeff,"size == ""0""","isEmpty == ""True""","peek_obj_type == ""EmptyObject""","push == ""none""","pop == ""EmptyObject""","clear == ""none""","size_p == ""0""",No
2927,1607885830056:4c2e5b67-83f5-41be-8152-7debddbb3512,1607885830056:c63943d6-8ead-4cc9-b1fe-74b2c51a52de,"size == ""0""","isEmpty == ""True""","peek_obj_type == ""EmptyObject""","push == ""class java.lang.String""","pop == ""none""","clear == ""none""","size_p == ""0""",Yes
2928,1607885830056:4c2e5b67-83f5-41be-8152-7debddbb3512,1607885830056:c63943d6-8ead-4cc9-b1fe-74b2c51a52de,"size == ""0""","isEmpty == ""True""","peek_obj_type == ""EmptyObject""","push == ""none""","pop == ""EmptyObject""","clear == ""none""","size_p == ""0""",No
2930,1607885830056:4c2e5b67-83f5-41be-8152-7debddbb3512,1607885830056:9da97173-1ce9-4b97-a7a4-47c5d8591f1c,"size == ""1""","isEmpty == ""False""","peek_obj_type == ""class java.lang.String""","push == ""none""","pop == ""none""","clear == ""clear""","size_p == ""0""",Yes
2931,1607885830056:4c2e5b67-83f5-41be-8152-7debddbb3512,1607885830056:9da97173-1ce9-4b97-a7a4-47c5d8591f1c,"size == ""1""","isEmpty == ""False""","peek_obj_type == ""class java.lang.String""","push == ""class java.lang.String""","pop == ""none""","clear == ""none""","size_p == ""1""",Yes
2932,1607885830056:4c2e5b67-83f5-41be-8152-7debddbb3512,1607885830056:9da97173-1ce9-4b97-a7a4-47c5d8591f1c,"size == ""0""","isEmpty == ""True""","peek_obj_type == ""EmptyObject""","push == ""none""","pop == ""EmptyObject""","clear == ""none""","size_p == ""1""",No
2933,1607885830056:4c2e5b67-83f5-41be-8152-7debddbb3512,1607885830056:9da97173-1ce9-4b97-a7a4-47c5d8591f1c,"size == ""1""","isEmpty == ""False""","peek_obj_type == ""class java.lang.String""","push == ""none""","pop == ""none""","clear == ""clear""","size_p == ""0""",Yes
2935,1607885830056:4bae7dba-01fc-4c27-b658-821ba94d02d9,1607885830056:d8d7dc46-4aeb-4e00-bb59-13136eb4bef3,"size == ""1""","isEmpty == ""False""","peek_obj_type == ""class java.lang.String""","push == ""none""","pop == ""none""","clear == ""clear""","size_p == ""0""",Yes
2936,1607885830056:4bae7dba-01fc-4c27-b658-821ba94d02d9,1607885830056:d8d7dc46-4aeb-4e00-bb59-13136eb4bef3,"size == ""1""","isEmpty == ""False""","peek_obj_type == ""class java.lang.String""","push == ""class java.lang.String""","pop == ""none""","clear == ""none""","size_p == ""1""",Yes
2937,1607885830056:4bae7dba-01fc-4c27-b658-821ba94d02d9,1607885830056:d8d7dc46-4aeb-4e00-bb59-13136eb4bef3,"size == ""2""","isEmpty == ""False""","peek_obj_type == ""class java.lang.String""","push == ""none""","pop == ""none""","clear == ""clear""","size_p == ""1""",Yes
2938,1607885830056:4bae7dba-01fc-4c27-b658-821ba94d02d9,1607885830056:d8d7dc46-4aeb-4e00-bb59-13136eb4bef3,"size == ""3""","isEmpty == ""False""","peek_obj_type == ""class java.lang.String""","push == ""none""","pop == ""none""","clear == ""clear""","size_p == ""2""",Yes
2939,1607885830056:4bae7dba-01fc-4c27-b658-821ba94d02d9,1607885830056:d8d7dc46-4aeb-4e00-bb59-13136eb4bef3,"size == ""4""","isEmpty == ""False""","peek_obj_type == ""class java.lang.String""","push == ""none""","pop == ""none""","clear == ""clear""","size_p == ""3""",Yes
2941,1607885830056:4bae7dba-01fc-4c27-b658-821ba94d02d9,1607885830056:60a8e744-96b4-46de-988b-8d9184bee626,"size == ""0""","isEmpty == ""True""","peek_obj_type == ""EmptyObject""","push == ""class java.lang.String""","pop == ""none""","clear == ""none""","size_p == ""0""",Yes
2942,1607885830056:4bae7dba-01fc-4c27-b658-821ba94d02d9,1607885830056:60a8e744-96b4-46de-988b-8d9184bee626,"size == ""0""","isEmpty == ""True""","peek_obj_type == ""EmptyObject""","push == ""none""","pop == ""EmptyObject""","clear == ""none""","size_p == ""0""",No
2944,1607885830055:66a69461-8a43-412b-a1b7-872ee929f2c9,1607885830055:47815c13-a845-46cf-92f8-c8301c6bba6f,"size == ""0""","isEmpty == ""True""","peek_obj_type == ""EmptyObject""","push == ""class java.lang.String""","pop == ""none""","clear == ""none""","size_p == ""0""",Yes
2945,1607885830055:66a69461-8a43-412b-a1b7-872ee929f2c9,1607885830055:47815c13-a845-46cf-92f8-c8301c6bba6f,"size == ""0""","isEmpty == ""True""","peek_obj_type == ""EmptyObject""","push == ""none""","pop == ""EmptyObject""","clear == ""none""","size_p == ""0""",No
2947,1607885830055:57e46883-571b-4f9d-8db7-bfbb82e5577a,1607885830055:98c9b811-ec7e-44fc-99fa-34772432b86f,"size == ""0""","isEmpty == ""True""","peek_obj_type == ""EmptyObject""","push == ""class java.lang.String""","pop == ""none""","clear == ""none""","size_p == ""0""",Yes
2948,1607885830055:57e46883-571b-4f9d-8db7-bfbb82e5577a,1607885830055:98c9b811-ec7e-44fc-99fa-34772432b86f,"size == ""0""","isEmpty == ""True""","peek_obj_type == ""EmptyObject""","push == ""none""","pop == ""EmptyObject""","clear == ""none""","size_p == ""0""",No
2950,1607885830055:57e46883-571b-4f9d-8db7-bfbb82e5577a,1607885830055:5316695d-122a-4a07-8f9a-a6adf1d8b3d3,"size == ""0""","isEmpty == ""True""","peek_obj_type == ""EmptyObject""","push == ""class java.lang.String""","pop == ""none""","clear == ""none""","size_p == ""0""",Yes
2952,1607885830055:502a403e-1901-42db-ae69-229e9c797788,1607885830056:f75e158a-c48f-4b0c-9d4d-ceb7e8207c0f,"size == ""0""","isEmpty == ""True""","peek_obj_type == ""EmptyObject""","push == ""class java.lang.String""","pop == ""none""","clear == ""none""","size_p == ""0""",Yes
2953,1607885830055:502a403e-1901-42db-ae69-229e9c797788,1607885830056:f75e158a-c48f-4b0c-9d4d-ceb7e8207c0f,"size == ""0""","isEmpty == ""True""","peek_obj_type == ""EmptyObject""","push == ""none""","pop == ""EmptyObject""","clear == ""none""","size_p == ""0""",No
2955,1607885830053:d9ce5606-8b28-4ed8-a62a-946a6654aa0b,1607885830053:f7a9a631-82f6-449c-b47b-aed07dd98906,"size == ""0""","isEmpty == ""True""","peek_obj_type == ""EmptyObject""","push == ""class java.lang.String""","pop == ""none""","clear == ""none""","size_p == ""0""",Yes
2956,1607885830053:d9ce5606-8b28-4ed8-a62a-946a6654aa0b,1607885830053:f7a9a631-82f6-449c-b47b-aed07dd98906,"size == ""0""","isEmpty == ""True""","peek_obj_type == ""EmptyObject""","push == ""none""","pop == ""EmptyObject""","clear == ""none""","size_p == ""0""",No
2958,1607885830053:bafb9566-4a7f-4204-855d-668da4e6e920,1607885830053:1e85bbcb-95bc-4d80-912a-5788888ac4f1,"size == ""0""","isEmpty == ""True""","peek_obj_type == ""EmptyObject""","push == ""class java.lang.String""","pop == ""none""","clear == ""none""","size_p == ""0""",Yes
2959,1607885830053:bafb9566-4a7f-4204-855d-668da4e6e920,1607885830053:1e85bbcb-95bc-4d80-912a-5788888ac4f1,"size == ""0""","isEmpty == ""True""","peek_obj_type == ""EmptyObject""","push == ""none""","pop == ""EmptyObject""","clear == ""none""","size_p == ""0""",No
2961,1607885830053:9f72e462-8beb-4db4-9619-668d62b451f8,1607885830053:95105f35-44f9-42ca-a856-246bcceacb09,"size == ""0""","isEmpty == ""True""","peek_obj_type == ""EmptyObject""","push == ""class java.lang.String""","pop == ""none""","clear == ""none""","size_p == ""0""",Yes
2962,1607885830053:9f72e462-8beb-4db4-9619-668d62b451f8,1607885830053:95105f35-44f9-42ca-a856-246bcceacb09,"size == ""0""","isEmpty == ""True""","peek_obj_type == ""EmptyObject""","push == ""none""","pop == ""EmptyObject""","clear == ""none""","size_p == ""0""",No
2964,1607885830052:1a9b6ee2-f312-485e-8767-4869cabc5643,1607885830052:47a4fb58-7918-43c4-bc7a-bcbd26eda50d,"size == ""0""","isEmpty == ""True""","peek_obj_type == ""EmptyObject""","push == ""class java.lang.String""","pop == ""none""","clear == ""none""","size_p == ""0""",Yes
2965,1607885830052:1a9b6ee2-f312-485e-8767-4869cabc5643,1607885830052:47a4fb58-7918-43c4-bc7a-bcbd26eda50d,"size == ""0""","isEmpty == ""True""","peek_obj_type == ""EmptyObject""","push == ""none""","pop == ""EmptyObject""","clear == ""none""","size_p == ""0""",No
2967,1607885830051:f9c44f08-f13b-49de-88d8-da47875a8f4e,1607885830051:b4d73eed-428f-490c-a843-87a0a3159bf6,"size == ""1""","isEmpty == ""False""","peek_obj_type == ""class java.lang.String""","push == ""none""","pop == ""none""","clear == ""clear""","size_p == ""0""",Yes
2968,1607885830051:f9c44f08-f13b-49de-88d8-da47875a8f4e,1607885830051:b4d73eed-428f-490c-a843-87a0a3159bf6,"size == ""1""","isEmpty == ""False""","peek_obj_type == ""class java.lang.String""","push == ""class java.lang.String""","pop == ""none""","clear == ""none""","size_p == ""1""",Yes
2969,1607885830051:f9c44f08-f13b-49de-88d8-da47875a8f4e,1607885830051:b4d73eed-428f-490c-a843-87a0a3159bf6,"size == ""0""","isEmpty == ""True""","peek_obj_type == ""EmptyObject""","push == ""none""","pop == ""EmptyObject""","clear == ""none""","size_p == ""1""",No
2970,1607885830051:f9c44f08-f13b-49de-88d8-da47875a8f4e,1607885830051:b4d73eed-428f-490c-a843-87a0a3159bf6,"size == ""1""","isEmpty == ""False""","peek_obj_type == ""class java.lang.String""","push == ""none""","pop == ""none""","clear == ""clear""","size_p == ""0""",Yes
2972,1607885830051:f9c44f08-f13b-49de-88d8-da47875a8f4e,1607885830051:27217e45-6182-4a5d-9179-98600c4aed41,"size == ""0""","isEmpty == ""True""","peek_obj_type == ""EmptyObject""","push == ""class java.lang.String""","pop == ""none""","clear == ""none""","size_p == ""0""",Yes
2973,1607885830051:f9c44f08-f13b-49de-88d8-da47875a8f4e,1607885830051:27217e45-6182-4a5d-9179-98600c4aed41,"size == ""0""","isEmpty == ""True""","peek_obj_type == ""EmptyObject""","push == ""class java.lang.String""","pop == ""none""","clear == ""none""","size_p == ""0""",Yes
2974,1607885830051:f9c44f08-f13b-49de-88d8-da47875a8f4e,1607885830051:27217e45-6182-4a5d-9179-98600c4aed41,"size == ""0""","isEmpty == ""True""","peek_obj_type == ""EmptyObject""","push == ""class java.lang.String""","pop == ""none""","clear == ""none""","size_p == ""0""",Yes
2976,1607885830051:f9c44f08-f13b-49de-88d8-da47875a8f4e,1607885830051:103f5337-7f74-4449-8f7f-c55ee8fb1f10,"size == ""0""","isEmpty == ""True""","peek_obj_type == ""EmptyObject""","push == ""class java.lang.String""","pop == ""none""","clear == ""none""","size_p == ""0""",Yes
2977,1607885830051:f9c44f08-f13b-49de-88d8-da47875a8f4e,1607885830051:103f5337-7f74-4449-8f7f-c55ee8fb1f10,"size == ""0""","isEmpty == ""True""","peek_obj_type == ""EmptyObject""","push == ""none""","pop == ""EmptyObject""","clear == ""none""","size_p == ""0""",No
2979,1607885830051:f7b51e8f-ff22-4fd8-aebc-d5434593ee62,1607885830051:a41db551-3fe6-4c08-a8dd-3e21f31c520b,"size == ""0""","isEmpty == ""True""","peek_obj_type == ""EmptyObject""","push == ""class java.lang.String""","pop == ""none""","clear == ""none""","size_p == ""0""",Yes
2980,1607885830051:f7b51e8f-ff22-4fd8-aebc-d5434593ee62,1607885830051:a41db551-3fe6-4c08-a8dd-3e21f31c520b,"size == ""0""","isEmpty == ""True""","peek_obj_type == ""EmptyObject""","push == ""none""","pop == ""EmptyObject""","clear == ""none""","size_p == ""0""",No
2982,1607885830051:cc283dcc-254c-4c98-be8e-307c24ef0fa5,1607885830051:f3a3092d-5353-481e-a45c-9e3f1096432b,"size == ""0""","isEmpty == ""True""","peek_obj_type == ""EmptyObject""","push == ""class java.lang.String""","pop == ""none""","clear == ""none""","size_p == ""0""",Yes
2983,1607885830051:cc283dcc-254c-4c98-be8e-307c24ef0fa5,1607885830051:f3a3092d-5353-481e-a45c-9e3f1096432b,"size == ""0""","isEmpty == ""True""","peek_obj_type == ""EmptyObject""","push == ""none""","pop == ""EmptyObject""","clear == ""none""","size_p == ""0""",No
2985,1607885830051:cc283dcc-254c-4c98-be8e-307c24ef0fa5,1607885830051:10aca540-f04f-4ae0-84ac-d6916eb1d340,"size == ""0""","isEmpty == ""True""","peek_obj_type == ""EmptyObject""","push == ""class java.lang.String""","pop == ""none""","clear == ""none""","size_p == ""0""",Yes
2987,1607885830051:bae371a9-645c-411a-b17e-5d582bcac6db,1607885830051:4aaea30f-9181-45bf-aed3-c4c30d42bb70,"size == ""0""","isEmpty == ""True""","peek_obj_type == ""EmptyObject""","push == ""class java.lang.String""","pop == ""none""","clear == ""none""","size_p == ""0""",Yes
2988,1607885830051:bae371a9-645c-411a-b17e-5d582bcac6db,1607885830051:4aaea30f-9181-45bf-aed3-c4c30d42bb70,"size == ""0""","isEmpty == ""True""","peek_obj_type == ""EmptyObject""","push == ""none""","pop == ""EmptyObject""","clear == ""none""","size_p == ""0""",No
2990,1607885830051:b6b07c73-b034-457b-a91d-b728575bc506,1607885830051:1b7d6559-1d4a-4d3f-8cbc-346441dcbda0,"size == ""0""","isEmpty == ""True""","peek_obj_type == ""EmptyObject""","push == ""class java.lang.String""","pop == ""none""","clear == ""none""","size_p == ""0""",Yes
2991,1607885830051:b6b07c73-b034-457b-a91d-b728575bc506,1607885830051:1b7d6559-1d4a-4d3f-8cbc-346441dcbda0,"size == ""0""","isEmpty == ""True""","peek_obj_type == ""EmptyObject""","push == ""none""","pop == ""EmptyObject""","clear == ""none""","size_p == ""0""",No
2993,1607885830051:aab71bac-5ffe-4c7f-bccd-c716b9bb8e81,1607885830052:38acbf9b-1d5a-4e69-b74c-ddc8173f2a21,"size == ""0""","isEmpty == ""True""","peek_obj_type == ""EmptyObject""","push == ""class java.lang.String""","pop == ""none""","clear == ""none""","size_p == ""0""",Yes
2994,1607885830051:aab71bac-5ffe-4c7f-bccd-c716b9bb8e81,1607885830052:38acbf9b-1d5a-4e69-b74c-ddc8173f2a21,"size == ""0""","isEmpty == ""True""","peek_obj_type == ""EmptyObject""","push == ""none""","pop == ""EmptyObject""","clear == ""none""","size_p == ""0""",No
2996,1607885830051:aab71bac-5ffe-4c7f-bccd-c716b9bb8e81,1607885830051:d6b602c1-9712-409d-b0f5-79aada26d85b,"size == ""1""","isEmpty == ""False""","peek_obj_type == ""class java.lang.String""","push == ""none""","pop == ""none""","clear == ""clear""","size_p == ""0""",Yes
2997,1607885830051:aab71bac-5ffe-4c7f-bccd-c716b9bb8e81,1607885830051:d6b602c1-9712-409d-b0f5-79aada26d85b,"size == ""1""","isEmpty == ""False""","peek_obj_type == ""class java.lang.String""","push == ""class java.lang.String""","pop == ""none""","clear == ""none""","size_p == ""1""",Yes
2998,1607885830051:aab71bac-5ffe-4c7f-bccd-c716b9bb8e81,1607885830051:d6b602c1-9712-409d-b0f5-79aada26d85b,"size == ""2""","isEmpty == ""False""","peek_obj_type == ""class java.lang.String""","push == ""none""","pop == ""none""","clear == ""clear""","size_p == ""1""",Yes
2999,1607885830051:aab71bac-5ffe-4c7f-bccd-c716b9bb8e81,1607885830051:d6b602c1-9712-409d-b0f5-79aada26d85b,"size == ""3""","isEmpty == ""False""","peek_obj_type == ""class java.lang.String""","push == ""none""","pop == ""none""","clear == ""clear""","size_p == ""2""",Yes
3000,1607885830051:aab71bac-5ffe-4c7f-bccd-c716b9bb8e81,1607885830051:d6b602c1-9712-409d-b0f5-79aada26d85b,"size == ""4""","isEmpty == ""False""","peek_obj_type == ""class java.lang.String""","push == ""none""","pop == ""none""","clear == ""clear""","size_p == ""3""",Yes
3002,1607885830050:f6a4eda4-4d1a-479c-bd59-49bb4d64a015,1607885830050:989f4e5d-e989-4fe3-931a-782b073a1f62,"size == ""0""","isEmpty == ""True""","peek_obj_type == ""EmptyObject""","push == ""class java.lang.String""","pop == ""none""","clear == ""none""","size_p == ""0""",Yes
3003,1607885830050:f6a4eda4-4d1a-479c-bd59-49bb4d64a015,1607885830050:989f4e5d-e989-4fe3-931a-782b073a1f62,"size == ""0""","isEmpty == ""True""","peek_obj_type == ""EmptyObject""","push == ""none""","pop == ""EmptyObject""","clear == ""none""","size_p == ""0""",No
3005,1607885830050:f6a4eda4-4d1a-479c-bd59-49bb4d64a015,1607885830050:2de89fcf-bb98-4824-b873-2ea421f366e9,"size == ""0""","isEmpty == ""True""","peek_obj_type == ""EmptyObject""","push == ""class java.lang.String""","pop == ""none""","clear == ""none""","size_p == ""0""",Yes
3006,1607885830050:f6a4eda4-4d1a-479c-bd59-49bb4d64a015,1607885830050:2de89fcf-bb98-4824-b873-2ea421f366e9,"size == ""0""","isEmpty == ""True""","peek_obj_type == ""EmptyObject""","push == ""class java.lang.String""","pop == ""none""","clear == ""none""","size_p == ""0""",Yes
3007,1607885830050:f6a4eda4-4d1a-479c-bd59-49bb4d64a015,1607885830050:2de89fcf-bb98-4824-b873-2ea421f366e9,"size == ""0""","isEmpty == ""True""","peek_obj_type == ""EmptyObject""","push == ""class java.lang.String""","pop == ""none""","clear == ""none""","size_p == ""0""",Yes
3009,1607885830050:e6571f03-078e-4318-be31-12f8b51a241c,1607885830050:705b1fd4-4172-4adf-9467-2f5ddba145be,"size == ""0""","isEmpty == ""True""","peek_obj_type == ""EmptyObject""","push == ""class java.lang.String""","pop == ""none""","clear == ""none""","size_p == ""0""",Yes
3010,1607885830050:e6571f03-078e-4318-be31-12f8b51a241c,1607885830050:705b1fd4-4172-4adf-9467-2f5ddba145be,"size == ""0""","isEmpty == ""True""","peek_obj_type == ""EmptyObject""","push == ""none""","pop == ""EmptyObject""","clear == ""none""","size_p == ""0""",No
3012,1607885830050:e6571f03-078e-4318-be31-12f8b51a241c,1607885830050:0b08bd28-53cd-4bde-89a6-0922821eb104,"size == ""0""","isEmpty == ""True""","peek_obj_type == ""EmptyObject""","push == ""class java.lang.String""","pop == ""none""","clear == ""none""","size_p == ""0""",Yes
3014,1607885830050:2ce9865f-62af-4f14-8f50-2f190a13ee72,1607885830050:dd46adcd-e59e-4341-a3af-219c05a67326,"size == ""0""","isEmpty == ""True""","peek_obj_type == ""EmptyObject""","push == ""class java.lang.String""","pop == ""none""","clear == ""none""","size_p == ""0""",Yes
3016,1607885830050:2ce9865f-62af-4f14-8f50-2f190a13ee72,1607885830050:a73a0945-a7ff-48d6-8551-d8aa35c840d9,"size == ""0""","isEmpty == ""True""","peek_obj_type == ""EmptyObject""","push == ""class java.lang.String""","pop == ""none""","clear == ""none""","size_p == ""0""",Yes
3017,1607885830050:2ce9865f-62af-4f14-8f50-2f190a13ee72,1607885830050:a73a0945-a7ff-48d6-8551-d8aa35c840d9,"size == ""0""","isEmpty == ""True""","peek_obj_type == ""EmptyObject""","push == ""none""","pop == ""EmptyObject""","clear == ""none""","size_p == ""0""",No
3019,1607885830050:12b9d2f4-7f85-4941-8620-457156d2b7a0,1607885830050:e286aa2b-f9f3-4c72-adb2-a082fdabaed5,"size == ""0""","isEmpty == ""True""","peek_obj_type == ""EmptyObject""","push == ""class java.lang.String""","pop == ""none""","clear == ""none""","size_p == ""0""",Yes
3020,1607885830050:12b9d2f4-7f85-4941-8620-457156d2b7a0,1607885830050:e286aa2b-f9f3-4c72-adb2-a082fdabaed5,"size == ""0""","isEmpty == ""True""","peek_obj_type == ""EmptyObject""","push == ""none""","pop == ""EmptyObject""","clear == ""none""","size_p == ""0""",No
3022,1607885830049:fdb3beaa-6b37-4d40-9ed7-9f000b33f0d6,1607885830049:0b252836-e520-452a-9774-20e976cc0c31,"size == ""0""","isEmpty == ""True""","peek_obj_type == ""EmptyObject""","push == ""class java.lang.String""","pop == ""none""","clear == ""none""","size_p == ""0""",Yes
3023,1607885830049:fdb3beaa-6b37-4d40-9ed7-9f000b33f0d6,1607885830049:0b252836-e520-452a-9774-20e976cc0c31,"size == ""0""","isEmpty == ""True""","peek_obj_type == ""EmptyObject""","push == ""none""","pop == ""EmptyObject""","clear == ""none""","size_p == ""0""",No
3025,1607885830049:f0e3c8bf-3bc4-4d4b-9a60-7d07220369d6,1607885830049:26eed064-249a-4d5e-86b7-7fe4be7270bf,"size == ""0""","isEmpty == ""True""","peek_obj_type == ""EmptyObject""","push == ""class java.lang.String""","pop == ""none""","clear == ""none""","size_p == ""0""",Yes
3026,1607885830049:f0e3c8bf-3bc4-4d4b-9a60-7d07220369d6,1607885830049:26eed064-249a-4d5e-86b7-7fe4be7270bf,"size == ""0""","isEmpty == ""True""","peek_obj_type == ""EmptyObject""","push == ""none""","pop == ""EmptyObject""","clear == ""none""","size_p == ""0""",No
3028,1607885830049:e4b2001c-8a5f-44d0-840d-427ef7fa890e,1607885830049:27e43289-1de3-45d0-9e1e-4fcd597198de,"size == ""0""","isEmpty == ""True""","peek_obj_type == ""EmptyObject""","push == ""class java.lang.String""","pop == ""none""","clear == ""none""","size_p == ""0""",Yes
3029,1607885830049:e4b2001c-8a5f-44d0-840d-427ef7fa890e,1607885830049:27e43289-1de3-45d0-9e1e-4fcd597198de,"size == ""0""","isEmpty == ""True""","peek_obj_type == ""EmptyObject""","push == ""none""","pop == ""EmptyObject""","clear == ""none""","size_p == ""0""",No
3031,1607885830049:d9b4a1c3-f0f2-43b3-bcca-3107a323dff3,1607885830049:dc94ba6e-9ec6-4424-a2c4-4ae176d32536,"size == ""0""","isEmpty == ""True""","peek_obj_type == ""EmptyObject""","push == ""class java.lang.String""","pop == ""none""","clear == ""none""","size_p == ""0""",Yes
3032,1607885830049:d9b4a1c3-f0f2-43b3-bcca-3107a323dff3,1607885830049:dc94ba6e-9ec6-4424-a2c4-4ae176d32536,"size == ""0""","isEmpty == ""True""","peek_obj_type == ""EmptyObject""","push == ""class java.lang.String""","pop == ""none""","clear == ""none""","size_p == ""0""",Yes
3033,1607885830049:d9b4a1c3-f0f2-43b3-bcca-3107a323dff3,1607885830049:dc94ba6e-9ec6-4424-a2c4-4ae176d32536,"size == ""0""","isEmpty == ""True""","peek_obj_type == ""EmptyObject""","push == ""class java.lang.String""","pop == ""none""","clear == ""none""","size_p == ""0""",Yes
3034,1607885830049:d9b4a1c3-f0f2-43b3-bcca-3107a323dff3,1607885830049:dc94ba6e-9ec6-4424-a2c4-4ae176d32536,"size == ""1""","isEmpty == ""False""","peek_obj_type == ""class java.lang.String""","push == ""none""","pop == ""none""","clear == ""clear""","size_p == ""0""",Yes
3036,1607885830049:d9b4a1c3-f0f2-43b3-bcca-3107a323dff3,1607885830049:7e4f735c-4db8-41ba-a8f3-6c08adb534de,"size == ""0""","isEmpty == ""True""","peek_obj_type == ""EmptyObject""","push == ""class java.lang.String""","pop == ""none""","clear == ""none""","size_p == ""0""",Yes
3037,1607885830049:d9b4a1c3-f0f2-43b3-bcca-3107a323dff3,1607885830049:7e4f735c-4db8-41ba-a8f3-6c08adb534de,"size == ""0""","isEmpty == ""True""","peek_obj_type == ""EmptyObject""","push == ""none""","pop == ""EmptyObject""","clear == ""none""","size_p == ""0""",No
3039,1607885830049:d9b4a1c3-f0f2-43b3-bcca-3107a323dff3,1607885830049:47c73e89-7a16-43d3-9620-85d8d6a51c4e,"size == ""0""","isEmpty == ""True""","peek_obj_type == ""EmptyObject""","push == ""class java.lang.String""","pop == ""none""","clear == ""none""","size_p == ""0""",Yes
3041,1607885830049:ca6f0677-3436-48c8-ad09-72e81823c1c2,1607885830049:a5044ebe-9434-4f54-bdfa-d3cc47066847,"size == ""1""","isEmpty == ""False""","peek_obj_type == ""class java.lang.String""","push == ""none""","pop == ""none""","clear == ""clear""","size_p == ""0""",Yes
3042,1607885830049:ca6f0677-3436-48c8-ad09-72e81823c1c2,1607885830049:a5044ebe-9434-4f54-bdfa-d3cc47066847,"size == ""1""","isEmpty == ""False""","peek_obj_type == ""class java.lang.String""","push == ""class java.lang.String""","pop == ""none""","clear == ""none""","size_p == ""1""",Yes
3043,1607885830049:ca6f0677-3436-48c8-ad09-72e81823c1c2,1607885830049:a5044ebe-9434-4f54-bdfa-d3cc47066847,"size == ""0""","isEmpty == ""True""","peek_obj_type == ""EmptyObject""","push == ""none""","pop == ""EmptyObject""","clear == ""none""","size_p == ""1""",No
3044,1607885830049:ca6f0677-3436-48c8-ad09-72e81823c1c2,1607885830049:a5044ebe-9434-4f54-bdfa-d3cc47066847,"size == ""1""","isEmpty == ""False""","peek_obj_type == ""class java.lang.String""","push == ""none""","pop == ""none""","clear == ""clear""","size_p == ""0""",Yes
3046,1607885830049:ca6f0677-3436-48c8-ad09-72e81823c1c2,1607885830049:6a334809-8358-42cb-9dda-a13562422173,"size == ""0""","isEmpty == ""True""","peek_obj_type == ""EmptyObject""","push == ""class java.lang.String""","pop == ""none""","clear == ""none""","size_p == ""0""",Yes
3047,1607885830049:ca6f0677-3436-48c8-ad09-72e81823c1c2,1607885830049:6a334809-8358-42cb-9dda-a13562422173,"size == ""0""","isEmpty == ""True""","peek_obj_type == ""EmptyObject""","push == ""none""","pop == ""EmptyObject""","clear == ""none""","size_p == ""0""",No
3049,1607885830049:6df2c651-4540-4c40-9626-d7ea5371e35a,1607885830049:4c1993df-4d3d-41cb-951b-a128e499df88,"size == ""0""","isEmpty == ""True""","peek_obj_type == ""EmptyObject""","push == ""class java.lang.String""","pop == ""none""","clear == ""none""","size_p == ""0""",Yes
3050,1607885830049:6df2c651-4540-4c40-9626-d7ea5371e35a,1607885830049:4c1993df-4d3d-41cb-951b-a128e499df88,"size == ""0""","isEmpty == ""True""","peek_obj_type == ""EmptyObject""","push == ""none""","pop == ""EmptyObject""","clear == ""none""","size_p == ""0""",No
3052,1607885830049:55baac83-ad32-4d83-955f-cca4906220df,1607885830049:d1dd1cd5-c5a0-490e-8603-b7cc8aa83890,"size == ""0""","isEmpty == ""True""","peek_obj_type == ""EmptyObject""","push == ""class java.lang.String""","pop == ""none""","clear == ""none""","size_p == ""0""",Yes
3053,1607885830049:55baac83-ad32-4d83-955f-cca4906220df,1607885830049:d1dd1cd5-c5a0-490e-8603-b7cc8aa83890,"size == ""0""","isEmpty == ""True""","peek_obj_type == ""EmptyObject""","push == ""none""","pop == ""EmptyObject""","clear == ""none""","size_p == ""0""",No
3055,1607885830048:eb4d1b56-ac33-4431-9ca6-02bd349225d1,1607885830048:e40b6961-3ee4-4c36-b933-b0753d1e3f0b,"size == ""0""","isEmpty == ""True""","peek_obj_type == ""EmptyObject""","push == ""class java.lang.String""","pop == ""none""","clear == ""none""","size_p == ""0""",Yes
3056,1607885830048:eb4d1b56-ac33-4431-9ca6-02bd349225d1,1607885830048:e40b6961-3ee4-4c36-b933-b0753d1e3f0b,"size == ""0""","isEmpty == ""True""","peek_obj_type == ""EmptyObject""","push == ""none""","pop == ""EmptyObject""","clear == ""none""","size_p == ""0""",No
3058,1607885830048:deb13bc1-ea72-4deb-b1da-b091246a02e8,1607885830048:d7ef32eb-67cb-4dc7-9444-dd47b98c0f76,"size == ""0""","isEmpty == ""True""","peek_obj_type == ""EmptyObject""","push == ""class java.lang.String""","pop == ""none""","clear == ""none""","size_p == ""0""",Yes
3059,1607885830048:deb13bc1-ea72-4deb-b1da-b091246a02e8,1607885830048:d7ef32eb-67cb-4dc7-9444-dd47b98c0f76,"size == ""0""","isEmpty == ""True""","peek_obj_type == ""EmptyObject""","push == ""none""","pop == ""EmptyObject""","clear == ""none""","size_p == ""0""",No
3061,1607885830048:a929c577-ab96-470a-a2c6-4d0ac854bd9e,1607885830048:2aac0d02-5f2c-4268-bd51-365a28d11acd,"size == ""0""","isEmpty == ""True""","peek_obj_type == ""EmptyObject""","push == ""class java.lang.String""","pop == ""none""","clear == ""none""","size_p == ""0""",Yes
3062,1607885830048:a929c577-ab96-470a-a2c6-4d0ac854bd9e,1607885830048:2aac0d02-5f2c-4268-bd51-365a28d11acd,"size == ""0""","isEmpty == ""True""","peek_obj_type == ""EmptyObject""","push == ""none""","pop == ""EmptyObject""","clear == ""none""","size_p == ""0""",No
3064,1607885830048:a42684f1-1017-4257-a3c0-5e4a4ff8a838,1607885830048:d4f49b0e-1526-4001-a715-412e37486ca3,"size == ""0""","isEmpty == ""True""","peek_obj_type == ""EmptyObject""","push == ""class java.lang.String""","pop == ""none""","clear == ""none""","size_p == ""0""",Yes
3065,1607885830048:a42684f1-1017-4257-a3c0-5e4a4ff8a838,1607885830048:d4f49b0e-1526-4001-a715-412e37486ca3,"size == ""0""","isEmpty == ""True""","peek_obj_type == ""EmptyObject""","push == ""none""","pop == ""EmptyObject""","clear == ""none""","size_p == ""0""",No
3067,1607885830048:a42684f1-1017-4257-a3c0-5e4a4ff8a838,1607885830048:516a3be1-97f2-49de-9e06-220a180aa6bb,"size == ""1""","isEmpty == ""False""","peek_obj_type == ""class java.lang.String""","push == ""none""","pop == ""none""","clear == ""clear""","size_p == ""0""",Yes
3068,1607885830048:a42684f1-1017-4257-a3c0-5e4a4ff8a838,1607885830048:516a3be1-97f2-49de-9e06-220a180aa6bb,"size == ""1""","isEmpty == ""False""","peek_obj_type == ""class java.lang.String""","push == ""class java.lang.String""","pop == ""none""","clear == ""none""","size_p == ""1""",Yes
3069,1607885830048:a42684f1-1017-4257-a3c0-5e4a4ff8a838,1607885830048:516a3be1-97f2-49de-9e06-220a180aa6bb,"size == ""2""","isEmpty == ""False""","peek_obj_type == ""class java.lang.String""","push == ""none""","pop == ""none""","clear == ""clear""","size_p == ""1""",Yes
3070,1607885830048:a42684f1-1017-4257-a3c0-5e4a4ff8a838,1607885830048:516a3be1-97f2-49de-9e06-220a180aa6bb,"size == ""3""","isEmpty == ""False""","peek_obj_type == ""class java.lang.String""","push == ""none""","pop == ""none""","clear == ""clear""","size_p == ""2""",Yes
3071,1607885830048:a42684f1-1017-4257-a3c0-5e4a4ff8a838,1607885830048:516a3be1-97f2-49de-9e06-220a180aa6bb,"size == ""4""","isEmpty == ""False""","peek_obj_type == ""class java.lang.String""","push == ""none""","pop == ""none""","clear == ""clear""","size_p == ""3""",Yes
3073,1607885830048:725a7d72-1fbc-4a4f-bed0-d129255bc906,1607885830048:3aa4b660-db63-4ec7-a20e-45a5c7a7694b,"size == ""0""","isEmpty == ""True""","peek_obj_type == ""EmptyObject""","push == ""class java.lang.String""","pop == ""none""","clear == ""none""","size_p == ""0""",Yes
3074,1607885830048:725a7d72-1fbc-4a4f-bed0-d129255bc906,1607885830048:3aa4b660-db63-4ec7-a20e-45a5c7a7694b,"size == ""0""","isEmpty == ""True""","peek_obj_type == ""EmptyObject""","push == ""none""","pop == ""EmptyObject""","clear == ""none""","size_p == ""0""",No
3076,1607885830048:725a7d72-1fbc-4a4f-bed0-d129255bc906,1607885830048:0dd2cf82-9481-45d8-b224-54055045bd1c,"size == ""1""","isEmpty == ""False""","peek_obj_type == ""class java.lang.String""","push == ""none""","pop == ""none""","clear == ""clear""","size_p == ""0""",Yes
3077,1607885830048:725a7d72-1fbc-4a4f-bed0-d129255bc906,1607885830048:0dd2cf82-9481-45d8-b224-54055045bd1c,"size == ""1""","isEmpty == ""False""","peek_obj_type == ""class java.lang.String""","push == ""class java.lang.String""","pop == ""none""","clear == ""none""","size_p == ""1""",Yes
3078,1607885830048:725a7d72-1fbc-4a4f-bed0-d129255bc906,1607885830048:0dd2cf82-9481-45d8-b224-54055045bd1c,"size == ""2""","isEmpty == ""False""","peek_obj_type == ""class java.lang.String""","push == ""none""","pop == ""none""","clear == ""clear""","size_p == ""1""",Yes
3079,1607885830048:725a7d72-1fbc-4a4f-bed0-d129255bc906,1607885830048:0dd2cf82-9481-45d8-b224-54055045bd1c,"size == ""3""","isEmpty == ""False""","peek_obj_type == ""class java.lang.String""","push == ""none""","pop == ""none""","clear == ""clear""","size_p == ""2""",Yes
3080,1607885830048:725a7d72-1fbc-4a4f-bed0-d129255bc906,1607885830048:0dd2cf82-9481-45d8-b224-54055045bd1c,"size == ""4""","isEmpty == ""False""","peek_obj_type == ""class java.lang.String""","push == ""none""","pop == ""none""","clear == ""clear""","size_p == ""3""",Yes
3082,1607885830048:57177ab2-e536-4f17-b4c9-16b0ec2091f1,1607885830048:40a43afb-32da-4054-a318-13a67b15a268,"size == ""0""","isEmpty == ""True""","peek_obj_type == ""EmptyObject""","push == ""class java.lang.String""","pop == ""none""","clear == ""none""","size_p == ""0""",Yes
3083,1607885830048:57177ab2-e536-4f17-b4c9-16b0ec2091f1,1607885830048:40a43afb-32da-4054-a318-13a67b15a268,"size == ""0""","isEmpty == ""True""","peek_obj_type == ""EmptyObject""","push == ""none""","pop == ""EmptyObject""","clear == ""none""","size_p == ""0""",No
3085,1607885830048:38fbd74c-03bb-45d3-a424-3a6d54a1291b,1607885830048:b0f7d6f0-dbc4-4c3a-a47a-e742495db5c3,"size == ""0""","isEmpty == ""True""","peek_obj_type == ""EmptyObject""","push == ""class java.lang.String""","pop == ""none""","clear == ""none""","size_p == ""0""",Yes
3086,1607885830048:38fbd74c-03bb-45d3-a424-3a6d54a1291b,1607885830048:b0f7d6f0-dbc4-4c3a-a47a-e742495db5c3,"size == ""0""","isEmpty == ""True""","peek_obj_type == ""EmptyObject""","push == ""none""","pop == ""EmptyObject""","clear == ""none""","size_p == ""0""",No
3088,1607885830047:f9d65471-54ec-4973-8ef0-4789bcdba6d8,1607885830047:7e861460-bb52-4524-b376-f768a4a4f773,"size == ""0""","isEmpty == ""True""","peek_obj_type == ""EmptyObject""","push == ""class java.lang.String""","pop == ""none""","clear == ""none""","size_p == ""0""",Yes
3089,1607885830047:f9d65471-54ec-4973-8ef0-4789bcdba6d8,1607885830047:7e861460-bb52-4524-b376-f768a4a4f773,"size == ""0""","isEmpty == ""True""","peek_obj_type == ""EmptyObject""","push == ""none""","pop == ""EmptyObject""","clear == ""none""","size_p == ""0""",No
3091,1607885830047:cda41235-6d72-4942-9211-b41a37b64fbd,1607885830047:967b75b3-e714-46ea-abb0-ea5f7740f4d1,"size == ""0""","isEmpty == ""True""","peek_obj_type == ""EmptyObject""","push == ""class java.lang.String""","pop == ""none""","clear == ""none""","size_p == ""0""",Yes
3092,1607885830047:cda41235-6d72-4942-9211-b41a37b64fbd,1607885830047:967b75b3-e714-46ea-abb0-ea5f7740f4d1,"size == ""0""","isEmpty == ""True""","peek_obj_type == ""EmptyObject""","push == ""none""","pop == ""EmptyObject""","clear == ""none""","size_p == ""0""",No
3094,1607885830047:bddb4ae9-a062-4e70-923e-c9b08bd65ff0,1607885830047:4f317c9f-052d-41a3-84e5-29c7d6a02e58,"size == ""0""","isEmpty == ""True""","peek_obj_type == ""EmptyObject""","push == ""class java.lang.String""","pop == ""none""","clear == ""none""","size_p == ""0""",Yes
3095,1607885830047:bddb4ae9-a062-4e70-923e-c9b08bd65ff0,1607885830047:4f317c9f-052d-41a3-84e5-29c7d6a02e58,"size == ""0""","isEmpty == ""True""","peek_obj_type == ""EmptyObject""","push == ""none""","pop == ""EmptyObject""","clear == ""none""","size_p == ""0""",No
3097,1607885830047:9520d2ba-f3fa-4d32-820b-e2283ce83d23,1607885830047:eb6dd1d8-4253-4f00-bd22-33506f65b87a,"size == ""0""","isEmpty == ""True""","peek_obj_type == ""EmptyObject""","push == ""class java.lang.String""","pop == ""none""","clear == ""none""","size_p == ""0""",Yes
3098,1607885830047:9520d2ba-f3fa-4d32-820b-e2283ce83d23,1607885830047:eb6dd1d8-4253-4f00-bd22-33506f65b87a,"size == ""0""","isEmpty == ""True""","peek_obj_type == ""EmptyObject""","push == ""none""","pop == ""EmptyObject""","clear == ""none""","size_p == ""0""",No
3100,1607885830047:69e9f358-60b8-4b5b-9275-9dd744957c92,1607885830047:11a8c063-4278-4de7-87f3-a53d44a4ec65,"size == ""0""","isEmpty == ""True""","peek_obj_type == ""EmptyObject""","push == ""class java.lang.String""","pop == ""none""","clear == ""none""","size_p == ""0""",Yes
3101,1607885830047:69e9f358-60b8-4b5b-9275-9dd744957c92,1607885830047:11a8c063-4278-4de7-87f3-a53d44a4ec65,"size == ""0""","isEmpty == ""True""","peek_obj_type == ""EmptyObject""","push == ""none""","pop == ""EmptyObject""","clear == ""none""","size_p == ""0""",No
3103,1607885830047:51c2073b-9bd2-4249-8aa3-6a9666850bb4,1607885830047:d1ffe072-bd47-4a2a-9c1f-072a63db707e,"size == ""0""","isEmpty == ""True""","peek_obj_type == ""EmptyObject""","push == ""class java.lang.String""","pop == ""none""","clear == ""none""","size_p == ""0""",Yes
3104,1607885830047:51c2073b-9bd2-4249-8aa3-6a9666850bb4,1607885830047:d1ffe072-bd47-4a2a-9c1f-072a63db707e,"size == ""0""","isEmpty == ""True""","peek_obj_type == ""EmptyObject""","push == ""none""","pop == ""EmptyObject""","clear == ""none""","size_p == ""0""",No
3106,1607885830047:51c2073b-9bd2-4249-8aa3-6a9666850bb4,1607885830047:3b1865c2-a4d5-498f-93f3-c19aba3586ed,"size == ""1""","isEmpty == ""False""","peek_obj_type == ""class java.lang.String""","push == ""none""","pop == ""none""","clear == ""clear""","size_p == ""0""",Yes
3107,1607885830047:51c2073b-9bd2-4249-8aa3-6a9666850bb4,1607885830047:3b1865c2-a4d5-498f-93f3-c19aba3586ed,"size == ""1""","isEmpty == ""False""","peek_obj_type == ""class java.lang.String""","push == ""class java.lang.String""","pop == ""none""","clear == ""none""","size_p == ""1""",Yes
3108,1607885830047:51c2073b-9bd2-4249-8aa3-6a9666850bb4,1607885830047:3b1865c2-a4d5-498f-93f3-c19aba3586ed,"size == ""2""","isEmpty == ""False""","peek_obj_type == ""class java.lang.String""","push == ""none""","pop == ""none""","clear == ""clear""","size_p == ""1""",Yes
3109,1607885830047:51c2073b-9bd2-4249-8aa3-6a9666850bb4,1607885830047:3b1865c2-a4d5-498f-93f3-c19aba3586ed,"size == ""3""","isEmpty == ""False""","peek_obj_type == ""class java.lang.String""","push == ""none""","pop == ""none""","clear == ""clear""","size_p == ""2""",Yes
3110,1607885830047:51c2073b-9bd2-4249-8aa3-6a9666850bb4,1607885830047:3b1865c2-a4d5-498f-93f3-c19aba3586ed,"size == ""4""","isEmpty == ""False""","peek_obj_type == ""class java.lang.String""","push == ""none""","pop == ""none""","clear == ""clear""","size_p == ""3""",Yes
3112,1607885830047:0d01b6eb-3b6f-45b8-8b27-a648f88981aa,1607885830047:7856add4-693c-424c-8019-b8adc1b96fbe,"size == ""0""","isEmpty == ""True""","peek_obj_type == ""EmptyObject""","push == ""class java.lang.String""","pop == ""none""","clear == ""none""","size_p == ""0""",Yes
3113,1607885830047:0d01b6eb-3b6f-45b8-8b27-a648f88981aa,1607885830047:7856add4-693c-424c-8019-b8adc1b96fbe,"size == ""0""","isEmpty == ""True""","peek_obj_type == ""EmptyObject""","push == ""none""","pop == ""EmptyObject""","clear == ""none""","size_p == ""0""",No
3115,1607885830047:0a38ac2c-2ed4-4fa5-97c8-26ce320c48c7,1607885830047:e971bc34-309e-4966-a774-bc078c8341fe,"size == ""0""","isEmpty == ""True""","peek_obj_type == ""EmptyObject""","push == ""class java.lang.String""","pop == ""none""","clear == ""none""","size_p == ""0""",Yes
3116,1607885830047:0a38ac2c-2ed4-4fa5-97c8-26ce320c48c7,1607885830047:e971bc34-309e-4966-a774-bc078c8341fe,"size == ""0""","isEmpty == ""True""","peek_obj_type == ""EmptyObject""","push == ""none""","pop == ""EmptyObject""","clear == ""none""","size_p == ""0""",No
3118,1607885830047:0a38ac2c-2ed4-4fa5-97c8-26ce320c48c7,1607885830047:ba8b5cad-da62-4020-88b8-553afb7ba67d,"size == ""0""","isEmpty == ""True""","peek_obj_type == ""EmptyObject""","push == ""class java.lang.String""","pop == ""none""","clear == ""none""","size_p == ""0""",Yes
3120,1607885830046:f652a489-f7fb-4861-857c-b920b260bc97,1607885830046:57ffd204-de97-4e97-b392-33eef499e337,"size == ""0""","isEmpty == ""True""","peek_obj_type == ""EmptyObject""","push == ""class java.lang.String""","pop == ""none""","clear == ""none""","size_p == ""0""",Yes
3121,1607885830046:f652a489-f7fb-4861-857c-b920b260bc97,1607885830046:57ffd204-de97-4e97-b392-33eef499e337,"size == ""0""","isEmpty == ""True""","peek_obj_type == ""EmptyObject""","push == ""none""","pop == ""EmptyObject""","clear == ""none""","size_p == ""0""",No
3123,1607885830046:e6896eef-777a-4363-b6a3-4f49c3b62570,1607885830046:fb48a33c-d338-4fe7-a15c-16f6ed83ccab,"size == ""0""","isEmpty == ""True""","peek_obj_type == ""EmptyObject""","push == ""class java.lang.String""","pop == ""none""","clear == ""none""","size_p == ""0""",Yes
3124,1607885830046:e6896eef-777a-4363-b6a3-4f49c3b62570,1607885830046:fb48a33c-d338-4fe7-a15c-16f6ed83ccab,"size == ""0""","isEmpty == ""True""","peek_obj_type == ""EmptyObject""","push == ""none""","pop == ""EmptyObject""","clear == ""none""","size_p == ""0""",No
3126,1607885830046:d3f4a8e3-3414-409c-83ea-bc168b0f1ee6,1607885830046:85d7191b-1ddf-4116-843b-565e90a13f74,"size == ""1""","isEmpty == ""False""","peek_obj_type == ""class java.lang.String""","push == ""none""","pop == ""none""","clear == ""clear""","size_p == ""0""",Yes
3127,1607885830046:d3f4a8e3-3414-409c-83ea-bc168b0f1ee6,1607885830046:85d7191b-1ddf-4116-843b-565e90a13f74,"size == ""1""","isEmpty == ""False""","peek_obj_type == ""class java.lang.String""","push == ""class java.lang.String""","pop == ""none""","clear == ""none""","size_p == ""1""",Yes
3128,1607885830046:d3f4a8e3-3414-409c-83ea-bc168b0f1ee6,1607885830046:85d7191b-1ddf-4116-843b-565e90a13f74,"size == ""2""","isEmpty == ""False""","peek_obj_type == ""class java.lang.String""","push == ""none""","pop == ""none""","clear == ""clear""","size_p == ""1""",Yes
3129,1607885830046:d3f4a8e3-3414-409c-83ea-bc168b0f1ee6,1607885830046:85d7191b-1ddf-4116-843b-565e90a13f74,"size == ""3""","isEmpty == ""False""","peek_obj_type == ""class java.lang.String""","push == ""none""","pop == ""none""","clear == ""clear""","size_p == ""2""",Yes
3130,1607885830046:d3f4a8e3-3414-409c-83ea-bc168b0f1ee6,1607885830046:85d7191b-1ddf-4116-843b-565e90a13f74,"size == ""4""","isEmpty == ""False""","peek_obj_type == ""class java.lang.String""","push == ""none""","pop == ""none""","clear == ""clear""","size_p == ""3""",Yes
3132,1607885830046:d3f4a8e3-3414-409c-83ea-bc168b0f1ee6,1607885830046:564cd9fd-58d6-4d37-b46f-a8bfadba0421,"size == ""1""","isEmpty == ""False""","peek_obj_type == ""class java.lang.String""","push == ""none""","pop == ""none""","clear == ""clear""","size_p == ""0""",Yes
3133,1607885830046:d3f4a8e3-3414-409c-83ea-bc168b0f1ee6,1607885830046:564cd9fd-58d6-4d37-b46f-a8bfadba0421,"size == ""1""","isEmpty == ""False""","peek_obj_type == ""class java.lang.String""","push == ""class java.lang.String""","pop == ""none""","clear == ""none""","size_p == ""1""",Yes
3134,1607885830046:d3f4a8e3-3414-409c-83ea-bc168b0f1ee6,1607885830046:564cd9fd-58d6-4d37-b46f-a8bfadba0421,"size == ""2""","isEmpty == ""False""","peek_obj_type == ""class java.lang.String""","push == ""none""","pop == ""none""","clear == ""clear""","size_p == ""1""",Yes
3135,1607885830046:d3f4a8e3-3414-409c-83ea-bc168b0f1ee6,1607885830046:564cd9fd-58d6-4d37-b46f-a8bfadba0421,"size == ""3""","isEmpty == ""False""","peek_obj_type == ""class java.lang.String""","push == ""none""","pop == ""none""","clear == ""clear""","size_p == ""2""",Yes
3136,1607885830046:d3f4a8e3-3414-409c-83ea-bc168b0f1ee6,1607885830046:564cd9fd-58d6-4d37-b46f-a8bfadba0421,"size == ""4""","isEmpty == ""False""","peek_obj_type == ""class java.lang.String""","push == ""none""","pop == ""none""","clear == ""clear""","size_p == ""3""",Yes
3138,1607885830046:d3f4a8e3-3414-409c-83ea-bc168b0f1ee6,1607885830046:428d2bd0-b4de-4f85-948f-91edf53bba0f,"size == ""0""","isEmpty == ""True""","peek_obj_type == ""EmptyObject""","push == ""class java.lang.String""","pop == ""none""","clear == ""none""","size_p == ""0""",Yes
3139,1607885830046:d3f4a8e3-3414-409c-83ea-bc168b0f1ee6,1607885830046:428d2bd0-b4de-4f85-948f-91edf53bba0f,"size == ""0""","isEmpty == ""True""","peek_obj_type == ""EmptyObject""","push == ""none""","pop == ""EmptyObject""","clear == ""none""","size_p == ""0""",No
3141,1607885830046:a9e63431-3187-4d01-9df6-483713e3deef,1607885830046:12db49a0-8c88-403c-a18f-7aba7e00b730,"size == ""0""","isEmpty == ""True""","peek_obj_type == ""EmptyObject""","push == ""class java.lang.String""","pop == ""none""","clear == ""none""","size_p == ""0""",Yes
3142,1607885830046:a9e63431-3187-4d01-9df6-483713e3deef,1607885830046:12db49a0-8c88-403c-a18f-7aba7e00b730,"size == ""0""","isEmpty == ""True""","peek_obj_type == ""EmptyObject""","push == ""none""","pop == ""EmptyObject""","clear == ""none""","size_p == ""0""",No
3144,1607885830046:885b6a22-143a-49d2-9626-85fc226cfcd1,1607885830046:0cec0ed7-9f2c-47bb-b828-40619bc73971,"size == ""0""","isEmpty == ""True""","peek_obj_type == ""EmptyObject""","push == ""class java.lang.String""","pop == ""none""","clear == ""none""","size_p == ""0""",Yes
3145,1607885830046:885b6a22-143a-49d2-9626-85fc226cfcd1,1607885830046:0cec0ed7-9f2c-47bb-b828-40619bc73971,"size == ""0""","isEmpty == ""True""","peek_obj_type == ""EmptyObject""","push == ""none""","pop == ""EmptyObject""","clear == ""none""","size_p == ""0""",No
3147,1607885830046:71dfc071-3f82-4d03-b19c-2bf4a85a4da4,1607885830046:f7217dda-3e22-4df1-9672-55d6a1917542,"size == ""1""","isEmpty == ""False""","peek_obj_type == ""class java.lang.String""","push == ""none""","pop == ""none""","clear == ""clear""","size_p == ""0""",Yes
3148,1607885830046:71dfc071-3f82-4d03-b19c-2bf4a85a4da4,1607885830046:f7217dda-3e22-4df1-9672-55d6a1917542,"size == ""1""","isEmpty == ""False""","peek_obj_type == ""class java.lang.String""","push == ""class java.lang.String""","pop == ""none""","clear == ""none""","size_p == ""1""",Yes
3149,1607885830046:71dfc071-3f82-4d03-b19c-2bf4a85a4da4,1607885830046:f7217dda-3e22-4df1-9672-55d6a1917542,"size == ""2""","isEmpty == ""False""","peek_obj_type == ""class java.lang.String""","push == ""none""","pop == ""none""","clear == ""clear""","size_p == ""1""",Yes
3150,1607885830046:71dfc071-3f82-4d03-b19c-2bf4a85a4da4,1607885830046:f7217dda-3e22-4df1-9672-55d6a1917542,"size == ""3""","isEmpty == ""False""","peek_obj_type == ""class java.lang.String""","push == ""none""","pop == ""none""","clear == ""clear""","size_p == ""2""",Yes
3151,1607885830046:71dfc071-3f82-4d03-b19c-2bf4a85a4da4,1607885830046:f7217dda-3e22-4df1-9672-55d6a1917542,"size == ""4""","isEmpty == ""False""","peek_obj_type == ""class java.lang.String""","push == ""none""","pop == ""none""","clear == ""clear""","size_p == ""3""",Yes
3153,1607885830046:71dfc071-3f82-4d03-b19c-2bf4a85a4da4,1607885830046:041bac4e-2ac0-40cd-b622-4b242c96868f,"size == ""0""","isEmpty == ""True""","peek_obj_type == ""EmptyObject""","push == ""class java.lang.String""","pop == ""none""","clear == ""none""","size_p == ""0""",Yes
3154,1607885830046:71dfc071-3f82-4d03-b19c-2bf4a85a4da4,1607885830046:041bac4e-2ac0-40cd-b622-4b242c96868f,"size == ""0""","isEmpty == ""True""","peek_obj_type == ""EmptyObject""","push == ""none""","pop == ""EmptyObject""","clear == ""none""","size_p == ""0""",No
3156,1607885830046:2a9fa861-fb6b-4589-af88-54ca2dcf7bb3,1607885830046:b7ec3c3d-9184-4364-9f1a-4528c3db99f1,"size == ""0""","isEmpty == ""True""","peek_obj_type == ""EmptyObject""","push == ""class java.lang.String""","pop == ""none""","clear == ""none""","size_p == ""0""",Yes
3157,1607885830046:2a9fa861-fb6b-4589-af88-54ca2dcf7bb3,1607885830046:b7ec3c3d-9184-4364-9f1a-4528c3db99f1,"size == ""0""","isEmpty == ""True""","peek_obj_type == ""EmptyObject""","push == ""none""","pop == ""EmptyObject""","clear == ""none""","size_p == ""0""",No
3159,1607885830046:2a9fa861-fb6b-4589-af88-54ca2dcf7bb3,1607885830046:89730000-12ab-46fa-a3ea-a7813d386782,"size == ""1""","isEmpty == ""False""","peek_obj_type == ""class java.lang.String""","push == ""none""","pop == ""none""","clear == ""clear""","size_p == ""0""",Yes
3160,1607885830046:2a9fa861-fb6b-4589-af88-54ca2dcf7bb3,1607885830046:89730000-12ab-46fa-a3ea-a7813d386782,"size == ""1""","isEmpty == ""False""","peek_obj_type == ""class java.lang.String""","push == ""class java.lang.String""","pop == ""none""","clear == ""none""","size_p == ""1""",Yes
3161,1607885830046:2a9fa861-fb6b-4589-af88-54ca2dcf7bb3,1607885830046:89730000-12ab-46fa-a3ea-a7813d386782,"size == ""0""","isEmpty == ""True""","peek_obj_type == ""EmptyObject""","push == ""none""","pop == ""EmptyObject""","clear == ""none""","size_p == ""1""",No
3162,1607885830046:2a9fa861-fb6b-4589-af88-54ca2dcf7bb3,1607885830046:89730000-12ab-46fa-a3ea-a7813d386782,"size == ""1""","isEmpty == ""False""","peek_obj_type == ""class java.lang.String""","push == ""none""","pop == ""none""","clear == ""clear""","size_p == ""0""",Yes
3164,1607885830045:ef6e43ca-b340-4efa-996e-172d976d9e1d,1607885830045:deeebae4-5a35-4e1b-ad50-3a26fe5a8870,"size == ""0""","isEmpty == ""True""","peek_obj_type == ""EmptyObject""","push == ""class java.lang.String""","pop == ""none""","clear == ""none""","size_p == ""0""",Yes
3165,1607885830045:ef6e43ca-b340-4efa-996e-172d976d9e1d,1607885830045:deeebae4-5a35-4e1b-ad50-3a26fe5a8870,"size == ""0""","isEmpty == ""True""","peek_obj_type == ""EmptyObject""","push == ""none""","pop == ""EmptyObject""","clear == ""none""","size_p == ""0""",No
3167,1607885830045:d31c148b-ccb4-4481-b4a3-d7f74f4e7054,1607885830045:918d1ce8-de84-4725-bf9d-c34770b8f9b3,"size == ""0""","isEmpty == ""True""","peek_obj_type == ""EmptyObject""","push == ""class java.lang.String""","pop == ""none""","clear == ""none""","size_p == ""0""",Yes
3168,1607885830045:d31c148b-ccb4-4481-b4a3-d7f74f4e7054,1607885830045:918d1ce8-de84-4725-bf9d-c34770b8f9b3,"size == ""0""","isEmpty == ""True""","peek_obj_type == ""EmptyObject""","push == ""none""","pop == ""EmptyObject""","clear == ""none""","size_p == ""0""",No
3170,1607885830045:8ce9c15c-fffe-4ae4-81ac-5f35915afc3f,1607885830045:a58f6ff1-c8a8-4e9e-b100-c647cd9174de,"size == ""0""","isEmpty == ""True""","peek_obj_type == ""EmptyObject""","push == ""class java.lang.String""","pop == ""none""","clear == ""none""","size_p == ""0""",Yes
3171,1607885830045:8ce9c15c-fffe-4ae4-81ac-5f35915afc3f,1607885830045:a58f6ff1-c8a8-4e9e-b100-c647cd9174de,"size == ""0""","isEmpty == ""True""","peek_obj_type == ""EmptyObject""","push == ""none""","pop == ""EmptyObject""","clear == ""none""","size_p == ""0""",No
3173,1607885830045:8c7d0e2c-d843-42cf-9079-47f200a0110d,1607885830045:099c5895-2a5c-4c30-8710-5cce66b0432f,"size == ""0""","isEmpty == ""True""","peek_obj_type == ""EmptyObject""","push == ""class java.lang.String""","pop == ""none""","clear == ""none""","size_p == ""0""",Yes
3174,1607885830045:8c7d0e2c-d843-42cf-9079-47f200a0110d,1607885830045:099c5895-2a5c-4c30-8710-5cce66b0432f,"size == ""0""","isEmpty == ""True""","peek_obj_type == ""EmptyObject""","push == ""none""","pop == ""EmptyObject""","clear == ""none""","size_p == ""0""",No
3176,1607885830045:6fa3dced-5d38-4d93-9ea3-d9f13fc29ebc,1607885830045:ebb8cdcf-e6f3-41a0-b997-1175b79cfc61,"size == ""0""","isEmpty == ""True""","peek_obj_type == ""EmptyObject""","push == ""class java.lang.String""","pop == ""none""","clear == ""none""","size_p == ""0""",Yes
3178,1607885830045:6fa3dced-5d38-4d93-9ea3-d9f13fc29ebc,1607885830045:a1dba846-460f-409e-a65d-523204ca41b5,"size == ""0""","isEmpty == ""True""","peek_obj_type == ""EmptyObject""","push == ""class java.lang.String""","pop == ""none""","clear == ""none""","size_p == ""0""",Yes
3179,1607885830045:6fa3dced-5d38-4d93-9ea3-d9f13fc29ebc,1607885830045:a1dba846-460f-409e-a65d-523204ca41b5,"size == ""0""","isEmpty == ""True""","peek_obj_type == ""EmptyObject""","push == ""class java.lang.String""","pop == ""none""","clear == ""none""","size_p == ""0""",Yes
3180,1607885830045:6fa3dced-5d38-4d93-9ea3-d9f13fc29ebc,1607885830045:a1dba846-460f-409e-a65d-523204ca41b5,"size == ""0""","isEmpty == ""True""","peek_obj_type == ""EmptyObject""","push == ""class java.lang.String""","pop == ""none""","clear == ""none""","size_p == ""0""",Yes
3181,1607885830045:6fa3dced-5d38-4d93-9ea3-d9f13fc29ebc,1607885830045:a1dba846-460f-409e-a65d-523204ca41b5,"size == ""1""","isEmpty == ""False""","peek_obj_type == ""class java.lang.String""","push == ""none""","pop == ""none""","clear == ""clear""","size_p == ""0""",Yes
3183,1607885830045:6fa3dced-5d38-4d93-9ea3-d9f13fc29ebc,1607885830045:79a52005-12ff-4e4b-a7d8-4aeb785242fb,"size == ""0""","isEmpty == ""True""","peek_obj_type == ""EmptyObject""","push == ""class java.lang.String""","pop == ""none""","clear == ""none""","size_p == ""0""",Yes
3184,1607885830045:6fa3dced-5d38-4d93-9ea3-d9f13fc29ebc,1607885830045:79a52005-12ff-4e4b-a7d8-4aeb785242fb,"size == ""0""","isEmpty == ""True""","peek_obj_type == ""EmptyObject""","push == ""none""","pop == ""EmptyObject""","clear == ""none""","size_p == ""0""",No
3186,1607885830045:13767402-2dc4-42c2-b158-8590d7b3caaa,1607885830045:b9ca93d7-7ad0-4296-8a26-4ab3497978f7,"size == ""0""","isEmpty == ""True""","peek_obj_type == ""EmptyObject""","push == ""class java.lang.String""","pop == ""none""","clear == ""none""","size_p == ""0""",Yes
3188,1607885830045:13767402-2dc4-42c2-b158-8590d7b3caaa,1607885830045:65fc7998-db62-428c-9588-9bd4e3ab8f5c,"size == ""0""","isEmpty == ""True""","peek_obj_type == ""EmptyObject""","push == ""class java.lang.String""","pop == ""none""","clear == ""none""","size_p == ""0""",Yes
3189,1607885830045:13767402-2dc4-42c2-b158-8590d7b3caaa,1607885830045:65fc7998-db62-428c-9588-9bd4e3ab8f5c,"size == ""0""","isEmpty == ""True""","peek_obj_type == ""EmptyObject""","push == ""none""","pop == ""EmptyObject""","clear == ""none""","size_p == ""0""",No
3191,1607885830044:c41b88ef-35d5-4b04-9a08-9bf7a8e1be09,1607885830044:d8b4a2cd-5c9a-4c58-b2a6-60a6542101af,"size == ""0""","isEmpty == ""True""","peek_obj_type == ""EmptyObject""","push == ""class java.lang.String""","pop == ""none""","clear == ""none""","size_p == ""0""",Yes
3192,1607885830044:c41b88ef-35d5-4b04-9a08-9bf7a8e1be09,1607885830044:d8b4a2cd-5c9a-4c58-b2a6-60a6542101af,"size == ""0""","isEmpty == ""True""","peek_obj_type == ""EmptyObject""","push == ""none""","pop == ""EmptyObject""","clear == ""none""","size_p == ""0""",No
3194,1607885830044:8b60d51f-739a-449c-8118-514ac43d54c7,1607885830044:f4c30238-71dd-4bdd-88ea-729e0d8ab4d6,"size == ""1""","isEmpty == ""False""","peek_obj_type == ""class java.lang.String""","push == ""none""","pop == ""none""","clear == ""clear""","size_p == ""0""",Yes
3195,1607885830044:8b60d51f-739a-449c-8118-514ac43d54c7,1607885830044:f4c30238-71dd-4bdd-88ea-729e0d8ab4d6,"size == ""1""","isEmpty == ""False""","peek_obj_type == ""class java.lang.String""","push == ""class java.lang.String""","pop == ""none""","clear == ""none""","size_p == ""1""",Yes
3196,1607885830044:8b60d51f-739a-449c-8118-514ac43d54c7,1607885830044:f4c30238-71dd-4bdd-88ea-729e0d8ab4d6,"size == ""2""","isEmpty == ""False""","peek_obj_type == ""class java.lang.String""","push == ""none""","pop == ""none""","clear == ""clear""","size_p == ""1""",Yes
3197,1607885830044:8b60d51f-739a-449c-8118-514ac43d54c7,1607885830044:f4c30238-71dd-4bdd-88ea-729e0d8ab4d6,"size == ""3""","isEmpty == ""False""","peek_obj_type == ""class java.lang.String""","push == ""none""","pop == ""none""","clear == ""clear""","size_p == ""2""",Yes
3198,1607885830044:8b60d51f-739a-449c-8118-514ac43d54c7,1607885830044:f4c30238-71dd-4bdd-88ea-729e0d8ab4d6,"size == ""4""","isEmpty == ""False""","peek_obj_type == ""class java.lang.String""","push == ""none""","pop == ""none""","clear == ""clear""","size_p == ""3""",Yes
3200,1607885830044:8b60d51f-739a-449c-8118-514ac43d54c7,1607885830044:27f57d88-7e43-4263-815e-9320d6afdcec,"size == ""0""","isEmpty == ""True""","peek_obj_type == ""EmptyObject""","push == ""class java.lang.String""","pop == ""none""","clear == ""none""","size_p == ""0""",Yes
3201,1607885830044:8b60d51f-739a-449c-8118-514ac43d54c7,1607885830044:27f57d88-7e43-4263-815e-9320d6afdcec,"size == ""0""","isEmpty == ""True""","peek_obj_type == ""EmptyObject""","push == ""none""","pop == ""EmptyObject""","clear == ""none""","size_p == ""0""",No
3203,1607885830044:82b490b9-4625-4b1b-894a-0c6aa951f1e1,1607885830044:d4b20d6a-6051-40f1-88b5-a3a08e37fa81,"size == ""0""","isEmpty == ""True""","peek_obj_type == ""EmptyObject""","push == ""class java.lang.String""","pop == ""none""","clear == ""none""","size_p == ""0""",Yes
3205,1607885830044:82b490b9-4625-4b1b-894a-0c6aa951f1e1,1607885830044:4abaeea9-8393-4fbf-98aa-c76e5dfa2e48,"size == ""0""","isEmpty == ""True""","peek_obj_type == ""EmptyObject""","push == ""class java.lang.String""","pop == ""none""","clear == ""none""","size_p == ""0""",Yes
3206,1607885830044:82b490b9-4625-4b1b-894a-0c6aa951f1e1,1607885830044:4abaeea9-8393-4fbf-98aa-c76e5dfa2e48,"size == ""0""","isEmpty == ""True""","peek_obj_type == ""EmptyObject""","push == ""none""","pop == ""EmptyObject""","clear == ""none""","size_p == ""0""",No
3208,1607885830044:76526aee-2944-486b-b926-e1225c52e77c,1607885830044:3c74dea8-44d4-4448-992e-5c92267cb2b9,"size == ""0""","isEmpty == ""True""","peek_obj_type == ""EmptyObject""","push == ""class java.lang.String""","pop == ""none""","clear == ""none""","size_p == ""0""",Yes
3209,1607885830044:76526aee-2944-486b-b926-e1225c52e77c,1607885830044:3c74dea8-44d4-4448-992e-5c92267cb2b9,"size == ""0""","isEmpty == ""True""","peek_obj_type == ""EmptyObject""","push == ""none""","pop == ""EmptyObject""","clear == ""none""","size_p == ""0""",No
3211,1607885830044:4abcb3d3-8a99-43c2-a734-5e09faf16724,1607885830044:c048bd54-f373-48cb-82d2-6c0cec13f0dd,"size == ""0""","isEmpty == ""True""","peek_obj_type == ""EmptyObject""","push == ""class java.lang.String""","pop == ""none""","clear == ""none""","size_p == ""0""",Yes
3212,1607885830044:4abcb3d3-8a99-43c2-a734-5e09faf16724,1607885830044:c048bd54-f373-48cb-82d2-6c0cec13f0dd,"size == ""0""","isEmpty == ""True""","peek_obj_type == ""EmptyObject""","push == ""class java.lang.String""","pop == ""none""","clear == ""none""","size_p == ""0""",Yes
3214,1607885830044:4abcb3d3-8a99-43c2-a734-5e09faf16724,1607885830044:9544ccd0-1d57-4335-a241-5f70e7576f17,"size == ""0""","isEmpty == ""True""","peek_obj_type == ""EmptyObject""","push == ""class java.lang.String""","pop == ""none""","clear == ""none""","size_p == ""0""",Yes
3215,1607885830044:4abcb3d3-8a99-43c2-a734-5e09faf16724,1607885830044:9544ccd0-1d57-4335-a241-5f70e7576f17,"size == ""0""","isEmpty == ""True""","peek_obj_type == ""EmptyObject""","push == ""none""","pop == ""EmptyObject""","clear == ""none""","size_p == ""0""",No
3217,1607885830044:0ec1417f-afd8-4936-bced-6bf57895ae76,1607885830044:3c9ce808-5990-4ffe-ac61-184231e610bc,"size == ""0""","isEmpty == ""True""","peek_obj_type == ""EmptyObject""","push == ""class java.lang.String""","pop == ""none""","clear == ""none""","size_p == ""0""",Yes
3218,1607885830044:0ec1417f-afd8-4936-bced-6bf57895ae76,1607885830044:3c9ce808-5990-4ffe-ac61-184231e610bc,"size == ""0""","isEmpty == ""True""","peek_obj_type == ""EmptyObject""","push == ""none""","pop == ""EmptyObject""","clear == ""none""","size_p == ""0""",No
3220,1607885830044:0acf6684-22a5-4e15-a46d-b157d62b75e1,1607885830044:c71273e1-5d95-4443-978f-b9de848446d9,"size == ""0""","isEmpty == ""True""","peek_obj_type == ""EmptyObject""","push == ""class java.lang.String""","pop == ""none""","clear == ""none""","size_p == ""0""",Yes
3222,1607885830044:0acf6684-22a5-4e15-a46d-b157d62b75e1,1607885830044:2cd965d8-f728-4a7d-916a-9c5d3025ef66,"size == ""0""","isEmpty == ""True""","peek_obj_type == ""EmptyObject""","push == ""class java.lang.String""","pop == ""none""","clear == ""none""","size_p == ""0""",Yes
3223,1607885830044:0acf6684-22a5-4e15-a46d-b157d62b75e1,1607885830044:2cd965d8-f728-4a7d-916a-9c5d3025ef66,"size == ""0""","isEmpty == ""True""","peek_obj_type == ""EmptyObject""","push == ""none""","pop == ""EmptyObject""","clear == ""none""","size_p == ""0""",No
3226,1607885830043:fd9c6683-ab29-4a70-b7a0-6f67db8546d7,1607885830043:c5bac09e-1793-4980-9d9d-2229d3148b85,"size == ""0""","isEmpty == ""True""","peek_obj_type == ""EmptyObject""","push == ""class java.lang.String""","pop == ""none""","clear == ""none""","size_p == ""0""",Yes
3227,1607885830043:fd9c6683-ab29-4a70-b7a0-6f67db8546d7,1607885830043:c5bac09e-1793-4980-9d9d-2229d3148b85,"size == ""0""","isEmpty == ""True""","peek_obj_type == ""EmptyObject""","push == ""none""","pop == ""EmptyObject""","clear == ""none""","size_p == ""0""",No
3229,1607885830043:fd9c6683-ab29-4a70-b7a0-6f67db8546d7,1607885830043:6a8f80da-bda5-46c9-aa2f-dd722acd451e,"size == ""0""","isEmpty == ""True""","peek_obj_type == ""EmptyObject""","push == ""class java.lang.String""","pop == ""none""","clear == ""none""","size_p == ""0""",Yes
3230,1607885830043:fd9c6683-ab29-4a70-b7a0-6f67db8546d7,1607885830043:6a8f80da-bda5-46c9-aa2f-dd722acd451e,"size == ""0""","isEmpty == ""True""","peek_obj_type == ""EmptyObject""","push == ""class java.lang.String""","pop == ""none""","clear == ""none""","size_p == ""0""",Yes
3232,1607885830043:ee0ecac0-957d-4056-81fd-fd044aa0a3d0,1607885830043:7a57a2cf-e77b-41cb-b9d3-4b679eb8cf5c,"size == ""0""","isEmpty == ""True""","peek_obj_type == ""EmptyObject""","push == ""class java.lang.String""","pop == ""none""","clear == ""none""","size_p == ""0""",Yes
3234,1607885830043:ee0ecac0-957d-4056-81fd-fd044aa0a3d0,1607885830043:65e8bd72-3a8c-4789-a41c-ad7021c83d0b,"size == ""0""","isEmpty == ""True""","peek_obj_type == ""EmptyObject""","push == ""class java.lang.String""","pop == ""none""","clear == ""none""","size_p == ""0""",Yes
3235,1607885830043:ee0ecac0-957d-4056-81fd-fd044aa0a3d0,1607885830043:65e8bd72-3a8c-4789-a41c-ad7021c83d0b,"size == ""0""","isEmpty == ""True""","peek_obj_type == ""EmptyObject""","push == ""none""","pop == ""EmptyObject""","clear == ""none""","size_p == ""0""",No
3237,1607885830043:bfb0584a-ed24-45e1-9520-1c00ebb9c026,1607885830043:e558b6a6-dd2b-4c94-a540-20636eca2cfe,"size == ""0""","isEmpty == ""True""","peek_obj_type == ""EmptyObject""","push == ""class java.lang.String""","pop == ""none""","clear == ""none""","size_p == ""0""",Yes
3238,1607885830043:bfb0584a-ed24-45e1-9520-1c00ebb9c026,1607885830043:e558b6a6-dd2b-4c94-a540-20636eca2cfe,"size == ""0""","isEmpty == ""True""","peek_obj_type == ""EmptyObject""","push == ""none""","pop == ""EmptyObject""","clear == ""none""","size_p == ""0""",No
3240,1607885830043:abda6513-8698-4503-8beb-a705d3c8beca,1607885830043:2aab5870-b2d3-4ea7-8e8b-7e70406a8317,"size == ""0""","isEmpty == ""True""","peek_obj_type == ""EmptyObject""","push == ""class java.lang.String""","pop == ""none""","clear == ""none""","size_p == ""0""",Yes
3241,1607885830043:abda6513-8698-4503-8beb-a705d3c8beca,1607885830043:2aab5870-b2d3-4ea7-8e8b-7e70406a8317,"size == ""0""","isEmpty == ""True""","peek_obj_type == ""EmptyObject""","push == ""none""","pop == ""EmptyObject""","clear == ""none""","size_p == ""0""",No
3243,1607885830043:984f964a-c1b4-4042-8cd2-fc31f0b521de,1607885830043:aa843edc-14ff-437f-873e-2d8e6974af4a,"size == ""0""","isEmpty == ""True""","peek_obj_type == ""EmptyObject""","push == ""class java.lang.String""","pop == ""none""","clear == ""none""","size_p == ""0""",Yes
3244,1607885830043:984f964a-c1b4-4042-8cd2-fc31f0b521de,1607885830043:aa843edc-14ff-437f-873e-2d8e6974af4a,"size == ""0""","isEmpty == ""True""","peek_obj_type == ""EmptyObject""","push == ""none""","pop == ""EmptyObject""","clear == ""none""","size_p == ""0""",No
3246,1607885830043:94b6a5a4-fba4-4df8-a616-40f63bdf3158,1607885830043:e7eda2bd-0fd9-46ff-a730-ef4093ffa090,"size == ""0""","isEmpty == ""True""","peek_obj_type == ""EmptyObject""","push == ""class java.lang.String""","pop == ""none""","clear == ""none""","size_p == ""0""",Yes
3247,1607885830043:94b6a5a4-fba4-4df8-a616-40f63bdf3158,1607885830043:e7eda2bd-0fd9-46ff-a730-ef4093ffa090,"size == ""0""","isEmpty == ""True""","peek_obj_type == ""EmptyObject""","push == ""none""","pop == ""EmptyObject""","clear == ""none""","size_p == ""0""",No
3249,1607885830043:78532ee7-4124-493a-a509-beb771584807,1607885830043:fb5c3145-4f5f-4a91-8301-7da964a962ea,"size == ""0""","isEmpty == ""True""","peek_obj_type == ""EmptyObject""","push == ""class java.lang.String""","pop == ""none""","clear == ""none""","size_p == ""0""",Yes
3250,1607885830043:78532ee7-4124-493a-a509-beb771584807,1607885830043:fb5c3145-4f5f-4a91-8301-7da964a962ea,"size == ""0""","isEmpty == ""True""","peek_obj_type == ""EmptyObject""","push == ""none""","pop == ""EmptyObject""","clear == ""none""","size_p == ""0""",No
3252,1607885830043:1ae89464-3d84-4859-9ec2-fabcca499ab0,1607885830043:a90a2401-2b48-4aa2-b208-4ec592f6b13f,"size == ""0""","isEmpty == ""True""","peek_obj_type == ""EmptyObject""","push == ""class java.lang.String""","pop == ""none""","clear == ""none""","size_p == ""0""",Yes
3253,1607885830043:1ae89464-3d84-4859-9ec2-fabcca499ab0,1607885830043:a90a2401-2b48-4aa2-b208-4ec592f6b13f,"size == ""0""","isEmpty == ""True""","peek_obj_type == ""EmptyObject""","push == ""none""","pop == ""EmptyObject""","clear == ""none""","size_p == ""0""",No
3255,1607885830043:1ae89464-3d84-4859-9ec2-fabcca499ab0,1607885830043:30599616-c4e8-457a-a010-b9a2d92412a7,"size == ""0""","isEmpty == ""True""","peek_obj_type == ""EmptyObject""","push == ""class java.lang.String""","pop == ""none""","clear == ""none""","size_p == ""0""",Yes
3257,1607885830042:d1f5a29b-5c40-4b0f-bf35-6f53e8511841,1607885830042:aacde5f0-9f25-4e87-b542-804e379bc3f1,"size == ""1""","isEmpty == ""False""","peek_obj_type == ""class java.lang.String""","push == ""none""","pop == ""none""","clear == ""clear""","size_p == ""0""",Yes
3258,1607885830042:d1f5a29b-5c40-4b0f-bf35-6f53e8511841,1607885830042:aacde5f0-9f25-4e87-b542-804e379bc3f1,"size == ""1""","isEmpty == ""False""","peek_obj_type == ""class java.lang.String""","push == ""class java.lang.String""","pop == ""none""","clear == ""none""","size_p == ""1""",Yes
3259,1607885830042:d1f5a29b-5c40-4b0f-bf35-6f53e8511841,1607885830042:aacde5f0-9f25-4e87-b542-804e379bc3f1,"size == ""2""","isEmpty == ""False""","peek_obj_type == ""class java.lang.String""","push == ""none""","pop == ""none""","clear == ""clear""","size_p == ""1""",Yes
3260,1607885830042:d1f5a29b-5c40-4b0f-bf35-6f53e8511841,1607885830042:aacde5f0-9f25-4e87-b542-804e379bc3f1,"size == ""3""","isEmpty == ""False""","peek_obj_type == ""class java.lang.String""","push == ""none""","pop == ""none""","clear == ""clear""","size_p == ""2""",Yes
3261,1607885830042:d1f5a29b-5c40-4b0f-bf35-6f53e8511841,1607885830042:aacde5f0-9f25-4e87-b542-804e379bc3f1,"size == ""4""","isEmpty == ""False""","peek_obj_type == ""class java.lang.String""","push == ""none""","pop == ""none""","clear == ""clear""","size_p == ""3""",Yes
3263,1607885830042:d1f5a29b-5c40-4b0f-bf35-6f53e8511841,1607885830042:323803da-58cc-4c29-a7eb-faf85dc4981f,"size == ""0""","isEmpty == ""True""","peek_obj_type == ""EmptyObject""","push == ""class java.lang.String""","pop == ""none""","clear == ""none""","size_p == ""0""",Yes
3264,1607885830042:d1f5a29b-5c40-4b0f-bf35-6f53e8511841,1607885830042:323803da-58cc-4c29-a7eb-faf85dc4981f,"size == ""0""","isEmpty == ""True""","peek_obj_type == ""EmptyObject""","push == ""none""","pop == ""EmptyObject""","clear == ""none""","size_p == ""0""",No
3266,1607885830042:ca98cd74-be9b-4962-b5d8-b702605a6acc,1607885830042:e0cf3e05-1033-424e-9e03-7265c9ad444b,"size == ""1""","isEmpty == ""False""","peek_obj_type == ""class java.lang.String""","push == ""none""","pop == ""none""","clear == ""clear""","size_p == ""0""",Yes
3267,1607885830042:ca98cd74-be9b-4962-b5d8-b702605a6acc,1607885830042:e0cf3e05-1033-424e-9e03-7265c9ad444b,"size == ""1""","isEmpty == ""False""","peek_obj_type == ""class java.lang.String""","push == ""class java.lang.String""","pop == ""none""","clear == ""none""","size_p == ""1""",Yes
3268,1607885830042:ca98cd74-be9b-4962-b5d8-b702605a6acc,1607885830042:e0cf3e05-1033-424e-9e03-7265c9ad444b,"size == ""2""","isEmpty == ""False""","peek_obj_type == ""class java.lang.String""","push == ""none""","pop == ""none""","clear == ""clear""","size_p == ""1""",Yes
3269,1607885830042:ca98cd74-be9b-4962-b5d8-b702605a6acc,1607885830042:e0cf3e05-1033-424e-9e03-7265c9ad444b,"size == ""3""","isEmpty == ""False""","peek_obj_type == ""class java.lang.String""","push == ""none""","pop == ""none""","clear == ""clear""","size_p == ""2""",Yes
3270,1607885830042:ca98cd74-be9b-4962-b5d8-b702605a6acc,1607885830042:e0cf3e05-1033-424e-9e03-7265c9ad444b,"size == ""4""","isEmpty == ""False""","peek_obj_type == ""class java.lang.String""","push == ""none""","pop == ""none""","clear == ""clear""","size_p == ""3""",Yes
3272,1607885830042:ca98cd74-be9b-4962-b5d8-b702605a6acc,1607885830042:db6be10a-02fb-48e0-b060-d6f1a281676e,"size == ""0""","isEmpty == ""True""","peek_obj_type == ""EmptyObject""","push == ""class java.lang.String""","pop == ""none""","clear == ""none""","size_p == ""0""",Yes
3273,1607885830042:ca98cd74-be9b-4962-b5d8-b702605a6acc,1607885830042:db6be10a-02fb-48e0-b060-d6f1a281676e,"size == ""0""","isEmpty == ""True""","peek_obj_type == ""EmptyObject""","push == ""none""","pop == ""EmptyObject""","clear == ""none""","size_p == ""0""",No
3275,1607885830042:87ce6336-1c66-4624-ade0-7bba04dab8ac,1607885830042:d5fff720-1e4f-45a7-943d-71ec219b125f,"size == ""0""","isEmpty == ""True""","peek_obj_type == ""EmptyObject""","push == ""class java.lang.String""","pop == ""none""","clear == ""none""","size_p == ""0""",Yes
3276,1607885830042:87ce6336-1c66-4624-ade0-7bba04dab8ac,1607885830042:d5fff720-1e4f-45a7-943d-71ec219b125f,"size == ""0""","isEmpty == ""True""","peek_obj_type == ""EmptyObject""","push == ""none""","pop == ""EmptyObject""","clear == ""none""","size_p == ""0""",No
3278,1607885830042:87ce6336-1c66-4624-ade0-7bba04dab8ac,1607885830042:93dc05b3-bc72-4e9a-9035-30d7775c2ce5,"size == ""0""","isEmpty == ""True""","peek_obj_type == ""EmptyObject""","push == ""class java.lang.String""","pop == ""none""","clear == ""none""","size_p == ""0""",Yes
3279,1607885830042:87ce6336-1c66-4624-ade0-7bba04dab8ac,1607885830042:93dc05b3-bc72-4e9a-9035-30d7775c2ce5,"size == ""0""","isEmpty == ""True""","peek_obj_type == ""EmptyObject""","push == ""class java.lang.String""","pop == ""none""","clear == ""none""","size_p == ""0""",Yes
3281,1607885830042:3936f78a-78c0-4b4d-99c5-9be3a91e7d02,1607885830042:a9178286-ec72-4eaf-a36a-1d6b659fff03,"size == ""0""","isEmpty == ""True""","peek_obj_type == ""EmptyObject""","push == ""class java.lang.String""","pop == ""none""","clear == ""none""","size_p == ""0""",Yes
3282,1607885830042:3936f78a-78c0-4b4d-99c5-9be3a91e7d02,1607885830042:a9178286-ec72-4eaf-a36a-1d6b659fff03,"size == ""0""","isEmpty == ""True""","peek_obj_type == ""EmptyObject""","push == ""none""","pop == ""EmptyObject""","clear == ""none""","size_p == ""0""",No
3284,1607885830042:1e983c50-959d-41ee-bfa4-65025558cdc0,1607885830042:cccb4284-270e-40e2-9004-2f5583c9ce58,"size == ""0""","isEmpty == ""True""","peek_obj_type == ""EmptyObject""","push == ""class java.lang.String""","pop == ""none""","clear == ""none""","size_p == ""0""",Yes
3285,1607885830042:1e983c50-959d-41ee-bfa4-65025558cdc0,1607885830042:cccb4284-270e-40e2-9004-2f5583c9ce58,"size == ""0""","isEmpty == ""True""","peek_obj_type == ""EmptyObject""","push == ""none""","pop == ""EmptyObject""","clear == ""none""","size_p == ""0""",No
3287,1607885830042:140f89d6-56e7-4dd9-b060-af1830e8a7e5,1607885830042:fdfe9787-14dc-4f3f-a761-04dc27bc68ed,"size == ""0""","isEmpty == ""True""","peek_obj_type == ""EmptyObject""","push == ""class java.lang.String""","pop == ""none""","clear == ""none""","size_p == ""0""",Yes
3288,1607885830042:140f89d6-56e7-4dd9-b060-af1830e8a7e5,1607885830042:fdfe9787-14dc-4f3f-a761-04dc27bc68ed,"size == ""0""","isEmpty == ""True""","peek_obj_type == ""EmptyObject""","push == ""none""","pop == ""EmptyObject""","clear == ""none""","size_p == ""0""",No
3290,1607885830041:ed59170d-a99f-46ee-88c4-7d4c18919775,1607885830041:ebdcf0fb-58e8-458a-9aea-ebbdc447003f,"size == ""1""","isEmpty == ""False""","peek_obj_type == ""class java.lang.String""","push == ""none""","pop == ""none""","clear == ""clear""","size_p == ""0""",Yes
3291,1607885830041:ed59170d-a99f-46ee-88c4-7d4c18919775,1607885830041:ebdcf0fb-58e8-458a-9aea-ebbdc447003f,"size == ""1""","isEmpty == ""False""","peek_obj_type == ""class java.lang.String""","push == ""class java.lang.String""","pop == ""none""","clear == ""none""","size_p == ""1""",Yes
3292,1607885830041:ed59170d-a99f-46ee-88c4-7d4c18919775,1607885830041:ebdcf0fb-58e8-458a-9aea-ebbdc447003f,"size == ""2""","isEmpty == ""False""","peek_obj_type == ""class java.lang.String""","push == ""none""","pop == ""none""","clear == ""clear""","size_p == ""1""",Yes
3293,1607885830041:ed59170d-a99f-46ee-88c4-7d4c18919775,1607885830041:ebdcf0fb-58e8-458a-9aea-ebbdc447003f,"size == ""3""","isEmpty == ""False""","peek_obj_type == ""class java.lang.String""","push == ""none""","pop == ""none""","clear == ""clear""","size_p == ""2""",Yes
3294,1607885830041:ed59170d-a99f-46ee-88c4-7d4c18919775,1607885830041:ebdcf0fb-58e8-458a-9aea-ebbdc447003f,"size == ""4""","isEmpty == ""False""","peek_obj_type == ""class java.lang.String""","push == ""none""","pop == ""none""","clear == ""clear""","size_p == ""3""",Yes
3296,1607885830041:ed59170d-a99f-46ee-88c4-7d4c18919775,1607885830041:ce3376e5-02de-454d-ad98-7e07ecc8be86,"size == ""0""","isEmpty == ""True""","peek_obj_type == ""EmptyObject""","push == ""class java.lang.String""","pop == ""none""","clear == ""none""","size_p == ""0""",Yes
3298,1607885830041:ed59170d-a99f-46ee-88c4-7d4c18919775,1607885830041:95402e6b-6e32-40c4-8cc1-153eeac429d9,"size == ""0""","isEmpty == ""True""","peek_obj_type == ""EmptyObject""","push == ""class java.lang.String""","pop == ""none""","clear == ""none""","size_p == ""0""",Yes
3299,1607885830041:ed59170d-a99f-46ee-88c4-7d4c18919775,1607885830041:95402e6b-6e32-40c4-8cc1-153eeac429d9,"size == ""0""","isEmpty == ""True""","peek_obj_type == ""EmptyObject""","push == ""none""","pop == ""EmptyObject""","clear == ""none""","size_p == ""0""",No
3302,1607885830041:dd962f5d-4200-4ad5-bc72-0ddc392bc36b,1607885830041:9d8b1688-d95c-4382-8ed8-26e06d47e075,"size == ""0""","isEmpty == ""True""","peek_obj_type == ""EmptyObject""","push == ""class java.lang.String""","pop == ""none""","clear == ""none""","size_p == ""0""",Yes
3303,1607885830041:dd962f5d-4200-4ad5-bc72-0ddc392bc36b,1607885830041:9d8b1688-d95c-4382-8ed8-26e06d47e075,"size == ""0""","isEmpty == ""True""","peek_obj_type == ""EmptyObject""","push == ""none""","pop == ""EmptyObject""","clear == ""none""","size_p == ""0""",No
3305,1607885830041:c194b7a4-4986-474c-9c46-336c043ef1e8,1607885830042:d1d66f5f-1ee1-4e7f-aa27-dd2fb7747dd3,"size == ""0""","isEmpty == ""True""","peek_obj_type == ""EmptyObject""","push == ""class java.lang.String""","pop == ""none""","clear == ""none""","size_p == ""0""",Yes
3306,1607885830041:c194b7a4-4986-474c-9c46-336c043ef1e8,1607885830042:d1d66f5f-1ee1-4e7f-aa27-dd2fb7747dd3,"size == ""0""","isEmpty == ""True""","peek_obj_type == ""EmptyObject""","push == ""none""","pop == ""EmptyObject""","clear == ""none""","size_p == ""0""",No
3308,1607885830041:c194b7a4-4986-474c-9c46-336c043ef1e8,1607885830041:618bec2e-f375-468b-94a0-2827e5342d2f,"size == ""1""","isEmpty == ""False""","peek_obj_type == ""class java.lang.String""","push == ""none""","pop == ""none""","clear == ""clear""","size_p == ""0""",Yes
3309,1607885830041:c194b7a4-4986-474c-9c46-336c043ef1e8,1607885830041:618bec2e-f375-468b-94a0-2827e5342d2f,"size == ""1""","isEmpty == ""False""","peek_obj_type == ""class java.lang.String""","push == ""class java.lang.String""","pop == ""none""","clear == ""none""","size_p == ""1""",Yes
3310,1607885830041:c194b7a4-4986-474c-9c46-336c043ef1e8,1607885830041:618bec2e-f375-468b-94a0-2827e5342d2f,"size == ""2""","isEmpty == ""False""","peek_obj_type == ""class java.lang.String""","push == ""none""","pop == ""none""","clear == ""clear""","size_p == ""1""",Yes
3311,1607885830041:c194b7a4-4986-474c-9c46-336c043ef1e8,1607885830041:618bec2e-f375-468b-94a0-2827e5342d2f,"size == ""3""","isEmpty == ""False""","peek_obj_type == ""class java.lang.String""","push == ""none""","pop == ""none""","clear == ""clear""","size_p == ""2""",Yes
3312,1607885830041:c194b7a4-4986-474c-9c46-336c043ef1e8,1607885830041:618bec2e-f375-468b-94a0-2827e5342d2f,"size == ""4""","isEmpty == ""False""","peek_obj_type == ""class java.lang.String""","push == ""none""","pop == ""none""","clear == ""clear""","size_p == ""3""",Yes
3314,1607885830041:8e504424-7ece-4166-8fbb-6d2889e88240,1607885830041:e0256928-92b5-4338-9bcd-15bfdbd75702,"size == ""0""","isEmpty == ""True""","peek_obj_type == ""EmptyObject""","push == ""class java.lang.String""","pop == ""none""","clear == ""none""","size_p == ""0""",Yes
3315,1607885830041:8e504424-7ece-4166-8fbb-6d2889e88240,1607885830041:e0256928-92b5-4338-9bcd-15bfdbd75702,"size == ""0""","isEmpty == ""True""","peek_obj_type == ""EmptyObject""","push == ""none""","pop == ""EmptyObject""","clear == ""none""","size_p == ""0""",No
3317,1607885830041:80a1a6d2-2168-4aa8-bae4-7e1acc704852,1607885830041:f9769b9e-e286-47ec-861c-f5fb3318de56,"size == ""0""","isEmpty == ""True""","peek_obj_type == ""EmptyObject""","push == ""class java.lang.String""","pop == ""none""","clear == ""none""","size_p == ""0""",Yes
3318,1607885830041:80a1a6d2-2168-4aa8-bae4-7e1acc704852,1607885830041:f9769b9e-e286-47ec-861c-f5fb3318de56,"size == ""0""","isEmpty == ""True""","peek_obj_type == ""EmptyObject""","push == ""none""","pop == ""EmptyObject""","clear == ""none""","size_p == ""0""",No
3320,1607885830041:80a1a6d2-2168-4aa8-bae4-7e1acc704852,1607885830041:24ccfcde-610a-452c-a5c5-14f94ebfc7ea,"size == ""1""","isEmpty == ""False""","peek_obj_type == ""class java.lang.String""","push == ""none""","pop == ""none""","clear == ""clear""","size_p == ""0""",Yes
3321,1607885830041:80a1a6d2-2168-4aa8-bae4-7e1acc704852,1607885830041:24ccfcde-610a-452c-a5c5-14f94ebfc7ea,"size == ""1""","isEmpty == ""False""","peek_obj_type == ""class java.lang.String""","push == ""class java.lang.String""","pop == ""none""","clear == ""none""","size_p == ""1""",Yes
3322,1607885830041:80a1a6d2-2168-4aa8-bae4-7e1acc704852,1607885830041:24ccfcde-610a-452c-a5c5-14f94ebfc7ea,"size == ""0""","isEmpty == ""True""","peek_obj_type == ""EmptyObject""","push == ""none""","pop == ""EmptyObject""","clear == ""none""","size_p == ""1""",No
3324,1607885830041:7d04e2c6-5664-42f2-abe9-1260a99a52a2,1607885830041:c901de33-66b3-43ee-b61e-409f76d880cf,"size == ""0""","isEmpty == ""True""","peek_obj_type == ""EmptyObject""","push == ""class java.lang.String""","pop == ""none""","clear == ""none""","size_p == ""0""",Yes
3325,1607885830041:7d04e2c6-5664-42f2-abe9-1260a99a52a2,1607885830041:c901de33-66b3-43ee-b61e-409f76d880cf,"size == ""0""","isEmpty == ""True""","peek_obj_type == ""EmptyObject""","push == ""none""","pop == ""EmptyObject""","clear == ""none""","size_p == ""0""",No
3327,1607885830041:55ee2bc8-9f8e-405d-8191-55fc92b193cc,1607885830041:d378a5fa-3e6d-4bc0-b823-319cce3a568e,"size == ""0""","isEmpty == ""True""","peek_obj_type == ""EmptyObject""","push == ""class java.lang.String""","pop == ""none""","clear == ""none""","size_p == ""0""",Yes
3328,1607885830041:55ee2bc8-9f8e-405d-8191-55fc92b193cc,1607885830041:d378a5fa-3e6d-4bc0-b823-319cce3a568e,"size == ""0""","isEmpty == ""True""","peek_obj_type == ""EmptyObject""","push == ""none""","pop == ""EmptyObject""","clear == ""none""","size_p == ""0""",No
3330,1607885830041:123169d6-7f97-4fd0-8dc6-d34912b6f027,1607885830041:21f00ee3-d62d-4d64-8821-f4950e14c00d,"size == ""0""","isEmpty == ""True""","peek_obj_type == ""EmptyObject""","push == ""class java.lang.String""","pop == ""none""","clear == ""none""","size_p == ""0""",Yes
3331,1607885830041:123169d6-7f97-4fd0-8dc6-d34912b6f027,1607885830041:21f00ee3-d62d-4d64-8821-f4950e14c00d,"size == ""0""","isEmpty == ""True""","peek_obj_type == ""EmptyObject""","push == ""none""","pop == ""EmptyObject""","clear == ""none""","size_p == ""0""",No
3333,1607885830040:ef22db59-2875-4658-ab6c-35b58ea17cf3,1607885830040:1ffab34d-dbeb-49b7-a111-bdf5635e1dec,"size == ""0""","isEmpty == ""True""","peek_obj_type == ""EmptyObject""","push == ""class java.lang.String""","pop == ""none""","clear == ""none""","size_p == ""0""",Yes
3334,1607885830040:ef22db59-2875-4658-ab6c-35b58ea17cf3,1607885830040:1ffab34d-dbeb-49b7-a111-bdf5635e1dec,"size == ""0""","isEmpty == ""True""","peek_obj_type == ""EmptyObject""","push == ""none""","pop == ""EmptyObject""","clear == ""none""","size_p == ""0""",No
3336,1607885830040:93d5eaa4-efd7-4ba0-828d-b31ae0bf2155,1607885830040:95bb271d-9336-4b57-8d2c-74302d25a2be,"size == ""0""","isEmpty == ""True""","peek_obj_type == ""EmptyObject""","push == ""class java.lang.String""","pop == ""none""","clear == ""none""","size_p == ""0""",Yes
3337,1607885830040:93d5eaa4-efd7-4ba0-828d-b31ae0bf2155,1607885830040:95bb271d-9336-4b57-8d2c-74302d25a2be,"size == ""0""","isEmpty == ""True""","peek_obj_type == ""EmptyObject""","push == ""none""","pop == ""EmptyObject""","clear == ""none""","size_p == ""0""",No
3339,1607885830040:93d5eaa4-efd7-4ba0-828d-b31ae0bf2155,1607885830040:1c56ba83-c595-44e5-8ed2-f16e8cfabc3f,"size == ""1""","isEmpty == ""False""","peek_obj_type == ""class java.lang.String""","push == ""none""","pop == ""none""","clear == ""clear""","size_p == ""0""",Yes
3340,1607885830040:93d5eaa4-efd7-4ba0-828d-b31ae0bf2155,1607885830040:1c56ba83-c595-44e5-8ed2-f16e8cfabc3f,"size == ""1""","isEmpty == ""False""","peek_obj_type == ""class java.lang.String""","push == ""class java.lang.String""","pop == ""none""","clear == ""none""","size_p == ""1""",Yes
3341,1607885830040:93d5eaa4-efd7-4ba0-828d-b31ae0bf2155,1607885830040:1c56ba83-c595-44e5-8ed2-f16e8cfabc3f,"size == ""2""","isEmpty == ""False""","peek_obj_type == ""class java.lang.String""","push == ""none""","pop == ""none""","clear == ""clear""","size_p == ""1""",Yes
3343,1607885830040:534c4682-4333-420e-b288-360048dda6c3,1607885830040:46b4dcf7-6d14-43a9-b4a7-3361d70a8fb9,"size == ""0""","isEmpty == ""True""","peek_obj_type == ""EmptyObject""","push == ""class java.lang.String""","pop == ""none""","clear == ""none""","size_p == ""0""",Yes
3344,1607885830040:534c4682-4333-420e-b288-360048dda6c3,1607885830040:46b4dcf7-6d14-43a9-b4a7-3361d70a8fb9,"size == ""0""","isEmpty == ""True""","peek_obj_type == ""EmptyObject""","push == ""none""","pop == ""EmptyObject""","clear == ""none""","size_p == ""0""",No
3346,1607885830040:3c9147dd-7a32-46a3-9be3-4311a51c2d0f,1607885830040:149ab0bd-d919-4bce-890c-fd4aad29aa78,"size == ""0""","isEmpty == ""True""","peek_obj_type == ""EmptyObject""","push == ""class java.lang.String""","pop == ""none""","clear == ""none""","size_p == ""0""",Yes
3347,1607885830040:3c9147dd-7a32-46a3-9be3-4311a51c2d0f,1607885830040:149ab0bd-d919-4bce-890c-fd4aad29aa78,"size == ""0""","isEmpty == ""True""","peek_obj_type == ""EmptyObject""","push == ""none""","pop == ""EmptyObject""","clear == ""none""","size_p == ""0""",No
3349,1607885830040:36a92409-6bb5-4f15-b052-45b925fefdc6,1607885830040:659ecd1c-e4cd-4cbb-b9c6-a21ff7e19a39,"size == ""0""","isEmpty == ""True""","peek_obj_type == ""EmptyObject""","push == ""class java.lang.String""","pop == ""none""","clear == ""none""","size_p == ""0""",Yes
3350,1607885830040:36a92409-6bb5-4f15-b052-45b925fefdc6,1607885830040:659ecd1c-e4cd-4cbb-b9c6-a21ff7e19a39,"size == ""0""","isEmpty == ""True""","peek_obj_type == ""EmptyObject""","push == ""class java.lang.String""","pop == ""none""","clear == ""none""","size_p == ""0""",Yes
3352,1607885830040:36a92409-6bb5-4f15-b052-45b925fefdc6,1607885830040:262154af-18ed-4fcb-8fa4-cc47cd944418,"size == ""0""","isEmpty == ""True""","peek_obj_type == ""EmptyObject""","push == ""class java.lang.String""","pop == ""none""","clear == ""none""","size_p == ""0""",Yes
3353,1607885830040:36a92409-6bb5-4f15-b052-45b925fefdc6,1607885830040:262154af-18ed-4fcb-8fa4-cc47cd944418,"size == ""0""","isEmpty == ""True""","peek_obj_type == ""EmptyObject""","push == ""none""","pop == ""EmptyObject""","clear == ""none""","size_p == ""0""",No
3355,1607885830040:29eac71d-a582-4428-b4c3-3902844f1e84,1607885830040:35463964-26fa-4e29-861c-2571b9f22de8,"size == ""0""","isEmpty == ""True""","peek_obj_type == ""EmptyObject""","push == ""class java.lang.String""","pop == ""none""","clear == ""none""","size_p == ""0""",Yes
3356,1607885830040:29eac71d-a582-4428-b4c3-3902844f1e84,1607885830040:35463964-26fa-4e29-861c-2571b9f22de8,"size == ""0""","isEmpty == ""True""","peek_obj_type == ""EmptyObject""","push == ""none""","pop == ""EmptyObject""","clear == ""none""","size_p == ""0""",No
3358,1607885830040:1184f58e-b7bd-4152-8fc4-08c799a1632a,1607885830040:f05ba53c-a6cd-41fa-b480-4dbb6e495d19,"size == ""0""","isEmpty == ""True""","peek_obj_type == ""EmptyObject""","push == ""class java.lang.String""","pop == ""none""","clear == ""none""","size_p == ""0""",Yes
3359,1607885830040:1184f58e-b7bd-4152-8fc4-08c799a1632a,1607885830040:f05ba53c-a6cd-41fa-b480-4dbb6e495d19,"size == ""0""","isEmpty == ""True""","peek_obj_type == ""EmptyObject""","push == ""none""","pop == ""EmptyObject""","clear == ""none""","size_p == ""0""",No
3361,1607885830040:101e2e40-1b46-41f8-b731-150f4810a45a,1607885830040:d98dbdc6-8efa-4b3f-9044-32f56fcffcc8,"size == ""0""","isEmpty == ""True""","peek_obj_type == ""EmptyObject""","push == ""class java.lang.String""","pop == ""none""","clear == ""none""","size_p == ""0""",Yes
3362,1607885830040:101e2e40-1b46-41f8-b731-150f4810a45a,1607885830040:d98dbdc6-8efa-4b3f-9044-32f56fcffcc8,"size == ""0""","isEmpty == ""True""","peek_obj_type == ""EmptyObject""","push == ""none""","pop == ""EmptyObject""","clear == ""none""","size_p == ""0""",No
3364,1607885830040:101e2e40-1b46-41f8-b731-150f4810a45a,1607885830040:3028f399-63f9-4272-bd3b-350a166f374b,"size == ""1""","isEmpty == ""False""","peek_obj_type == ""class java.lang.String""","push == ""none""","pop == ""none""","clear == ""clear""","size_p == ""0""",Yes
3365,1607885830040:101e2e40-1b46-41f8-b731-150f4810a45a,1607885830040:3028f399-63f9-4272-bd3b-350a166f374b,"size == ""1""","isEmpty == ""False""","peek_obj_type == ""class java.lang.String""","push == ""class java.lang.String""","pop == ""none""","clear == ""none""","size_p == ""1""",Yes
3366,1607885830040:101e2e40-1b46-41f8-b731-150f4810a45a,1607885830040:3028f399-63f9-4272-bd3b-350a166f374b,"size == ""2""","isEmpty == ""False""","peek_obj_type == ""class java.lang.String""","push == ""none""","pop == ""none""","clear == ""clear""","size_p == ""1""",Yes
3367,1607885830040:101e2e40-1b46-41f8-b731-150f4810a45a,1607885830040:3028f399-63f9-4272-bd3b-350a166f374b,"size == ""3""","isEmpty == ""False""","peek_obj_type == ""class java.lang.String""","push == ""none""","pop == ""none""","clear == ""clear""","size_p == ""2""",Yes
3368,1607885830040:101e2e40-1b46-41f8-b731-150f4810a45a,1607885830040:3028f399-63f9-4272-bd3b-350a166f374b,"size == ""4""","isEmpty == ""False""","peek_obj_type == ""class java.lang.String""","push == ""none""","pop == ""none""","clear == ""clear""","size_p == ""3""",Yes
3370,1607885830039:b02acb63-aefd-43e8-bf3b-1a8768757784,1607885830039:88c4961e-c873-4930-b141-3f3e2244c869,"size == ""0""","isEmpty == ""True""","peek_obj_type == ""EmptyObject""","push == ""class java.lang.String""","pop == ""none""","clear == ""none""","size_p == ""0""",Yes
3371,1607885830039:b02acb63-aefd-43e8-bf3b-1a8768757784,1607885830039:88c4961e-c873-4930-b141-3f3e2244c869,"size == ""0""","isEmpty == ""True""","peek_obj_type == ""EmptyObject""","push == ""none""","pop == ""EmptyObject""","clear == ""none""","size_p == ""0""",No
3373,1607885830039:6d3b5656-699c-418f-a2b4-43318f02a8e4,1607885830039:c67579be-d8c2-422a-b25e-5cdb0628896b,"size == ""0""","isEmpty == ""True""","peek_obj_type == ""EmptyObject""","push == ""class java.lang.String""","pop == ""none""","clear == ""none""","size_p == ""0""",Yes
3374,1607885830039:6d3b5656-699c-418f-a2b4-43318f02a8e4,1607885830039:c67579be-d8c2-422a-b25e-5cdb0628896b,"size == ""0""","isEmpty == ""True""","peek_obj_type == ""EmptyObject""","push == ""none""","pop == ""EmptyObject""","clear == ""none""","size_p == ""0""",No
3376,1607885830039:6d3b5656-699c-418f-a2b4-43318f02a8e4,1607885830039:7288d226-20ed-4ff3-b639-a8468efc87ab,"size == ""1""","isEmpty == ""False""","peek_obj_type == ""class java.lang.String""","push == ""none""","pop == ""none""","clear == ""clear""","size_p == ""0""",Yes
3377,1607885830039:6d3b5656-699c-418f-a2b4-43318f02a8e4,1607885830039:7288d226-20ed-4ff3-b639-a8468efc87ab,"size == ""1""","isEmpty == ""False""","peek_obj_type == ""class java.lang.String""","push == ""class java.lang.String""","pop == ""none""","clear == ""none""","size_p == ""1""",Yes
3378,1607885830039:6d3b5656-699c-418f-a2b4-43318f02a8e4,1607885830039:7288d226-20ed-4ff3-b639-a8468efc87ab,"size == ""0""","isEmpty == ""True""","peek_obj_type == ""EmptyObject""","push == ""none""","pop == ""EmptyObject""","clear == ""none""","size_p == ""1""",No
3379,1607885830039:6d3b5656-699c-418f-a2b4-43318f02a8e4,1607885830039:7288d226-20ed-4ff3-b639-a8468efc87ab,"size == ""1""","isEmpty == ""False""","peek_obj_type == ""class java.lang.String""","push == ""none""","pop == ""none""","clear == ""clear""","size_p == ""0""",Yes
3381,1607885830039:6d3b5656-699c-418f-a2b4-43318f02a8e4,1607885830039:296e51c2-a153-4220-a31c-2c2d87536aab,"size == ""0""","isEmpty == ""True""","peek_obj_type == ""EmptyObject""","push == ""class java.lang.String""","pop == ""none""","clear == ""none""","size_p == ""0""",Yes
3382,1607885830039:6d3b5656-699c-418f-a2b4-43318f02a8e4,1607885830039:296e51c2-a153-4220-a31c-2c2d87536aab,"size == ""0""","isEmpty == ""True""","peek_obj_type == ""EmptyObject""","push == ""class java.lang.String""","pop == ""none""","clear == ""none""","size_p == ""0""",Yes
3383,1607885830039:6d3b5656-699c-418f-a2b4-43318f02a8e4,1607885830039:296e51c2-a153-4220-a31c-2c2d87536aab,"size == ""0""","isEmpty == ""True""","peek_obj_type == ""EmptyObject""","push == ""class java.lang.String""","pop == ""none""","clear == ""none""","size_p == ""0""",Yes
3385,1607885830039:6af90498-3886-42f0-adc6-d4e65b3f129b,1607885830039:54164529-27f1-496a-8658-73f4cfc1d37e,"size == ""0""","isEmpty == ""True""","peek_obj_type == ""EmptyObject""","push == ""class java.lang.String""","pop == ""none""","clear == ""none""","size_p == ""0""",Yes
3386,1607885830039:6af90498-3886-42f0-adc6-d4e65b3f129b,1607885830039:54164529-27f1-496a-8658-73f4cfc1d37e,"size == ""0""","isEmpty == ""True""","peek_obj_type == ""EmptyObject""","push == ""none""","pop == ""EmptyObject""","clear == ""none""","size_p == ""0""",No
3388,1607885830039:4c40fe5f-10ac-47c3-be2a-4cb8c55df373,1607885830039:db091bce-4b0d-4101-b700-414c2d99f875,"size == ""0""","isEmpty == ""True""","peek_obj_type == ""EmptyObject""","push == ""class java.lang.String""","pop == ""none""","clear == ""none""","size_p == ""0""",Yes
3391,1607885830039:4c40fe5f-10ac-47c3-be2a-4cb8c55df373,1607885830039:4c1d6fe8-0cc6-47a1-8a89-f0b42380d1ab,"size == ""0""","isEmpty == ""True""","peek_obj_type == ""EmptyObject""","push == ""class java.lang.String""","pop == ""none""","clear == ""none""","size_p == ""0""",Yes
3392,1607885830039:4c40fe5f-10ac-47c3-be2a-4cb8c55df373,1607885830039:4c1d6fe8-0cc6-47a1-8a89-f0b42380d1ab,"size == ""0""","isEmpty == ""True""","peek_obj_type == ""EmptyObject""","push == ""none""","pop == ""EmptyObject""","clear == ""none""","size_p == ""0""",No
3394,1607885830039:09f12f91-fb9e-4294-a642-5933092aa55a,1607885830039:e12483a2-7e56-4531-a594-2780acf86f76,"size == ""0""","isEmpty == ""True""","peek_obj_type == ""EmptyObject""","push == ""class java.lang.String""","pop == ""none""","clear == ""none""","size_p == ""0""",Yes
3395,1607885830039:09f12f91-fb9e-4294-a642-5933092aa55a,1607885830039:e12483a2-7e56-4531-a594-2780acf86f76,"size == ""0""","isEmpty == ""True""","peek_obj_type == ""EmptyObject""","push == ""none""","pop == ""EmptyObject""","clear == ""none""","size_p == ""0""",No
3397,1607885830039:03170a18-0a23-4520-abc3-684b970028ee,1607885830039:dd7e70e1-7bd9-49be-b494-d94a7f75fcfc,"size == ""0""","isEmpty == ""True""","peek_obj_type == ""EmptyObject""","push == ""class java.lang.String""","pop == ""none""","clear == ""none""","size_p == ""0""",Yes
3399,1607885830039:03170a18-0a23-4520-abc3-684b970028ee,1607885830039:3fd3d059-ba3d-4ebd-93fb-2e5c56c1c0c1,"size == ""0""","isEmpty == ""True""","peek_obj_type == ""EmptyObject""","push == ""class java.lang.String""","pop == ""none""","clear == ""none""","size_p == ""0""",Yes
3400,1607885830039:03170a18-0a23-4520-abc3-684b970028ee,1607885830039:3fd3d059-ba3d-4ebd-93fb-2e5c56c1c0c1,"size == ""0""","isEmpty == ""True""","peek_obj_type == ""EmptyObject""","push == ""none""","pop == ""EmptyObject""","clear == ""none""","size_p == ""0""",No
3402,1607885830038:c11683d5-0504-4310-9e78-b4548241e48a,1607885830038:90d4aa42-ceeb-403f-b96d-c4ae837c190d,"size == ""0""","isEmpty == ""True""","peek_obj_type == ""EmptyObject""","push == ""class java.lang.String""","pop == ""none""","clear == ""none""","size_p == ""0""",Yes
3403,1607885830038:c11683d5-0504-4310-9e78-b4548241e48a,1607885830038:90d4aa42-ceeb-403f-b96d-c4ae837c190d,"size == ""0""","isEmpty == ""True""","peek_obj_type == ""EmptyObject""","push == ""none""","pop == ""EmptyObject""","clear == ""none""","size_p == ""0""",No
3406,1607885830038:c11683d5-0504-4310-9e78-b4548241e48a,1607885830038:531eb12e-a786-44c4-99dd-b7ef422d2574,"size == ""0""","isEmpty == ""True""","peek_obj_type == ""EmptyObject""","push == ""class java.lang.String""","pop == ""none""","clear == ""none""","size_p == ""0""",Yes
3408,1607885830038:a734e883-a3a9-4679-9f3d-d6b66ee54e57,1607885830038:94b5c87a-0768-4975-a243-b1a6420f244a,"size == ""0""","isEmpty == ""True""","peek_obj_type == ""EmptyObject""","push == ""class java.lang.String""","pop == ""none""","clear == ""none""","size_p == ""0""",Yes
3409,1607885830038:a734e883-a3a9-4679-9f3d-d6b66ee54e57,1607885830038:94b5c87a-0768-4975-a243-b1a6420f244a,"size == ""0""","isEmpty == ""True""","peek_obj_type == ""EmptyObject""","push == ""none""","pop == ""EmptyObject""","clear == ""none""","size_p == ""0""",No
3411,1607885830038:55d57b2a-bdf4-4f5e-9030-88b65d58f6c1,1607885830038:d2fdb602-63ab-4d56-bb1b-e91dbebe7d04,"size == ""0""","isEmpty == ""True""","peek_obj_type == ""EmptyObject""","push == ""class java.lang.String""","pop == ""none""","clear == ""none""","size_p == ""0""",Yes
3412,1607885830038:55d57b2a-bdf4-4f5e-9030-88b65d58f6c1,1607885830038:d2fdb602-63ab-4d56-bb1b-e91dbebe7d04,"size == ""0""","isEmpty == ""True""","peek_obj_type == ""EmptyObject""","push == ""none""","pop == ""EmptyObject""","clear == ""none""","size_p == ""0""",No
3414,1607885830038:422334f1-c344-41f5-b991-7662b3c53fe6,1607885830038:16cc2a02-f268-4df1-aa0d-05621b4d6306,"size == ""0""","isEmpty == ""True""","peek_obj_type == ""EmptyObject""","push == ""class java.lang.String""","pop == ""none""","clear == ""none""","size_p == ""0""",Yes
3415,1607885830038:422334f1-c344-41f5-b991-7662b3c53fe6,1607885830038:16cc2a02-f268-4df1-aa0d-05621b4d6306,"size == ""0""","isEmpty == ""True""","peek_obj_type == ""EmptyObject""","push == ""none""","pop == ""EmptyObject""","clear == ""none""","size_p == ""0""",No
3417,1607885830038:1fc4df66-efa6-4e88-9381-bcc3fd0356c5,1607885830038:e7585104-5648-41eb-aa5e-cf512fdfad76,"size == ""0""","isEmpty == ""True""","peek_obj_type == ""EmptyObject""","push == ""class java.lang.String""","pop == ""none""","clear == ""none""","size_p == ""0""",Yes
3418,1607885830038:1fc4df66-efa6-4e88-9381-bcc3fd0356c5,1607885830038:e7585104-5648-41eb-aa5e-cf512fdfad76,"size == ""0""","isEmpty == ""True""","peek_obj_type == ""EmptyObject""","push == ""none""","pop == ""EmptyObject""","clear == ""none""","size_p == ""0""",No
3420,1607885830038:12ecb2bb-db22-41da-a3a0-9328c0a43f16,1607885830038:88ff8c3f-e3ea-4384-b18f-8d6084314267,"size == ""0""","isEmpty == ""True""","peek_obj_type == ""EmptyObject""","push == ""class java.lang.String""","pop == ""none""","clear == ""none""","size_p == ""0""",Yes
3421,1607885830038:12ecb2bb-db22-41da-a3a0-9328c0a43f16,1607885830038:88ff8c3f-e3ea-4384-b18f-8d6084314267,"size == ""0""","isEmpty == ""True""","peek_obj_type == ""EmptyObject""","push == ""none""","pop == ""EmptyObject""","clear == ""none""","size_p == ""0""",No
3423,1607885830038:12ecb2bb-db22-41da-a3a0-9328c0a43f16,1607885830038:75ad093a-3272-46be-bc71-edc9d695d2f5,"size == ""0""","isEmpty == ""True""","peek_obj_type == ""EmptyObject""","push == ""class java.lang.String""","pop == ""none""","clear == ""none""","size_p == ""0""",Yes
3424,1607885830038:12ecb2bb-db22-41da-a3a0-9328c0a43f16,1607885830038:75ad093a-3272-46be-bc71-edc9d695d2f5,"size == ""0""","isEmpty == ""True""","peek_obj_type == ""EmptyObject""","push == ""class java.lang.String""","pop == ""none""","clear == ""none""","size_p == ""0""",Yes
3425,1607885830038:12ecb2bb-db22-41da-a3a0-9328c0a43f16,1607885830038:75ad093a-3272-46be-bc71-edc9d695d2f5,"size == ""0""","isEmpty == ""True""","peek_obj_type == ""EmptyObject""","push == ""class java.lang.String""","pop == ""none""","clear == ""none""","size_p == ""0""",Yes
3427,1607885830038:093ec9b6-f49e-4295-99d6-90970118f814,1607885830038:38039d8f-a29e-4d94-b6eb-7f41ac1b60dd,"size == ""0""","isEmpty == ""True""","peek_obj_type == ""EmptyObject""","push == ""class java.lang.String""","pop == ""none""","clear == ""none""","size_p == ""0""",Yes
3428,1607885830038:093ec9b6-f49e-4295-99d6-90970118f814,1607885830038:38039d8f-a29e-4d94-b6eb-7f41ac1b60dd,"size == ""0""","isEmpty == ""True""","peek_obj_type == ""EmptyObject""","push == ""class java.lang.String""","pop == ""none""","clear == ""none""","size_p == ""0""",Yes
3429,1607885830038:093ec9b6-f49e-4295-99d6-90970118f814,1607885830038:38039d8f-a29e-4d94-b6eb-7f41ac1b60dd,"size == ""0""","isEmpty == ""True""","peek_obj_type == ""EmptyObject""","push == ""class java.lang.String""","pop == ""none""","clear == ""none""","size_p == ""0""",Yes
3430,1607885830038:093ec9b6-f49e-4295-99d6-90970118f814,1607885830038:38039d8f-a29e-4d94-b6eb-7f41ac1b60dd,"size == ""0""","isEmpty == ""True""","peek_obj_type == ""EmptyObject""","push == ""none""","pop == ""EmptyObject""","clear == ""none""","size_p == ""0""",Yes
3432,1607885830038:021f941c-b296-4651-84bd-087cd7745625,1607885830039:7f4da8ec-2ffa-40c0-a0c6-e42fd2cce706,"size == ""0""","isEmpty == ""True""","peek_obj_type == ""EmptyObject""","push == ""class java.lang.String""","pop == ""none""","clear == ""none""","size_p == ""0""",Yes
3433,1607885830038:021f941c-b296-4651-84bd-087cd7745625,1607885830039:7f4da8ec-2ffa-40c0-a0c6-e42fd2cce706,"size == ""0""","isEmpty == ""True""","peek_obj_type == ""EmptyObject""","push == ""none""","pop == ""EmptyObject""","clear == ""none""","size_p == ""0""",No
3435,1607885830037:cbde7fe0-105b-4cfb-b46f-5ea5ff492485,1607885830037:31626877-743f-40ae-a2b8-4da396b96cc4,"size == ""0""","isEmpty == ""True""","peek_obj_type == ""EmptyObject""","push == ""class java.lang.String""","pop == ""none""","clear == ""none""","size_p == ""0""",Yes
3436,1607885830037:cbde7fe0-105b-4cfb-b46f-5ea5ff492485,1607885830037:31626877-743f-40ae-a2b8-4da396b96cc4,"size == ""0""","isEmpty == ""True""","peek_obj_type == ""EmptyObject""","push == ""none""","pop == ""EmptyObject""","clear == ""none""","size_p == ""0""",No
3438,1607885830037:c93e64f1-bbf0-43cd-a1c2-7fc4e6fa104a,1607885830037:4eeae37a-542c-4d9a-af12-4b8cbff57e39,"size == ""0""","isEmpty == ""True""","peek_obj_type == ""EmptyObject""","push == ""class java.lang.String""","pop == ""none""","clear == ""none""","size_p == ""0""",Yes
3439,1607885830037:c93e64f1-bbf0-43cd-a1c2-7fc4e6fa104a,1607885830037:4eeae37a-542c-4d9a-af12-4b8cbff57e39,"size == ""0""","isEmpty == ""True""","peek_obj_type == ""EmptyObject""","push == ""none""","pop == ""EmptyObject""","clear == ""none""","size_p == ""0""",No
3441,1607885830037:b169101f-fdd0-492e-9010-3b4f13eaa584,1607885830037:ca3ccbf1-22ca-49ea-acae-3aa66681a22b,"size == ""0""","isEmpty == ""True""","peek_obj_type == ""EmptyObject""","push == ""class java.lang.String""","pop == ""none""","clear == ""none""","size_p == ""0""",Yes
3442,1607885830037:b169101f-fdd0-492e-9010-3b4f13eaa584,1607885830037:ca3ccbf1-22ca-49ea-acae-3aa66681a22b,"size == ""0""","isEmpty == ""True""","peek_obj_type == ""EmptyObject""","push == ""none""","pop == ""EmptyObject""","clear == ""none""","size_p == ""0""",No
3444,1607885830037:b169101f-fdd0-492e-9010-3b4f13eaa584,1607885830037:6a1b45db-ad74-451f-8dfe-f96969e2d1ae,"size == ""0""","isEmpty == ""True""","peek_obj_type == ""EmptyObject""","push == ""class java.lang.String""","pop == ""none""","clear == ""none""","size_p == ""0""",Yes
3446,1607885830037:8748bcaf-8954-438f-888e-55a6f0c71229,1607885830037:15ae997e-3d48-4251-94c3-8a9f63b46c7e,"size == ""0""","isEmpty == ""True""","peek_obj_type == ""EmptyObject""","push == ""class java.lang.String""","pop == ""none""","clear == ""none""","size_p == ""0""",Yes
3447,1607885830037:8748bcaf-8954-438f-888e-55a6f0c71229,1607885830037:15ae997e-3d48-4251-94c3-8a9f63b46c7e,"size == ""0""","isEmpty == ""True""","peek_obj_type == ""EmptyObject""","push == ""none""","pop == ""EmptyObject""","clear == ""none""","size_p == ""0""",No
3449,1607885830037:3558212c-5344-4efa-9cca-60f4e210a3db,1607885830037:b56214ce-5126-436d-adef-54be45bb771d,"size == ""0""","isEmpty == ""True""","peek_obj_type == ""EmptyObject""","push == ""class java.lang.String""","pop == ""none""","clear == ""none""","size_p == ""0""",Yes
3450,1607885830037:3558212c-5344-4efa-9cca-60f4e210a3db,1607885830037:b56214ce-5126-436d-adef-54be45bb771d,"size == ""0""","isEmpty == ""True""","peek_obj_type == ""EmptyObject""","push == ""class java.lang.String""","pop == ""none""","clear == ""none""","size_p == ""0""",Yes
3452,1607885830037:3558212c-5344-4efa-9cca-60f4e210a3db,1607885830037:ae0007d4-e391-4bae-9e57-888759363bfe,"size == ""0""","isEmpty == ""True""","peek_obj_type == ""EmptyObject""","push == ""class java.lang.String""","pop == ""none""","clear == ""none""","size_p == ""0""",Yes
3453,1607885830037:3558212c-5344-4efa-9cca-60f4e210a3db,1607885830037:ae0007d4-e391-4bae-9e57-888759363bfe,"size == ""0""","isEmpty == ""True""","peek_obj_type == ""EmptyObject""","push == ""none""","pop == ""EmptyObject""","clear == ""none""","size_p == ""0""",No
3455,1607885830036:c660095c-164d-44e7-a074-201975ab210f,1607885830036:8f9ce605-f0b5-411a-aebf-8f5466db70ee,"size == ""0""","isEmpty == ""True""","peek_obj_type == ""EmptyObject""","push == ""class java.lang.String""","pop == ""none""","clear == ""none""","size_p == ""0""",Yes
3456,1607885830036:c660095c-164d-44e7-a074-201975ab210f,1607885830036:8f9ce605-f0b5-411a-aebf-8f5466db70ee,"size == ""0""","isEmpty == ""True""","peek_obj_type == ""EmptyObject""","push == ""none""","pop == ""EmptyObject""","clear == ""none""","size_p == ""0""",No
3458,1607885830036:a9190ea7-edf9-46b4-8f6e-c9c1ba14d34c,1607885830036:66bcdd31-0b74-4659-92e5-a0d5661cf158,"size == ""0""","isEmpty == ""True""","peek_obj_type == ""EmptyObject""","push == ""class java.lang.String""","pop == ""none""","clear == ""none""","size_p == ""0""",Yes
3459,1607885830036:a9190ea7-edf9-46b4-8f6e-c9c1ba14d34c,1607885830036:66bcdd31-0b74-4659-92e5-a0d5661cf158,"size == ""0""","isEmpty == ""True""","peek_obj_type == ""EmptyObject""","push == ""none""","pop == ""EmptyObject""","clear == ""none""","size_p == ""0""",No
3461,1607885830036:4191bbc0-a855-4052-b4b8-2666888d8daf,1607885830036:96e51f60-d6af-4ab8-bc7a-014367bedc3b,"size == ""0""","isEmpty == ""True""","peek_obj_type == ""EmptyObject""","push == ""class java.lang.String""","pop == ""none""","clear == ""none""","size_p == ""0""",Yes
3462,1607885830036:4191bbc0-a855-4052-b4b8-2666888d8daf,1607885830036:96e51f60-d6af-4ab8-bc7a-014367bedc3b,"size == ""0""","isEmpty == ""True""","peek_obj_type == ""EmptyObject""","push == ""none""","pop == ""EmptyObject""","clear == ""none""","size_p == ""0""",No
3464,1607885830036:4191bbc0-a855-4052-b4b8-2666888d8daf,1607885830036:47d2051e-809b-46bf-a9af-fe10deccad70,"size == ""1""","isEmpty == ""False""","peek_obj_type == ""class java.lang.String""","push == ""none""","pop == ""none""","clear == ""clear""","size_p == ""0""",Yes
3465,1607885830036:4191bbc0-a855-4052-b4b8-2666888d8daf,1607885830036:47d2051e-809b-46bf-a9af-fe10deccad70,"size == ""1""","isEmpty == ""False""","peek_obj_type == ""class java.lang.String""","push == ""class java.lang.String""","pop == ""none""","clear == ""none""","size_p == ""1""",Yes
3466,1607885830036:4191bbc0-a855-4052-b4b8-2666888d8daf,1607885830036:47d2051e-809b-46bf-a9af-fe10deccad70,"size == ""2""","isEmpty == ""False""","peek_obj_type == ""class java.lang.String""","push == ""none""","pop == ""none""","clear == ""clear""","size_p == ""1""",Yes
3468,1607885830036:36746795-9220-44d7-9dee-adbd4b148792,1607885830036:8581fd4f-c927-4180-ad18-8b70ab50cbdb,"size == ""0""","isEmpty == ""True""","peek_obj_type == ""EmptyObject""","push == ""class java.lang.String""","pop == ""none""","clear == ""none""","size_p == ""0""",Yes
3469,1607885830036:36746795-9220-44d7-9dee-adbd4b148792,1607885830036:8581fd4f-c927-4180-ad18-8b70ab50cbdb,"size == ""0""","isEmpty == ""True""","peek_obj_type == ""EmptyObject""","push == ""none""","pop == ""EmptyObject""","clear == ""none""","size_p == ""0""",No
3471,1607885830036:28afd23a-4ee8-4f3b-8de2-4cdef94f49bb,1607885830036:244c930c-3b69-43bb-9245-9543e9a37a6b,"size == ""0""","isEmpty == ""True""","peek_obj_type == ""EmptyObject""","push == ""class java.lang.String""","pop == ""none""","clear == ""none""","size_p == ""0""",Yes
3472,1607885830036:28afd23a-4ee8-4f3b-8de2-4cdef94f49bb,1607885830036:244c930c-3b69-43bb-9245-9543e9a37a6b,"size == ""0""","isEmpty == ""True""","peek_obj_type == ""EmptyObject""","push == ""none""","pop == ""EmptyObject""","clear == ""none""","size_p == ""0""",No
3474,1607885830036:28afd23a-4ee8-4f3b-8de2-4cdef94f49bb,1607885830036:1c83c12c-ddad-4313-98a4-9914735147b8,"size == ""1""","isEmpty == ""False""","peek_obj_type == ""class java.lang.String""","push == ""none""","pop == ""none""","clear == ""clear""","size_p == ""0""",Yes
3475,1607885830036:28afd23a-4ee8-4f3b-8de2-4cdef94f49bb,1607885830036:1c83c12c-ddad-4313-98a4-9914735147b8,"size == ""1""","isEmpty == ""False""","peek_obj_type == ""class java.lang.String""","push == ""class java.lang.String""","pop == ""none""","clear == ""none""","size_p == ""1""",Yes
3476,1607885830036:28afd23a-4ee8-4f3b-8de2-4cdef94f49bb,1607885830036:1c83c12c-ddad-4313-98a4-9914735147b8,"size == ""0""","isEmpty == ""True""","peek_obj_type == ""EmptyObject""","push == ""none""","pop == ""EmptyObject""","clear == ""none""","size_p == ""1""",No
3477,1607885830036:28afd23a-4ee8-4f3b-8de2-4cdef94f49bb,1607885830036:1c83c12c-ddad-4313-98a4-9914735147b8,"size == ""1""","isEmpty == ""False""","peek_obj_type == ""class java.lang.String""","push == ""none""","pop == ""none""","clear == ""clear""","size_p == ""0""",Yes
3479,1607885830035:c5ec5124-f112-471f-9e63-be9984071cab,1607885830035:ba8fb66b-82b5-4fae-bf4d-98ddf30323a7,"size == ""0""","isEmpty == ""True""","peek_obj_type == ""EmptyObject""","push == ""class java.lang.String""","pop == ""none""","clear == ""none""","size_p == ""0""",Yes
3481,1607885830035:c5ec5124-f112-471f-9e63-be9984071cab,1607885830035:3ee2a604-1a24-4bc3-ad79-d4db4200b5ee,"size == ""0""","isEmpty == ""True""","peek_obj_type == ""EmptyObject""","push == ""class java.lang.String""","pop == ""none""","clear == ""none""","size_p == ""0""",Yes
3482,1607885830035:c5ec5124-f112-471f-9e63-be9984071cab,1607885830035:3ee2a604-1a24-4bc3-ad79-d4db4200b5ee,"size == ""0""","isEmpty == ""True""","peek_obj_type == ""EmptyObject""","push == ""none""","pop == ""EmptyObject""","clear == ""none""","size_p == ""0""",No
3484,1607885830035:b0d1a5ff-bfcb-401c-94b7-15fffd695ed9,1607885830035:81791366-2b9f-4018-b229-79bf8b911f1a,"size == ""0""","isEmpty == ""True""","peek_obj_type == ""EmptyObject""","push == ""class java.lang.String""","pop == ""none""","clear == ""none""","size_p == ""0""",Yes
3485,1607885830035:b0d1a5ff-bfcb-401c-94b7-15fffd695ed9,1607885830035:81791366-2b9f-4018-b229-79bf8b911f1a,"size == ""0""","isEmpty == ""True""","peek_obj_type == ""EmptyObject""","push == ""none""","pop == ""EmptyObject""","clear == ""none""","size_p == ""0""",No
3487,1607885830035:2d925b38-fa33-4ca7-9ea5-a01e9892c2ee,1607885830035:4cc9d0c9-a839-4af1-a825-cee840d2b4f5,"size == ""0""","isEmpty == ""True""","peek_obj_type == ""EmptyObject""","push == ""class java.lang.String""","pop == ""none""","clear == ""none""","size_p == ""0""",Yes
3488,1607885830035:2d925b38-fa33-4ca7-9ea5-a01e9892c2ee,1607885830035:4cc9d0c9-a839-4af1-a825-cee840d2b4f5,"size == ""0""","isEmpty == ""True""","peek_obj_type == ""EmptyObject""","push == ""none""","pop == ""EmptyObject""","clear == ""none""","size_p == ""0""",No
3490,1607885830035:10261212-42eb-4cb4-8b2e-325969d931ca,1607885830035:18931c3e-6d42-4d8c-b8ee-9f1e974a0562,"size == ""0""","isEmpty == ""True""","peek_obj_type == ""EmptyObject""","push == ""class java.lang.String""","pop == ""none""","clear == ""none""","size_p == ""0""",Yes
3491,1607885830035:10261212-42eb-4cb4-8b2e-325969d931ca,1607885830035:18931c3e-6d42-4d8c-b8ee-9f1e974a0562,"size == ""0""","isEmpty == ""True""","peek_obj_type == ""EmptyObject""","push == ""none""","pop == ""EmptyObject""","clear == ""none""","size_p == ""0""",No
3493,1607885830034:b997741d-4e9b-487d-8441-fb79a1173c9c,1607885830034:f8f567a6-6317-46ab-b481-8a9715371ae6,"size == ""0""","isEmpty == ""True""","peek_obj_type == ""EmptyObject""","push == ""class java.lang.String""","pop == ""none""","clear == ""none""","size_p == ""0""",Yes
3494,1607885830034:b997741d-4e9b-487d-8441-fb79a1173c9c,1607885830034:f8f567a6-6317-46ab-b481-8a9715371ae6,"size == ""0""","isEmpty == ""True""","peek_obj_type == ""EmptyObject""","push == ""none""","pop == ""EmptyObject""","clear == ""none""","size_p == ""0""",No
3496,1607885830034:b997741d-4e9b-487d-8441-fb79a1173c9c,1607885830034:1cccefc7-be68-4228-bec0-87d936ef8566,"size == ""1""","isEmpty == ""False""","peek_obj_type == ""class java.lang.String""","push == ""none""","pop == ""none""","clear == ""clear""","size_p == ""0""",Yes
3497,1607885830034:b997741d-4e9b-487d-8441-fb79a1173c9c,1607885830034:1cccefc7-be68-4228-bec0-87d936ef8566,"size == ""1""","isEmpty == ""False""","peek_obj_type == ""class java.lang.String""","push == ""class java.lang.String""","pop == ""none""","clear == ""none""","size_p == ""1""",Yes
3498,1607885830034:b997741d-4e9b-487d-8441-fb79a1173c9c,1607885830034:1cccefc7-be68-4228-bec0-87d936ef8566,"size == ""2""","isEmpty == ""False""","peek_obj_type == ""class java.lang.String""","push == ""none""","pop == ""none""","clear == ""clear""","size_p == ""1""",Yes
3500,1607885830034:8f5fd475-83b2-476a-91ec-53818c56ad5c,1607885830034:b9dc8dd6-d911-48ea-8e81-a81b555bb119,"size == ""0""","isEmpty == ""True""","peek_obj_type == ""EmptyObject""","push == ""class java.lang.String""","pop == ""none""","clear == ""none""","size_p == ""0""",Yes
3501,1607885830034:8f5fd475-83b2-476a-91ec-53818c56ad5c,1607885830034:b9dc8dd6-d911-48ea-8e81-a81b555bb119,"size == ""0""","isEmpty == ""True""","peek_obj_type == ""EmptyObject""","push == ""none""","pop == ""EmptyObject""","clear == ""none""","size_p == ""0""",No
3503,1607885830034:79a24c1d-8488-47d8-8133-de323b8c6bc2,1607885830034:c1893698-9033-4075-85f9-976c72c8daef,"size == ""0""","isEmpty == ""True""","peek_obj_type == ""EmptyObject""","push == ""class java.lang.String""","pop == ""none""","clear == ""none""","size_p == ""0""",Yes
3504,1607885830034:79a24c1d-8488-47d8-8133-de323b8c6bc2,1607885830034:c1893698-9033-4075-85f9-976c72c8daef,"size == ""0""","isEmpty == ""True""","peek_obj_type == ""EmptyObject""","push == ""class java.lang.String""","pop == ""none""","clear == ""none""","size_p == ""0""",Yes
3506,1607885830034:79a24c1d-8488-47d8-8133-de323b8c6bc2,1607885830034:9d623d19-7568-4117-af43-ae20b9c07ab3,"size == ""0""","isEmpty == ""True""","peek_obj_type == ""EmptyObject""","push == ""class java.lang.String""","pop == ""none""","clear == ""none""","size_p == ""0""",Yes
3507,1607885830034:79a24c1d-8488-47d8-8133-de323b8c6bc2,1607885830034:9d623d19-7568-4117-af43-ae20b9c07ab3,"size == ""0""","isEmpty == ""True""","peek_obj_type == ""EmptyObject""","push == ""none""","pop == ""EmptyObject""","clear == ""none""","size_p == ""0""",No
3509,1607885830034:322a63f0-3597-4af6-8203-ba20f7c77a48,1607885830034:5b2f0e33-a00f-4f82-8f19-6b6f9ef4f974,"size == ""1""","isEmpty == ""False""","peek_obj_type == ""class java.lang.String""","push == ""none""","pop == ""none""","clear == ""clear""","size_p == ""0""",Yes
3510,1607885830034:322a63f0-3597-4af6-8203-ba20f7c77a48,1607885830034:5b2f0e33-a00f-4f82-8f19-6b6f9ef4f974,"size == ""1""","isEmpty == ""False""","peek_obj_type == ""class java.lang.String""","push == ""class java.lang.String""","pop == ""none""","clear == ""none""","size_p == ""1""",Yes
3511,1607885830034:322a63f0-3597-4af6-8203-ba20f7c77a48,1607885830034:5b2f0e33-a00f-4f82-8f19-6b6f9ef4f974,"size == ""2""","isEmpty == ""False""","peek_obj_type == ""class java.lang.String""","push == ""none""","pop == ""none""","clear == ""clear""","size_p == ""1""",Yes
3512,1607885830034:322a63f0-3597-4af6-8203-ba20f7c77a48,1607885830034:5b2f0e33-a00f-4f82-8f19-6b6f9ef4f974,"size == ""3""","isEmpty == ""False""","peek_obj_type == ""class java.lang.String""","push == ""none""","pop == ""none""","clear == ""clear""","size_p == ""2""",Yes
3513,1607885830034:322a63f0-3597-4af6-8203-ba20f7c77a48,1607885830034:5b2f0e33-a00f-4f82-8f19-6b6f9ef4f974,"size == ""4""","isEmpty == ""False""","peek_obj_type == ""class java.lang.String""","push == ""none""","pop == ""none""","clear == ""clear""","size_p == ""3""",Yes
3515,1607885830034:322a63f0-3597-4af6-8203-ba20f7c77a48,1607885830034:2f312982-acc2-41c3-93e1-b1d57f827e1f,"size == ""0""","isEmpty == ""True""","peek_obj_type == ""EmptyObject""","push == ""class java.lang.String""","pop == ""none""","clear == ""none""","size_p == ""0""",Yes
3516,1607885830034:322a63f0-3597-4af6-8203-ba20f7c77a48,1607885830034:2f312982-acc2-41c3-93e1-b1d57f827e1f,"size == ""0""","isEmpty == ""True""","peek_obj_type == ""EmptyObject""","push == ""none""","pop == ""EmptyObject""","clear == ""none""","size_p == ""0""",No
3518,1607885830033:e04d8db6-7125-4910-9aaa-f8042c212361,1607885830033:48055438-372d-4a5f-abee-8c05f383cdb5,"size == ""0""","isEmpty == ""True""","peek_obj_type == ""EmptyObject""","push == ""class java.lang.String""","pop == ""none""","clear == ""none""","size_p == ""0""",Yes
3521,1607885830033:e04d8db6-7125-4910-9aaa-f8042c212361,1607885830033:0ff06ea0-2e01-4d05-9215-ad90a2b2116b,"size == ""0""","isEmpty == ""True""","peek_obj_type == ""EmptyObject""","push == ""class java.lang.String""","pop == ""none""","clear == ""none""","size_p == ""0""",Yes
3522,1607885830033:e04d8db6-7125-4910-9aaa-f8042c212361,1607885830033:0ff06ea0-2e01-4d05-9215-ad90a2b2116b,"size == ""0""","isEmpty == ""True""","peek_obj_type == ""EmptyObject""","push == ""none""","pop == ""EmptyObject""","clear == ""none""","size_p == ""0""",No
3524,1607885830033:b0df8bdc-7055-4c12-a83b-30d0190abf0d,1607885830033:c640080c-65a3-404c-8233-2dfe11a328e4,"size == ""0""","isEmpty == ""True""","peek_obj_type == ""EmptyObject""","push == ""class java.lang.String""","pop == ""none""","clear == ""none""","size_p == ""0""",Yes
3525,1607885830033:b0df8bdc-7055-4c12-a83b-30d0190abf0d,1607885830033:c640080c-65a3-404c-8233-2dfe11a328e4,"size == ""0""","isEmpty == ""True""","peek_obj_type == ""EmptyObject""","push == ""class java.lang.String""","pop == ""none""","clear == ""none""","size_p == ""0""",Yes
3526,1607885830033:b0df8bdc-7055-4c12-a83b-30d0190abf0d,1607885830033:c640080c-65a3-404c-8233-2dfe11a328e4,"size == ""0""","isEmpty == ""True""","peek_obj_type == ""EmptyObject""","push == ""class java.lang.String""","pop == ""none""","clear == ""none""","size_p == ""0""",Yes
3528,1607885830033:b0df8bdc-7055-4c12-a83b-30d0190abf0d,1607885830033:2c39d223-cfe8-411e-8fcb-31faeb0370ef,"size == ""1""","isEmpty == ""False""","peek_obj_type == ""class java.lang.String""","push == ""none""","pop == ""none""","clear == ""clear""","size_p == ""0""",Yes
3529,1607885830033:b0df8bdc-7055-4c12-a83b-30d0190abf0d,1607885830033:2c39d223-cfe8-411e-8fcb-31faeb0370ef,"size == ""1""","isEmpty == ""False""","peek_obj_type == ""class java.lang.String""","push == ""class java.lang.String""","pop == ""none""","clear == ""none""","size_p == ""1""",Yes
3530,1607885830033:b0df8bdc-7055-4c12-a83b-30d0190abf0d,1607885830033:2c39d223-cfe8-411e-8fcb-31faeb0370ef,"size == ""0""","isEmpty == ""True""","peek_obj_type == ""EmptyObject""","push == ""none""","pop == ""EmptyObject""","clear == ""none""","size_p == ""1""",No
3531,1607885830033:b0df8bdc-7055-4c12-a83b-30d0190abf0d,1607885830033:2c39d223-cfe8-411e-8fcb-31faeb0370ef,"size == ""1""","isEmpty == ""False""","peek_obj_type == ""class java.lang.String""","push == ""none""","pop == ""none""","clear == ""clear""","size_p == ""0""",Yes
3533,1607885830033:b0df8bdc-7055-4c12-a83b-30d0190abf0d,1607885830033:0472476b-10c9-400b-80e3-8c7433d9953e,"size == ""0""","isEmpty == ""True""","peek_obj_type == ""EmptyObject""","push == ""class java.lang.String""","pop == ""none""","clear == ""none""","size_p == ""0""",Yes
3534,1607885830033:b0df8bdc-7055-4c12-a83b-30d0190abf0d,1607885830033:0472476b-10c9-400b-80e3-8c7433d9953e,"size == ""0""","isEmpty == ""True""","peek_obj_type == ""EmptyObject""","push == ""none""","pop == ""EmptyObject""","clear == ""none""","size_p == ""0""",No
3536,1607885830033:80ad0a6e-3fdf-4c47-9c8a-ab731c2467ff,1607885830033:0cd8efba-5961-498f-894e-29d390558782,"size == ""0""","isEmpty == ""True""","peek_obj_type == ""EmptyObject""","push == ""class java.lang.String""","pop == ""none""","clear == ""none""","size_p == ""0""",Yes
3537,1607885830033:80ad0a6e-3fdf-4c47-9c8a-ab731c2467ff,1607885830033:0cd8efba-5961-498f-894e-29d390558782,"size == ""0""","isEmpty == ""True""","peek_obj_type == ""EmptyObject""","push == ""none""","pop == ""EmptyObject""","clear == ""none""","size_p == ""0""",No
3539,1607885830033:766737e7-f0cc-452d-8ca5-e5b70bcc70fe,1607885830033:8270e93d-f0c6-4aa3-826d-a4802058ce3d,"size == ""0""","isEmpty == ""True""","peek_obj_type == ""EmptyObject""","push == ""class java.lang.String""","pop == ""none""","clear == ""none""","size_p == ""0""",Yes
3540,1607885830033:766737e7-f0cc-452d-8ca5-e5b70bcc70fe,1607885830033:8270e93d-f0c6-4aa3-826d-a4802058ce3d,"size == ""0""","isEmpty == ""True""","peek_obj_type == ""EmptyObject""","push == ""none""","pop == ""EmptyObject""","clear == ""none""","size_p == ""0""",No
3542,1607885830033:766737e7-f0cc-452d-8ca5-e5b70bcc70fe,1607885830033:6c0b3a50-1bb0-41f1-b54f-014bca67e2a1,"size == ""1""","isEmpty == ""False""","peek_obj_type == ""class java.lang.String""","push == ""none""","pop == ""none""","clear == ""clear""","size_p == ""0""",Yes
3543,1607885830033:766737e7-f0cc-452d-8ca5-e5b70bcc70fe,1607885830033:6c0b3a50-1bb0-41f1-b54f-014bca67e2a1,"size == ""1""","isEmpty == ""False""","peek_obj_type == ""class java.lang.String""","push == ""class java.lang.String""","pop == ""none""","clear == ""none""","size_p == ""1""",Yes
3544,1607885830033:766737e7-f0cc-452d-8ca5-e5b70bcc70fe,1607885830033:6c0b3a50-1bb0-41f1-b54f-014bca67e2a1,"size == ""2""","isEmpty == ""False""","peek_obj_type == ""class java.lang.String""","push == ""none""","pop == ""none""","clear == ""clear""","size_p == ""1""",Yes
3545,1607885830033:766737e7-f0cc-452d-8ca5-e5b70bcc70fe,1607885830033:6c0b3a50-1bb0-41f1-b54f-014bca67e2a1,"size == ""3""","isEmpty == ""False""","peek_obj_type == ""class java.lang.String""","push == ""none""","pop == ""none""","clear == ""clear""","size_p == ""2""",Yes
3546,1607885830033:766737e7-f0cc-452d-8ca5-e5b70bcc70fe,1607885830033:6c0b3a50-1bb0-41f1-b54f-014bca67e2a1,"size == ""4""","isEmpty == ""False""","peek_obj_type == ""class java.lang.String""","push == ""none""","pop == ""none""","clear == ""clear""","size_p == ""3""",Yes
3548,1607885830033:6366cd4c-7b20-4358-94e6-c92f5debebe5,1607885830033:cab2e0fe-a1c0-4e4f-ab2b-27e4e6b501cd,"size == ""1""","isEmpty == ""False""","peek_obj_type == ""class java.lang.String""","push == ""none""","pop == ""none""","clear == ""clear""","size_p == ""0""",Yes
3549,1607885830033:6366cd4c-7b20-4358-94e6-c92f5debebe5,1607885830033:cab2e0fe-a1c0-4e4f-ab2b-27e4e6b501cd,"size == ""1""","isEmpty == ""False""","peek_obj_type == ""class java.lang.String""","push == ""class java.lang.String""","pop == ""none""","clear == ""none""","size_p == ""1""",Yes
3550,1607885830033:6366cd4c-7b20-4358-94e6-c92f5debebe5,1607885830033:cab2e0fe-a1c0-4e4f-ab2b-27e4e6b501cd,"size == ""2""","isEmpty == ""False""","peek_obj_type == ""class java.lang.String""","push == ""none""","pop == ""none""","clear == ""clear""","size_p == ""1""",Yes
3551,1607885830033:6366cd4c-7b20-4358-94e6-c92f5debebe5,1607885830033:cab2e0fe-a1c0-4e4f-ab2b-27e4e6b501cd,"size == ""3""","isEmpty == ""False""","peek_obj_type == ""class java.lang.String""","push == ""none""","pop == ""none""","clear == ""clear""","size_p == ""2""",Yes
3552,1607885830033:6366cd4c-7b20-4358-94e6-c92f5debebe5,1607885830033:cab2e0fe-a1c0-4e4f-ab2b-27e4e6b501cd,"size == ""4""","isEmpty == ""False""","peek_obj_type == ""class java.lang.String""","push == ""none""","pop == ""none""","clear == ""clear""","size_p == ""3""",Yes
3554,1607885830033:6366cd4c-7b20-4358-94e6-c92f5debebe5,1607885830033:13d50698-d3f6-4266-85bc-bb33eb788716,"size == ""0""","isEmpty == ""True""","peek_obj_type == ""EmptyObject""","push == ""class java.lang.String""","pop == ""none""","clear == ""none""","size_p == ""0""",Yes
3555,1607885830033:6366cd4c-7b20-4358-94e6-c92f5debebe5,1607885830033:13d50698-d3f6-4266-85bc-bb33eb788716,"size == ""0""","isEmpty == ""True""","peek_obj_type == ""EmptyObject""","push == ""none""","pop == ""EmptyObject""","clear == ""none""","size_p == ""0""",No
3557,1607885830033:13765146-9dd6-4030-bec4-fccb9c8e3875,1607885830033:464136f4-5c64-4063-9e02-b05804430542,"size == ""0""","isEmpty == ""True""","peek_obj_type == ""EmptyObject""","push == ""class java.lang.String""","pop == ""none""","clear == ""none""","size_p == ""0""",Yes
3558,1607885830033:13765146-9dd6-4030-bec4-fccb9c8e3875,1607885830033:464136f4-5c64-4063-9e02-b05804430542,"size == ""0""","isEmpty == ""True""","peek_obj_type == ""EmptyObject""","push == ""none""","pop == ""EmptyObject""","clear == ""none""","size_p == ""0""",No
3560,1607885830032:aca51f6b-c146-4649-8b71-ff2e74c5dcbd,1607885830032:ce0c98f6-46b5-49d1-b12a-10756536d048,"size == ""0""","isEmpty == ""True""","peek_obj_type == ""EmptyObject""","push == ""class java.lang.String""","pop == ""none""","clear == ""none""","size_p == ""0""",Yes
3561,1607885830032:aca51f6b-c146-4649-8b71-ff2e74c5dcbd,1607885830032:ce0c98f6-46b5-49d1-b12a-10756536d048,"size == ""0""","isEmpty == ""True""","peek_obj_type == ""EmptyObject""","push == ""class java.lang.String""","pop == ""none""","clear == ""none""","size_p == ""0""",Yes
3563,1607885830032:aca51f6b-c146-4649-8b71-ff2e74c5dcbd,1607885830032:9fc2a372-d692-4715-b46d-58df33d4e000,"size == ""0""","isEmpty == ""True""","peek_obj_type == ""EmptyObject""","push == ""class java.lang.String""","pop == ""none""","clear == ""none""","size_p == ""0""",Yes
3564,1607885830032:aca51f6b-c146-4649-8b71-ff2e74c5dcbd,1607885830032:9fc2a372-d692-4715-b46d-58df33d4e000,"size == ""0""","isEmpty == ""True""","peek_obj_type == ""EmptyObject""","push == ""none""","pop == ""EmptyObject""","clear == ""none""","size_p == ""0""",No
3566,1607885830032:9f654c56-d990-4c2e-a888-718cd75a233b,1607885830032:35c0c4c7-6e4d-422d-bca4-5e066a29e110,"size == ""0""","isEmpty == ""True""","peek_obj_type == ""EmptyObject""","push == ""class java.lang.String""","pop == ""none""","clear == ""none""","size_p == ""0""",Yes
3567,1607885830032:9f654c56-d990-4c2e-a888-718cd75a233b,1607885830032:35c0c4c7-6e4d-422d-bca4-5e066a29e110,"size == ""0""","isEmpty == ""True""","peek_obj_type == ""EmptyObject""","push == ""none""","pop == ""EmptyObject""","clear == ""none""","size_p == ""0""",No
3569,1607885830032:7d460c68-4346-4828-b19d-79c23d433ff3,1607885830032:c2cb2d08-ea15-4210-a8bb-7f7535cdfac4,"size == ""0""","isEmpty == ""True""","peek_obj_type == ""EmptyObject""","push == ""class java.lang.String""","pop == ""none""","clear == ""none""","size_p == ""0""",Yes
3570,1607885830032:7d460c68-4346-4828-b19d-79c23d433ff3,1607885830032:c2cb2d08-ea15-4210-a8bb-7f7535cdfac4,"size == ""0""","isEmpty == ""True""","peek_obj_type == ""EmptyObject""","push == ""none""","pop == ""EmptyObject""","clear == ""none""","size_p == ""0""",No
3572,1607885830032:7d460c68-4346-4828-b19d-79c23d433ff3,1607885830032:6233148b-7538-4285-bcc4-afa3674d8ee3,"size == ""1""","isEmpty == ""False""","peek_obj_type == ""class java.lang.String""","push == ""none""","pop == ""none""","clear == ""clear""","size_p == ""0""",Yes
3573,1607885830032:7d460c68-4346-4828-b19d-79c23d433ff3,1607885830032:6233148b-7538-4285-bcc4-afa3674d8ee3,"size == ""1""","isEmpty == ""False""","peek_obj_type == ""class java.lang.String""","push == ""class java.lang.String""","pop == ""none""","clear == ""none""","size_p == ""1""",Yes
3574,1607885830032:7d460c68-4346-4828-b19d-79c23d433ff3,1607885830032:6233148b-7538-4285-bcc4-afa3674d8ee3,"size == ""2""","isEmpty == ""False""","peek_obj_type == ""class java.lang.String""","push == ""none""","pop == ""none""","clear == ""clear""","size_p == ""1""",Yes
3575,1607885830032:7d460c68-4346-4828-b19d-79c23d433ff3,1607885830032:6233148b-7538-4285-bcc4-afa3674d8ee3,"size == ""3""","isEmpty == ""False""","peek_obj_type == ""class java.lang.String""","push == ""none""","pop == ""none""","clear == ""clear""","size_p == ""2""",Yes
3576,1607885830032:7d460c68-4346-4828-b19d-79c23d433ff3,1607885830032:6233148b-7538-4285-bcc4-afa3674d8ee3,"size == ""4""","isEmpty == ""False""","peek_obj_type == ""class java.lang.String""","push == ""none""","pop == ""none""","clear == ""clear""","size_p == ""3""",Yes
3578,1607885830032:3897499f-a880-4f2c-9b30-a3bfb3ce9c81,1607885830032:df9fd727-bfa9-497e-807e-d2e42215da7b,"size == ""0""","isEmpty == ""True""","peek_obj_type == ""EmptyObject""","push == ""class java.lang.String""","pop == ""none""","clear == ""none""","size_p == ""0""",Yes
3579,1607885830032:3897499f-a880-4f2c-9b30-a3bfb3ce9c81,1607885830032:df9fd727-bfa9-497e-807e-d2e42215da7b,"size == ""0""","isEmpty == ""True""","peek_obj_type == ""EmptyObject""","push == ""none""","pop == ""EmptyObject""","clear == ""none""","size_p == ""0""",No
3581,1607885830032:2c69bfde-8d92-4f4a-a002-90bc59d200e3,1607885830032:f8db2ff7-1709-4f74-a479-12afee500dc1,"size == ""1""","isEmpty == ""False""","peek_obj_type == ""class java.lang.String""","push == ""none""","pop == ""none""","clear == ""clear""","size_p == ""0""",Yes
3582,1607885830032:2c69bfde-8d92-4f4a-a002-90bc59d200e3,1607885830032:f8db2ff7-1709-4f74-a479-12afee500dc1,"size == ""1""","isEmpty == ""False""","peek_obj_type == ""class java.lang.String""","push == ""class java.lang.String""","pop == ""none""","clear == ""none""","size_p == ""1""",Yes
3583,1607885830032:2c69bfde-8d92-4f4a-a002-90bc59d200e3,1607885830032:f8db2ff7-1709-4f74-a479-12afee500dc1,"size == ""2""","isEmpty == ""False""","peek_obj_type == ""class java.lang.String""","push == ""none""","pop == ""none""","clear == ""clear""","size_p == ""1""",Yes
3584,1607885830032:2c69bfde-8d92-4f4a-a002-90bc59d200e3,1607885830032:f8db2ff7-1709-4f74-a479-12afee500dc1,"size == ""3""","isEmpty == ""False""","peek_obj_type == ""class java.lang.String""","push == ""none""","pop == ""none""","clear == ""clear""","size_p == ""2""",Yes
3585,1607885830032:2c69bfde-8d92-4f4a-a002-90bc59d200e3,1607885830032:f8db2ff7-1709-4f74-a479-12afee500dc1,"size == ""4""","isEmpty == ""False""","peek_obj_type == ""class java.lang.String""","push == ""none""","pop == ""none""","clear == ""clear""","size_p == ""3""",Yes
3587,1607885830032:2c69bfde-8d92-4f4a-a002-90bc59d200e3,1607885830032:ecae9eed-14df-4210-9187-575a059e7e03,"size == ""0""","isEmpty == ""True""","peek_obj_type == ""EmptyObject""","push == ""class java.lang.String""","pop == ""none""","clear == ""none""","size_p == ""0""",Yes
3588,1607885830032:2c69bfde-8d92-4f4a-a002-90bc59d200e3,1607885830032:ecae9eed-14df-4210-9187-575a059e7e03,"size == ""0""","isEmpty == ""True""","peek_obj_type == ""EmptyObject""","push == ""none""","pop == ""EmptyObject""","clear == ""none""","size_p == ""0""",No
3590,1607885830032:1e786222-e63b-42f8-b26d-5a066ef27b27,1607885830032:259efa3a-5534-4e3b-9258-3c0de06556f8,"size == ""1""","isEmpty == ""False""","peek_obj_type == ""class java.lang.String""","push == ""none""","pop == ""none""","clear == ""clear""","size_p == ""0""",Yes
3591,1607885830032:1e786222-e63b-42f8-b26d-5a066ef27b27,1607885830032:259efa3a-5534-4e3b-9258-3c0de06556f8,"size == ""1""","isEmpty == ""False""","peek_obj_type == ""class java.lang.String""","push == ""class java.lang.String""","pop == ""none""","clear == ""none""","size_p == ""1""",Yes
3592,1607885830032:1e786222-e63b-42f8-b26d-5a066ef27b27,1607885830032:259efa3a-5534-4e3b-9258-3c0de06556f8,"size == ""2""","isEmpty == ""False""","peek_obj_type == ""class java.lang.String""","push == ""none""","pop == ""none""","clear == ""clear""","size_p == ""1""",Yes
3593,1607885830032:1e786222-e63b-42f8-b26d-5a066ef27b27,1607885830032:259efa3a-5534-4e3b-9258-3c0de06556f8,"size == ""3""","isEmpty == ""False""","peek_obj_type == ""class java.lang.String""","push == ""none""","pop == ""none""","clear == ""clear""","size_p == ""2""",Yes
3594,1607885830032:1e786222-e63b-42f8-b26d-5a066ef27b27,1607885830032:259efa3a-5534-4e3b-9258-3c0de06556f8,"size == ""4""","isEmpty == ""False""","peek_obj_type == ""class java.lang.String""","push == ""none""","pop == ""none""","clear == ""clear""","size_p == ""3""",Yes
3596,1607885830032:1e786222-e63b-42f8-b26d-5a066ef27b27,1607885830032:191a5595-f433-456d-b8ca-4b31021112c6,"size == ""0""","isEmpty == ""True""","peek_obj_type == ""EmptyObject""","push == ""class java.lang.String""","pop == ""none""","clear == ""none""","size_p == ""0""",Yes
3597,1607885830032:1e786222-e63b-42f8-b26d-5a066ef27b27,1607885830032:191a5595-f433-456d-b8ca-4b31021112c6,"size == ""0""","isEmpty == ""True""","peek_obj_type == ""EmptyObject""","push == ""none""","pop == ""EmptyObject""","clear == ""none""","size_p == ""0""",No
3599,1607885830031:f8cfa95a-59fa-4903-a00c-7a64d4b3c50a,1607885830031:135acbc2-a32d-4c33-9bec-95d631c69514,"size == ""0""","isEmpty == ""True""","peek_obj_type == ""EmptyObject""","push == ""class java.lang.String""","pop == ""none""","clear == ""none""","size_p == ""0""",Yes
3600,1607885830031:f8cfa95a-59fa-4903-a00c-7a64d4b3c50a,1607885830031:135acbc2-a32d-4c33-9bec-95d631c69514,"size == ""0""","isEmpty == ""True""","peek_obj_type == ""EmptyObject""","push == ""none""","pop == ""EmptyObject""","clear == ""none""","size_p == ""0""",No
3602,1607885830031:c17be6d4-093b-4576-9aaf-4cab62645bdb,1607885830031:79c82f87-ba8b-4645-824a-f65d2825ec8e,"size == ""0""","isEmpty == ""True""","peek_obj_type == ""EmptyObject""","push == ""class java.lang.String""","pop == ""none""","clear == ""none""","size_p == ""0""",Yes
3603,1607885830031:c17be6d4-093b-4576-9aaf-4cab62645bdb,1607885830031:79c82f87-ba8b-4645-824a-f65d2825ec8e,"size == ""0""","isEmpty == ""True""","peek_obj_type == ""EmptyObject""","push == ""class java.lang.String""","pop == ""none""","clear == ""none""","size_p == ""0""",Yes
3605,1607885830031:c17be6d4-093b-4576-9aaf-4cab62645bdb,1607885830031:497431b2-152a-4832-a539-43a06e817bdb,"size == ""1""","isEmpty == ""False""","peek_obj_type == ""class java.lang.String""","push == ""none""","pop == ""none""","clear == ""clear""","size_p == ""0""",Yes
3606,1607885830031:c17be6d4-093b-4576-9aaf-4cab62645bdb,1607885830031:497431b2-152a-4832-a539-43a06e817bdb,"size == ""1""","isEmpty == ""False""","peek_obj_type == ""class java.lang.String""","push == ""class java.lang.String""","pop == ""none""","clear == ""none""","size_p == ""1""",Yes
3607,1607885830031:c17be6d4-093b-4576-9aaf-4cab62645bdb,1607885830031:497431b2-152a-4832-a539-43a06e817bdb,"size == ""0""","isEmpty == ""True""","peek_obj_type == ""EmptyObject""","push == ""none""","pop == ""EmptyObject""","clear == ""none""","size_p == ""1""",No
3608,1607885830031:c17be6d4-093b-4576-9aaf-4cab62645bdb,1607885830031:497431b2-152a-4832-a539-43a06e817bdb,"size == ""0""","isEmpty == ""True""","peek_obj_type == ""EmptyObject""","push == ""class java.lang.String""","pop == ""none""","clear == ""none""","size_p == ""0""",Yes
3610,1607885830031:c17be6d4-093b-4576-9aaf-4cab62645bdb,1607885830031:0af509cf-5ea8-4e1f-9cc4-1d97fd744640,"size == ""0""","isEmpty == ""True""","peek_obj_type == ""EmptyObject""","push == ""class java.lang.String""","pop == ""none""","clear == ""none""","size_p == ""0""",Yes
3611,1607885830031:c17be6d4-093b-4576-9aaf-4cab62645bdb,1607885830031:0af509cf-5ea8-4e1f-9cc4-1d97fd744640,"size == ""0""","isEmpty == ""True""","peek_obj_type == ""EmptyObject""","push == ""none""","pop == ""EmptyObject""","clear == ""none""","size_p == ""0""",No
3613,1607885830031:1cd1314d-046c-4dea-9bfe-69726ba0a7ba,1607885830032:aa0633e7-ac6d-4417-b603-31c3c01c75e2,"size == ""0""","isEmpty == ""True""","peek_obj_type == ""EmptyObject""","push == ""class java.lang.String""","pop == ""none""","clear == ""none""","size_p == ""0""",Yes
3614,1607885830031:1cd1314d-046c-4dea-9bfe-69726ba0a7ba,1607885830032:aa0633e7-ac6d-4417-b603-31c3c01c75e2,"size == ""0""","isEmpty == ""True""","peek_obj_type == ""EmptyObject""","push == ""none""","pop == ""EmptyObject""","clear == ""none""","size_p == ""0""",No
3617,1607885830031:1cd1314d-046c-4dea-9bfe-69726ba0a7ba,1607885830031:03545bae-17d1-4fa4-a402-ff0e1a3b9c1e,"size == ""0""","isEmpty == ""True""","peek_obj_type == ""EmptyObject""","push == ""class java.lang.String""","pop == ""none""","clear == ""none""","size_p == ""0""",Yes
3619,1607885830030:ca3b512e-5553-4cb8-918e-fe6c651c980c,1607885830030:851fc290-2e2b-4f64-ad8c-d15b28065efc,"size == ""1""","isEmpty == ""False""","peek_obj_type == ""class java.lang.String""","push == ""none""","pop == ""none""","clear == ""clear""","size_p == ""0""",Yes
3620,1607885830030:ca3b512e-5553-4cb8-918e-fe6c651c980c,1607885830030:851fc290-2e2b-4f64-ad8c-d15b28065efc,"size == ""1""","isEmpty == ""False""","peek_obj_type == ""class java.lang.String""","push == ""class java.lang.String""","pop == ""none""","clear == ""none""","size_p == ""1""",Yes
3621,1607885830030:ca3b512e-5553-4cb8-918e-fe6c651c980c,1607885830030:851fc290-2e2b-4f64-ad8c-d15b28065efc,"size == ""2""","isEmpty == ""False""","peek_obj_type == ""class java.lang.String""","push == ""none""","pop == ""none""","clear == ""clear""","size_p == ""1""",Yes
3622,1607885830030:ca3b512e-5553-4cb8-918e-fe6c651c980c,1607885830030:851fc290-2e2b-4f64-ad8c-d15b28065efc,"size == ""3""","isEmpty == ""False""","peek_obj_type == ""class java.lang.String""","push == ""none""","pop == ""none""","clear == ""clear""","size_p == ""2""",Yes
3623,1607885830030:ca3b512e-5553-4cb8-918e-fe6c651c980c,1607885830030:851fc290-2e2b-4f64-ad8c-d15b28065efc,"size == ""4""","isEmpty == ""False""","peek_obj_type == ""class java.lang.String""","push == ""none""","pop == ""none""","clear == ""clear""","size_p == ""3""",Yes
3625,1607885830030:ca3b512e-5553-4cb8-918e-fe6c651c980c,1607885830030:68af870e-3191-468c-8ed1-bd71df710c62,"size == ""0""","isEmpty == ""True""","peek_obj_type == ""EmptyObject""","push == ""class java.lang.String""","pop == ""none""","clear == ""none""","size_p == ""0""",Yes
3626,1607885830030:ca3b512e-5553-4cb8-918e-fe6c651c980c,1607885830030:68af870e-3191-468c-8ed1-bd71df710c62,"size == ""0""","isEmpty == ""True""","peek_obj_type == ""EmptyObject""","push == ""none""","pop == ""EmptyObject""","clear == ""none""","size_p == ""0""",No
3628,1607885830030:83eda816-296f-4aca-be54-6b36f0d3d7ba,1607885830030:feaca801-b77d-4304-b36d-6f1112bd7b29,"size == ""0""","isEmpty == ""True""","peek_obj_type == ""EmptyObject""","push == ""class java.lang.String""","pop == ""none""","clear == ""none""","size_p == ""0""",Yes
3629,1607885830030:83eda816-296f-4aca-be54-6b36f0d3d7ba,1607885830030:feaca801-b77d-4304-b36d-6f1112bd7b29,"size == ""0""","isEmpty == ""True""","peek_obj_type == ""EmptyObject""","push == ""none""","pop == ""EmptyObject""","clear == ""none""","size_p == ""0""",No
3631,1607885830030:42569e25-1bbf-4a7f-a2c5-56bf73589e84,1607885830030:04261f5e-24c3-4dec-aeed-2f22aa4f3d94,"size == ""0""","isEmpty == ""True""","peek_obj_type == ""EmptyObject""","push == ""class java.lang.String""","pop == ""none""","clear == ""none""","size_p == ""0""",Yes
3632,1607885830030:42569e25-1bbf-4a7f-a2c5-56bf73589e84,1607885830030:04261f5e-24c3-4dec-aeed-2f22aa4f3d94,"size == ""0""","isEmpty == ""True""","peek_obj_type == ""EmptyObject""","push == ""none""","pop == ""EmptyObject""","clear == ""none""","size_p == ""0""",No
3634,1607885830030:3ebbba62-b459-4aee-ac06-344c30947b15,1607885830030:f27ce9fb-1bc8-4874-b5b2-45144db12cff,"size == ""0""","isEmpty == ""True""","peek_obj_type == ""EmptyObject""","push == ""class java.lang.String""","pop == ""none""","clear == ""none""","size_p == ""0""",Yes
3637,1607885830030:3ebbba62-b459-4aee-ac06-344c30947b15,1607885830030:a0c4ccbd-be76-44ed-82e6-7605299f88f3,"size == ""0""","isEmpty == ""True""","peek_obj_type == ""EmptyObject""","push == ""class java.lang.String""","pop == ""none""","clear == ""none""","size_p == ""0""",Yes
3638,1607885830030:3ebbba62-b459-4aee-ac06-344c30947b15,1607885830030:a0c4ccbd-be76-44ed-82e6-7605299f88f3,"size == ""0""","isEmpty == ""True""","peek_obj_type == ""EmptyObject""","push == ""none""","pop == ""EmptyObject""","clear == ""none""","size_p == ""0""",No
3640,1607885830030:246c78d1-f3e2-46ab-8717-4895a943b146,1607885830030:a824905b-ffa6-42b3-94b5-95e388a16de2,"size == ""0""","isEmpty == ""True""","peek_obj_type == ""EmptyObject""","push == ""class java.lang.String""","pop == ""none""","clear == ""none""","size_p == ""0""",Yes
3641,1607885830030:246c78d1-f3e2-46ab-8717-4895a943b146,1607885830030:a824905b-ffa6-42b3-94b5-95e388a16de2,"size == ""0""","isEmpty == ""True""","peek_obj_type == ""EmptyObject""","push == ""none""","pop == ""EmptyObject""","clear == ""none""","size_p == ""0""",No
3643,1607885830029:e0f7bddf-8fbd-469e-9667-d9db173d07cd,1607885830029:74f2069f-d53f-41e3-af6a-086d502ef568,"size == ""0""","isEmpty == ""True""","peek_obj_type == ""EmptyObject""","push == ""class java.lang.String""","pop == ""none""","clear == ""none""","size_p == ""0""",Yes
3644,1607885830029:e0f7bddf-8fbd-469e-9667-d9db173d07cd,1607885830029:74f2069f-d53f-41e3-af6a-086d502ef568,"size == ""0""","isEmpty == ""True""","peek_obj_type == ""EmptyObject""","push == ""class java.lang.String""","pop == ""none""","clear == ""none""","size_p == ""0""",Yes
3645,1607885830029:e0f7bddf-8fbd-469e-9667-d9db173d07cd,1607885830029:74f2069f-d53f-41e3-af6a-086d502ef568,"size == ""0""","isEmpty == ""True""","peek_obj_type == ""EmptyObject""","push == ""class java.lang.String""","pop == ""none""","clear == ""none""","size_p == ""0""",Yes
3647,1607885830029:e0f7bddf-8fbd-469e-9667-d9db173d07cd,1607885830029:7354f654-dddb-4d05-a1d9-053969464813,"size == ""0""","isEmpty == ""True""","peek_obj_type == ""EmptyObject""","push == ""class java.lang.String""","pop == ""none""","clear == ""none""","size_p == ""0""",Yes
3648,1607885830029:e0f7bddf-8fbd-469e-9667-d9db173d07cd,1607885830029:7354f654-dddb-4d05-a1d9-053969464813,"size == ""0""","isEmpty == ""True""","peek_obj_type == ""EmptyObject""","push == ""none""","pop == ""EmptyObject""","clear == ""none""","size_p == ""0""",No
3650,1607885830029:e0f7bddf-8fbd-469e-9667-d9db173d07cd,1607885830029:052826ec-f695-44f0-b9d7-79d422897167,"size == ""1""","isEmpty == ""False""","peek_obj_type == ""class java.lang.String""","push == ""none""","pop == ""none""","clear == ""clear""","size_p == ""0""",Yes
3651,1607885830029:e0f7bddf-8fbd-469e-9667-d9db173d07cd,1607885830029:052826ec-f695-44f0-b9d7-79d422897167,"size == ""1""","isEmpty == ""False""","peek_obj_type == ""class java.lang.String""","push == ""class java.lang.String""","pop == ""none""","clear == ""none""","size_p == ""1""",Yes
3652,1607885830029:e0f7bddf-8fbd-469e-9667-d9db173d07cd,1607885830029:052826ec-f695-44f0-b9d7-79d422897167,"size == ""0""","isEmpty == ""True""","peek_obj_type == ""EmptyObject""","push == ""none""","pop == ""EmptyObject""","clear == ""none""","size_p == ""1""",No
3653,1607885830029:e0f7bddf-8fbd-469e-9667-d9db173d07cd,1607885830029:052826ec-f695-44f0-b9d7-79d422897167,"size == ""1""","isEmpty == ""False""","peek_obj_type == ""class java.lang.String""","push == ""none""","pop == ""none""","clear == ""clear""","size_p == ""0""",Yes
3655,1607885830029:bab6d823-11a8-42ac-9dc5-d479b3470864,1607885830029:17962daa-6625-4418-9789-f642d82229eb,"size == ""0""","isEmpty == ""True""","peek_obj_type == ""EmptyObject""","push == ""class java.lang.String""","pop == ""none""","clear == ""none""","size_p == ""0""",Yes
3656,1607885830029:bab6d823-11a8-42ac-9dc5-d479b3470864,1607885830029:17962daa-6625-4418-9789-f642d82229eb,"size == ""0""","isEmpty == ""True""","peek_obj_type == ""EmptyObject""","push == ""none""","pop == ""EmptyObject""","clear == ""none""","size_p == ""0""",No
3658,1607885830029:556c16ab-7d03-4381-81b4-7b05a445f42f,1607885830029:6bed7fdf-5c34-430d-8fb0-6f91cac7a531,"size == ""0""","isEmpty == ""True""","peek_obj_type == ""EmptyObject""","push == ""class java.lang.String""","pop == ""none""","clear == ""none""","size_p == ""0""",Yes
3659,1607885830029:556c16ab-7d03-4381-81b4-7b05a445f42f,1607885830029:6bed7fdf-5c34-430d-8fb0-6f91cac7a531,"size == ""0""","isEmpty == ""True""","peek_obj_type == ""EmptyObject""","push == ""none""","pop == ""EmptyObject""","clear == ""none""","size_p == ""0""",No
3661,1607885830029:086268c5-efcf-473a-866f-a26958444d58,1607885830029:cee8cd9c-5ae7-4c87-bdf0-49ffefee7cbc,"size == ""0""","isEmpty == ""True""","peek_obj_type == ""EmptyObject""","push == ""class java.lang.String""","pop == ""none""","clear == ""none""","size_p == ""0""",Yes
3662,1607885830029:086268c5-efcf-473a-866f-a26958444d58,1607885830029:cee8cd9c-5ae7-4c87-bdf0-49ffefee7cbc,"size == ""0""","isEmpty == ""True""","peek_obj_type == ""EmptyObject""","push == ""none""","pop == ""EmptyObject""","clear == ""none""","size_p == ""0""",No
3664,1607885830029:086268c5-efcf-473a-866f-a26958444d58,1607885830029:3e42a818-7e2f-4648-9b5a-fc559ac93122,"size == ""1""","isEmpty == ""False""","peek_obj_type == ""class java.lang.String""","push == ""none""","pop == ""none""","clear == ""clear""","size_p == ""0""",Yes
3665,1607885830029:086268c5-efcf-473a-866f-a26958444d58,1607885830029:3e42a818-7e2f-4648-9b5a-fc559ac93122,"size == ""1""","isEmpty == ""False""","peek_obj_type == ""class java.lang.String""","push == ""class java.lang.String""","pop == ""none""","clear == ""none""","size_p == ""1""",Yes
3666,1607885830029:086268c5-efcf-473a-866f-a26958444d58,1607885830029:3e42a818-7e2f-4648-9b5a-fc559ac93122,"size == ""2""","isEmpty == ""False""","peek_obj_type == ""class java.lang.String""","push == ""none""","pop == ""none""","clear == ""clear""","size_p == ""1""",Yes
3668,1607885830028:f75a1127-0ee8-45d6-a515-62e727a92ab5,1607885830028:b06c8e15-2806-4000-bc0d-4657d2f6060a,"size == ""1""","isEmpty == ""False""","peek_obj_type == ""class java.lang.String""","push == ""none""","pop == ""none""","clear == ""clear""","size_p == ""0""",Yes
3669,1607885830028:f75a1127-0ee8-45d6-a515-62e727a92ab5,1607885830028:b06c8e15-2806-4000-bc0d-4657d2f6060a,"size == ""1""","isEmpty == ""False""","peek_obj_type == ""class java.lang.String""","push == ""class java.lang.String""","pop == ""none""","clear == ""none""","size_p == ""1""",Yes
3670,1607885830028:f75a1127-0ee8-45d6-a515-62e727a92ab5,1607885830028:b06c8e15-2806-4000-bc0d-4657d2f6060a,"size == ""2""","isEmpty == ""False""","peek_obj_type == ""class java.lang.String""","push == ""none""","pop == ""none""","clear == ""clear""","size_p == ""1""",Yes
3671,1607885830028:f75a1127-0ee8-45d6-a515-62e727a92ab5,1607885830028:b06c8e15-2806-4000-bc0d-4657d2f6060a,"size == ""3""","isEmpty == ""False""","peek_obj_type == ""class java.lang.String""","push == ""none""","pop == ""none""","clear == ""clear""","size_p == ""2""",Yes
3672,1607885830028:f75a1127-0ee8-45d6-a515-62e727a92ab5,1607885830028:b06c8e15-2806-4000-bc0d-4657d2f6060a,"size == ""4""","isEmpty == ""False""","peek_obj_type == ""class java.lang.String""","push == ""none""","pop == ""none""","clear == ""clear""","size_p == ""3""",Yes
3674,1607885830028:f75a1127-0ee8-45d6-a515-62e727a92ab5,1607885830028:a02e0462-579d-4462-8a28-3e1471716bd3,"size == ""0""","isEmpty == ""True""","peek_obj_type == ""EmptyObject""","push == ""class java.lang.String""","pop == ""none""","clear == ""none""","size_p == ""0""",Yes
3675,1607885830028:f75a1127-0ee8-45d6-a515-62e727a92ab5,1607885830028:a02e0462-579d-4462-8a28-3e1471716bd3,"size == ""0""","isEmpty == ""True""","peek_obj_type == ""EmptyObject""","push == ""none""","pop == ""EmptyObject""","clear == ""none""","size_p == ""0""",No
3677,1607885830028:785d5512-6af6-41d6-873a-644132dfda31,1607885830028:fa907b51-d420-45fb-a95f-0c902771b07f,"size == ""0""","isEmpty == ""True""","peek_obj_type == ""EmptyObject""","push == ""class java.lang.String""","pop == ""none""","clear == ""none""","size_p == ""0""",Yes
3679,1607885830028:785d5512-6af6-41d6-873a-644132dfda31,1607885830028:27977c3d-ecaa-43aa-a0f6-d93e6c020ded,"size == ""0""","isEmpty == ""True""","peek_obj_type == ""EmptyObject""","push == ""class java.lang.String""","pop == ""none""","clear == ""none""","size_p == ""0""",Yes
3680,1607885830028:785d5512-6af6-41d6-873a-644132dfda31,1607885830028:27977c3d-ecaa-43aa-a0f6-d93e6c020ded,"size == ""0""","isEmpty == ""True""","peek_obj_type == ""EmptyObject""","push == ""none""","pop == ""EmptyObject""","clear == ""none""","size_p == ""0""",No
3682,1607885830028:128b42e8-5144-4c51-ae10-46dae45ba6b0,1607885830028:93a20e69-81b3-47b2-8b96-85f2530ca225,"size == ""0""","isEmpty == ""True""","peek_obj_type == ""EmptyObject""","push == ""class java.lang.String""","pop == ""none""","clear == ""none""","size_p == ""0""",Yes
3683,1607885830028:128b42e8-5144-4c51-ae10-46dae45ba6b0,1607885830028:93a20e69-81b3-47b2-8b96-85f2530ca225,"size == ""0""","isEmpty == ""True""","peek_obj_type == ""EmptyObject""","push == ""none""","pop == ""EmptyObject""","clear == ""none""","size_p == ""0""",No
3685,1607885830028:03133942-3f62-4679-acb9-c6182138e539,1607885830028:b4e5548e-b8f9-459f-a3cb-e28e8ab8b931,"size == ""0""","isEmpty == ""True""","peek_obj_type == ""EmptyObject""","push == ""class java.lang.String""","pop == ""none""","clear == ""none""","size_p == ""0""",Yes
3686,1607885830028:03133942-3f62-4679-acb9-c6182138e539,1607885830028:b4e5548e-b8f9-459f-a3cb-e28e8ab8b931,"size == ""0""","isEmpty == ""True""","peek_obj_type == ""EmptyObject""","push == ""none""","pop == ""EmptyObject""","clear == ""none""","size_p == ""0""",No
3688,1607885830028:03133942-3f62-4679-acb9-c6182138e539,1607885830028:7dec1469-7aca-4a7d-b566-e01bb13e4202,"size == ""1""","isEmpty == ""False""","peek_obj_type == ""class java.lang.String""","push == ""none""","pop == ""none""","clear == ""clear""","size_p == ""0""",Yes
3689,1607885830028:03133942-3f62-4679-acb9-c6182138e539,1607885830028:7dec1469-7aca-4a7d-b566-e01bb13e4202,"size == ""1""","isEmpty == ""False""","peek_obj_type == ""class java.lang.String""","push == ""class java.lang.String""","pop == ""none""","clear == ""none""","size_p == ""1""",Yes
3690,1607885830028:03133942-3f62-4679-acb9-c6182138e539,1607885830028:7dec1469-7aca-4a7d-b566-e01bb13e4202,"size == ""2""","isEmpty == ""False""","peek_obj_type == ""class java.lang.String""","push == ""none""","pop == ""none""","clear == ""clear""","size_p == ""1""",Yes
3691,1607885830028:03133942-3f62-4679-acb9-c6182138e539,1607885830028:7dec1469-7aca-4a7d-b566-e01bb13e4202,"size == ""3""","isEmpty == ""False""","peek_obj_type == ""class java.lang.String""","push == ""none""","pop == ""none""","clear == ""clear""","size_p == ""2""",Yes
3692,1607885830028:03133942-3f62-4679-acb9-c6182138e539,1607885830028:7dec1469-7aca-4a7d-b566-e01bb13e4202,"size == ""4""","isEmpty == ""False""","peek_obj_type == ""class java.lang.String""","push == ""none""","pop == ""none""","clear == ""clear""","size_p == ""3""",Yes
3694,1607885830027:d14dbd1f-5ac0-4622-b75b-73f89766ba66,1607885830027:72d65ce3-d88b-4066-9cea-24a926699ac0,"size == ""0""","isEmpty == ""True""","peek_obj_type == ""EmptyObject""","push == ""class java.lang.String""","pop == ""none""","clear == ""none""","size_p == ""0""",Yes
3695,1607885830027:d14dbd1f-5ac0-4622-b75b-73f89766ba66,1607885830027:72d65ce3-d88b-4066-9cea-24a926699ac0,"size == ""0""","isEmpty == ""True""","peek_obj_type == ""EmptyObject""","push == ""none""","pop == ""EmptyObject""","clear == ""none""","size_p == ""0""",No
3697,1607885830027:d14dbd1f-5ac0-4622-b75b-73f89766ba66,1607885830027:31c871ba-5131-411f-8511-a43571fe5e77,"size == ""0""","isEmpty == ""True""","peek_obj_type == ""EmptyObject""","push == ""class java.lang.String""","pop == ""none""","clear == ""none""","size_p == ""0""",Yes
3698,1607885830027:d14dbd1f-5ac0-4622-b75b-73f89766ba66,1607885830027:31c871ba-5131-411f-8511-a43571fe5e77,"size == ""0""","isEmpty == ""True""","peek_obj_type == ""EmptyObject""","push == ""class java.lang.String""","pop == ""none""","clear == ""none""","size_p == ""0""",Yes
3700,1607885830027:b7fdf28b-1c61-4adc-96c9-559cfadc6018,1607885830027:d6e7c88f-b289-4869-bcbe-aa0909fd8552,"size == ""1""","isEmpty == ""False""","peek_obj_type == ""class java.lang.String""","push == ""none""","pop == ""none""","clear == ""clear""","size_p == ""0""",Yes
3701,1607885830027:b7fdf28b-1c61-4adc-96c9-559cfadc6018,1607885830027:d6e7c88f-b289-4869-bcbe-aa0909fd8552,"size == ""1""","isEmpty == ""False""","peek_obj_type == ""class java.lang.String""","push == ""class java.lang.String""","pop == ""none""","clear == ""none""","size_p == ""1""",Yes
3702,1607885830027:b7fdf28b-1c61-4adc-96c9-559cfadc6018,1607885830027:d6e7c88f-b289-4869-bcbe-aa0909fd8552,"size == ""2""","isEmpty == ""False""","peek_obj_type == ""class java.lang.String""","push == ""none""","pop == ""none""","clear == ""clear""","size_p == ""1""",Yes
3703,1607885830027:b7fdf28b-1c61-4adc-96c9-559cfadc6018,1607885830027:d6e7c88f-b289-4869-bcbe-aa0909fd8552,"size == ""3""","isEmpty == ""False""","peek_obj_type == ""class java.lang.String""","push == ""none""","pop == ""none""","clear == ""clear""","size_p == ""2""",Yes
3704,1607885830027:b7fdf28b-1c61-4adc-96c9-559cfadc6018,1607885830027:d6e7c88f-b289-4869-bcbe-aa0909fd8552,"size == ""4""","isEmpty == ""False""","peek_obj_type == ""class java.lang.String""","push == ""none""","pop == ""none""","clear == ""clear""","size_p == ""3""",Yes
3706,1607885830027:b7fdf28b-1c61-4adc-96c9-559cfadc6018,1607885830027:77fa6e74-a3f0-4f65-b464-48c9688f6828,"size == ""0""","isEmpty == ""True""","peek_obj_type == ""EmptyObject""","push == ""class java.lang.String""","pop == ""none""","clear == ""none""","size_p == ""0""",Yes
3707,1607885830027:b7fdf28b-1c61-4adc-96c9-559cfadc6018,1607885830027:77fa6e74-a3f0-4f65-b464-48c9688f6828,"size == ""0""","isEmpty == ""True""","peek_obj_type == ""EmptyObject""","push == ""none""","pop == ""EmptyObject""","clear == ""none""","size_p == ""0""",No
3709,1607885830026:8180df3d-afcb-4eb9-84c9-09a37d0e35cc,1607885830026:d00cf15f-3844-4e8e-8b3d-d256ea42572b,"size == ""0""","isEmpty == ""True""","peek_obj_type == ""EmptyObject""","push == ""class java.lang.String""","pop == ""none""","clear == ""none""","size_p == ""0""",Yes
3710,1607885830026:8180df3d-afcb-4eb9-84c9-09a37d0e35cc,1607885830026:d00cf15f-3844-4e8e-8b3d-d256ea42572b,"size == ""0""","isEmpty == ""True""","peek_obj_type == ""EmptyObject""","push == ""none""","pop == ""EmptyObject""","clear == ""none""","size_p == ""0""",No
3712,1607885830026:3b98de36-7edf-45ff-bae0-9736930d97a6,1607885830027:fb44dac7-f041-4514-acb5-369deef56d6b,"size == ""0""","isEmpty == ""True""","peek_obj_type == ""EmptyObject""","push == ""class java.lang.String""","pop == ""none""","clear == ""none""","size_p == ""0""",Yes
3713,1607885830026:3b98de36-7edf-45ff-bae0-9736930d97a6,1607885830027:fb44dac7-f041-4514-acb5-369deef56d6b,"size == ""0""","isEmpty == ""True""","peek_obj_type == ""EmptyObject""","push == ""none""","pop == ""EmptyObject""","clear == ""none""","size_p == ""0""",No
3715,1607885830026:3b98de36-7edf-45ff-bae0-9736930d97a6,1607885830026:f23e1e0e-6678-4b5e-8e85-cc1d88080b4b,"size == ""1""","isEmpty == ""False""","peek_obj_type == ""class java.lang.String""","push == ""none""","pop == ""none""","clear == ""clear""","size_p == ""0""",Yes
3716,1607885830026:3b98de36-7edf-45ff-bae0-9736930d97a6,1607885830026:f23e1e0e-6678-4b5e-8e85-cc1d88080b4b,"size == ""1""","isEmpty == ""False""","peek_obj_type == ""class java.lang.String""","push == ""class java.lang.String""","pop == ""none""","clear == ""none""","size_p == ""1""",Yes
3717,1607885830026:3b98de36-7edf-45ff-bae0-9736930d97a6,1607885830026:f23e1e0e-6678-4b5e-8e85-cc1d88080b4b,"size == ""0""","isEmpty == ""True""","peek_obj_type == ""EmptyObject""","push == ""none""","pop == ""EmptyObject""","clear == ""none""","size_p == ""1""",No
3718,1607885830026:3b98de36-7edf-45ff-bae0-9736930d97a6,1607885830026:f23e1e0e-6678-4b5e-8e85-cc1d88080b4b,"size == ""1""","isEmpty == ""False""","peek_obj_type == ""class java.lang.String""","push == ""none""","pop == ""none""","clear == ""clear""","size_p == ""0""",Yes
3720,1607885830026:3b98de36-7edf-45ff-bae0-9736930d97a6,1607885830026:d66221bf-6ab2-4223-8dd8-1e4ab0b35192,"size == ""0""","isEmpty == ""True""","peek_obj_type == ""EmptyObject""","push == ""class java.lang.String""","pop == ""none""","clear == ""none""","size_p == ""0""",Yes
3721,1607885830026:3b98de36-7edf-45ff-bae0-9736930d97a6,1607885830026:d66221bf-6ab2-4223-8dd8-1e4ab0b35192,"size == ""0""","isEmpty == ""True""","peek_obj_type == ""EmptyObject""","push == ""class java.lang.String""","pop == ""none""","clear == ""none""","size_p == ""0""",Yes
3722,1607885830026:3b98de36-7edf-45ff-bae0-9736930d97a6,1607885830026:d66221bf-6ab2-4223-8dd8-1e4ab0b35192,"size == ""0""","isEmpty == ""True""","peek_obj_type == ""EmptyObject""","push == ""class java.lang.String""","pop == ""none""","clear == ""none""","size_p == ""0""",Yes
3724,1607885830026:25dc1765-2a8e-4418-ba1b-d9dd5c914a52,1607885830026:5eabb3b4-5f43-4b3b-b12b-db752c807032,"size == ""0""","isEmpty == ""True""","peek_obj_type == ""EmptyObject""","push == ""class java.lang.String""","pop == ""none""","clear == ""none""","size_p == ""0""",Yes
3725,1607885830026:25dc1765-2a8e-4418-ba1b-d9dd5c914a52,1607885830026:5eabb3b4-5f43-4b3b-b12b-db752c807032,"size == ""0""","isEmpty == ""True""","peek_obj_type == ""EmptyObject""","push == ""class java.lang.String""","pop == ""none""","clear == ""none""","size_p == ""0""",Yes
3726,1607885830026:25dc1765-2a8e-4418-ba1b-d9dd5c914a52,1607885830026:5eabb3b4-5f43-4b3b-b12b-db752c807032,"size == ""0""","isEmpty == ""True""","peek_obj_type == ""EmptyObject""","push == ""class java.lang.String""","pop == ""none""","clear == ""none""","size_p == ""0""",Yes
3728,1607885830026:25dc1765-2a8e-4418-ba1b-d9dd5c914a52,1607885830026:3dceae4c-a65d-4c6e-9935-7e4068f7100c,"size == ""0""","isEmpty == ""True""","peek_obj_type == ""EmptyObject""","push == ""class java.lang.String""","pop == ""none""","clear == ""none""","size_p == ""0""",Yes
3729,1607885830026:25dc1765-2a8e-4418-ba1b-d9dd5c914a52,1607885830026:3dceae4c-a65d-4c6e-9935-7e4068f7100c,"size == ""0""","isEmpty == ""True""","peek_obj_type == ""EmptyObject""","push == ""none""","pop == ""EmptyObject""","clear == ""none""","size_p == ""0""",No
3731,1607885830025:c00cac65-f5b7-412f-a59a-87b9c3dd1ccb,1607885830025:c48533ff-9203-4269-907d-5490f9432c22,"size == ""1""","isEmpty == ""False""","peek_obj_type == ""class java.lang.String""","push == ""none""","pop == ""none""","clear == ""clear""","size_p == ""0""",Yes
3732,1607885830025:c00cac65-f5b7-412f-a59a-87b9c3dd1ccb,1607885830025:c48533ff-9203-4269-907d-5490f9432c22,"size == ""1""","isEmpty == ""False""","peek_obj_type == ""class java.lang.String""","push == ""class java.lang.String""","pop == ""none""","clear == ""none""","size_p == ""1""",Yes
3733,1607885830025:c00cac65-f5b7-412f-a59a-87b9c3dd1ccb,1607885830025:c48533ff-9203-4269-907d-5490f9432c22,"size == ""2""","isEmpty == ""False""","peek_obj_type == ""class java.lang.String""","push == ""none""","pop == ""none""","clear == ""clear""","size_p == ""1""",Yes
3734,1607885830025:c00cac65-f5b7-412f-a59a-87b9c3dd1ccb,1607885830025:c48533ff-9203-4269-907d-5490f9432c22,"size == ""3""","isEmpty == ""False""","peek_obj_type == ""class java.lang.String""","push == ""none""","pop == ""none""","clear == ""clear""","size_p == ""2""",Yes
3735,1607885830025:c00cac65-f5b7-412f-a59a-87b9c3dd1ccb,1607885830025:c48533ff-9203-4269-907d-5490f9432c22,"size == ""4""","isEmpty == ""False""","peek_obj_type == ""class java.lang.String""","push == ""none""","pop == ""none""","clear == ""clear""","size_p == ""3""",Yes
3737,1607885830025:c00cac65-f5b7-412f-a59a-87b9c3dd1ccb,1607885830025:1df042b1-7d63-45d4-9293-f3b9ff6b7c94,"size == ""0""","isEmpty == ""True""","peek_obj_type == ""EmptyObject""","push == ""class java.lang.String""","pop == ""none""","clear == ""none""","size_p == ""0""",Yes
3738,1607885830025:c00cac65-f5b7-412f-a59a-87b9c3dd1ccb,1607885830025:1df042b1-7d63-45d4-9293-f3b9ff6b7c94,"size == ""0""","isEmpty == ""True""","peek_obj_type == ""EmptyObject""","push == ""none""","pop == ""EmptyObject""","clear == ""none""","size_p == ""0""",No
3740,1607885830025:6edffc6a-1c7f-4544-8ae7-3d054b005455,1607885830025:865f256a-b631-4a5f-bec7-5792f4212e85,"size == ""0""","isEmpty == ""True""","peek_obj_type == ""EmptyObject""","push == ""class java.lang.String""","pop == ""none""","clear == ""none""","size_p == ""0""",Yes
3741,1607885830025:6edffc6a-1c7f-4544-8ae7-3d054b005455,1607885830025:865f256a-b631-4a5f-bec7-5792f4212e85,"size == ""0""","isEmpty == ""True""","peek_obj_type == ""EmptyObject""","push == ""class java.lang.String""","pop == ""none""","clear == ""none""","size_p == ""0""",Yes
3743,1607885830025:6edffc6a-1c7f-4544-8ae7-3d054b005455,1607885830025:0ba9349f-2442-4d75-8382-0d458aad4114,"size == ""0""","isEmpty == ""True""","peek_obj_type == ""EmptyObject""","push == ""class java.lang.String""","pop == ""none""","clear == ""none""","size_p == ""0""",Yes
3744,1607885830025:6edffc6a-1c7f-4544-8ae7-3d054b005455,1607885830025:0ba9349f-2442-4d75-8382-0d458aad4114,"size == ""0""","isEmpty == ""True""","peek_obj_type == ""EmptyObject""","push == ""none""","pop == ""EmptyObject""","clear == ""none""","size_p == ""0""",No
3746,1607885830024:e184bf0a-ba99-4bd9-afe7-eb2b852d4417,1607885830024:7c739825-dfa9-4436-b3d5-213fffa70c18,"size == ""0""","isEmpty == ""True""","peek_obj_type == ""EmptyObject""","push == ""class java.lang.String""","pop == ""none""","clear == ""none""","size_p == ""0""",Yes
3747,1607885830024:e184bf0a-ba99-4bd9-afe7-eb2b852d4417,1607885830024:7c739825-dfa9-4436-b3d5-213fffa70c18,"size == ""0""","isEmpty == ""True""","peek_obj_type == ""EmptyObject""","push == ""none""","pop == ""EmptyObject""","clear == ""none""","size_p == ""0""",No
3749,1607885830024:922bda84-8a88-4709-beae-ec27eba5ba29,1607885830024:d22485db-f597-4d41-b743-b104edf4f443,"size == ""0""","isEmpty == ""True""","peek_obj_type == ""EmptyObject""","push == ""class java.lang.String""","pop == ""none""","clear == ""none""","size_p == ""0""",Yes
3750,1607885830024:922bda84-8a88-4709-beae-ec27eba5ba29,1607885830024:d22485db-f597-4d41-b743-b104edf4f443,"size == ""0""","isEmpty == ""True""","peek_obj_type == ""EmptyObject""","push == ""none""","pop == ""EmptyObject""","clear == ""none""","size_p == ""0""",No
3752,1607885830024:922bda84-8a88-4709-beae-ec27eba5ba29,1607885830024:1b3870ed-2406-4e3f-bf8c-1a18dc49f9ec,"size == ""0""","isEmpty == ""True""","peek_obj_type == ""EmptyObject""","push == ""class java.lang.String""","pop == ""none""","clear == ""none""","size_p == ""0""",Yes
3754,1607885830024:91c075ae-1875-405d-bbbe-9dedb0804318,1607885830024:cbf4ded5-942f-4c5d-80ae-27b6592b7a4f,"size == ""0""","isEmpty == ""True""","peek_obj_type == ""EmptyObject""","push == ""class java.lang.String""","pop == ""none""","clear == ""none""","size_p == ""0""",Yes
3755,1607885830024:91c075ae-1875-405d-bbbe-9dedb0804318,1607885830024:cbf4ded5-942f-4c5d-80ae-27b6592b7a4f,"size == ""0""","isEmpty == ""True""","peek_obj_type == ""EmptyObject""","push == ""none""","pop == ""EmptyObject""","clear == ""none""","size_p == ""0""",No
3757,1607885830023:413b9ec1-a480-475e-aeda-153202a15937,1607885830024:c0b5babc-ccd7-49d2-b161-3605c5e0ef87,"size == ""0""","isEmpty == ""True""","peek_obj_type == ""EmptyObject""","push == ""class java.lang.String""","pop == ""none""","clear == ""none""","size_p == ""0""",Yes
3758,1607885830023:413b9ec1-a480-475e-aeda-153202a15937,1607885830024:c0b5babc-ccd7-49d2-b161-3605c5e0ef87,"size == ""0""","isEmpty == ""True""","peek_obj_type == ""EmptyObject""","push == ""none""","pop == ""EmptyObject""","clear == ""none""","size_p == ""0""",No
3760,1607885830023:29c23901-1aaa-4963-9c46-2565973115ea,1607885830023:9a9ff272-34ab-43e3-ae1f-633850e310d4,"size == ""1""","isEmpty == ""False""","peek_obj_type == ""class java.lang.String""","push == ""none""","pop == ""none""","clear == ""clear""","size_p == ""0""",Yes
3761,1607885830023:29c23901-1aaa-4963-9c46-2565973115ea,1607885830023:9a9ff272-34ab-43e3-ae1f-633850e310d4,"size == ""1""","isEmpty == ""False""","peek_obj_type == ""class java.lang.String""","push == ""class java.lang.String""","pop == ""none""","clear == ""none""","size_p == ""1""",Yes
3762,1607885830023:29c23901-1aaa-4963-9c46-2565973115ea,1607885830023:9a9ff272-34ab-43e3-ae1f-633850e310d4,"size == ""0""","isEmpty == ""True""","peek_obj_type == ""EmptyObject""","push == ""none""","pop == ""EmptyObject""","clear == ""none""","size_p == ""1""",No
3763,1607885830023:29c23901-1aaa-4963-9c46-2565973115ea,1607885830023:9a9ff272-34ab-43e3-ae1f-633850e310d4,"size == ""1""","isEmpty == ""False""","peek_obj_type == ""class java.lang.String""","push == ""none""","pop == ""none""","clear == ""clear""","size_p == ""0""",Yes
3765,1607885830023:29c23901-1aaa-4963-9c46-2565973115ea,1607885830023:8b58bb1f-aa79-4cd8-9693-0036e98fbd8d,"size == ""0""","isEmpty == ""True""","peek_obj_type == ""EmptyObject""","push == ""class java.lang.String""","pop == ""none""","clear == ""none""","size_p == ""0""",Yes
3766,1607885830023:29c23901-1aaa-4963-9c46-2565973115ea,1607885830023:8b58bb1f-aa79-4cd8-9693-0036e98fbd8d,"size == ""0""","isEmpty == ""True""","peek_obj_type == ""EmptyObject""","push == ""class java.lang.String""","pop == ""none""","clear == ""none""","size_p == ""0""",Yes
3767,1607885830023:29c23901-1aaa-4963-9c46-2565973115ea,1607885830023:8b58bb1f-aa79-4cd8-9693-0036e98fbd8d,"size == ""0""","isEmpty == ""True""","peek_obj_type == ""EmptyObject""","push == ""class java.lang.String""","pop == ""none""","clear == ""none""","size_p == ""0""",Yes
3769,1607885830023:29c23901-1aaa-4963-9c46-2565973115ea,1607885830023:0a56ca94-8f72-4d0a-a35f-76cdfe9a48c8,"size == ""0""","isEmpty == ""True""","peek_obj_type == ""EmptyObject""","push == ""class java.lang.String""","pop == ""none""","clear == ""none""","size_p == ""0""",Yes
3770,1607885830023:29c23901-1aaa-4963-9c46-2565973115ea,1607885830023:0a56ca94-8f72-4d0a-a35f-76cdfe9a48c8,"size == ""0""","isEmpty == ""True""","peek_obj_type == ""EmptyObject""","push == ""none""","pop == ""EmptyObject""","clear == ""none""","size_p == ""0""",No
3772,1607885830023:095c8b3e-3ff2-4915-b7a0-e9e9ba49e674,1607885830023:7efba74d-7378-4065-b285-5e0d377d212e,"size == ""0""","isEmpty == ""True""","peek_obj_type == ""EmptyObject""","push == ""class java.lang.String""","pop == ""none""","clear == ""none""","size_p == ""0""",Yes
3773,1607885830023:095c8b3e-3ff2-4915-b7a0-e9e9ba49e674,1607885830023:7efba74d-7378-4065-b285-5e0d377d212e,"size == ""0""","isEmpty == ""True""","peek_obj_type == ""EmptyObject""","push == ""none""","pop == ""EmptyObject""","clear == ""none""","size_p == ""0""",No
3775,1607885830022:43b74fca-d252-4a09-9681-73f182cc25fc,1607885830022:cceed7ea-fbcc-481a-a2b7-15d4ad50b844,"size == ""0""","isEmpty == ""True""","peek_obj_type == ""EmptyObject""","push == ""class java.lang.String""","pop == ""none""","clear == ""none""","size_p == ""0""",Yes
3776,1607885830022:43b74fca-d252-4a09-9681-73f182cc25fc,1607885830022:cceed7ea-fbcc-481a-a2b7-15d4ad50b844,"size == ""0""","isEmpty == ""True""","peek_obj_type == ""EmptyObject""","push == ""none""","pop == ""EmptyObject""","clear == ""none""","size_p == ""0""",No
3778,1607885830022:10411694-1338-41c7-869e-d8746c66acf9,1607885830022:a4b9c844-78d8-4b09-929e-27548764e92e,"size == ""0""","isEmpty == ""True""","peek_obj_type == ""EmptyObject""","push == ""class java.lang.String""","pop == ""none""","clear == ""none""","size_p == ""0""",Yes
3779,1607885830022:10411694-1338-41c7-869e-d8746c66acf9,1607885830022:a4b9c844-78d8-4b09-929e-27548764e92e,"size == ""0""","isEmpty == ""True""","peek_obj_type == ""EmptyObject""","push == ""class java.lang.String""","pop == ""none""","clear == ""none""","size_p == ""0""",Yes
3780,1607885830022:10411694-1338-41c7-869e-d8746c66acf9,1607885830022:a4b9c844-78d8-4b09-929e-27548764e92e,"size == ""0""","isEmpty == ""True""","peek_obj_type == ""EmptyObject""","push == ""class java.lang.String""","pop == ""none""","clear == ""none""","size_p == ""0""",Yes
3782,1607885830022:10411694-1338-41c7-869e-d8746c66acf9,1607885830022:0d52c532-74e1-490e-a015-d2d7919a145d,"size == ""0""","isEmpty == ""True""","peek_obj_type == ""EmptyObject""","push == ""class java.lang.String""","pop == ""none""","clear == ""none""","size_p == ""0""",Yes
3783,1607885830022:10411694-1338-41c7-869e-d8746c66acf9,1607885830022:0d52c532-74e1-490e-a015-d2d7919a145d,"size == ""0""","isEmpty == ""True""","peek_obj_type == ""EmptyObject""","push == ""none""","pop == ""EmptyObject""","clear == ""none""","size_p == ""0""",No
3785,1607885830021:b9700102-0f3b-41b8-8473-f5f8c294fe88,1607885830022:26a4441b-293a-4468-9862-d9f69eb1dacf,"size == ""0""","isEmpty == ""True""","peek_obj_type == ""EmptyObject""","push == ""class java.lang.String""","pop == ""none""","clear == ""none""","size_p == ""0""",Yes
3786,1607885830021:b9700102-0f3b-41b8-8473-f5f8c294fe88,1607885830022:26a4441b-293a-4468-9862-d9f69eb1dacf,"size == ""0""","isEmpty == ""True""","peek_obj_type == ""EmptyObject""","push == ""none""","pop == ""EmptyObject""","clear == ""none""","size_p == ""0""",No
3788,1607885830021:b9700102-0f3b-41b8-8473-f5f8c294fe88,1607885830021:56b67d35-d763-47d4-a82b-ee86c7858111,"size == ""0""","isEmpty == ""True""","peek_obj_type == ""EmptyObject""","push == ""class java.lang.String""","pop == ""none""","clear == ""none""","size_p == ""0""",Yes
3789,1607885830021:b9700102-0f3b-41b8-8473-f5f8c294fe88,1607885830021:56b67d35-d763-47d4-a82b-ee86c7858111,"size == ""0""","isEmpty == ""True""","peek_obj_type == ""EmptyObject""","push == ""class java.lang.String""","pop == ""none""","clear == ""none""","size_p == ""0""",Yes
3790,1607885830021:b9700102-0f3b-41b8-8473-f5f8c294fe88,1607885830021:56b67d35-d763-47d4-a82b-ee86c7858111,"size == ""0""","isEmpty == ""True""","peek_obj_type == ""EmptyObject""","push == ""class java.lang.String""","pop == ""none""","clear == ""none""","size_p == ""0""",Yes
3792,1607885830021:b797e878-a11d-4e93-b3fd-38b2632a0d11,1607885830021:3365a515-e03f-459f-baa4-361c1e353ac6,"size == ""0""","isEmpty == ""True""","peek_obj_type == ""EmptyObject""","push == ""class java.lang.String""","pop == ""none""","clear == ""none""","size_p == ""0""",Yes
3793,1607885830021:b797e878-a11d-4e93-b3fd-38b2632a0d11,1607885830021:3365a515-e03f-459f-baa4-361c1e353ac6,"size == ""0""","isEmpty == ""True""","peek_obj_type == ""EmptyObject""","push == ""none""","pop == ""EmptyObject""","clear == ""none""","size_p == ""0""",No
3795,1607885830021:ab8687b0-cfb6-4002-94f9-3ea5d02e4052,1607885830021:a80c4a46-ac23-4e4d-963d-156360826533,"size == ""0""","isEmpty == ""True""","peek_obj_type == ""EmptyObject""","push == ""class java.lang.String""","pop == ""none""","clear == ""none""","size_p == ""0""",Yes
3796,1607885830021:ab8687b0-cfb6-4002-94f9-3ea5d02e4052,1607885830021:a80c4a46-ac23-4e4d-963d-156360826533,"size == ""0""","isEmpty == ""True""","peek_obj_type == ""EmptyObject""","push == ""none""","pop == ""EmptyObject""","clear == ""none""","size_p == ""0""",No
3798,1607885830020:4602ad2e-814b-4677-b06d-8c1d98f87a4f,1607885830020:eeec45ba-ce43-40a6-b538-61e98326a345,"size == ""0""","isEmpty == ""True""","peek_obj_type == ""EmptyObject""","push == ""class java.lang.String""","pop == ""none""","clear == ""none""","size_p == ""0""",Yes
3799,1607885830020:4602ad2e-814b-4677-b06d-8c1d98f87a4f,1607885830020:eeec45ba-ce43-40a6-b538-61e98326a345,"size == ""0""","isEmpty == ""True""","peek_obj_type == ""EmptyObject""","push == ""none""","pop == ""EmptyObject""","clear == ""none""","size_p == ""0""",No
3801,1607885830020:4602ad2e-814b-4677-b06d-8c1d98f87a4f,1607885830020:4590009b-0a3a-428c-96da-189956ea0379,"size == ""0""","isEmpty == ""True""","peek_obj_type == ""EmptyObject""","push == ""class java.lang.String""","pop == ""none""","clear == ""none""","size_p == ""0""",Yes
3802,1607885830020:4602ad2e-814b-4677-b06d-8c1d98f87a4f,1607885830020:4590009b-0a3a-428c-96da-189956ea0379,"size == ""0""","isEmpty == ""True""","peek_obj_type == ""EmptyObject""","push == ""class java.lang.String""","pop == ""none""","clear == ""none""","size_p == ""0""",Yes
3804,1607885830019:e42c7510-6030-4c2e-bafe-4daf317faf5c,1607885830019:261afc09-af1c-4ec5-9795-1150f6a2cb2d,"size == ""1""","isEmpty == ""False""","peek_obj_type == ""class java.lang.String""","push == ""none""","pop == ""none""","clear == ""clear""","size_p == ""0""",Yes
3805,1607885830019:e42c7510-6030-4c2e-bafe-4daf317faf5c,1607885830019:261afc09-af1c-4ec5-9795-1150f6a2cb2d,"size == ""1""","isEmpty == ""False""","peek_obj_type == ""class java.lang.String""","push == ""class java.lang.String""","pop == ""none""","clear == ""none""","size_p == ""1""",Yes
3806,1607885830019:e42c7510-6030-4c2e-bafe-4daf317faf5c,1607885830019:261afc09-af1c-4ec5-9795-1150f6a2cb2d,"size == ""2""","isEmpty == ""False""","peek_obj_type == ""class java.lang.String""","push == ""none""","pop == ""none""","clear == ""clear""","size_p == ""1""",Yes
3807,1607885830019:e42c7510-6030-4c2e-bafe-4daf317faf5c,1607885830019:261afc09-af1c-4ec5-9795-1150f6a2cb2d,"size == ""3""","isEmpty == ""False""","peek_obj_type == ""class java.lang.String""","push == ""none""","pop == ""none""","clear == ""clear""","size_p == ""2""",Yes
3808,1607885830019:e42c7510-6030-4c2e-bafe-4daf317faf5c,1607885830019:261afc09-af1c-4ec5-9795-1150f6a2cb2d,"size == ""4""","isEmpty == ""False""","peek_obj_type == ""class java.lang.String""","push == ""none""","pop == ""none""","clear == ""clear""","size_p == ""3""",Yes
3810,1607885830019:e42c7510-6030-4c2e-bafe-4daf317faf5c,1607885830019:10ffad5b-8614-4247-b1f5-5e065486c350,"size == ""0""","isEmpty == ""True""","peek_obj_type == ""EmptyObject""","push == ""class java.lang.String""","pop == ""none""","clear == ""none""","size_p == ""0""",Yes
3811,1607885830019:e42c7510-6030-4c2e-bafe-4daf317faf5c,1607885830019:10ffad5b-8614-4247-b1f5-5e065486c350,"size == ""0""","isEmpty == ""True""","peek_obj_type == ""EmptyObject""","push == ""none""","pop == ""EmptyObject""","clear == ""none""","size_p == ""0""",No
3813,1607885830019:57dac062-2c5d-4072-a442-4d41bc99b99c,1607885830019:fa7d739d-8525-4e45-ae12-270b66fd1861,"size == ""0""","isEmpty == ""True""","peek_obj_type == ""EmptyObject""","push == ""class java.lang.String""","pop == ""none""","clear == ""none""","size_p == ""0""",Yes
3814,1607885830019:57dac062-2c5d-4072-a442-4d41bc99b99c,1607885830019:fa7d739d-8525-4e45-ae12-270b66fd1861,"size == ""0""","isEmpty == ""True""","peek_obj_type == ""EmptyObject""","push == ""none""","pop == ""EmptyObject""","clear == ""none""","size_p == ""0""",No
3816,1607885830019:0bed3cf1-db39-48f9-8f23-13b287924235,1607885830019:28b1867c-b89e-490c-b750-d11bc3f14dd7,"size == ""0""","isEmpty == ""True""","peek_obj_type == ""EmptyObject""","push == ""class java.lang.String""","pop == ""none""","clear == ""none""","size_p == ""0""",Yes
3817,1607885830019:0bed3cf1-db39-48f9-8f23-13b287924235,1607885830019:28b1867c-b89e-490c-b750-d11bc3f14dd7,"size == ""0""","isEmpty == ""True""","peek_obj_type == ""EmptyObject""","push == ""none""","pop == ""EmptyObject""","clear == ""none""","size_p == ""0""",No
3819,1607885830018:e1bac9f9-9a2c-4c71-a38f-7cf3e48df42e,1607885830018:9ed9c670-31eb-4d17-bca0-f16caf5c7fc7,"size == ""0""","isEmpty == ""True""","peek_obj_type == ""EmptyObject""","push == ""class java.lang.String""","pop == ""none""","clear == ""none""","size_p == ""0""",Yes
3820,1607885830018:e1bac9f9-9a2c-4c71-a38f-7cf3e48df42e,1607885830018:9ed9c670-31eb-4d17-bca0-f16caf5c7fc7,"size == ""0""","isEmpty == ""True""","peek_obj_type == ""EmptyObject""","push == ""class java.lang.String""","pop == ""none""","clear == ""none""","size_p == ""0""",Yes
3822,1607885830018:e1bac9f9-9a2c-4c71-a38f-7cf3e48df42e,1607885830018:8c61a307-43a9-418c-94db-cb982aa225a0,"size == ""0""","isEmpty == ""True""","peek_obj_type == ""EmptyObject""","push == ""class java.lang.String""","pop == ""none""","clear == ""none""","size_p == ""0""",Yes
3823,1607885830018:e1bac9f9-9a2c-4c71-a38f-7cf3e48df42e,1607885830018:8c61a307-43a9-418c-94db-cb982aa225a0,"size == ""0""","isEmpty == ""True""","peek_obj_type == ""EmptyObject""","push == ""none""","pop == ""EmptyObject""","clear == ""none""","size_p == ""0""",No
3825,1607885830018:0310a193-7709-4da3-897d-c827756ff49c,1607885830018:5fed9aa7-a642-41b1-897d-62a7fcde2b66,"size == ""0""","isEmpty == ""True""","peek_obj_type == ""EmptyObject""","push == ""class java.lang.String""","pop == ""none""","clear == ""none""","size_p == ""0""",Yes
3826,1607885830018:0310a193-7709-4da3-897d-c827756ff49c,1607885830018:5fed9aa7-a642-41b1-897d-62a7fcde2b66,"size == ""0""","isEmpty == ""True""","peek_obj_type == ""EmptyObject""","push == ""none""","pop == ""EmptyObject""","clear == ""none""","size_p == ""0""",No
3828,1607885830017:b0673e4b-1276-4ec2-8146-bac682ec7c06,1607885830017:c168dcb0-5336-4a61-9a6a-5cb26c9106fe,"size == ""0""","isEmpty == ""True""","peek_obj_type == ""EmptyObject""","push == ""class java.lang.String""","pop == ""none""","clear == ""none""","size_p == ""0""",Yes
3829,1607885830017:b0673e4b-1276-4ec2-8146-bac682ec7c06,1607885830017:c168dcb0-5336-4a61-9a6a-5cb26c9106fe,"size == ""0""","isEmpty == ""True""","peek_obj_type == ""EmptyObject""","push == ""none""","pop == ""EmptyObject""","clear == ""none""","size_p == ""0""",No
3832,1607885830017:b0673e4b-1276-4ec2-8146-bac682ec7c06,1607885830017:7d011a24-1c43-4a9c-b8a2-f04b693449b6,"size == ""0""","isEmpty == ""True""","peek_obj_type == ""EmptyObject""","push == ""class java.lang.String""","pop == ""none""","clear == ""none""","size_p == ""0""",Yes
3834,1607885830017:8aaea3e2-64e7-43bf-8c53-51c6e0eb84ae,1607885830017:91b2ce16-9899-413d-b194-c6d633aaceb2,"size == ""0""","isEmpty == ""True""","peek_obj_type == ""EmptyObject""","push == ""class java.lang.String""","pop == ""none""","clear == ""none""","size_p == ""0""",Yes
3835,1607885830017:8aaea3e2-64e7-43bf-8c53-51c6e0eb84ae,1607885830017:91b2ce16-9899-413d-b194-c6d633aaceb2,"size == ""0""","isEmpty == ""True""","peek_obj_type == ""EmptyObject""","push == ""none""","pop == ""EmptyObject""","clear == ""none""","size_p == ""0""",No
3837,1607885830017:8aaea3e2-64e7-43bf-8c53-51c6e0eb84ae,1607885830017:89a66e12-3f90-4c88-8a15-e371a868acfd,"size == ""1""","isEmpty == ""False""","peek_obj_type == ""class java.lang.String""","push == ""none""","pop == ""none""","clear == ""clear""","size_p == ""0""",Yes
3838,1607885830017:8aaea3e2-64e7-43bf-8c53-51c6e0eb84ae,1607885830017:89a66e12-3f90-4c88-8a15-e371a868acfd,"size == ""1""","isEmpty == ""False""","peek_obj_type == ""class java.lang.String""","push == ""class java.lang.String""","pop == ""none""","clear == ""none""","size_p == ""1""",Yes
3839,1607885830017:8aaea3e2-64e7-43bf-8c53-51c6e0eb84ae,1607885830017:89a66e12-3f90-4c88-8a15-e371a868acfd,"size == ""0""","isEmpty == ""True""","peek_obj_type == ""EmptyObject""","push == ""none""","pop == ""EmptyObject""","clear == ""none""","size_p == ""1""",No
3840,1607885830017:8aaea3e2-64e7-43bf-8c53-51c6e0eb84ae,1607885830017:89a66e12-3f90-4c88-8a15-e371a868acfd,"size == ""1""","isEmpty == ""False""","peek_obj_type == ""class java.lang.String""","push == ""none""","pop == ""none""","clear == ""clear""","size_p == ""0""",Yes
3842,1607885830016:bdc0b1e2-55d2-4c08-943d-665f333dd8da,1607885830016:5e8844cc-83a5-49be-b096-c503b1bca344,"size == ""0""","isEmpty == ""True""","peek_obj_type == ""EmptyObject""","push == ""class java.lang.String""","pop == ""none""","clear == ""none""","size_p == ""0""",Yes
3843,1607885830016:bdc0b1e2-55d2-4c08-943d-665f333dd8da,1607885830016:5e8844cc-83a5-49be-b096-c503b1bca344,"size == ""0""","isEmpty == ""True""","peek_obj_type == ""EmptyObject""","push == ""none""","pop == ""EmptyObject""","clear == ""none""","size_p == ""0""",No
3845,1607885830016:9e3542e9-d0e3-46de-be2f-07782f1d94bb,1607885830016:ed09ca69-114d-4b2b-87d8-56c93853f6ed,"size == ""0""","isEmpty == ""True""","peek_obj_type == ""EmptyObject""","push == ""class java.lang.String""","pop == ""none""","clear == ""none""","size_p == ""0""",Yes
3846,1607885830016:9e3542e9-d0e3-46de-be2f-07782f1d94bb,1607885830016:ed09ca69-114d-4b2b-87d8-56c93853f6ed,"size == ""0""","isEmpty == ""True""","peek_obj_type == ""EmptyObject""","push == ""class java.lang.String""","pop == ""none""","clear == ""none""","size_p == ""0""",Yes
3847,1607885830016:9e3542e9-d0e3-46de-be2f-07782f1d94bb,1607885830016:ed09ca69-114d-4b2b-87d8-56c93853f6ed,"size == ""0""","isEmpty == ""True""","peek_obj_type == ""EmptyObject""","push == ""class java.lang.String""","pop == ""none""","clear == ""none""","size_p == ""0""",Yes
3849,1607885830016:9e3542e9-d0e3-46de-be2f-07782f1d94bb,1607885830016:cd510b30-f238-4c9d-962d-4301aeb4a232,"size == ""0""","isEmpty == ""True""","peek_obj_type == ""EmptyObject""","push == ""class java.lang.String""","pop == ""none""","clear == ""none""","size_p == ""0""",Yes
3850,1607885830016:9e3542e9-d0e3-46de-be2f-07782f1d94bb,1607885830016:cd510b30-f238-4c9d-962d-4301aeb4a232,"size == ""0""","isEmpty == ""True""","peek_obj_type == ""EmptyObject""","push == ""none""","pop == ""EmptyObject""","clear == ""none""","size_p == ""0""",No
3852,1607885830016:61e5cf13-780e-44a8-8ea7-db330688cf48,1607885830016:2c82c68e-17ef-460e-baf8-6b913e0d97ff,"size == ""0""","isEmpty == ""True""","peek_obj_type == ""EmptyObject""","push == ""class java.lang.String""","pop == ""none""","clear == ""none""","size_p == ""0""",Yes
3853,1607885830016:61e5cf13-780e-44a8-8ea7-db330688cf48,1607885830016:2c82c68e-17ef-460e-baf8-6b913e0d97ff,"size == ""0""","isEmpty == ""True""","peek_obj_type == ""EmptyObject""","push == ""none""","pop == ""EmptyObject""","clear == ""none""","size_p == ""0""",No
3855,1607885830015:f72f5229-919b-4e78-a130-33def106b608,1607885830015:f8c6ff47-226b-4845-b3d7-3ca1c08156d5,"size == ""0""","isEmpty == ""True""","peek_obj_type == ""EmptyObject""","push == ""class java.lang.String""","pop == ""none""","clear == ""none""","size_p == ""0""",Yes
3856,1607885830015:f72f5229-919b-4e78-a130-33def106b608,1607885830015:f8c6ff47-226b-4845-b3d7-3ca1c08156d5,"size == ""0""","isEmpty == ""True""","peek_obj_type == ""EmptyObject""","push == ""none""","pop == ""EmptyObject""","clear == ""none""","size_p == ""0""",No
3858,1607885830015:cf2c7cf1-ff37-4773-ab31-60aae9b74914,1607885830015:02429834-853a-4fe7-b76b-06765218fc81,"size == ""0""","isEmpty == ""True""","peek_obj_type == ""EmptyObject""","push == ""class java.lang.String""","pop == ""none""","clear == ""none""","size_p == ""0""",Yes
3859,1607885830015:cf2c7cf1-ff37-4773-ab31-60aae9b74914,1607885830015:02429834-853a-4fe7-b76b-06765218fc81,"size == ""0""","isEmpty == ""True""","peek_obj_type == ""EmptyObject""","push == ""none""","pop == ""EmptyObject""","clear == ""none""","size_p == ""0""",No
3861,1607885830015:b450f786-2d2c-417f-a4ac-e0d01ae945e1,1607885830015:f2f0108b-f0e9-42ab-b97f-e5a36314b9f2,"size == ""0""","isEmpty == ""True""","peek_obj_type == ""EmptyObject""","push == ""class java.lang.String""","pop == ""none""","clear == ""none""","size_p == ""0""",Yes
3862,1607885830015:b450f786-2d2c-417f-a4ac-e0d01ae945e1,1607885830015:f2f0108b-f0e9-42ab-b97f-e5a36314b9f2,"size == ""0""","isEmpty == ""True""","peek_obj_type == ""EmptyObject""","push == ""none""","pop == ""EmptyObject""","clear == ""none""","size_p == ""0""",No
3864,1607885830015:852038e9-e9c3-46d2-8488-790950dab5a8,1607885830015:715b89a3-3c0c-4746-ad22-4f491e19c03b,"size == ""0""","isEmpty == ""True""","peek_obj_type == ""EmptyObject""","push == ""class java.lang.String""","pop == ""none""","clear == ""none""","size_p == ""0""",Yes
3865,1607885830015:852038e9-e9c3-46d2-8488-790950dab5a8,1607885830015:715b89a3-3c0c-4746-ad22-4f491e19c03b,"size == ""0""","isEmpty == ""True""","peek_obj_type == ""EmptyObject""","push == ""none""","pop == ""EmptyObject""","clear == ""none""","size_p == ""0""",No
3867,1607885830015:4d355da1-e653-4db9-a901-6dd99d781593,1607885830015:e3c753df-eeab-4bde-923e-b9d8ea3b1644,"size == ""0""","isEmpty == ""True""","peek_obj_type == ""EmptyObject""","push == ""class java.lang.String""","pop == ""none""","clear == ""none""","size_p == ""0""",Yes
3868,1607885830015:4d355da1-e653-4db9-a901-6dd99d781593,1607885830015:e3c753df-eeab-4bde-923e-b9d8ea3b1644,"size == ""0""","isEmpty == ""True""","peek_obj_type == ""EmptyObject""","push == ""none""","pop == ""EmptyObject""","clear == ""none""","size_p == ""0""",No
3871,1607885830015:4d355da1-e653-4db9-a901-6dd99d781593,1607885830015:9db4eb5e-7d6b-4640-bb4d-ef390e2ce0a2,"size == ""0""","isEmpty == ""True""","peek_obj_type == ""EmptyObject""","push == ""class java.lang.String""","pop == ""none""","clear == ""none""","size_p == ""0""",Yes
3873,1607885830015:3e571565-92d5-4ff8-89d3-a7dcb5d9547c,1607885830015:4319120a-98c1-4802-b624-0ca7f96700d3,"size == ""0""","isEmpty == ""True""","peek_obj_type == ""EmptyObject""","push == ""class java.lang.String""","pop == ""none""","clear == ""none""","size_p == ""0""",Yes
3874,1607885830015:3e571565-92d5-4ff8-89d3-a7dcb5d9547c,1607885830015:4319120a-98c1-4802-b624-0ca7f96700d3,"size == ""0""","isEmpty == ""True""","peek_obj_type == ""EmptyObject""","push == ""none""","pop == ""EmptyObject""","clear == ""none""","size_p == ""0""",No
3876,1607885830015:149c5913-ca77-418a-a2bb-48438e25edc6,1607885830015:f2569541-0504-42e3-b33c-c3cc2bde91de,"size == ""0""","isEmpty == ""True""","peek_obj_type == ""EmptyObject""","push == ""class java.lang.String""","pop == ""none""","clear == ""none""","size_p == ""0""",Yes
3877,1607885830015:149c5913-ca77-418a-a2bb-48438e25edc6,1607885830015:f2569541-0504-42e3-b33c-c3cc2bde91de,"size == ""0""","isEmpty == ""True""","peek_obj_type == ""EmptyObject""","push == ""none""","pop == ""EmptyObject""","clear == ""none""","size_p == ""0""",No
3879,1607885830014:c077754c-f701-4be8-afbb-6cd737a546dd,1607885830014:0488f016-f61b-424a-9fc5-818c2a435e0a,"size == ""0""","isEmpty == ""True""","peek_obj_type == ""EmptyObject""","push == ""class java.lang.String""","pop == ""none""","clear == ""none""","size_p == ""0""",Yes
3880,1607885830014:c077754c-f701-4be8-afbb-6cd737a546dd,1607885830014:0488f016-f61b-424a-9fc5-818c2a435e0a,"size == ""0""","isEmpty == ""True""","peek_obj_type == ""EmptyObject""","push == ""none""","pop == ""EmptyObject""","clear == ""none""","size_p == ""0""",No
3882,1607885830014:b20355d9-9b5c-483a-a112-a104eddfaa33,1607885830014:b5abf01f-84a2-4330-8e6f-ffdd0f84bfd5,"size == ""0""","isEmpty == ""True""","peek_obj_type == ""EmptyObject""","push == ""class java.lang.String""","pop == ""none""","clear == ""none""","size_p == ""0""",Yes
3883,1607885830014:b20355d9-9b5c-483a-a112-a104eddfaa33,1607885830014:b5abf01f-84a2-4330-8e6f-ffdd0f84bfd5,"size == ""0""","isEmpty == ""True""","peek_obj_type == ""EmptyObject""","push == ""none""","pop == ""EmptyObject""","clear == ""none""","size_p == ""0""",No
3885,1607885830014:ade5fb63-8d0e-4443-a819-3f0b78afa025,1607885830014:f84d4e79-5c13-40ad-b91c-63c21b4410da,"size == ""1""","isEmpty == ""False""","peek_obj_type == ""class java.lang.String""","push == ""none""","pop == ""none""","clear == ""clear""","size_p == ""0""",Yes
3886,1607885830014:ade5fb63-8d0e-4443-a819-3f0b78afa025,1607885830014:f84d4e79-5c13-40ad-b91c-63c21b4410da,"size == ""1""","isEmpty == ""False""","peek_obj_type == ""class java.lang.String""","push == ""class java.lang.String""","pop == ""none""","clear == ""none""","size_p == ""1""",Yes
3887,1607885830014:ade5fb63-8d0e-4443-a819-3f0b78afa025,1607885830014:f84d4e79-5c13-40ad-b91c-63c21b4410da,"size == ""2""","isEmpty == ""False""","peek_obj_type == ""class java.lang.String""","push == ""none""","pop == ""none""","clear == ""clear""","size_p == ""1""",Yes
3888,1607885830014:ade5fb63-8d0e-4443-a819-3f0b78afa025,1607885830014:f84d4e79-5c13-40ad-b91c-63c21b4410da,"size == ""3""","isEmpty == ""False""","peek_obj_type == ""class java.lang.String""","push == ""none""","pop == ""none""","clear == ""clear""","size_p == ""2""",Yes
3889,1607885830014:ade5fb63-8d0e-4443-a819-3f0b78afa025,1607885830014:f84d4e79-5c13-40ad-b91c-63c21b4410da,"size == ""4""","isEmpty == ""False""","peek_obj_type == ""class java.lang.String""","push == ""none""","pop == ""none""","clear == ""clear""","size_p == ""3""",Yes
3891,1607885830014:ade5fb63-8d0e-4443-a819-3f0b78afa025,1607885830014:e79ce6a9-f92a-4a2d-a5d7-34b9bc0cd643,"size == ""0""","isEmpty == ""True""","peek_obj_type == ""EmptyObject""","push == ""class java.lang.String""","pop == ""none""","clear == ""none""","size_p == ""0""",Yes
3892,1607885830014:ade5fb63-8d0e-4443-a819-3f0b78afa025,1607885830014:e79ce6a9-f92a-4a2d-a5d7-34b9bc0cd643,"size == ""0""","isEmpty == ""True""","peek_obj_type == ""EmptyObject""","push == ""none""","pop == ""EmptyObject""","clear == ""none""","size_p == ""0""",No
3894,1607885830014:a15723da-b8b1-4c1a-893e-33bfd8c4f6af,1607885830014:6b6c64ab-1f29-43d9-a7d6-ad0895745c8f,"size == ""0""","isEmpty == ""True""","peek_obj_type == ""EmptyObject""","push == ""class java.lang.String""","pop == ""none""","clear == ""none""","size_p == ""0""",Yes
3895,1607885830014:a15723da-b8b1-4c1a-893e-33bfd8c4f6af,1607885830014:6b6c64ab-1f29-43d9-a7d6-ad0895745c8f,"size == ""0""","isEmpty == ""True""","peek_obj_type == ""EmptyObject""","push == ""none""","pop == ""EmptyObject""","clear == ""none""","size_p == ""0""",No
3897,1607885830014:9a30a426-ac9b-4745-903b-0607e9971576,1607885830014:183ee3b6-5221-4903-933d-8e0182e6f55d,"size == ""0""","isEmpty == ""True""","peek_obj_type == ""EmptyObject""","push == ""class java.lang.String""","pop == ""none""","clear == ""none""","size_p == ""0""",Yes
3898,1607885830014:9a30a426-ac9b-4745-903b-0607e9971576,1607885830014:183ee3b6-5221-4903-933d-8e0182e6f55d,"size == ""0""","isEmpty == ""True""","peek_obj_type == ""EmptyObject""","push == ""none""","pop == ""EmptyObject""","clear == ""none""","size_p == ""0""",No
3900,1607885830014:304b86f7-1271-40a8-8941-b1abea1d4003,1607885830014:7967f0be-efd8-4a10-b138-71d098d8d013,"size == ""0""","isEmpty == ""True""","peek_obj_type == ""EmptyObject""","push == ""class java.lang.String""","pop == ""none""","clear == ""none""","size_p == ""0""",Yes
3901,1607885830014:304b86f7-1271-40a8-8941-b1abea1d4003,1607885830014:7967f0be-efd8-4a10-b138-71d098d8d013,"size == ""0""","isEmpty == ""True""","peek_obj_type == ""EmptyObject""","push == ""none""","pop == ""EmptyObject""","clear == ""none""","size_p == ""0""",No
3903,1607885830014:091fdb9a-3c65-4398-bf77-baccfea44d97,1607885830014:e15e2556-7b1d-4921-8f53-5893393fb09e,"size == ""0""","isEmpty == ""True""","peek_obj_type == ""EmptyObject""","push == ""class java.lang.String""","pop == ""none""","clear == ""none""","size_p == ""0""",Yes
3906,1607885830014:091fdb9a-3c65-4398-bf77-baccfea44d97,1607885830014:4681fe83-bbdc-425a-8a2a-4ee3cb49d60a,"size == ""0""","isEmpty == ""True""","peek_obj_type == ""EmptyObject""","push == ""class java.lang.String""","pop == ""none""","clear == ""none""","size_p == ""0""",Yes
3907,1607885830014:091fdb9a-3c65-4398-bf77-baccfea44d97,1607885830014:4681fe83-bbdc-425a-8a2a-4ee3cb49d60a,"size == ""0""","isEmpty == ""True""","peek_obj_type == ""EmptyObject""","push == ""none""","pop == ""EmptyObject""","clear == ""none""","size_p == ""0""",No
3909,1607885830013:9a80be0b-70a8-42a9-b0df-66c7cd9d94bf,1607885830013:e1ad8e52-1297-43c6-a01c-cc342808a2f0,"size == ""1""","isEmpty == ""False""","peek_obj_type == ""class java.lang.String""","push == ""none""","pop == ""none""","clear == ""clear""","size_p == ""0""",Yes
3910,1607885830013:9a80be0b-70a8-42a9-b0df-66c7cd9d94bf,1607885830013:e1ad8e52-1297-43c6-a01c-cc342808a2f0,"size == ""1""","isEmpty == ""False""","peek_obj_type == ""class java.lang.String""","push == ""class java.lang.String""","pop == ""none""","clear == ""none""","size_p == ""1""",Yes
3911,1607885830013:9a80be0b-70a8-42a9-b0df-66c7cd9d94bf,1607885830013:e1ad8e52-1297-43c6-a01c-cc342808a2f0,"size == ""2""","isEmpty == ""False""","peek_obj_type == ""class java.lang.String""","push == ""none""","pop == ""none""","clear == ""clear""","size_p == ""1""",Yes
3912,1607885830013:9a80be0b-70a8-42a9-b0df-66c7cd9d94bf,1607885830013:e1ad8e52-1297-43c6-a01c-cc342808a2f0,"size == ""3""","isEmpty == ""False""","peek_obj_type == ""class java.lang.String""","push == ""none""","pop == ""none""","clear == ""clear""","size_p == ""2""",Yes
3913,1607885830013:9a80be0b-70a8-42a9-b0df-66c7cd9d94bf,1607885830013:e1ad8e52-1297-43c6-a01c-cc342808a2f0,"size == ""4""","isEmpty == ""False""","peek_obj_type == ""class java.lang.String""","push == ""none""","pop == ""none""","clear == ""clear""","size_p == ""3""",Yes
3915,1607885830013:9a80be0b-70a8-42a9-b0df-66c7cd9d94bf,1607885830013:2db43eb9-a7e1-46d7-84be-799685e774c6,"size == ""0""","isEmpty == ""True""","peek_obj_type == ""EmptyObject""","push == ""class java.lang.String""","pop == ""none""","clear == ""none""","size_p == ""0""",Yes
3916,1607885830013:9a80be0b-70a8-42a9-b0df-66c7cd9d94bf,1607885830013:2db43eb9-a7e1-46d7-84be-799685e774c6,"size == ""0""","isEmpty == ""True""","peek_obj_type == ""EmptyObject""","push == ""none""","pop == ""EmptyObject""","clear == ""none""","size_p == ""0""",No
3918,1607885830013:7c8ee102-0666-4ee0-8687-04b0b9ebc5df,1607885830013:bc1b105d-82f2-40d6-a8c8-6489412e2df7,"size == ""0""","isEmpty == ""True""","peek_obj_type == ""EmptyObject""","push == ""class java.lang.String""","pop == ""none""","clear == ""none""","size_p == ""0""",Yes
3919,1607885830013:7c8ee102-0666-4ee0-8687-04b0b9ebc5df,1607885830013:bc1b105d-82f2-40d6-a8c8-6489412e2df7,"size == ""0""","isEmpty == ""True""","peek_obj_type == ""EmptyObject""","push == ""none""","pop == ""EmptyObject""","clear == ""none""","size_p == ""0""",No
3921,1607885830013:40469e07-640d-44fb-8a7b-463ee6030352,1607885830014:130d256d-b5dc-45b4-863e-6a0dd9634a47,"size == ""0""","isEmpty == ""True""","peek_obj_type == ""EmptyObject""","push == ""class java.lang.String""","pop == ""none""","clear == ""none""","size_p == ""0""",Yes
3922,1607885830013:40469e07-640d-44fb-8a7b-463ee6030352,1607885830014:130d256d-b5dc-45b4-863e-6a0dd9634a47,"size == ""0""","isEmpty == ""True""","peek_obj_type == ""EmptyObject""","push == ""none""","pop == ""EmptyObject""","clear == ""none""","size_p == ""0""",No
3924,1607885830013:40469e07-640d-44fb-8a7b-463ee6030352,1607885830013:2cf4a551-a54c-44d3-b60f-ddd0af4d3e4a,"size == ""0""","isEmpty == ""True""","peek_obj_type == ""EmptyObject""","push == ""class java.lang.String""","pop == ""none""","clear == ""none""","size_p == ""0""",Yes
3925,1607885830013:40469e07-640d-44fb-8a7b-463ee6030352,1607885830013:2cf4a551-a54c-44d3-b60f-ddd0af4d3e4a,"size == ""0""","isEmpty == ""True""","peek_obj_type == ""EmptyObject""","push == ""class java.lang.String""","pop == ""none""","clear == ""none""","size_p == ""0""",Yes
3927,1607885830013:088fc1c2-50aa-48a8-bba2-c05a1172cf5e,1607885830013:797c2470-fe81-492a-92b2-5bf4fc6df08e,"size == ""0""","isEmpty == ""True""","peek_obj_type == ""EmptyObject""","push == ""class java.lang.String""","pop == ""none""","clear == ""none""","size_p == ""0""",Yes
3928,1607885830013:088fc1c2-50aa-48a8-bba2-c05a1172cf5e,1607885830013:797c2470-fe81-492a-92b2-5bf4fc6df08e,"size == ""0""","isEmpty == ""True""","peek_obj_type == ""EmptyObject""","push == ""class java.lang.String""","pop == ""none""","clear == ""none""","size_p == ""0""",Yes
3930,1607885830013:088fc1c2-50aa-48a8-bba2-c05a1172cf5e,1607885830013:6a837a8b-6c58-4fe2-9835-ef142014f885,"size == ""0""","isEmpty == ""True""","peek_obj_type == ""EmptyObject""","push == ""class java.lang.String""","pop == ""none""","clear == ""none""","size_p == ""0""",Yes
3931,1607885830013:088fc1c2-50aa-48a8-bba2-c05a1172cf5e,1607885830013:6a837a8b-6c58-4fe2-9835-ef142014f885,"size == ""0""","isEmpty == ""True""","peek_obj_type == ""EmptyObject""","push == ""none""","pop == ""EmptyObject""","clear == ""none""","size_p == ""0""",No
3933,1607885830013:05a529e7-e308-49fd-8247-04a1a32bd584,1607885830013:cffaebeb-44b3-44d7-8c8b-c3ccffb38171,"size == ""0""","isEmpty == ""True""","peek_obj_type == ""EmptyObject""","push == ""class java.lang.String""","pop == ""none""","clear == ""none""","size_p == ""0""",Yes
3934,1607885830013:05a529e7-e308-49fd-8247-04a1a32bd584,1607885830013:cffaebeb-44b3-44d7-8c8b-c3ccffb38171,"size == ""0""","isEmpty == ""True""","peek_obj_type == ""EmptyObject""","push == ""none""","pop == ""EmptyObject""","clear == ""none""","size_p == ""0""",No
3936,1607885830013:05a529e7-e308-49fd-8247-04a1a32bd584,1607885830013:97667d53-bf00-4de9-ab19-2d413088a1ac,"size == ""1""","isEmpty == ""False""","peek_obj_type == ""class java.lang.String""","push == ""none""","pop == ""none""","clear == ""clear""","size_p == ""0""",Yes
3937,1607885830013:05a529e7-e308-49fd-8247-04a1a32bd584,1607885830013:97667d53-bf00-4de9-ab19-2d413088a1ac,"size == ""2""","isEmpty == ""False""","peek_obj_type == ""class java.lang.String""","push == ""none""","pop == ""none""","clear == ""clear""","size_p == ""1""",Yes
3938,1607885830013:05a529e7-e308-49fd-8247-04a1a32bd584,1607885830013:97667d53-bf00-4de9-ab19-2d413088a1ac,"size == ""3""","isEmpty == ""False""","peek_obj_type == ""class java.lang.String""","push == ""none""","pop == ""none""","clear == ""clear""","size_p == ""2""",Yes
3940,1607885830012:f412f925-f5fe-4de1-aa55-9c37b55818c7,1607885830012:d6eb9808-25e3-453b-a228-d2e7ab5ad999,"size == ""0""","isEmpty == ""True""","peek_obj_type == ""EmptyObject""","push == ""class java.lang.String""","pop == ""none""","clear == ""none""","size_p == ""0""",Yes
3941,1607885830012:f412f925-f5fe-4de1-aa55-9c37b55818c7,1607885830012:d6eb9808-25e3-453b-a228-d2e7ab5ad999,"size == ""0""","isEmpty == ""True""","peek_obj_type == ""EmptyObject""","push == ""none""","pop == ""EmptyObject""","clear == ""none""","size_p == ""0""",No
3943,1607885830012:f412f925-f5fe-4de1-aa55-9c37b55818c7,1607885830012:1b9e2e8b-a10d-4f43-958d-319f94b771b9,"size == ""0""","isEmpty == ""True""","peek_obj_type == ""EmptyObject""","push == ""class java.lang.String""","pop == ""none""","clear == ""none""","size_p == ""0""",Yes
3944,1607885830012:f412f925-f5fe-4de1-aa55-9c37b55818c7,1607885830012:1b9e2e8b-a10d-4f43-958d-319f94b771b9,"size == ""0""","isEmpty == ""True""","peek_obj_type == ""EmptyObject""","push == ""class java.lang.String""","pop == ""none""","clear == ""none""","size_p == ""0""",Yes
3946,1607885830012:af34e289-c8f7-4987-a784-85924c9937cb,1607885830012:25403e65-3326-42df-9b65-4ed20ab90800,"size == ""0""","isEmpty == ""True""","peek_obj_type == ""EmptyObject""","push == ""class java.lang.String""","pop == ""none""","clear == ""none""","size_p == ""0""",Yes
3947,1607885830012:af34e289-c8f7-4987-a784-85924c9937cb,1607885830012:25403e65-3326-42df-9b65-4ed20ab90800,"size == ""0""","isEmpty == ""True""","peek_obj_type == ""EmptyObject""","push == ""none""","pop == ""EmptyObject""","clear == ""none""","size_p == ""0""",No
3949,1607885830012:aa71f369-d909-4d8d-ab89-09e0184bc01b,1607885830012:5530cbab-a82a-461f-b51d-7df04759c4e6,"size == ""0""","isEmpty == ""True""","peek_obj_type == ""EmptyObject""","push == ""class java.lang.String""","pop == ""none""","clear == ""none""","size_p == ""0""",Yes
3950,1607885830012:aa71f369-d909-4d8d-ab89-09e0184bc01b,1607885830012:5530cbab-a82a-461f-b51d-7df04759c4e6,"size == ""0""","isEmpty == ""True""","peek_obj_type == ""EmptyObject""","push == ""none""","pop == ""EmptyObject""","clear == ""none""","size_p == ""0""",No
3952,1607885830012:8e467290-563b-4227-855f-55c80f276c4c,1607885830012:fecadada-495f-4c5c-87b0-c54ab4cbb3da,"size == ""0""","isEmpty == ""True""","peek_obj_type == ""EmptyObject""","push == ""class java.lang.String""","pop == ""none""","clear == ""none""","size_p == ""0""",Yes
3953,1607885830012:8e467290-563b-4227-855f-55c80f276c4c,1607885830012:fecadada-495f-4c5c-87b0-c54ab4cbb3da,"size == ""0""","isEmpty == ""True""","peek_obj_type == ""EmptyObject""","push == ""none""","pop == ""EmptyObject""","clear == ""none""","size_p == ""0""",No
3955,1607885830012:8aa49978-7403-4fdd-9771-8361ace0743c,1607885830012:abdbfe50-063c-4f6e-a88e-ccff3b12f2bb,"size == ""0""","isEmpty == ""True""","peek_obj_type == ""EmptyObject""","push == ""class java.lang.String""","pop == ""none""","clear == ""none""","size_p == ""0""",Yes
3956,1607885830012:8aa49978-7403-4fdd-9771-8361ace0743c,1607885830012:abdbfe50-063c-4f6e-a88e-ccff3b12f2bb,"size == ""0""","isEmpty == ""True""","peek_obj_type == ""EmptyObject""","push == ""none""","pop == ""EmptyObject""","clear == ""none""","size_p == ""0""",No
3958,1607885830012:8aa49978-7403-4fdd-9771-8361ace0743c,1607885830012:0f37d6e2-0963-4aa4-9b06-22cde25a1a15,"size == ""1""","isEmpty == ""False""","peek_obj_type == ""class java.lang.String""","push == ""none""","pop == ""none""","clear == ""clear""","size_p == ""0""",Yes
3959,1607885830012:8aa49978-7403-4fdd-9771-8361ace0743c,1607885830012:0f37d6e2-0963-4aa4-9b06-22cde25a1a15,"size == ""1""","isEmpty == ""False""","peek_obj_type == ""class java.lang.String""","push == ""class java.lang.String""","pop == ""none""","clear == ""none""","size_p == ""1""",Yes
3960,1607885830012:8aa49978-7403-4fdd-9771-8361ace0743c,1607885830012:0f37d6e2-0963-4aa4-9b06-22cde25a1a15,"size == ""2""","isEmpty == ""False""","peek_obj_type == ""class java.lang.String""","push == ""none""","pop == ""none""","clear == ""clear""","size_p == ""1""",Yes
3962,1607885830012:60097f5c-4a2b-4fd6-b522-324c58c16d02,1607885830012:b1e884aa-e9a1-473d-b6ec-f1cce294a055,"size == ""0""","isEmpty == ""True""","peek_obj_type == ""EmptyObject""","push == ""class java.lang.String""","pop == ""none""","clear == ""none""","size_p == ""0""",Yes
3963,1607885830012:60097f5c-4a2b-4fd6-b522-324c58c16d02,1607885830012:b1e884aa-e9a1-473d-b6ec-f1cce294a055,"size == ""0""","isEmpty == ""True""","peek_obj_type == ""EmptyObject""","push == ""none""","pop == ""EmptyObject""","clear == ""none""","size_p == ""0""",No
3965,1607885830012:4c938542-15a0-4c2c-9ebc-f394dadae12c,1607885830012:cc339c7c-874f-4717-89f8-394a7af1013c,"size == ""1""","isEmpty == ""False""","peek_obj_type == ""class java.lang.String""","push == ""none""","pop == ""none""","clear == ""clear""","size_p == ""0""",Yes
3966,1607885830012:4c938542-15a0-4c2c-9ebc-f394dadae12c,1607885830012:cc339c7c-874f-4717-89f8-394a7af1013c,"size == ""1""","isEmpty == ""False""","peek_obj_type == ""class java.lang.String""","push == ""class java.lang.String""","pop == ""none""","clear == ""none""","size_p == ""1""",Yes
3967,1607885830012:4c938542-15a0-4c2c-9ebc-f394dadae12c,1607885830012:cc339c7c-874f-4717-89f8-394a7af1013c,"size == ""2""","isEmpty == ""False""","peek_obj_type == ""class java.lang.String""","push == ""none""","pop == ""none""","clear == ""clear""","size_p == ""1""",Yes
3969,1607885830012:4c938542-15a0-4c2c-9ebc-f394dadae12c,1607885830012:a333aeaf-9b69-4fdc-8c4d-fd205a08e57b,"size == ""0""","isEmpty == ""True""","peek_obj_type == ""EmptyObject""","push == ""class java.lang.String""","pop == ""none""","clear == ""none""","size_p == ""0""",Yes
3970,1607885830012:4c938542-15a0-4c2c-9ebc-f394dadae12c,1607885830012:a333aeaf-9b69-4fdc-8c4d-fd205a08e57b,"size == ""0""","isEmpty == ""True""","peek_obj_type == ""EmptyObject""","push == ""none""","pop == ""EmptyObject""","clear == ""none""","size_p == ""0""",No
3972,1607885830012:3e7d4e55-e283-40d4-a464-b098e774817f,1607885830012:c8a93247-6e10-4f7b-80ff-a2df6f58eb9b,"size == ""0""","isEmpty == ""True""","peek_obj_type == ""EmptyObject""","push == ""class java.lang.String""","pop == ""none""","clear == ""none""","size_p == ""0""",Yes
3973,1607885830012:3e7d4e55-e283-40d4-a464-b098e774817f,1607885830012:c8a93247-6e10-4f7b-80ff-a2df6f58eb9b,"size == ""0""","isEmpty == ""True""","peek_obj_type == ""EmptyObject""","push == ""none""","pop == ""EmptyObject""","clear == ""none""","size_p == ""0""",No
3975,1607885830011:6739fb4e-0aba-406e-a182-d116321d13ef,1607885830011:25104766-280a-475f-8b59-1e3cbe4a355e,"size == ""0""","isEmpty == ""True""","peek_obj_type == ""EmptyObject""","push == ""class java.lang.String""","pop == ""none""","clear == ""none""","size_p == ""0""",Yes
3976,1607885830011:6739fb4e-0aba-406e-a182-d116321d13ef,1607885830011:25104766-280a-475f-8b59-1e3cbe4a355e,"size == ""0""","isEmpty == ""True""","peek_obj_type == ""EmptyObject""","push == ""none""","pop == ""EmptyObject""","clear == ""none""","size_p == ""0""",No
3978,1607885830011:53bed121-fc49-42f3-82c3-ddf9834c7e55,1607885830011:e16b112d-48de-4b75-ab7f-1c4854f9ee10,"size == ""0""","isEmpty == ""True""","peek_obj_type == ""EmptyObject""","push == ""class java.lang.String""","pop == ""none""","clear == ""none""","size_p == ""0""",Yes
3979,1607885830011:53bed121-fc49-42f3-82c3-ddf9834c7e55,1607885830011:e16b112d-48de-4b75-ab7f-1c4854f9ee10,"size == ""0""","isEmpty == ""True""","peek_obj_type == ""EmptyObject""","push == ""none""","pop == ""EmptyObject""","clear == ""none""","size_p == ""0""",No
3981,1607885830011:53bed121-fc49-42f3-82c3-ddf9834c7e55,1607885830011:895a3226-9ea0-473b-9677-eacf9f5787cb,"size == ""1""","isEmpty == ""False""","peek_obj_type == ""class java.lang.String""","push == ""none""","pop == ""none""","clear == ""clear""","size_p == ""0""",Yes
3982,1607885830011:53bed121-fc49-42f3-82c3-ddf9834c7e55,1607885830011:895a3226-9ea0-473b-9677-eacf9f5787cb,"size == ""1""","isEmpty == ""False""","peek_obj_type == ""class java.lang.String""","push == ""class java.lang.String""","pop == ""none""","clear == ""none""","size_p == ""1""",Yes
3983,1607885830011:53bed121-fc49-42f3-82c3-ddf9834c7e55,1607885830011:895a3226-9ea0-473b-9677-eacf9f5787cb,"size == ""2""","isEmpty == ""False""","peek_obj_type == ""class java.lang.String""","push == ""none""","pop == ""none""","clear == ""clear""","size_p == ""1""",Yes
3984,1607885830011:53bed121-fc49-42f3-82c3-ddf9834c7e55,1607885830011:895a3226-9ea0-473b-9677-eacf9f5787cb,"size == ""3""","isEmpty == ""False""","peek_obj_type == ""class java.lang.String""","push == ""none""","pop == ""none""","clear == ""clear""","size_p == ""2""",Yes
3985,1607885830011:53bed121-fc49-42f3-82c3-ddf9834c7e55,1607885830011:895a3226-9ea0-473b-9677-eacf9f5787cb,"size == ""4""","isEmpty == ""False""","peek_obj_type == ""class java.lang.String""","push == ""none""","pop == ""none""","clear == ""clear""","size_p == ""3""",Yes
3987,1607885830011:44a81cd7-1300-4035-b2c4-fca446108fe2,1607885830011:81b3cf85-b597-4baf-95fd-6ed59c56b569,"size == ""0""","isEmpty == ""True""","peek_obj_type == ""EmptyObject""","push == ""class java.lang.String""","pop == ""none""","clear == ""none""","size_p == ""0""",Yes
3988,1607885830011:44a81cd7-1300-4035-b2c4-fca446108fe2,1607885830011:81b3cf85-b597-4baf-95fd-6ed59c56b569,"size == ""0""","isEmpty == ""True""","peek_obj_type == ""EmptyObject""","push == ""none""","pop == ""EmptyObject""","clear == ""none""","size_p == ""0""",No
3990,1607885830011:44a81cd7-1300-4035-b2c4-fca446108fe2,1607885830011:6faedd2f-ae47-4820-8dae-b4e8ffaa803d,"size == ""0""","isEmpty == ""True""","peek_obj_type == ""EmptyObject""","push == ""class java.lang.String""","pop == ""none""","clear == ""none""","size_p == ""0""",Yes
3991,1607885830011:44a81cd7-1300-4035-b2c4-fca446108fe2,1607885830011:6faedd2f-ae47-4820-8dae-b4e8ffaa803d,"size == ""0""","isEmpty == ""True""","peek_obj_type == ""EmptyObject""","push == ""class java.lang.String""","pop == ""none""","clear == ""none""","size_p == ""0""",Yes
3993,1607885830011:449dd494-693d-494a-a836-c90de3ec8bdd,1607885830011:9c13a325-ef8d-493d-ba4d-673f8ddd444a,"size == ""0""","isEmpty == ""True""","peek_obj_type == ""EmptyObject""","push == ""class java.lang.String""","pop == ""none""","clear == ""none""","size_p == ""0""",Yes
3994,1607885830011:449dd494-693d-494a-a836-c90de3ec8bdd,1607885830011:9c13a325-ef8d-493d-ba4d-673f8ddd444a,"size == ""0""","isEmpty == ""True""","peek_obj_type == ""EmptyObject""","push == ""none""","pop == ""EmptyObject""","clear == ""none""","size_p == ""0""",No
3996,1607885830011:2a5e321e-82db-4824-8ec1-a5d7d069a2aa,1607885830011:4e3e9b48-8641-4299-96e5-910d6cce501f,"size == ""0""","isEmpty == ""True""","peek_obj_type == ""EmptyObject""","push == ""class java.lang.String""","pop == ""none""","clear == ""none""","size_p == ""0""",Yes
3997,1607885830011:2a5e321e-82db-4824-8ec1-a5d7d069a2aa,1607885830011:4e3e9b48-8641-4299-96e5-910d6cce501f,"size == ""0""","isEmpty == ""True""","peek_obj_type == ""EmptyObject""","push == ""none""","pop == ""EmptyObject""","clear == ""none""","size_p == ""0""",No
3999,1607885830011:151c0a62-657b-431f-b9b3-cb554b3cb937,1607885830011:3eed066c-c827-408e-b479-e9cc98446a5f,"size == ""0""","isEmpty == ""True""","peek_obj_type == ""EmptyObject""","push == ""class java.lang.String""","pop == ""none""","clear == ""none""","size_p == ""0""",Yes
4000,1607885830011:151c0a62-657b-431f-b9b3-cb554b3cb937,1607885830011:3eed066c-c827-408e-b479-e9cc98446a5f,"size == ""0""","isEmpty == ""True""","peek_obj_type == ""EmptyObject""","push == ""none""","pop == ""EmptyObject""","clear == ""none""","size_p == ""0""",No
4002,1607885830011:151c0a62-657b-431f-b9b3-cb554b3cb937,1607885830011:20bab7c7-f150-443c-9929-f147a554bce4,"size == ""0""","isEmpty == ""True""","peek_obj_type == ""EmptyObject""","push == ""class java.lang.String""","pop == ""none""","clear == ""none""","size_p == ""0""",Yes
4004,1607885830011:14e70735-cbf5-44c6-8bf3-7a79946d1136,1607885830011:b2d12a20-bf5c-4184-a549-70d7ada04f43,"size == ""1""","isEmpty == ""False""","peek_obj_type == ""class java.lang.String""","push == ""none""","pop == ""none""","clear == ""clear""","size_p == ""0""",Yes
4005,1607885830011:14e70735-cbf5-44c6-8bf3-7a79946d1136,1607885830011:b2d12a20-bf5c-4184-a549-70d7ada04f43,"size == ""1""","isEmpty == ""False""","peek_obj_type == ""class java.lang.String""","push == ""class java.lang.String""","pop == ""none""","clear == ""none""","size_p == ""1""",Yes
4006,1607885830011:14e70735-cbf5-44c6-8bf3-7a79946d1136,1607885830011:b2d12a20-bf5c-4184-a549-70d7ada04f43,"size == ""2""","isEmpty == ""False""","peek_obj_type == ""class java.lang.String""","push == ""none""","pop == ""none""","clear == ""clear""","size_p == ""1""",Yes
4007,1607885830011:14e70735-cbf5-44c6-8bf3-7a79946d1136,1607885830011:b2d12a20-bf5c-4184-a549-70d7ada04f43,"size == ""3""","isEmpty == ""False""","peek_obj_type == ""class java.lang.String""","push == ""none""","pop == ""none""","clear == ""clear""","size_p == ""2""",Yes
4008,1607885830011:14e70735-cbf5-44c6-8bf3-7a79946d1136,1607885830011:b2d12a20-bf5c-4184-a549-70d7ada04f43,"size == ""4""","isEmpty == ""False""","peek_obj_type == ""class java.lang.String""","push == ""none""","pop == ""none""","clear == ""clear""","size_p == ""3""",Yes
4010,1607885830011:14e70735-cbf5-44c6-8bf3-7a79946d1136,1607885830011:b006ed17-17aa-4ad1-8f0d-66628655b84d,"size == ""0""","isEmpty == ""True""","peek_obj_type == ""EmptyObject""","push == ""class java.lang.String""","pop == ""none""","clear == ""none""","size_p == ""0""",Yes
4011,1607885830011:14e70735-cbf5-44c6-8bf3-7a79946d1136,1607885830011:b006ed17-17aa-4ad1-8f0d-66628655b84d,"size == ""0""","isEmpty == ""True""","peek_obj_type == ""EmptyObject""","push == ""none""","pop == ""EmptyObject""","clear == ""none""","size_p == ""0""",No
4013,1607885830010:c3ec60e7-8877-44ee-a10b-73715bda2bea,1607885830010:7c01559e-936e-4b00-b5b9-e64129a40405,"size == ""0""","isEmpty == ""True""","peek_obj_type == ""EmptyObject""","push == ""class java.lang.String""","pop == ""none""","clear == ""none""","size_p == ""0""",Yes
4014,1607885830010:c3ec60e7-8877-44ee-a10b-73715bda2bea,1607885830010:7c01559e-936e-4b00-b5b9-e64129a40405,"size == ""0""","isEmpty == ""True""","peek_obj_type == ""EmptyObject""","push == ""none""","pop == ""EmptyObject""","clear == ""none""","size_p == ""0""",No
4016,1607885830010:c0e5c97c-2826-4984-b8c9-2319945815ae,1607885830010:dc027d55-fefb-4bd1-992a-57223c2d18ee,"size == ""0""","isEmpty == ""True""","peek_obj_type == ""EmptyObject""","push == ""class java.lang.String""","pop == ""none""","clear == ""none""","size_p == ""0""",Yes
4017,1607885830010:c0e5c97c-2826-4984-b8c9-2319945815ae,1607885830010:dc027d55-fefb-4bd1-992a-57223c2d18ee,"size == ""0""","isEmpty == ""True""","peek_obj_type == ""EmptyObject""","push == ""none""","pop == ""EmptyObject""","clear == ""none""","size_p == ""0""",No
4019,1607885830010:bb5e02bd-6650-4797-ba33-1d59b051a4dc,1607885830010:df1ef00e-ce0c-40f0-8ca3-6e07d115971d,"size == ""0""","isEmpty == ""True""","peek_obj_type == ""EmptyObject""","push == ""class java.lang.String""","pop == ""none""","clear == ""none""","size_p == ""0""",Yes
4020,1607885830010:bb5e02bd-6650-4797-ba33-1d59b051a4dc,1607885830010:df1ef00e-ce0c-40f0-8ca3-6e07d115971d,"size == ""0""","isEmpty == ""True""","peek_obj_type == ""EmptyObject""","push == ""none""","pop == ""EmptyObject""","clear == ""none""","size_p == ""0""",No
4022,1607885830010:9886b83d-7f23-49ea-af08-2f3dae80ea30,1607885830010:336a4999-5ece-415f-841c-4241c8b23d92,"size == ""0""","isEmpty == ""True""","peek_obj_type == ""EmptyObject""","push == ""class java.lang.String""","pop == ""none""","clear == ""none""","size_p == ""0""",Yes
4023,1607885830010:9886b83d-7f23-49ea-af08-2f3dae80ea30,1607885830010:336a4999-5ece-415f-841c-4241c8b23d92,"size == ""0""","isEmpty == ""True""","peek_obj_type == ""EmptyObject""","push == ""none""","pop == ""EmptyObject""","clear == ""none""","size_p == ""0""",No
4025,1607885830010:982ca145-6f25-440e-887f-1d8ea314bfd1,1607885830010:f64ae7a6-2390-4b9a-b402-fe97e9904738,"size == ""1""","isEmpty == ""False""","peek_obj_type == ""class java.lang.String""","push == ""none""","pop == ""none""","clear == ""clear""","size_p == ""0""",Yes
4026,1607885830010:982ca145-6f25-440e-887f-1d8ea314bfd1,1607885830010:f64ae7a6-2390-4b9a-b402-fe97e9904738,"size == ""1""","isEmpty == ""False""","peek_obj_type == ""class java.lang.String""","push == ""class java.lang.String""","pop == ""none""","clear == ""none""","size_p == ""1""",Yes
4027,1607885830010:982ca145-6f25-440e-887f-1d8ea314bfd1,1607885830010:f64ae7a6-2390-4b9a-b402-fe97e9904738,"size == ""2""","isEmpty == ""False""","peek_obj_type == ""class java.lang.String""","push == ""none""","pop == ""none""","clear == ""clear""","size_p == ""1""",Yes
4029,1607885830010:982ca145-6f25-440e-887f-1d8ea314bfd1,1607885830010:dc136984-4ef3-4fca-a7b7-a8ea599d2e7c,"size == ""0""","isEmpty == ""True""","peek_obj_type == ""EmptyObject""","push == ""class java.lang.String""","pop == ""none""","clear == ""none""","size_p == ""0""",Yes
4030,1607885830010:982ca145-6f25-440e-887f-1d8ea314bfd1,1607885830010:dc136984-4ef3-4fca-a7b7-a8ea599d2e7c,"size == ""0""","isEmpty == ""True""","peek_obj_type == ""EmptyObject""","push == ""none""","pop == ""EmptyObject""","clear == ""none""","size_p == ""0""",No
4032,1607885830010:55c44bd4-a62a-45a5-965d-cca0f739ac74,1607885830010:2f415923-5bda-44ca-9d43-3306277f6ee3,"size == ""0""","isEmpty == ""True""","peek_obj_type == ""EmptyObject""","push == ""class java.lang.String""","pop == ""none""","clear == ""none""","size_p == ""0""",Yes
4033,1607885830010:55c44bd4-a62a-45a5-965d-cca0f739ac74,1607885830010:2f415923-5bda-44ca-9d43-3306277f6ee3,"size == ""0""","isEmpty == ""True""","peek_obj_type == ""EmptyObject""","push == ""none""","pop == ""EmptyObject""","clear == ""none""","size_p == ""0""",No
4035,1607885830010:4da296ee-0799-43c7-9171-596f34159f52,1607885830010:c4b9023e-d2fc-4a87-beaf-25c6976faed2,"size == ""0""","isEmpty == ""True""","peek_obj_type == ""EmptyObject""","push == ""class java.lang.String""","pop == ""none""","clear == ""none""","size_p == ""0""",Yes
4036,1607885830010:4da296ee-0799-43c7-9171-596f34159f52,1607885830010:c4b9023e-d2fc-4a87-beaf-25c6976faed2,"size == ""0""","isEmpty == ""True""","peek_obj_type == ""EmptyObject""","push == ""none""","pop == ""EmptyObject""","clear == ""none""","size_p == ""0""",No
4038,1607885830010:4da296ee-0799-43c7-9171-596f34159f52,1607885830010:90e7593b-3fd2-46d5-ae21-dc9c5ccd1a78,"size == ""0""","isEmpty == ""True""","peek_obj_type == ""EmptyObject""","push == ""class java.lang.String""","pop == ""none""","clear == ""none""","size_p == ""0""",Yes
4040,1607885830010:254300a4-afe9-4590-9b76-5550263d77f5,1607885830010:de5f2060-d273-4369-a997-6084a6fe7812,"size == ""0""","isEmpty == ""True""","peek_obj_type == ""EmptyObject""","push == ""class java.lang.String""","pop == ""none""","clear == ""none""","size_p == ""0""",Yes
4041,1607885830010:254300a4-afe9-4590-9b76-5550263d77f5,1607885830010:de5f2060-d273-4369-a997-6084a6fe7812,"size == ""0""","isEmpty == ""True""","peek_obj_type == ""EmptyObject""","push == ""none""","pop == ""EmptyObject""","clear == ""none""","size_p == ""0""",No
4043,1607885830009:bd019a3a-034f-4270-901b-2f02eb2d1ff4,1607885830009:4cd814ac-ba0b-4a52-b430-622ddeb92ea4,"size == ""0""","isEmpty == ""True""","peek_obj_type == ""EmptyObject""","push == ""class java.lang.String""","pop == ""none""","clear == ""none""","size_p == ""0""",Yes
4044,1607885830009:bd019a3a-034f-4270-901b-2f02eb2d1ff4,1607885830009:4cd814ac-ba0b-4a52-b430-622ddeb92ea4,"size == ""0""","isEmpty == ""True""","peek_obj_type == ""EmptyObject""","push == ""none""","pop == ""EmptyObject""","clear == ""none""","size_p == ""0""",No
4046,1607885830009:9184a894-af3b-4a39-8f27-4396c8ebabd9,1607885830009:18c5dabe-c451-4afc-b2bf-08536f171ed1,"size == ""0""","isEmpty == ""True""","peek_obj_type == ""EmptyObject""","push == ""class java.lang.String""","pop == ""none""","clear == ""none""","size_p == ""0""",Yes
4047,1607885830009:9184a894-af3b-4a39-8f27-4396c8ebabd9,1607885830009:18c5dabe-c451-4afc-b2bf-08536f171ed1,"size == ""0""","isEmpty == ""True""","peek_obj_type == ""EmptyObject""","push == ""none""","pop == ""EmptyObject""","clear == ""none""","size_p == ""0""",No
4049,1607885830009:82341dc5-e57b-4064-923a-2e05e2c101f0,1607885830009:62986b46-c3f6-420a-90de-d2cedbc39e84,"size == ""0""","isEmpty == ""True""","peek_obj_type == ""EmptyObject""","push == ""class java.lang.String""","pop == ""none""","clear == ""none""","size_p == ""0""",Yes
4050,1607885830009:82341dc5-e57b-4064-923a-2e05e2c101f0,1607885830009:62986b46-c3f6-420a-90de-d2cedbc39e84,"size == ""0""","isEmpty == ""True""","peek_obj_type == ""EmptyObject""","push == ""none""","pop == ""EmptyObject""","clear == ""none""","size_p == ""0""",No
4052,1607885830009:74f5371a-842f-4cb2-9db3-993f2d606688,1607885830009:637c2a3c-1d29-43c3-b155-5726a70d9687,"size == ""0""","isEmpty == ""True""","peek_obj_type == ""EmptyObject""","push == ""class java.lang.String""","pop == ""none""","clear == ""none""","size_p == ""0""",Yes
4053,1607885830009:74f5371a-842f-4cb2-9db3-993f2d606688,1607885830009:637c2a3c-1d29-43c3-b155-5726a70d9687,"size == ""0""","isEmpty == ""True""","peek_obj_type == ""EmptyObject""","push == ""none""","pop == ""EmptyObject""","clear == ""none""","size_p == ""0""",No
4055,1607885830009:73b98256-dc24-4743-98e1-a39e45d282c7,1607885830009:d1461ee7-b22b-4350-838a-cbadb23428d9,"size == ""0""","isEmpty == ""True""","peek_obj_type == ""EmptyObject""","push == ""class java.lang.String""","pop == ""none""","clear == ""none""","size_p == ""0""",Yes
4056,1607885830009:73b98256-dc24-4743-98e1-a39e45d282c7,1607885830009:d1461ee7-b22b-4350-838a-cbadb23428d9,"size == ""0""","isEmpty == ""True""","peek_obj_type == ""EmptyObject""","push == ""none""","pop == ""EmptyObject""","clear == ""none""","size_p == ""0""",No
4058,1607885830009:73b98256-dc24-4743-98e1-a39e45d282c7,1607885830009:762d3be1-a90c-410b-94f0-30de44d15093,"size == ""0""","isEmpty == ""True""","peek_obj_type == ""EmptyObject""","push == ""class java.lang.String""","pop == ""none""","clear == ""none""","size_p == ""0""",Yes
4060,1607885830009:472b594f-4a0b-4440-8a24-cb11a2c42098,1607885830009:a3b3c772-c182-40ac-b4de-6ae7ccfe5159,"size == ""0""","isEmpty == ""True""","peek_obj_type == ""EmptyObject""","push == ""class java.lang.String""","pop == ""none""","clear == ""none""","size_p == ""0""",Yes
4061,1607885830009:472b594f-4a0b-4440-8a24-cb11a2c42098,1607885830009:a3b3c772-c182-40ac-b4de-6ae7ccfe5159,"size == ""0""","isEmpty == ""True""","peek_obj_type == ""EmptyObject""","push == ""none""","pop == ""EmptyObject""","clear == ""none""","size_p == ""0""",No
4063,1607885830009:472b594f-4a0b-4440-8a24-cb11a2c42098,1607885830009:3d26d81e-6e17-4cae-b785-7566e44eaf09,"size == ""0""","isEmpty == ""True""","peek_obj_type == ""EmptyObject""","push == ""class java.lang.String""","pop == ""none""","clear == ""none""","size_p == ""0""",Yes
4065,1607885830009:4605317c-69ce-432d-8588-49b94df09a86,1607885830009:c245929b-6ffb-4d58-980a-c5f19f0c78a6,"size == ""1""","isEmpty == ""False""","peek_obj_type == ""class java.lang.String""","push == ""none""","pop == ""none""","clear == ""clear""","size_p == ""0""",Yes
4066,1607885830009:4605317c-69ce-432d-8588-49b94df09a86,1607885830009:c245929b-6ffb-4d58-980a-c5f19f0c78a6,"size == ""1""","isEmpty == ""False""","peek_obj_type == ""class java.lang.String""","push == ""class java.lang.String""","pop == ""none""","clear == ""none""","size_p == ""1""",Yes
4067,1607885830009:4605317c-69ce-432d-8588-49b94df09a86,1607885830009:c245929b-6ffb-4d58-980a-c5f19f0c78a6,"size == ""0""","isEmpty == ""True""","peek_obj_type == ""EmptyObject""","push == ""none""","pop == ""EmptyObject""","clear == ""none""","size_p == ""1""",No
4068,1607885830009:4605317c-69ce-432d-8588-49b94df09a86,1607885830009:c245929b-6ffb-4d58-980a-c5f19f0c78a6,"size == ""1""","isEmpty == ""False""","peek_obj_type == ""class java.lang.String""","push == ""none""","pop == ""none""","clear == ""clear""","size_p == ""0""",Yes
4070,1607885830009:4605317c-69ce-432d-8588-49b94df09a86,1607885830009:28edb295-a89b-453f-89e0-196077b3c67e,"size == ""0""","isEmpty == ""True""","peek_obj_type == ""EmptyObject""","push == ""class java.lang.String""","pop == ""none""","clear == ""none""","size_p == ""0""",Yes
4071,1607885830009:4605317c-69ce-432d-8588-49b94df09a86,1607885830009:28edb295-a89b-453f-89e0-196077b3c67e,"size == ""0""","isEmpty == ""True""","peek_obj_type == ""EmptyObject""","push == ""none""","pop == ""EmptyObject""","clear == ""none""","size_p == ""0""",No
4073,1607885830008:af2a60f6-a224-4d1e-aeb9-0fc8332908f5,1607885830008:55848fbb-8581-43d5-aa76-fcadde44073f,"size == ""0""","isEmpty == ""True""","peek_obj_type == ""EmptyObject""","push == ""class java.lang.String""","pop == ""none""","clear == ""none""","size_p == ""0""",Yes
4074,1607885830008:af2a60f6-a224-4d1e-aeb9-0fc8332908f5,1607885830008:55848fbb-8581-43d5-aa76-fcadde44073f,"size == ""0""","isEmpty == ""True""","peek_obj_type == ""EmptyObject""","push == ""none""","pop == ""EmptyObject""","clear == ""none""","size_p == ""0""",No
4076,1607885830008:a7b0f972-7583-405a-ba53-42b39b41d534,1607885830008:d59dd40d-ba43-491f-9914-acd64c676716,"size == ""0""","isEmpty == ""True""","peek_obj_type == ""EmptyObject""","push == ""class java.lang.String""","pop == ""none""","clear == ""none""","size_p == ""0""",Yes
4077,1607885830008:a7b0f972-7583-405a-ba53-42b39b41d534,1607885830008:d59dd40d-ba43-491f-9914-acd64c676716,"size == ""0""","isEmpty == ""True""","peek_obj_type == ""EmptyObject""","push == ""none""","pop == ""EmptyObject""","clear == ""none""","size_p == ""0""",No
4079,1607885830008:6b7a9d28-804d-49d3-8100-2ba705e2621f,1607885830008:7caf4b42-130e-4e69-99fe-c7fe7e46d6c2,"size == ""0""","isEmpty == ""True""","peek_obj_type == ""EmptyObject""","push == ""class java.lang.String""","pop == ""none""","clear == ""none""","size_p == ""0""",Yes
4080,1607885830008:6b7a9d28-804d-49d3-8100-2ba705e2621f,1607885830008:7caf4b42-130e-4e69-99fe-c7fe7e46d6c2,"size == ""0""","isEmpty == ""True""","peek_obj_type == ""EmptyObject""","push == ""class java.lang.String""","pop == ""none""","clear == ""none""","size_p == ""0""",Yes
4082,1607885830008:6b7a9d28-804d-49d3-8100-2ba705e2621f,1607885830008:34fb0f7d-5c4d-4880-be2f-8928b53b914e,"size == ""0""","isEmpty == ""True""","peek_obj_type == ""EmptyObject""","push == ""class java.lang.String""","pop == ""none""","clear == ""none""","size_p == ""0""",Yes
4083,1607885830008:6b7a9d28-804d-49d3-8100-2ba705e2621f,1607885830008:34fb0f7d-5c4d-4880-be2f-8928b53b914e,"size == ""0""","isEmpty == ""True""","peek_obj_type == ""EmptyObject""","push == ""none""","pop == ""EmptyObject""","clear == ""none""","size_p == ""0""",No
4085,1607885830008:643c4930-2229-47e2-be17-7687a77623a0,1607885830009:1f60bbf0-265a-4e0b-8abf-a45400f13031,"size == ""0""","isEmpty == ""True""","peek_obj_type == ""EmptyObject""","push == ""class java.lang.String""","pop == ""none""","clear == ""none""","size_p == ""0""",Yes
4086,1607885830008:643c4930-2229-47e2-be17-7687a77623a0,1607885830009:1f60bbf0-265a-4e0b-8abf-a45400f13031,"size == ""0""","isEmpty == ""True""","peek_obj_type == ""EmptyObject""","push == ""none""","pop == ""EmptyObject""","clear == ""none""","size_p == ""0""",No
4088,1607885830008:643c4930-2229-47e2-be17-7687a77623a0,1607885830008:b9a8aa5e-206a-47d2-a333-b91159b9e44b,"size == ""1""","isEmpty == ""False""","peek_obj_type == ""class java.lang.String""","push == ""none""","pop == ""none""","clear == ""clear""","size_p == ""0""",Yes
4089,1607885830008:643c4930-2229-47e2-be17-7687a77623a0,1607885830008:b9a8aa5e-206a-47d2-a333-b91159b9e44b,"size == ""1""","isEmpty == ""False""","peek_obj_type == ""class java.lang.String""","push == ""class java.lang.String""","pop == ""none""","clear == ""none""","size_p == ""1""",Yes
4090,1607885830008:643c4930-2229-47e2-be17-7687a77623a0,1607885830008:b9a8aa5e-206a-47d2-a333-b91159b9e44b,"size == ""2""","isEmpty == ""False""","peek_obj_type == ""class java.lang.String""","push == ""none""","pop == ""none""","clear == ""clear""","size_p == ""1""",Yes
4091,1607885830008:643c4930-2229-47e2-be17-7687a77623a0,1607885830008:b9a8aa5e-206a-47d2-a333-b91159b9e44b,"size == ""3""","isEmpty == ""False""","peek_obj_type == ""class java.lang.String""","push == ""none""","pop == ""none""","clear == ""clear""","size_p == ""2""",Yes
4092,1607885830008:643c4930-2229-47e2-be17-7687a77623a0,1607885830008:b9a8aa5e-206a-47d2-a333-b91159b9e44b,"size == ""4""","isEmpty == ""False""","peek_obj_type == ""class java.lang.String""","push == ""none""","pop == ""none""","clear == ""clear""","size_p == ""3""",Yes
4094,1607885830008:5534783f-2f9b-47f2-abe7-03ad76812ffb,1607885830008:7bf76027-f3c3-4049-8d8b-8814b8f56ee2,"size == ""0""","isEmpty == ""True""","peek_obj_type == ""EmptyObject""","push == ""class java.lang.String""","pop == ""none""","clear == ""none""","size_p == ""0""",Yes
4095,1607885830008:5534783f-2f9b-47f2-abe7-03ad76812ffb,1607885830008:7bf76027-f3c3-4049-8d8b-8814b8f56ee2,"size == ""0""","isEmpty == ""True""","peek_obj_type == ""EmptyObject""","push == ""none""","pop == ""EmptyObject""","clear == ""none""","size_p == ""0""",No
4097,1607885830008:5534783f-2f9b-47f2-abe7-03ad76812ffb,1607885830008:64cd4fdc-f303-42cf-a5ce-d86481ca4d63,"size == ""1""","isEmpty == ""False""","peek_obj_type == ""class java.lang.String""","push == ""none""","pop == ""none""","clear == ""clear""","size_p == ""0""",Yes
4098,1607885830008:5534783f-2f9b-47f2-abe7-03ad76812ffb,1607885830008:64cd4fdc-f303-42cf-a5ce-d86481ca4d63,"size == ""1""","isEmpty == ""False""","peek_obj_type == ""class java.lang.String""","push == ""class java.lang.String""","pop == ""none""","clear == ""none""","size_p == ""1""",Yes
4099,1607885830008:5534783f-2f9b-47f2-abe7-03ad76812ffb,1607885830008:64cd4fdc-f303-42cf-a5ce-d86481ca4d63,"size == ""2""","isEmpty == ""False""","peek_obj_type == ""class java.lang.String""","push == ""none""","pop == ""none""","clear == ""clear""","size_p == ""1""",Yes
4100,1607885830008:5534783f-2f9b-47f2-abe7-03ad76812ffb,1607885830008:64cd4fdc-f303-42cf-a5ce-d86481ca4d63,"size == ""3""","isEmpty == ""False""","peek_obj_type == ""class java.lang.String""","push == ""none""","pop == ""none""","clear == ""clear""","size_p == ""2""",Yes
4101,1607885830008:5534783f-2f9b-47f2-abe7-03ad76812ffb,1607885830008:64cd4fdc-f303-42cf-a5ce-d86481ca4d63,"size == ""4""","isEmpty == ""False""","peek_obj_type == ""class java.lang.String""","push == ""none""","pop == ""none""","clear == ""clear""","size_p == ""3""",Yes
4103,1607885830007:6ce691d0-f718-4b36-b13b-fc224f801823,1607885830007:df3507d9-11ba-4411-b143-26d2a85cf582,"size == ""0""","isEmpty == ""True""","peek_obj_type == ""EmptyObject""","push == ""class java.lang.String""","pop == ""none""","clear == ""none""","size_p == ""0""",Yes
4104,1607885830007:6ce691d0-f718-4b36-b13b-fc224f801823,1607885830007:df3507d9-11ba-4411-b143-26d2a85cf582,"size == ""0""","isEmpty == ""True""","peek_obj_type == ""EmptyObject""","push == ""class java.lang.String""","pop == ""none""","clear == ""none""","size_p == ""0""",Yes
4105,1607885830007:6ce691d0-f718-4b36-b13b-fc224f801823,1607885830007:df3507d9-11ba-4411-b143-26d2a85cf582,"size == ""0""","isEmpty == ""True""","peek_obj_type == ""EmptyObject""","push == ""class java.lang.String""","pop == ""none""","clear == ""none""","size_p == ""0""",Yes
4107,1607885830007:6ce691d0-f718-4b36-b13b-fc224f801823,1607885830007:a969012f-b5e5-4144-8d1b-ce96d3fba9a8,"size == ""1""","isEmpty == ""False""","peek_obj_type == ""class java.lang.String""","push == ""none""","pop == ""none""","clear == ""clear""","size_p == ""0""",Yes
4108,1607885830007:6ce691d0-f718-4b36-b13b-fc224f801823,1607885830007:a969012f-b5e5-4144-8d1b-ce96d3fba9a8,"size == ""1""","isEmpty == ""False""","peek_obj_type == ""class java.lang.String""","push == ""class java.lang.String""","pop == ""none""","clear == ""none""","size_p == ""1""",Yes
4109,1607885830007:6ce691d0-f718-4b36-b13b-fc224f801823,1607885830007:a969012f-b5e5-4144-8d1b-ce96d3fba9a8,"size == ""0""","isEmpty == ""True""","peek_obj_type == ""EmptyObject""","push == ""none""","pop == ""EmptyObject""","clear == ""none""","size_p == ""1""",No
4110,1607885830007:6ce691d0-f718-4b36-b13b-fc224f801823,1607885830007:a969012f-b5e5-4144-8d1b-ce96d3fba9a8,"size == ""1""","isEmpty == ""False""","peek_obj_type == ""class java.lang.String""","push == ""none""","pop == ""none""","clear == ""clear""","size_p == ""0""",Yes
4112,1607885830007:6ce691d0-f718-4b36-b13b-fc224f801823,1607885830007:748aeaa4-5de6-4f05-a432-f90653828e97,"size == ""0""","isEmpty == ""True""","peek_obj_type == ""EmptyObject""","push == ""class java.lang.String""","pop == ""none""","clear == ""none""","size_p == ""0""",Yes
4113,1607885830007:6ce691d0-f718-4b36-b13b-fc224f801823,1607885830007:748aeaa4-5de6-4f05-a432-f90653828e97,"size == ""0""","isEmpty == ""True""","peek_obj_type == ""EmptyObject""","push == ""none""","pop == ""EmptyObject""","clear == ""none""","size_p == ""0""",No
4115,1607885830007:603bfe10-d0de-4a23-b1d5-b69cdf12a7ef,1607885830007:2d715241-d502-4409-ab0d-5cfb46141b6f,"size == ""0""","isEmpty == ""True""","peek_obj_type == ""EmptyObject""","push == ""class java.lang.String""","pop == ""none""","clear == ""none""","size_p == ""0""",Yes
4116,1607885830007:603bfe10-d0de-4a23-b1d5-b69cdf12a7ef,1607885830007:2d715241-d502-4409-ab0d-5cfb46141b6f,"size == ""0""","isEmpty == ""True""","peek_obj_type == ""EmptyObject""","push == ""none""","pop == ""EmptyObject""","clear == ""none""","size_p == ""0""",No
4118,1607885830007:3a3dd283-ef3b-4381-8c59-e543362e5096,1607885830007:a82d67b5-c5e9-45c0-a9a7-ae8cf21b96d7,"size == ""0""","isEmpty == ""True""","peek_obj_type == ""EmptyObject""","push == ""class java.lang.String""","pop == ""none""","clear == ""none""","size_p == ""0""",Yes
4119,1607885830007:3a3dd283-ef3b-4381-8c59-e543362e5096,1607885830007:a82d67b5-c5e9-45c0-a9a7-ae8cf21b96d7,"size == ""0""","isEmpty == ""True""","peek_obj_type == ""EmptyObject""","push == ""none""","pop == ""EmptyObject""","clear == ""none""","size_p == ""0""",No
4121,1607885830007:3a3dd283-ef3b-4381-8c59-e543362e5096,1607885830007:4a8a260a-d918-4fc9-81e0-ba89465d0a64,"size == ""1""","isEmpty == ""False""","peek_obj_type == ""class java.lang.String""","push == ""none""","pop == ""none""","clear == ""clear""","size_p == ""0""",Yes
4122,1607885830007:3a3dd283-ef3b-4381-8c59-e543362e5096,1607885830007:4a8a260a-d918-4fc9-81e0-ba89465d0a64,"size == ""1""","isEmpty == ""False""","peek_obj_type == ""class java.lang.String""","push == ""class java.lang.String""","pop == ""none""","clear == ""none""","size_p == ""1""",Yes
4123,1607885830007:3a3dd283-ef3b-4381-8c59-e543362e5096,1607885830007:4a8a260a-d918-4fc9-81e0-ba89465d0a64,"size == ""0""","isEmpty == ""True""","peek_obj_type == ""EmptyObject""","push == ""none""","pop == ""EmptyObject""","clear == ""none""","size_p == ""1""",No
4124,1607885830007:3a3dd283-ef3b-4381-8c59-e543362e5096,1607885830007:4a8a260a-d918-4fc9-81e0-ba89465d0a64,"size == ""1""","isEmpty == ""False""","peek_obj_type == ""class java.lang.String""","push == ""none""","pop == ""none""","clear == ""clear""","size_p == ""0""",Yes
4126,1607885830006:a841ad5a-4de2-4ee5-9f89-855f0aa70e86,1607885830006:6a0e7aa0-8709-4c32-bf23-3c86488c6897,"size == ""0""","isEmpty == ""True""","peek_obj_type == ""EmptyObject""","push == ""class java.lang.String""","pop == ""none""","clear == ""none""","size_p == ""0""",Yes
4127,1607885830006:a841ad5a-4de2-4ee5-9f89-855f0aa70e86,1607885830006:6a0e7aa0-8709-4c32-bf23-3c86488c6897,"size == ""0""","isEmpty == ""True""","peek_obj_type == ""EmptyObject""","push == ""none""","pop == ""EmptyObject""","clear == ""none""","size_p == ""0""",No
4129,1607885830006:91bc0100-2b47-430b-8dcc-0116e8bcd131,1607885830006:a3d77864-04ff-47ca-ad2b-8eaf252148f6,"size == ""0""","isEmpty == ""True""","peek_obj_type == ""EmptyObject""","push == ""class java.lang.String""","pop == ""none""","clear == ""none""","size_p == ""0""",Yes
4130,1607885830006:91bc0100-2b47-430b-8dcc-0116e8bcd131,1607885830006:a3d77864-04ff-47ca-ad2b-8eaf252148f6,"size == ""0""","isEmpty == ""True""","peek_obj_type == ""EmptyObject""","push == ""none""","pop == ""EmptyObject""","clear == ""none""","size_p == ""0""",No
4132,1607885830006:84f16329-6ac6-444d-8060-b9eaaf68c987,1607885830006:206d09b9-009d-429d-bf34-e94def072e00,"size == ""0""","isEmpty == ""True""","peek_obj_type == ""EmptyObject""","push == ""class java.lang.String""","pop == ""none""","clear == ""none""","size_p == ""0""",Yes
4133,1607885830006:84f16329-6ac6-444d-8060-b9eaaf68c987,1607885830006:206d09b9-009d-429d-bf34-e94def072e00,"size == ""0""","isEmpty == ""True""","peek_obj_type == ""EmptyObject""","push == ""none""","pop == ""EmptyObject""","clear == ""none""","size_p == ""0""",No
4135,1607885830006:4a27aa34-857d-48d9-92d6-c10067c64d8a,1607885830006:89adc849-4008-4d35-8068-5cec3c3faf4c,"size == ""0""","isEmpty == ""True""","peek_obj_type == ""EmptyObject""","push == ""class java.lang.String""","pop == ""none""","clear == ""none""","size_p == ""0""",Yes
4136,1607885830006:4a27aa34-857d-48d9-92d6-c10067c64d8a,1607885830006:89adc849-4008-4d35-8068-5cec3c3faf4c,"size == ""0""","isEmpty == ""True""","peek_obj_type == ""EmptyObject""","push == ""none""","pop == ""EmptyObject""","clear == ""none""","size_p == ""0""",No
4138,1607885830006:0c7a4739-5d7b-4942-b2ff-25ea77606b24,1607885830006:5dcd8a06-8475-4b6b-9d61-9b1f183dde17,"size == ""0""","isEmpty == ""True""","peek_obj_type == ""EmptyObject""","push == ""class java.lang.String""","pop == ""none""","clear == ""none""","size_p == ""0""",Yes
4139,1607885830006:0c7a4739-5d7b-4942-b2ff-25ea77606b24,1607885830006:5dcd8a06-8475-4b6b-9d61-9b1f183dde17,"size == ""0""","isEmpty == ""True""","peek_obj_type == ""EmptyObject""","push == ""none""","pop == ""EmptyObject""","clear == ""none""","size_p == ""0""",No
4141,1607885830005:f2b0ef89-133f-45d7-8efb-866c06e8627c,1607885830005:eee0f1bc-80e1-4e43-afa5-e5eb8fe3a68e,"size == ""0""","isEmpty == ""True""","peek_obj_type == ""EmptyObject""","push == ""class java.lang.String""","pop == ""none""","clear == ""none""","size_p == ""0""",Yes
4142,1607885830005:f2b0ef89-133f-45d7-8efb-866c06e8627c,1607885830005:eee0f1bc-80e1-4e43-afa5-e5eb8fe3a68e,"size == ""0""","isEmpty == ""True""","peek_obj_type == ""EmptyObject""","push == ""none""","pop == ""EmptyObject""","clear == ""none""","size_p == ""0""",No
4144,1607885830005:f2b0ef89-133f-45d7-8efb-866c06e8627c,1607885830005:b3b5e8d9-a899-462e-9eba-0293d01f3a80,"size == ""1""","isEmpty == ""False""","peek_obj_type == ""class java.lang.String""","push == ""none""","pop == ""none""","clear == ""clear""","size_p == ""0""",Yes
4145,1607885830005:f2b0ef89-133f-45d7-8efb-866c06e8627c,1607885830005:b3b5e8d9-a899-462e-9eba-0293d01f3a80,"size == ""1""","isEmpty == ""False""","peek_obj_type == ""class java.lang.String""","push == ""class java.lang.String""","pop == ""none""","clear == ""none""","size_p == ""1""",Yes
4146,1607885830005:f2b0ef89-133f-45d7-8efb-866c06e8627c,1607885830005:b3b5e8d9-a899-462e-9eba-0293d01f3a80,"size == ""2""","isEmpty == ""False""","peek_obj_type == ""class java.lang.String""","push == ""none""","pop == ""none""","clear == ""clear""","size_p == ""1""",Yes
4147,1607885830005:f2b0ef89-133f-45d7-8efb-866c06e8627c,1607885830005:b3b5e8d9-a899-462e-9eba-0293d01f3a80,"size == ""3""","isEmpty == ""False""","peek_obj_type == ""class java.lang.String""","push == ""none""","pop == ""none""","clear == ""clear""","size_p == ""2""",Yes
4148,1607885830005:f2b0ef89-133f-45d7-8efb-866c06e8627c,1607885830005:b3b5e8d9-a899-462e-9eba-0293d01f3a80,"size == ""4""","isEmpty == ""False""","peek_obj_type == ""class java.lang.String""","push == ""none""","pop == ""none""","clear == ""clear""","size_p == ""3""",Yes
4150,1607885830005:f0286072-40d6-466d-85f2-a0419bde2566,1607885830005:0ef58faf-7b79-4bc3-8ce6-75f8f2fc3acc,"size == ""0""","isEmpty == ""True""","peek_obj_type == ""EmptyObject""","push == ""class java.lang.String""","pop == ""none""","clear == ""none""","size_p == ""0""",Yes
4151,1607885830005:f0286072-40d6-466d-85f2-a0419bde2566,1607885830005:0ef58faf-7b79-4bc3-8ce6-75f8f2fc3acc,"size == ""0""","isEmpty == ""True""","peek_obj_type == ""EmptyObject""","push == ""none""","pop == ""EmptyObject""","clear == ""none""","size_p == ""0""",No
4153,1607885830005:7dd6a152-f08e-4f32-8026-dfac6962da48,1607885830006:a8c32d37-60e1-4ae0-b873-5422942849ca,"size == ""0""","isEmpty == ""True""","peek_obj_type == ""EmptyObject""","push == ""class java.lang.String""","pop == ""none""","clear == ""none""","size_p == ""0""",Yes
4154,1607885830005:7dd6a152-f08e-4f32-8026-dfac6962da48,1607885830006:a8c32d37-60e1-4ae0-b873-5422942849ca,"size == ""0""","isEmpty == ""True""","peek_obj_type == ""EmptyObject""","push == ""none""","pop == ""EmptyObject""","clear == ""none""","size_p == ""0""",No
4156,1607885830005:7dd6a152-f08e-4f32-8026-dfac6962da48,1607885830005:dbf717d8-d748-4c9e-b23f-bda73f7ad818,"size == ""0""","isEmpty == ""True""","peek_obj_type == ""EmptyObject""","push == ""class java.lang.String""","pop == ""none""","clear == ""none""","size_p == ""0""",Yes
4159,1607885830004:ab74784c-a29a-4481-aa6b-b254777fc522,1607885830004:950a56f1-cc44-476a-a043-548278366665,"size == ""0""","isEmpty == ""True""","peek_obj_type == ""EmptyObject""","push == ""class java.lang.String""","pop == ""none""","clear == ""none""","size_p == ""0""",Yes
4160,1607885830004:ab74784c-a29a-4481-aa6b-b254777fc522,1607885830004:950a56f1-cc44-476a-a043-548278366665,"size == ""0""","isEmpty == ""True""","peek_obj_type == ""EmptyObject""","push == ""none""","pop == ""EmptyObject""","clear == ""none""","size_p == ""0""",No
4162,1607885830004:ab74784c-a29a-4481-aa6b-b254777fc522,1607885830004:27d94220-5df5-49a4-8bfb-fea5847627e8,"size == ""0""","isEmpty == ""True""","peek_obj_type == ""EmptyObject""","push == ""class java.lang.String""","pop == ""none""","clear == ""none""","size_p == ""0""",Yes
4163,1607885830004:ab74784c-a29a-4481-aa6b-b254777fc522,1607885830004:27d94220-5df5-49a4-8bfb-fea5847627e8,"size == ""0""","isEmpty == ""True""","peek_obj_type == ""EmptyObject""","push == ""class java.lang.String""","pop == ""none""","clear == ""none""","size_p == ""0""",Yes
4165,1607885830004:a521a066-0c0f-40b2-9aed-c8816c0307ac,1607885830004:81a20048-eccc-41a6-ac33-d0d81e61bd66,"size == ""1""","isEmpty == ""False""","peek_obj_type == ""class java.lang.String""","push == ""none""","pop == ""none""","clear == ""clear""","size_p == ""0""",Yes
4166,1607885830004:a521a066-0c0f-40b2-9aed-c8816c0307ac,1607885830004:81a20048-eccc-41a6-ac33-d0d81e61bd66,"size == ""1""","isEmpty == ""False""","peek_obj_type == ""class java.lang.String""","push == ""class java.lang.String""","pop == ""none""","clear == ""none""","size_p == ""1""",Yes
4167,1607885830004:a521a066-0c0f-40b2-9aed-c8816c0307ac,1607885830004:81a20048-eccc-41a6-ac33-d0d81e61bd66,"size == ""2""","isEmpty == ""False""","peek_obj_type == ""class java.lang.String""","push == ""none""","pop == ""none""","clear == ""clear""","size_p == ""1""",Yes
4168,1607885830004:a521a066-0c0f-40b2-9aed-c8816c0307ac,1607885830004:81a20048-eccc-41a6-ac33-d0d81e61bd66,"size == ""3""","isEmpty == ""False""","peek_obj_type == ""class java.lang.String""","push == ""none""","pop == ""none""","clear == ""clear""","size_p == ""2""",Yes
4169,1607885830004:a521a066-0c0f-40b2-9aed-c8816c0307ac,1607885830004:81a20048-eccc-41a6-ac33-d0d81e61bd66,"size == ""4""","isEmpty == ""False""","peek_obj_type == ""class java.lang.String""","push == ""none""","pop == ""none""","clear == ""clear""","size_p == ""3""",Yes
4171,1607885830004:a521a066-0c0f-40b2-9aed-c8816c0307ac,1607885830004:06c772f0-8a4e-4ea4-974d-4f839eeed7d7,"size == ""0""","isEmpty == ""True""","peek_obj_type == ""EmptyObject""","push == ""class java.lang.String""","pop == ""none""","clear == ""none""","size_p == ""0""",Yes
4172,1607885830004:a521a066-0c0f-40b2-9aed-c8816c0307ac,1607885830004:06c772f0-8a4e-4ea4-974d-4f839eeed7d7,"size == ""0""","isEmpty == ""True""","peek_obj_type == ""EmptyObject""","push == ""none""","pop == ""EmptyObject""","clear == ""none""","size_p == ""0""",No
4174,1607885830004:81a22596-7599-483d-8250-f0cc8fa6f526,1607885830005:0611de1c-acf6-40d1-91e7-0f9779d90773,"size == ""0""","isEmpty == ""True""","peek_obj_type == ""EmptyObject""","push == ""class java.lang.String""","pop == ""none""","clear == ""none""","size_p == ""0""",Yes
4175,1607885830004:81a22596-7599-483d-8250-f0cc8fa6f526,1607885830005:0611de1c-acf6-40d1-91e7-0f9779d90773,"size == ""0""","isEmpty == ""True""","peek_obj_type == ""EmptyObject""","push == ""none""","pop == ""EmptyObject""","clear == ""none""","size_p == ""0""",No
4177,1607885830004:81a22596-7599-483d-8250-f0cc8fa6f526,1607885830004:717c3365-ffac-4520-90e5-08fed95f39ab,"size == ""0""","isEmpty == ""True""","peek_obj_type == ""EmptyObject""","push == ""class java.lang.String""","pop == ""none""","clear == ""none""","size_p == ""0""",Yes
4179,1607885830004:41e218f6-1a61-4d27-9d64-e48da329e6bf,1607885830004:ab44fbcd-a6b1-4592-ae3e-7b3f318e584f,"size == ""0""","isEmpty == ""True""","peek_obj_type == ""EmptyObject""","push == ""class java.lang.String""","pop == ""none""","clear == ""none""","size_p == ""0""",Yes
4180,1607885830004:41e218f6-1a61-4d27-9d64-e48da329e6bf,1607885830004:ab44fbcd-a6b1-4592-ae3e-7b3f318e584f,"size == ""0""","isEmpty == ""True""","peek_obj_type == ""EmptyObject""","push == ""none""","pop == ""EmptyObject""","clear == ""none""","size_p == ""0""",No
4182,1607885830003:d2682528-cfbc-41f6-94ae-b38a9c7982a0,1607885830003:82f6ea13-f0ab-49b1-a9e9-243252c1ed94,"size == ""0""","isEmpty == ""True""","peek_obj_type == ""EmptyObject""","push == ""class java.lang.String""","pop == ""none""","clear == ""none""","size_p == ""0""",Yes
4183,1607885830003:d2682528-cfbc-41f6-94ae-b38a9c7982a0,1607885830003:82f6ea13-f0ab-49b1-a9e9-243252c1ed94,"size == ""0""","isEmpty == ""True""","peek_obj_type == ""EmptyObject""","push == ""none""","pop == ""EmptyObject""","clear == ""none""","size_p == ""0""",No
4185,1607885830003:ce901265-36f2-4fae-8973-820656623be0,1607885830003:e68aa180-124f-461b-9ad2-908fc70698ac,"size == ""0""","isEmpty == ""True""","peek_obj_type == ""EmptyObject""","push == ""class java.lang.String""","pop == ""none""","clear == ""none""","size_p == ""0""",Yes
4186,1607885830003:ce901265-36f2-4fae-8973-820656623be0,1607885830003:e68aa180-124f-461b-9ad2-908fc70698ac,"size == ""0""","isEmpty == ""True""","peek_obj_type == ""EmptyObject""","push == ""none""","pop == ""EmptyObject""","clear == ""none""","size_p == ""0""",No
4188,1607885830003:acba4e32-32fc-45c2-bcfa-6dcb262be012,1607885830003:6f4fef78-f236-4b92-bc88-ed20429c630f,"size == ""1""","isEmpty == ""False""","peek_obj_type == ""class java.lang.String""","push == ""none""","pop == ""none""","clear == ""clear""","size_p == ""0""",Yes
4189,1607885830003:acba4e32-32fc-45c2-bcfa-6dcb262be012,1607885830003:6f4fef78-f236-4b92-bc88-ed20429c630f,"size == ""1""","isEmpty == ""False""","peek_obj_type == ""class java.lang.String""","push == ""class java.lang.String""","pop == ""none""","clear == ""none""","size_p == ""1""",Yes
4190,1607885830003:acba4e32-32fc-45c2-bcfa-6dcb262be012,1607885830003:6f4fef78-f236-4b92-bc88-ed20429c630f,"size == ""0""","isEmpty == ""True""","peek_obj_type == ""EmptyObject""","push == ""none""","pop == ""EmptyObject""","clear == ""none""","size_p == ""1""",No
4191,1607885830003:acba4e32-32fc-45c2-bcfa-6dcb262be012,1607885830003:6f4fef78-f236-4b92-bc88-ed20429c630f,"size == ""1""","isEmpty == ""False""","peek_obj_type == ""class java.lang.String""","push == ""none""","pop == ""none""","clear == ""clear""","size_p == ""0""",Yes
4193,1607885830003:acba4e32-32fc-45c2-bcfa-6dcb262be012,1607885830003:3c4e609c-1799-4fb9-a6ee-8957c2b30ddf,"size == ""0""","isEmpty == ""True""","peek_obj_type == ""EmptyObject""","push == ""class java.lang.String""","pop == ""none""","clear == ""none""","size_p == ""0""",Yes
4194,1607885830003:acba4e32-32fc-45c2-bcfa-6dcb262be012,1607885830003:3c4e609c-1799-4fb9-a6ee-8957c2b30ddf,"size == ""0""","isEmpty == ""True""","peek_obj_type == ""EmptyObject""","push == ""none""","pop == ""EmptyObject""","clear == ""none""","size_p == ""0""",No
4196,1607885830003:65306d7f-c79e-4c20-96f4-aacce1f92341,1607885830003:b69104ca-e8f2-4906-b274-0b48a318fed5,"size == ""0""","isEmpty == ""True""","peek_obj_type == ""EmptyObject""","push == ""class java.lang.String""","pop == ""none""","clear == ""none""","size_p == ""0""",Yes
4197,1607885830003:65306d7f-c79e-4c20-96f4-aacce1f92341,1607885830003:b69104ca-e8f2-4906-b274-0b48a318fed5,"size == ""0""","isEmpty == ""True""","peek_obj_type == ""EmptyObject""","push == ""none""","pop == ""EmptyObject""","clear == ""none""","size_p == ""0""",No
4199,1607885830003:0899198c-956c-42cc-9cc7-e9a9a763fcae,1607885830003:cd1f0543-62e9-4c6b-a280-7387a9db645d,"size == ""0""","isEmpty == ""True""","peek_obj_type == ""EmptyObject""","push == ""class java.lang.String""","pop == ""none""","clear == ""none""","size_p == ""0""",Yes
4200,1607885830003:0899198c-956c-42cc-9cc7-e9a9a763fcae,1607885830003:cd1f0543-62e9-4c6b-a280-7387a9db645d,"size == ""0""","isEmpty == ""True""","peek_obj_type == ""EmptyObject""","push == ""none""","pop == ""EmptyObject""","clear == ""none""","size_p == ""0""",No
4202,1607885830003:0899198c-956c-42cc-9cc7-e9a9a763fcae,1607885830003:77db5f2a-fef5-4980-bd0c-9eabc1340abf,"size == ""0""","isEmpty == ""True""","peek_obj_type == ""EmptyObject""","push == ""class java.lang.String""","pop == ""none""","clear == ""none""","size_p == ""0""",Yes
4203,1607885830003:0899198c-956c-42cc-9cc7-e9a9a763fcae,1607885830003:77db5f2a-fef5-4980-bd0c-9eabc1340abf,"size == ""0""","isEmpty == ""True""","peek_obj_type == ""EmptyObject""","push == ""class java.lang.String""","pop == ""none""","clear == ""none""","size_p == ""0""",Yes
4205,1607885830002:f37c04ad-8adf-4ce7-a4cc-57a4a580eb49,1607885830002:a4f1b660-8190-4f4e-bbd8-a8ce4c76395f,"size == ""0""","isEmpty == ""True""","peek_obj_type == ""EmptyObject""","push == ""class java.lang.String""","pop == ""none""","clear == ""none""","size_p == ""0""",Yes
4207,1607885830002:f37c04ad-8adf-4ce7-a4cc-57a4a580eb49,1607885830002:6e6d6a53-a43f-4f76-876c-f7f6173f86cd,"size == ""0""","isEmpty == ""True""","peek_obj_type == ""EmptyObject""","push == ""class java.lang.String""","pop == ""none""","clear == ""none""","size_p == ""0""",Yes
4208,1607885830002:f37c04ad-8adf-4ce7-a4cc-57a4a580eb49,1607885830002:6e6d6a53-a43f-4f76-876c-f7f6173f86cd,"size == ""0""","isEmpty == ""True""","peek_obj_type == ""EmptyObject""","push == ""none""","pop == ""EmptyObject""","clear == ""none""","size_p == ""0""",No
4211,1607885830002:d93ae3bc-a986-4c59-97d2-1a77e43cd4c2,1607885830002:54dfe6eb-1d84-484e-a9b1-81701cc64769,"size == ""0""","isEmpty == ""True""","peek_obj_type == ""EmptyObject""","push == ""class java.lang.String""","pop == ""none""","clear == ""none""","size_p == ""0""",Yes
4212,1607885830002:d93ae3bc-a986-4c59-97d2-1a77e43cd4c2,1607885830002:54dfe6eb-1d84-484e-a9b1-81701cc64769,"size == ""0""","isEmpty == ""True""","peek_obj_type == ""EmptyObject""","push == ""none""","pop == ""EmptyObject""","clear == ""none""","size_p == ""0""",No
4214,1607885830002:d93ae3bc-a986-4c59-97d2-1a77e43cd4c2,1607885830002:258184f3-dc90-4e25-ac4d-3cd6d0a85813,"size == ""1""","isEmpty == ""False""","peek_obj_type == ""class java.lang.String""","push == ""none""","pop == ""none""","clear == ""clear""","size_p == ""0""",Yes
4215,1607885830002:d93ae3bc-a986-4c59-97d2-1a77e43cd4c2,1607885830002:258184f3-dc90-4e25-ac4d-3cd6d0a85813,"size == ""1""","isEmpty == ""False""","peek_obj_type == ""class java.lang.String""","push == ""class java.lang.String""","pop == ""none""","clear == ""none""","size_p == ""1""",Yes
4216,1607885830002:d93ae3bc-a986-4c59-97d2-1a77e43cd4c2,1607885830002:258184f3-dc90-4e25-ac4d-3cd6d0a85813,"size == ""0""","isEmpty == ""True""","peek_obj_type == ""EmptyObject""","push == ""none""","pop == ""EmptyObject""","clear == ""none""","size_p == ""1""",No
4217,1607885830002:d93ae3bc-a986-4c59-97d2-1a77e43cd4c2,1607885830002:258184f3-dc90-4e25-ac4d-3cd6d0a85813,"size == ""1""","isEmpty == ""False""","peek_obj_type == ""class java.lang.String""","push == ""none""","pop == ""none""","clear == ""clear""","size_p == ""0""",Yes
4219,1607885830002:cc718f54-74c8-4e9d-8e17-bcae052d47ba,1607885830002:1d6e071e-3ea4-4b76-a2ae-3a0c2fea5bc7,"size == ""0""","isEmpty == ""True""","peek_obj_type == ""EmptyObject""","push == ""class java.lang.String""","pop == ""none""","clear == ""none""","size_p == ""0""",Yes
4220,1607885830002:cc718f54-74c8-4e9d-8e17-bcae052d47ba,1607885830002:1d6e071e-3ea4-4b76-a2ae-3a0c2fea5bc7,"size == ""0""","isEmpty == ""True""","peek_obj_type == ""EmptyObject""","push == ""none""","pop == ""EmptyObject""","clear == ""none""","size_p == ""0""",No
4222,1607885830002:c44a97cf-3506-486e-9895-f1965f43e557,1607885830002:30f553c8-6480-4b7d-8c3d-4feaf0d27367,"size == ""0""","isEmpty == ""True""","peek_obj_type == ""EmptyObject""","push == ""class java.lang.String""","pop == ""none""","clear == ""none""","size_p == ""0""",Yes
4223,1607885830002:c44a97cf-3506-486e-9895-f1965f43e557,1607885830002:30f553c8-6480-4b7d-8c3d-4feaf0d27367,"size == ""0""","isEmpty == ""True""","peek_obj_type == ""EmptyObject""","push == ""none""","pop == ""EmptyObject""","clear == ""none""","size_p == ""0""",No
4225,1607885830001:acfb67d3-bb3d-484a-bf9f-decc50997549,1607885830001:496e88fb-9fdf-4333-bc50-196b2e57cb1c,"size == ""0""","isEmpty == ""True""","peek_obj_type == ""EmptyObject""","push == ""class java.lang.String""","pop == ""none""","clear == ""none""","size_p == ""0""",Yes
4226,1607885830001:acfb67d3-bb3d-484a-bf9f-decc50997549,1607885830001:496e88fb-9fdf-4333-bc50-196b2e57cb1c,"size == ""0""","isEmpty == ""True""","peek_obj_type == ""EmptyObject""","push == ""none""","pop == ""EmptyObject""","clear == ""none""","size_p == ""0""",No
4228,1607885830001:95a905fb-12d1-4b70-b46e-9d06ce8d572a,1607885830001:299eeab0-45e3-4762-ac95-703c06566600,"size == ""0""","isEmpty == ""True""","peek_obj_type == ""EmptyObject""","push == ""class java.lang.String""","pop == ""none""","clear == ""none""","size_p == ""0""",Yes
4229,1607885830001:95a905fb-12d1-4b70-b46e-9d06ce8d572a,1607885830001:299eeab0-45e3-4762-ac95-703c06566600,"size == ""0""","isEmpty == ""True""","peek_obj_type == ""EmptyObject""","push == ""none""","pop == ""EmptyObject""","clear == ""none""","size_p == ""0""",No
4231,1607885830001:95a905fb-12d1-4b70-b46e-9d06ce8d572a,1607885830001:1fcf11a2-0c05-4b48-b4ef-4d4a6cd07572,"size == ""0""","isEmpty == ""True""","peek_obj_type == ""EmptyObject""","push == ""class java.lang.String""","pop == ""none""","clear == ""none""","size_p == ""0""",Yes
4232,1607885830001:95a905fb-12d1-4b70-b46e-9d06ce8d572a,1607885830001:1fcf11a2-0c05-4b48-b4ef-4d4a6cd07572,"size == ""0""","isEmpty == ""True""","peek_obj_type == ""EmptyObject""","push == ""class java.lang.String""","pop == ""none""","clear == ""none""","size_p == ""0""",Yes
4233,1607885830001:95a905fb-12d1-4b70-b46e-9d06ce8d572a,1607885830001:1fcf11a2-0c05-4b48-b4ef-4d4a6cd07572,"size == ""0""","isEmpty == ""True""","peek_obj_type == ""EmptyObject""","push == ""class java.lang.String""","pop == ""none""","clear == ""none""","size_p == ""0""",Yes
4235,1607885830001:7666bc09-71bf-4312-865d-1186a21b6698,1607885830002:82cd0fa9-1989-4ba1-8950-40315106d520,"size == ""0""","isEmpty == ""True""","peek_obj_type == ""EmptyObject""","push == ""class java.lang.String""","pop == ""none""","clear == ""none""","size_p == ""0""",Yes
4236,1607885830001:7666bc09-71bf-4312-865d-1186a21b6698,1607885830002:82cd0fa9-1989-4ba1-8950-40315106d520,"size == ""0""","isEmpty == ""True""","peek_obj_type == ""EmptyObject""","push == ""none""","pop == ""EmptyObject""","clear == ""none""","size_p == ""0""",No
4238,1607885830001:7666bc09-71bf-4312-865d-1186a21b6698,1607885830001:644e7675-50e8-42cf-bd17-9d06080b196e,"size == ""1""","isEmpty == ""False""","peek_obj_type == ""class java.lang.String""","push == ""none""","pop == ""none""","clear == ""clear""","size_p == ""0""",Yes
4239,1607885830001:7666bc09-71bf-4312-865d-1186a21b6698,1607885830001:644e7675-50e8-42cf-bd17-9d06080b196e,"size == ""1""","isEmpty == ""False""","peek_obj_type == ""class java.lang.String""","push == ""class java.lang.String""","pop == ""none""","clear == ""none""","size_p == ""1""",Yes
4240,1607885830001:7666bc09-71bf-4312-865d-1186a21b6698,1607885830001:644e7675-50e8-42cf-bd17-9d06080b196e,"size == ""0""","isEmpty == ""True""","peek_obj_type == ""EmptyObject""","push == ""none""","pop == ""EmptyObject""","clear == ""none""","size_p == ""1""",No
4241,1607885830001:7666bc09-71bf-4312-865d-1186a21b6698,1607885830001:644e7675-50e8-42cf-bd17-9d06080b196e,"size == ""1""","isEmpty == ""False""","peek_obj_type == ""class java.lang.String""","push == ""none""","pop == ""none""","clear == ""clear""","size_p == ""0""",Yes
4243,1607885830001:6012e250-885c-4b9e-b560-f6bfe3d2aac2,1607885830001:9c583c0a-b3bb-448a-9d98-79dfbdd857a8,"size == ""0""","isEmpty == ""True""","peek_obj_type == ""EmptyObject""","push == ""class java.lang.String""","pop == ""none""","clear == ""none""","size_p == ""0""",Yes
4244,1607885830001:6012e250-885c-4b9e-b560-f6bfe3d2aac2,1607885830001:9c583c0a-b3bb-448a-9d98-79dfbdd857a8,"size == ""0""","isEmpty == ""True""","peek_obj_type == ""EmptyObject""","push == ""none""","pop == ""EmptyObject""","clear == ""none""","size_p == ""0""",No
4246,1607885830001:4472ee27-766e-4119-acd6-7a9c138a43d4,1607885830001:b40fece0-7482-4e7e-bed0-bb2197db3173,"size == ""0""","isEmpty == ""True""","peek_obj_type == ""EmptyObject""","push == ""class java.lang.String""","pop == ""none""","clear == ""none""","size_p == ""0""",Yes
4247,1607885830001:4472ee27-766e-4119-acd6-7a9c138a43d4,1607885830001:b40fece0-7482-4e7e-bed0-bb2197db3173,"size == ""0""","isEmpty == ""True""","peek_obj_type == ""EmptyObject""","push == ""none""","pop == ""EmptyObject""","clear == ""none""","size_p == ""0""",No
4249,1607885830000:ff18bf0b-e273-4e10-9053-2253436b5902,1607885830000:d3beb5c9-49b9-4a5a-ba4a-114e5fff0319,"size == ""0""","isEmpty == ""True""","peek_obj_type == ""EmptyObject""","push == ""class java.lang.String""","pop == ""none""","clear == ""none""","size_p == ""0""",Yes
4250,1607885830000:ff18bf0b-e273-4e10-9053-2253436b5902,1607885830000:d3beb5c9-49b9-4a5a-ba4a-114e5fff0319,"size == ""0""","isEmpty == ""True""","peek_obj_type == ""EmptyObject""","push == ""none""","pop == ""EmptyObject""","clear == ""none""","size_p == ""0""",No
4252,1607885830000:dd7ef8f7-162a-4345-87ba-7166132e559b,1607885830000:d32f4b59-7c91-4cc3-8f8a-4400feaeeca2,"size == ""0""","isEmpty == ""True""","peek_obj_type == ""EmptyObject""","push == ""class java.lang.String""","pop == ""none""","clear == ""none""","size_p == ""0""",Yes
4253,1607885830000:dd7ef8f7-162a-4345-87ba-7166132e559b,1607885830000:d32f4b59-7c91-4cc3-8f8a-4400feaeeca2,"size == ""0""","isEmpty == ""True""","peek_obj_type == ""EmptyObject""","push == ""none""","pop == ""EmptyObject""","clear == ""none""","size_p == ""0""",No
4255,1607885830000:ca152160-bd94-4387-aa95-3bcff2ffd828,1607885830000:7f6e2274-5bf2-4415-ad4d-8ad508039892,"size == ""0""","isEmpty == ""True""","peek_obj_type == ""EmptyObject""","push == ""class java.lang.String""","pop == ""none""","clear == ""none""","size_p == ""0""",Yes
4256,1607885830000:ca152160-bd94-4387-aa95-3bcff2ffd828,1607885830000:7f6e2274-5bf2-4415-ad4d-8ad508039892,"size == ""0""","isEmpty == ""True""","peek_obj_type == ""EmptyObject""","push == ""none""","pop == ""EmptyObject""","clear == ""none""","size_p == ""0""",No
4258,1607885830000:58d294e8-c568-46db-8777-c1c50d08812d,1607885830000:e57da7d3-8ba9-435e-8b60-7d80a4687ee2,"size == ""0""","isEmpty == ""True""","peek_obj_type == ""EmptyObject""","push == ""class java.lang.String""","pop == ""none""","clear == ""none""","size_p == ""0""",Yes
4259,1607885830000:58d294e8-c568-46db-8777-c1c50d08812d,1607885830000:e57da7d3-8ba9-435e-8b60-7d80a4687ee2,"size == ""0""","isEmpty == ""True""","peek_obj_type == ""EmptyObject""","push == ""class java.lang.String""","pop == ""none""","clear == ""none""","size_p == ""0""",Yes
4260,1607885830000:58d294e8-c568-46db-8777-c1c50d08812d,1607885830000:e57da7d3-8ba9-435e-8b60-7d80a4687ee2,"size == ""0""","isEmpty == ""True""","peek_obj_type == ""EmptyObject""","push == ""class java.lang.String""","pop == ""none""","clear == ""none""","size_p == ""0""",Yes
4262,1607885830000:58d294e8-c568-46db-8777-c1c50d08812d,1607885830000:42acb598-3061-4f15-b4ee-bbcb38e6f543,"size == ""0""","isEmpty == ""True""","peek_obj_type == ""EmptyObject""","push == ""class java.lang.String""","pop == ""none""","clear == ""none""","size_p == ""0""",Yes
4263,1607885830000:58d294e8-c568-46db-8777-c1c50d08812d,1607885830000:42acb598-3061-4f15-b4ee-bbcb38e6f543,"size == ""0""","isEmpty == ""True""","peek_obj_type == ""EmptyObject""","push == ""none""","pop == ""EmptyObject""","clear == ""none""","size_p == ""0""",No
4265,1607885829999:eeea8d17-6402-48e2-b501-327e9483f56b,1607885830000:e8070bca-d261-4297-8974-3e38a88d7ac7,"size == ""0""","isEmpty == ""True""","peek_obj_type == ""EmptyObject""","push == ""class java.lang.String""","pop == ""none""","clear == ""none""","size_p == ""0""",Yes
4267,1607885829999:eeea8d17-6402-48e2-b501-327e9483f56b,1607885830000:c374de6b-9e11-480f-b67e-d9718bd4cf64,"size == ""0""","isEmpty == ""True""","peek_obj_type == ""EmptyObject""","push == ""class java.lang.String""","pop == ""none""","clear == ""none""","size_p == ""0""",Yes
4268,1607885829999:eeea8d17-6402-48e2-b501-327e9483f56b,1607885830000:c374de6b-9e11-480f-b67e-d9718bd4cf64,"size == ""0""","isEmpty == ""True""","peek_obj_type == ""EmptyObject""","push == ""none""","pop == ""EmptyObject""","clear == ""none""","size_p == ""0""",No
4271,1607885829999:e8e26b25-3130-491b-932d-c4b2c73ce85e,1607885829999:7d49b036-5a56-4794-9ea6-75f230025826,"size == ""0""","isEmpty == ""True""","peek_obj_type == ""EmptyObject""","push == ""class java.lang.String""","pop == ""none""","clear == ""none""","size_p == ""0""",Yes
4272,1607885829999:e8e26b25-3130-491b-932d-c4b2c73ce85e,1607885829999:7d49b036-5a56-4794-9ea6-75f230025826,"size == ""0""","isEmpty == ""True""","peek_obj_type == ""EmptyObject""","push == ""none""","pop == ""EmptyObject""","clear == ""none""","size_p == ""0""",No
4274,1607885829999:be590959-459a-48df-8c2e-bfd6f9c5199e,1607885829999:d2b52dcf-4f75-47f4-bc30-47bd6e60eaad,"size == ""1""","isEmpty == ""False""","peek_obj_type == ""class java.lang.String""","push == ""none""","pop == ""none""","clear == ""clear""","size_p == ""0""",Yes
4275,1607885829999:be590959-459a-48df-8c2e-bfd6f9c5199e,1607885829999:d2b52dcf-4f75-47f4-bc30-47bd6e60eaad,"size == ""1""","isEmpty == ""False""","peek_obj_type == ""class java.lang.String""","push == ""class java.lang.String""","pop == ""none""","clear == ""none""","size_p == ""1""",Yes
4276,1607885829999:be590959-459a-48df-8c2e-bfd6f9c5199e,1607885829999:d2b52dcf-4f75-47f4-bc30-47bd6e60eaad,"size == ""2""","isEmpty == ""False""","peek_obj_type == ""class java.lang.String""","push == ""none""","pop == ""none""","clear == ""clear""","size_p == ""1""",Yes
4277,1607885829999:be590959-459a-48df-8c2e-bfd6f9c5199e,1607885829999:d2b52dcf-4f75-47f4-bc30-47bd6e60eaad,"size == ""3""","isEmpty == ""False""","peek_obj_type == ""class java.lang.String""","push == ""none""","pop == ""none""","clear == ""clear""","size_p == ""2""",Yes
4278,1607885829999:be590959-459a-48df-8c2e-bfd6f9c5199e,1607885829999:d2b52dcf-4f75-47f4-bc30-47bd6e60eaad,"size == ""4""","isEmpty == ""False""","peek_obj_type == ""class java.lang.String""","push == ""none""","pop == ""none""","clear == ""clear""","size_p == ""3""",Yes
4280,1607885829999:be590959-459a-48df-8c2e-bfd6f9c5199e,1607885829999:9f39783a-1433-4067-844e-1254f5710cac,"size == ""0""","isEmpty == ""True""","peek_obj_type == ""EmptyObject""","push == ""class java.lang.String""","pop == ""none""","clear == ""none""","size_p == ""0""",Yes
4281,1607885829999:be590959-459a-48df-8c2e-bfd6f9c5199e,1607885829999:9f39783a-1433-4067-844e-1254f5710cac,"size == ""0""","isEmpty == ""True""","peek_obj_type == ""EmptyObject""","push == ""none""","pop == ""EmptyObject""","clear == ""none""","size_p == ""0""",No
4283,1607885829999:3f61b75c-b6e4-4c0c-9ed2-7a325ab873f9,1607885829999:1e0f621a-b5fb-473b-9599-16b7801bfdd4,"size == ""0""","isEmpty == ""True""","peek_obj_type == ""EmptyObject""","push == ""class java.lang.String""","pop == ""none""","clear == ""none""","size_p == ""0""",Yes
4284,1607885829999:3f61b75c-b6e4-4c0c-9ed2-7a325ab873f9,1607885829999:1e0f621a-b5fb-473b-9599-16b7801bfdd4,"size == ""0""","isEmpty == ""True""","peek_obj_type == ""EmptyObject""","push == ""none""","pop == ""EmptyObject""","clear == ""none""","size_p == ""0""",No
4286,1607885829999:1eaed4d9-6afa-4a06-92b3-cb6409b48372,1607885829999:ec5d4bc8-b92b-4671-8e8f-42bb63e35d08,"size == ""0""","isEmpty == ""True""","peek_obj_type == ""EmptyObject""","push == ""class java.lang.String""","pop == ""none""","clear == ""none""","size_p == ""0""",Yes
4287,1607885829999:1eaed4d9-6afa-4a06-92b3-cb6409b48372,1607885829999:ec5d4bc8-b92b-4671-8e8f-42bb63e35d08,"size == ""0""","isEmpty == ""True""","peek_obj_type == ""EmptyObject""","push == ""none""","pop == ""EmptyObject""","clear == ""none""","size_p == ""0""",No
4289,1607885829999:12d25e74-33a8-444a-b0a6-3856b1d6f52e,1607885829999:66611dfd-b9be-4a42-9fc4-f1b136aaa8c8,"size == ""0""","isEmpty == ""True""","peek_obj_type == ""EmptyObject""","push == ""class java.lang.String""","pop == ""none""","clear == ""none""","size_p == ""0""",Yes
4290,1607885829999:12d25e74-33a8-444a-b0a6-3856b1d6f52e,1607885829999:66611dfd-b9be-4a42-9fc4-f1b136aaa8c8,"size == ""0""","isEmpty == ""True""","peek_obj_type == ""EmptyObject""","push == ""none""","pop == ""EmptyObject""","clear == ""none""","size_p == ""0""",No
4292,1607885829998:ec05859b-8c42-4fb3-b49e-d5960fdc3b92,1607885829998:ecfe845a-4146-455d-93a4-4e2977d0f134,"size == ""1""","isEmpty == ""False""","peek_obj_type == ""class java.lang.String""","push == ""none""","pop == ""none""","clear == ""clear""","size_p == ""0""",Yes
4293,1607885829998:ec05859b-8c42-4fb3-b49e-d5960fdc3b92,1607885829998:ecfe845a-4146-455d-93a4-4e2977d0f134,"size == ""1""","isEmpty == ""False""","peek_obj_type == ""class java.lang.String""","push == ""class java.lang.String""","pop == ""none""","clear == ""none""","size_p == ""1""",Yes
4294,1607885829998:ec05859b-8c42-4fb3-b49e-d5960fdc3b92,1607885829998:ecfe845a-4146-455d-93a4-4e2977d0f134,"size == ""2""","isEmpty == ""False""","peek_obj_type == ""class java.lang.String""","push == ""none""","pop == ""none""","clear == ""clear""","size_p == ""1""",Yes
4295,1607885829998:ec05859b-8c42-4fb3-b49e-d5960fdc3b92,1607885829998:ecfe845a-4146-455d-93a4-4e2977d0f134,"size == ""3""","isEmpty == ""False""","peek_obj_type == ""class java.lang.String""","push == ""none""","pop == ""none""","clear == ""clear""","size_p == ""2""",Yes
4296,1607885829998:ec05859b-8c42-4fb3-b49e-d5960fdc3b92,1607885829998:ecfe845a-4146-455d-93a4-4e2977d0f134,"size == ""4""","isEmpty == ""False""","peek_obj_type == ""class java.lang.String""","push == ""none""","pop == ""none""","clear == ""clear""","size_p == ""3""",Yes
4298,1607885829998:ec05859b-8c42-4fb3-b49e-d5960fdc3b92,1607885829998:bb4c47cb-d850-4432-a5ea-0cf9361786ec,"size == ""0""","isEmpty == ""True""","peek_obj_type == ""EmptyObject""","push == ""class java.lang.String""","pop == ""none""","clear == ""none""","size_p == ""0""",Yes
4299,1607885829998:ec05859b-8c42-4fb3-b49e-d5960fdc3b92,1607885829998:bb4c47cb-d850-4432-a5ea-0cf9361786ec,"size == ""0""","isEmpty == ""True""","peek_obj_type == ""EmptyObject""","push == ""none""","pop == ""EmptyObject""","clear == ""none""","size_p == ""0""",No
4301,1607885829998:7ed43b74-e325-4dbd-8219-328a2ad9cc57,1607885829998:a2c36a2c-d1d3-467c-9486-c1732eaddca6,"size == ""0""","isEmpty == ""True""","peek_obj_type == ""EmptyObject""","push == ""class java.lang.String""","pop == ""none""","clear == ""none""","size_p == ""0""",Yes
4302,1607885829998:7ed43b74-e325-4dbd-8219-328a2ad9cc57,1607885829998:a2c36a2c-d1d3-467c-9486-c1732eaddca6,"size == ""0""","isEmpty == ""True""","peek_obj_type == ""EmptyObject""","push == ""none""","pop == ""EmptyObject""","clear == ""none""","size_p == ""0""",No
4304,1607885829998:4ba4328b-72ea-46c2-9230-0f24dadc8f31,1607885829998:ad2eebf2-2c26-4bf7-b972-30c80c89ddd9,"size == ""0""","isEmpty == ""True""","peek_obj_type == ""EmptyObject""","push == ""class java.lang.String""","pop == ""none""","clear == ""none""","size_p == ""0""",Yes
4305,1607885829998:4ba4328b-72ea-46c2-9230-0f24dadc8f31,1607885829998:ad2eebf2-2c26-4bf7-b972-30c80c89ddd9,"size == ""0""","isEmpty == ""True""","peek_obj_type == ""EmptyObject""","push == ""none""","pop == ""EmptyObject""","clear == ""none""","size_p == ""0""",No
4307,1607885829998:08ade991-0ffe-489a-9994-66d8093b2c27,1607885829998:a841a52f-3cfa-487f-9b4c-b68987705bc6,"size == ""0""","isEmpty == ""True""","peek_obj_type == ""EmptyObject""","push == ""class java.lang.String""","pop == ""none""","clear == ""none""","size_p == ""0""",Yes
4308,1607885829998:08ade991-0ffe-489a-9994-66d8093b2c27,1607885829998:a841a52f-3cfa-487f-9b4c-b68987705bc6,"size == ""0""","isEmpty == ""True""","peek_obj_type == ""EmptyObject""","push == ""class java.lang.String""","pop == ""none""","clear == ""none""","size_p == ""0""",Yes
4310,1607885829998:08ade991-0ffe-489a-9994-66d8093b2c27,1607885829998:2a47f31d-2970-46fc-827c-6f3b68dbdde1,"size == ""0""","isEmpty == ""True""","peek_obj_type == ""EmptyObject""","push == ""class java.lang.String""","pop == ""none""","clear == ""none""","size_p == ""0""",Yes
4311,1607885829998:08ade991-0ffe-489a-9994-66d8093b2c27,1607885829998:2a47f31d-2970-46fc-827c-6f3b68dbdde1,"size == ""0""","isEmpty == ""True""","peek_obj_type == ""EmptyObject""","push == ""none""","pop == ""EmptyObject""","clear == ""none""","size_p == ""0""",No
4313,1607885829997:fda65621-9ae9-4040-b1ba-7a1282027067,1607885829997:bba437bd-6b36-4355-b63f-bb1625146ff2,"size == ""0""","isEmpty == ""True""","peek_obj_type == ""EmptyObject""","push == ""class java.lang.String""","pop == ""none""","clear == ""none""","size_p == ""0""",Yes
4314,1607885829997:fda65621-9ae9-4040-b1ba-7a1282027067,1607885829997:bba437bd-6b36-4355-b63f-bb1625146ff2,"size == ""0""","isEmpty == ""True""","peek_obj_type == ""EmptyObject""","push == ""none""","pop == ""EmptyObject""","clear == ""none""","size_p == ""0""",No
4316,1607885829997:b505fc37-c76b-4619-ae1c-aae39ddbaa76,1607885829997:00d6951a-a881-4708-a287-71475115a609,"size == ""0""","isEmpty == ""True""","peek_obj_type == ""EmptyObject""","push == ""class java.lang.String""","pop == ""none""","clear == ""none""","size_p == ""0""",Yes
4317,1607885829997:b505fc37-c76b-4619-ae1c-aae39ddbaa76,1607885829997:00d6951a-a881-4708-a287-71475115a609,"size == ""0""","isEmpty == ""True""","peek_obj_type == ""EmptyObject""","push == ""none""","pop == ""EmptyObject""","clear == ""none""","size_p == ""0""",No
4319,1607885829997:a4ec2a61-2d22-4e7c-b915-ea7545367cc1,1607885829997:b61c92d4-20e7-4608-abeb-f30de5d8a271,"size == ""0""","isEmpty == ""True""","peek_obj_type == ""EmptyObject""","push == ""class java.lang.String""","pop == ""none""","clear == ""none""","size_p == ""0""",Yes
4320,1607885829997:a4ec2a61-2d22-4e7c-b915-ea7545367cc1,1607885829997:b61c92d4-20e7-4608-abeb-f30de5d8a271,"size == ""0""","isEmpty == ""True""","peek_obj_type == ""EmptyObject""","push == ""class java.lang.String""","pop == ""none""","clear == ""none""","size_p == ""0""",Yes
4322,1607885829997:a4ec2a61-2d22-4e7c-b915-ea7545367cc1,1607885829997:747705fb-d88e-4235-ae2d-de5c8950e286,"size == ""0""","isEmpty == ""True""","peek_obj_type == ""EmptyObject""","push == ""class java.lang.String""","pop == ""none""","clear == ""none""","size_p == ""0""",Yes
4323,1607885829997:a4ec2a61-2d22-4e7c-b915-ea7545367cc1,1607885829997:747705fb-d88e-4235-ae2d-de5c8950e286,"size == ""0""","isEmpty == ""True""","peek_obj_type == ""EmptyObject""","push == ""none""","pop == ""EmptyObject""","clear == ""none""","size_p == ""0""",No
4325,1607885829997:581be469-4385-4389-9d8c-afe5b8204498,1607885829997:c7381b6b-cdd5-42de-b59e-bd1f29d3a0eb,"size == ""1""","isEmpty == ""False""","peek_obj_type == ""class java.lang.String""","push == ""none""","pop == ""none""","clear == ""clear""","size_p == ""0""",Yes
4326,1607885829997:581be469-4385-4389-9d8c-afe5b8204498,1607885829997:c7381b6b-cdd5-42de-b59e-bd1f29d3a0eb,"size == ""1""","isEmpty == ""False""","peek_obj_type == ""class java.lang.String""","push == ""class java.lang.String""","pop == ""none""","clear == ""none""","size_p == ""1""",Yes
4327,1607885829997:581be469-4385-4389-9d8c-afe5b8204498,1607885829997:c7381b6b-cdd5-42de-b59e-bd1f29d3a0eb,"size == ""2""","isEmpty == ""False""","peek_obj_type == ""class java.lang.String""","push == ""none""","pop == ""none""","clear == ""clear""","size_p == ""1""",Yes
4329,1607885829997:581be469-4385-4389-9d8c-afe5b8204498,1607885829997:7e462fde-20e5-4f01-8144-9001016c2f6d,"size == ""0""","isEmpty == ""True""","peek_obj_type == ""EmptyObject""","push == ""class java.lang.String""","pop == ""none""","clear == ""none""","size_p == ""0""",Yes
4330,1607885829997:581be469-4385-4389-9d8c-afe5b8204498,1607885829997:7e462fde-20e5-4f01-8144-9001016c2f6d,"size == ""0""","isEmpty == ""True""","peek_obj_type == ""EmptyObject""","push == ""none""","pop == ""EmptyObject""","clear == ""none""","size_p == ""0""",No
4332,1607885829997:0667758c-2d5e-457e-bf17-6027cc02de0c,1607885829997:03f6c030-a3d0-4647-8028-7ae193e0e4f8,"size == ""0""","isEmpty == ""True""","peek_obj_type == ""EmptyObject""","push == ""class java.lang.String""","pop == ""none""","clear == ""none""","size_p == ""0""",Yes
4333,1607885829997:0667758c-2d5e-457e-bf17-6027cc02de0c,1607885829997:03f6c030-a3d0-4647-8028-7ae193e0e4f8,"size == ""0""","isEmpty == ""True""","peek_obj_type == ""EmptyObject""","push == ""none""","pop == ""EmptyObject""","clear == ""none""","size_p == ""0""",No
4335,1607885829996:45fbb5c9-9746-492c-b11b-7898c1084856,1607885829996:f8f7192d-5360-4ae3-842e-be93ca2abbc9,"size == ""1""","isEmpty == ""False""","peek_obj_type == ""class java.lang.String""","push == ""none""","pop == ""none""","clear == ""clear""","size_p == ""0""",Yes
4336,1607885829996:45fbb5c9-9746-492c-b11b-7898c1084856,1607885829996:f8f7192d-5360-4ae3-842e-be93ca2abbc9,"size == ""1""","isEmpty == ""False""","peek_obj_type == ""class java.lang.String""","push == ""class java.lang.String""","pop == ""none""","clear == ""none""","size_p == ""1""",Yes
4337,1607885829996:45fbb5c9-9746-492c-b11b-7898c1084856,1607885829996:f8f7192d-5360-4ae3-842e-be93ca2abbc9,"size == ""0""","isEmpty == ""True""","peek_obj_type == ""EmptyObject""","push == ""none""","pop == ""EmptyObject""","clear == ""none""","size_p == ""1""",No
4338,1607885829996:45fbb5c9-9746-492c-b11b-7898c1084856,1607885829996:f8f7192d-5360-4ae3-842e-be93ca2abbc9,"size == ""1""","isEmpty == ""False""","peek_obj_type == ""class java.lang.String""","push == ""none""","pop == ""none""","clear == ""clear""","size_p == ""0""",Yes
4340,1607885829996:45fbb5c9-9746-492c-b11b-7898c1084856,1607885829996:2b45c36a-4ee4-4a7e-ba4b-f61dcc4754ca,"size == ""0""","isEmpty == ""True""","peek_obj_type == ""EmptyObject""","push == ""class java.lang.String""","pop == ""none""","clear == ""none""","size_p == ""0""",Yes
4341,1607885829996:45fbb5c9-9746-492c-b11b-7898c1084856,1607885829996:2b45c36a-4ee4-4a7e-ba4b-f61dcc4754ca,"size == ""0""","isEmpty == ""True""","peek_obj_type == ""EmptyObject""","push == ""none""","pop == ""EmptyObject""","clear == ""none""","size_p == ""0""",No
4343,1607885829996:20d1d46a-c5ee-465e-8a0d-a78f09bc308e,1607885829996:e3f28dfe-12d3-429a-8e85-063b5ec37b22,"size == ""0""","isEmpty == ""True""","peek_obj_type == ""EmptyObject""","push == ""class java.lang.String""","pop == ""none""","clear == ""none""","size_p == ""0""",Yes
4344,1607885829996:20d1d46a-c5ee-465e-8a0d-a78f09bc308e,1607885829996:e3f28dfe-12d3-429a-8e85-063b5ec37b22,"size == ""0""","isEmpty == ""True""","peek_obj_type == ""EmptyObject""","push == ""class java.lang.String""","pop == ""none""","clear == ""none""","size_p == ""0""",Yes
4345,1607885829996:20d1d46a-c5ee-465e-8a0d-a78f09bc308e,1607885829996:e3f28dfe-12d3-429a-8e85-063b5ec37b22,"size == ""0""","isEmpty == ""True""","peek_obj_type == ""EmptyObject""","push == ""class java.lang.String""","pop == ""none""","clear == ""none""","size_p == ""0""",Yes
4347,1607885829996:20d1d46a-c5ee-465e-8a0d-a78f09bc308e,1607885829996:cae60b4d-cf0a-409d-9c01-485bbced7ddc,"size == ""1""","isEmpty == ""False""","peek_obj_type == ""class java.lang.String""","push == ""none""","pop == ""none""","clear == ""clear""","size_p == ""0""",Yes
4348,1607885829996:20d1d46a-c5ee-465e-8a0d-a78f09bc308e,1607885829996:cae60b4d-cf0a-409d-9c01-485bbced7ddc,"size == ""1""","isEmpty == ""False""","peek_obj_type == ""class java.lang.String""","push == ""class java.lang.String""","pop == ""none""","clear == ""none""","size_p == ""1""",Yes
4349,1607885829996:20d1d46a-c5ee-465e-8a0d-a78f09bc308e,1607885829996:cae60b4d-cf0a-409d-9c01-485bbced7ddc,"size == ""0""","isEmpty == ""True""","peek_obj_type == ""EmptyObject""","push == ""none""","pop == ""EmptyObject""","clear == ""none""","size_p == ""1""",No
4350,1607885829996:20d1d46a-c5ee-465e-8a0d-a78f09bc308e,1607885829996:cae60b4d-cf0a-409d-9c01-485bbced7ddc,"size == ""1""","isEmpty == ""False""","peek_obj_type == ""class java.lang.String""","push == ""none""","pop == ""none""","clear == ""clear""","size_p == ""0""",Yes
4352,1607885829996:20d1d46a-c5ee-465e-8a0d-a78f09bc308e,1607885829996:4983e6a4-8257-46d8-bf15-e3cf2709672f,"size == ""0""","isEmpty == ""True""","peek_obj_type == ""EmptyObject""","push == ""class java.lang.String""","pop == ""none""","clear == ""none""","size_p == ""0""",Yes
4353,1607885829996:20d1d46a-c5ee-465e-8a0d-a78f09bc308e,1607885829996:4983e6a4-8257-46d8-bf15-e3cf2709672f,"size == ""0""","isEmpty == ""True""","peek_obj_type == ""EmptyObject""","push == ""none""","pop == ""EmptyObject""","clear == ""none""","size_p == ""0""",No
4355,1607885829996:171acac4-ba65-4373-9ecb-926d961f590d,1607885829996:d769c656-5b64-4553-b37d-b37c6210344b,"size == ""0""","isEmpty == ""True""","peek_obj_type == ""EmptyObject""","push == ""class java.lang.String""","pop == ""none""","clear == ""none""","size_p == ""0""",Yes
4356,1607885829996:171acac4-ba65-4373-9ecb-926d961f590d,1607885829996:d769c656-5b64-4553-b37d-b37c6210344b,"size == ""0""","isEmpty == ""True""","peek_obj_type == ""EmptyObject""","push == ""class java.lang.String""","pop == ""none""","clear == ""none""","size_p == ""0""",Yes
4358,1607885829996:171acac4-ba65-4373-9ecb-926d961f590d,1607885829996:7a14426d-0d45-44cb-b27e-266eacfb3b7d,"size == ""0""","isEmpty == ""True""","peek_obj_type == ""EmptyObject""","push == ""class java.lang.String""","pop == ""none""","clear == ""none""","size_p == ""0""",Yes
4359,1607885829996:171acac4-ba65-4373-9ecb-926d961f590d,1607885829996:7a14426d-0d45-44cb-b27e-266eacfb3b7d,"size == ""0""","isEmpty == ""True""","peek_obj_type == ""EmptyObject""","push == ""none""","pop == ""EmptyObject""","clear == ""none""","size_p == ""0""",No
4361,1607885829995:ebf5bcab-e6f4-4ea3-a5b4-e5bbebf5ed99,1607885829995:6b0f928e-764e-4d78-8a85-57432830084e,"size == ""0""","isEmpty == ""True""","peek_obj_type == ""EmptyObject""","push == ""class java.lang.String""","pop == ""none""","clear == ""none""","size_p == ""0""",Yes
4362,1607885829995:ebf5bcab-e6f4-4ea3-a5b4-e5bbebf5ed99,1607885829995:6b0f928e-764e-4d78-8a85-57432830084e,"size == ""0""","isEmpty == ""True""","peek_obj_type == ""EmptyObject""","push == ""none""","pop == ""EmptyObject""","clear == ""none""","size_p == ""0""",No
4364,1607885829995:c3a1e460-4479-42ae-8166-1add1b7d5c34,1607885829995:386682e5-f7bc-41cc-a17a-4ec05283801c,"size == ""0""","isEmpty == ""True""","peek_obj_type == ""EmptyObject""","push == ""class java.lang.String""","pop == ""none""","clear == ""none""","size_p == ""0""",Yes
4365,1607885829995:c3a1e460-4479-42ae-8166-1add1b7d5c34,1607885829995:386682e5-f7bc-41cc-a17a-4ec05283801c,"size == ""0""","isEmpty == ""True""","peek_obj_type == ""EmptyObject""","push == ""none""","pop == ""EmptyObject""","clear == ""none""","size_p == ""0""",No
4367,1607885829995:c3a1e460-4479-42ae-8166-1add1b7d5c34,1607885829995:02b90bd0-ed61-46a9-b2b8-e7306546c4c7,"size == ""0""","isEmpty == ""True""","peek_obj_type == ""EmptyObject""","push == ""class java.lang.String""","pop == ""none""","clear == ""none""","size_p == ""0""",Yes
4368,1607885829995:c3a1e460-4479-42ae-8166-1add1b7d5c34,1607885829995:02b90bd0-ed61-46a9-b2b8-e7306546c4c7,"size == ""0""","isEmpty == ""True""","peek_obj_type == ""EmptyObject""","push == ""class java.lang.String""","pop == ""none""","clear == ""none""","size_p == ""0""",Yes
4370,1607885829995:adba327b-0d98-4f0b-a4f3-b2ebb152040f,1607885829995:f34f3a3f-c35b-486a-a2da-e5570a281f42,"size == ""0""","isEmpty == ""True""","peek_obj_type == ""EmptyObject""","push == ""class java.lang.String""","pop == ""none""","clear == ""none""","size_p == ""0""",Yes
4371,1607885829995:adba327b-0d98-4f0b-a4f3-b2ebb152040f,1607885829995:f34f3a3f-c35b-486a-a2da-e5570a281f42,"size == ""0""","isEmpty == ""True""","peek_obj_type == ""EmptyObject""","push == ""none""","pop == ""EmptyObject""","clear == ""none""","size_p == ""0""",No
4373,1607885829995:adba327b-0d98-4f0b-a4f3-b2ebb152040f,1607885829995:4bcaeff2-7cfd-419c-9394-1f0022f3b153,"size == ""1""","isEmpty == ""False""","peek_obj_type == ""class java.lang.String""","push == ""none""","pop == ""none""","clear == ""clear""","size_p == ""0""",Yes
4374,1607885829995:adba327b-0d98-4f0b-a4f3-b2ebb152040f,1607885829995:4bcaeff2-7cfd-419c-9394-1f0022f3b153,"size == ""1""","isEmpty == ""False""","peek_obj_type == ""class java.lang.String""","push == ""class java.lang.String""","pop == ""none""","clear == ""none""","size_p == ""1""",Yes
4375,1607885829995:adba327b-0d98-4f0b-a4f3-b2ebb152040f,1607885829995:4bcaeff2-7cfd-419c-9394-1f0022f3b153,"size == ""2""","isEmpty == ""False""","peek_obj_type == ""class java.lang.String""","push == ""none""","pop == ""none""","clear == ""clear""","size_p == ""1""",Yes
4376,1607885829995:adba327b-0d98-4f0b-a4f3-b2ebb152040f,1607885829995:4bcaeff2-7cfd-419c-9394-1f0022f3b153,"size == ""3""","isEmpty == ""False""","peek_obj_type == ""class java.lang.String""","push == ""none""","pop == ""none""","clear == ""clear""","size_p == ""2""",Yes
4377,1607885829995:adba327b-0d98-4f0b-a4f3-b2ebb152040f,1607885829995:4bcaeff2-7cfd-419c-9394-1f0022f3b153,"size == ""4""","isEmpty == ""False""","peek_obj_type == ""class java.lang.String""","push == ""none""","pop == ""none""","clear == ""clear""","size_p == ""3""",Yes
4379,1607885829995:58492987-7a32-4a4f-b1e2-3a6a25e63b05,1607885829995:3a99bb93-7ac4-4acd-a1a6-a8522e50b82d,"size == ""0""","isEmpty == ""True""","peek_obj_type == ""EmptyObject""","push == ""class java.lang.String""","pop == ""none""","clear == ""none""","size_p == ""0""",Yes
4380,1607885829995:58492987-7a32-4a4f-b1e2-3a6a25e63b05,1607885829995:3a99bb93-7ac4-4acd-a1a6-a8522e50b82d,"size == ""0""","isEmpty == ""True""","peek_obj_type == ""EmptyObject""","push == ""none""","pop == ""EmptyObject""","clear == ""none""","size_p == ""0""",No
4382,1607885829995:39a8a1b0-5f36-4cfc-89fe-19f95538caf1,1607885829995:38c00e65-ac23-4c24-bc4b-82cac0b6be9f,"size == ""0""","isEmpty == ""True""","peek_obj_type == ""EmptyObject""","push == ""class java.lang.String""","pop == ""none""","clear == ""none""","size_p == ""0""",Yes
4383,1607885829995:39a8a1b0-5f36-4cfc-89fe-19f95538caf1,1607885829995:38c00e65-ac23-4c24-bc4b-82cac0b6be9f,"size == ""0""","isEmpty == ""True""","peek_obj_type == ""EmptyObject""","push == ""none""","pop == ""EmptyObject""","clear == ""none""","size_p == ""0""",No
4385,1607885829995:2cb0be37-874f-45fc-b13f-3aca32ebc8a4,1607885829995:387ceef0-2a0c-47e6-a537-0c056759f2f1,"size == ""0""","isEmpty == ""True""","peek_obj_type == ""EmptyObject""","push == ""class java.lang.String""","pop == ""none""","clear == ""none""","size_p == ""0""",Yes
4386,1607885829995:2cb0be37-874f-45fc-b13f-3aca32ebc8a4,1607885829995:387ceef0-2a0c-47e6-a537-0c056759f2f1,"size == ""0""","isEmpty == ""True""","peek_obj_type == ""EmptyObject""","push == ""none""","pop == ""EmptyObject""","clear == ""none""","size_p == ""0""",No
4388,1607885829995:2016ee4b-7f62-489a-8e91-a1c5a0edcaf0,1607885829995:dced2497-1736-4bc2-b0d4-7a221cbe4f27,"size == ""0""","isEmpty == ""True""","peek_obj_type == ""EmptyObject""","push == ""class java.lang.String""","pop == ""none""","clear == ""none""","size_p == ""0""",Yes
4389,1607885829995:2016ee4b-7f62-489a-8e91-a1c5a0edcaf0,1607885829995:dced2497-1736-4bc2-b0d4-7a221cbe4f27,"size == ""0""","isEmpty == ""True""","peek_obj_type == ""EmptyObject""","push == ""none""","pop == ""EmptyObject""","clear == ""none""","size_p == ""0""",No
4391,1607885829995:2016ee4b-7f62-489a-8e91-a1c5a0edcaf0,1607885829995:c97f77d6-043f-4909-8cd4-2e319f4349cb,"size == ""1""","isEmpty == ""False""","peek_obj_type == ""class java.lang.String""","push == ""none""","pop == ""none""","clear == ""clear""","size_p == ""0""",Yes
4392,1607885829995:2016ee4b-7f62-489a-8e91-a1c5a0edcaf0,1607885829995:c97f77d6-043f-4909-8cd4-2e319f4349cb,"size == ""1""","isEmpty == ""False""","peek_obj_type == ""class java.lang.String""","push == ""class java.lang.String""","pop == ""none""","clear == ""none""","size_p == ""1""",Yes
4393,1607885829995:2016ee4b-7f62-489a-8e91-a1c5a0edcaf0,1607885829995:c97f77d6-043f-4909-8cd4-2e319f4349cb,"size == ""2""","isEmpty == ""False""","peek_obj_type == ""class java.lang.String""","push == ""none""","pop == ""none""","clear == ""clear""","size_p == ""1""",Yes
4394,1607885829995:2016ee4b-7f62-489a-8e91-a1c5a0edcaf0,1607885829995:c97f77d6-043f-4909-8cd4-2e319f4349cb,"size == ""3""","isEmpty == ""False""","peek_obj_type == ""class java.lang.String""","push == ""none""","pop == ""none""","clear == ""clear""","size_p == ""2""",Yes
4395,1607885829995:2016ee4b-7f62-489a-8e91-a1c5a0edcaf0,1607885829995:c97f77d6-043f-4909-8cd4-2e319f4349cb,"size == ""4""","isEmpty == ""False""","peek_obj_type == ""class java.lang.String""","push == ""none""","pop == ""none""","clear == ""clear""","size_p == ""3""",Yes
4397,1607885829995:079ddc68-44e8-4f4d-9dcb-58f5f9e76fa0,1607885829995:17d8b4e3-e9f6-45ea-9f9c-3897ca021ca6,"size == ""1""","isEmpty == ""False""","peek_obj_type == ""class java.lang.String""","push == ""none""","pop == ""none""","clear == ""clear""","size_p == ""0""",Yes
4398,1607885829995:079ddc68-44e8-4f4d-9dcb-58f5f9e76fa0,1607885829995:17d8b4e3-e9f6-45ea-9f9c-3897ca021ca6,"size == ""1""","isEmpty == ""False""","peek_obj_type == ""class java.lang.String""","push == ""class java.lang.String""","pop == ""none""","clear == ""none""","size_p == ""1""",Yes
4399,1607885829995:079ddc68-44e8-4f4d-9dcb-58f5f9e76fa0,1607885829995:17d8b4e3-e9f6-45ea-9f9c-3897ca021ca6,"size == ""2""","isEmpty == ""False""","peek_obj_type == ""class java.lang.String""","push == ""none""","pop == ""none""","clear == ""clear""","size_p == ""1""",Yes
4401,1607885829995:079ddc68-44e8-4f4d-9dcb-58f5f9e76fa0,1607885829995:12579fad-bee6-40d5-bb2d-2feef61b2771,"size == ""0""","isEmpty == ""True""","peek_obj_type == ""EmptyObject""","push == ""class java.lang.String""","pop == ""none""","clear == ""none""","size_p == ""0""",Yes
4402,1607885829995:079ddc68-44e8-4f4d-9dcb-58f5f9e76fa0,1607885829995:12579fad-bee6-40d5-bb2d-2feef61b2771,"size == ""0""","isEmpty == ""True""","peek_obj_type == ""EmptyObject""","push == ""none""","pop == ""EmptyObject""","clear == ""none""","size_p == ""0""",No
4404,1607885829994:a4c5095b-4b02-4d81-9212-565d9565b5bf,1607885829994:035e9734-d215-4e1f-9001-f54706b00029,"size == ""0""","isEmpty == ""True""","peek_obj_type == ""EmptyObject""","push == ""class java.lang.String""","pop == ""none""","clear == ""none""","size_p == ""0""",Yes
4405,1607885829994:a4c5095b-4b02-4d81-9212-565d9565b5bf,1607885829994:035e9734-d215-4e1f-9001-f54706b00029,"size == ""0""","isEmpty == ""True""","peek_obj_type == ""EmptyObject""","push == ""none""","pop == ""EmptyObject""","clear == ""none""","size_p == ""0""",No
4407,1607885829994:673f6a34-3471-4392-93a5-6bdc08b47fa6,1607885829994:a7367df2-53c9-4b55-b7e1-a79634b340c5,"size == ""0""","isEmpty == ""True""","peek_obj_type == ""EmptyObject""","push == ""class java.lang.String""","pop == ""none""","clear == ""none""","size_p == ""0""",Yes
4408,1607885829994:673f6a34-3471-4392-93a5-6bdc08b47fa6,1607885829994:a7367df2-53c9-4b55-b7e1-a79634b340c5,"size == ""0""","isEmpty == ""True""","peek_obj_type == ""EmptyObject""","push == ""none""","pop == ""EmptyObject""","clear == ""none""","size_p == ""0""",No
4410,1607885829994:5c434865-0377-40a9-b824-89c95cbc2eeb,1607885829994:f5053c74-8cad-4ffc-83a7-65467337f902,"size == ""1""","isEmpty == ""False""","peek_obj_type == ""class java.lang.String""","push == ""none""","pop == ""none""","clear == ""clear""","size_p == ""0""",Yes
4411,1607885829994:5c434865-0377-40a9-b824-89c95cbc2eeb,1607885829994:f5053c74-8cad-4ffc-83a7-65467337f902,"size == ""1""","isEmpty == ""False""","peek_obj_type == ""class java.lang.String""","push == ""class java.lang.String""","pop == ""none""","clear == ""none""","size_p == ""1""",Yes
4412,1607885829994:5c434865-0377-40a9-b824-89c95cbc2eeb,1607885829994:f5053c74-8cad-4ffc-83a7-65467337f902,"size == ""2""","isEmpty == ""False""","peek_obj_type == ""class java.lang.String""","push == ""none""","pop == ""none""","clear == ""clear""","size_p == ""1""",Yes
4413,1607885829994:5c434865-0377-40a9-b824-89c95cbc2eeb,1607885829994:f5053c74-8cad-4ffc-83a7-65467337f902,"size == ""3""","isEmpty == ""False""","peek_obj_type == ""class java.lang.String""","push == ""none""","pop == ""none""","clear == ""clear""","size_p == ""2""",Yes
4414,1607885829994:5c434865-0377-40a9-b824-89c95cbc2eeb,1607885829994:f5053c74-8cad-4ffc-83a7-65467337f902,"size == ""4""","isEmpty == ""False""","peek_obj_type == ""class java.lang.String""","push == ""none""","pop == ""none""","clear == ""clear""","size_p == ""3""",Yes
4416,1607885829994:5c434865-0377-40a9-b824-89c95cbc2eeb,1607885829994:4d459a59-6057-4f7b-8e6d-923f990a7998,"size == ""0""","isEmpty == ""True""","peek_obj_type == ""EmptyObject""","push == ""class java.lang.String""","pop == ""none""","clear == ""none""","size_p == ""0""",Yes
4417,1607885829994:5c434865-0377-40a9-b824-89c95cbc2eeb,1607885829994:4d459a59-6057-4f7b-8e6d-923f990a7998,"size == ""0""","isEmpty == ""True""","peek_obj_type == ""EmptyObject""","push == ""none""","pop == ""EmptyObject""","clear == ""none""","size_p == ""0""",No
4419,1607885829994:28c53206-1574-46e9-8381-6bfe972292ce,1607885829995:4808ca24-6652-4539-916b-c34337ac39da,"size == ""0""","isEmpty == ""True""","peek_obj_type == ""EmptyObject""","push == ""class java.lang.String""","pop == ""none""","clear == ""none""","size_p == ""0""",Yes
4420,1607885829994:28c53206-1574-46e9-8381-6bfe972292ce,1607885829995:4808ca24-6652-4539-916b-c34337ac39da,"size == ""0""","isEmpty == ""True""","peek_obj_type == ""EmptyObject""","push == ""none""","pop == ""EmptyObject""","clear == ""none""","size_p == ""0""",No
4422,1607885829994:219f5bc4-b83e-48da-8993-639f7f8f8dea,1607885829994:2631429c-0077-46ad-ba1a-7e91f4a5412f,"size == ""0""","isEmpty == ""True""","peek_obj_type == ""EmptyObject""","push == ""class java.lang.String""","pop == ""none""","clear == ""none""","size_p == ""0""",Yes
4423,1607885829994:219f5bc4-b83e-48da-8993-639f7f8f8dea,1607885829994:2631429c-0077-46ad-ba1a-7e91f4a5412f,"size == ""0""","isEmpty == ""True""","peek_obj_type == ""EmptyObject""","push == ""none""","pop == ""EmptyObject""","clear == ""none""","size_p == ""0""",No
4425,1607885829993:df9d8ce5-711d-4b23-9bc0-6bac98c8a9e2,1607885829993:c14f11ae-12d8-4760-a29f-2ad3ad13dd0b,"size == ""0""","isEmpty == ""True""","peek_obj_type == ""EmptyObject""","push == ""class java.lang.String""","pop == ""none""","clear == ""none""","size_p == ""0""",Yes
4426,1607885829993:df9d8ce5-711d-4b23-9bc0-6bac98c8a9e2,1607885829993:c14f11ae-12d8-4760-a29f-2ad3ad13dd0b,"size == ""0""","isEmpty == ""True""","peek_obj_type == ""EmptyObject""","push == ""none""","pop == ""EmptyObject""","clear == ""none""","size_p == ""0""",No
4428,1607885829993:a9c1929a-0290-40c7-96b7-38053c2e399c,1607885829993:fcc8fb8d-a64e-4af8-8b3e-ba7678cc25b1,"size == ""0""","isEmpty == ""True""","peek_obj_type == ""EmptyObject""","push == ""class java.lang.String""","pop == ""none""","clear == ""none""","size_p == ""0""",Yes
4429,1607885829993:a9c1929a-0290-40c7-96b7-38053c2e399c,1607885829993:fcc8fb8d-a64e-4af8-8b3e-ba7678cc25b1,"size == ""0""","isEmpty == ""True""","peek_obj_type == ""EmptyObject""","push == ""none""","pop == ""EmptyObject""","clear == ""none""","size_p == ""0""",No
4431,1607885829993:8769acf6-9bcb-471d-9db6-da054ddfdc93,1607885829993:b401fdc2-e507-4ff7-9d13-1cfac9dd6cc9,"size == ""0""","isEmpty == ""True""","peek_obj_type == ""EmptyObject""","push == ""class java.lang.String""","pop == ""none""","clear == ""none""","size_p == ""0""",Yes
4432,1607885829993:8769acf6-9bcb-471d-9db6-da054ddfdc93,1607885829993:b401fdc2-e507-4ff7-9d13-1cfac9dd6cc9,"size == ""0""","isEmpty == ""True""","peek_obj_type == ""EmptyObject""","push == ""none""","pop == ""EmptyObject""","clear == ""none""","size_p == ""0""",No
4434,1607885829993:8769acf6-9bcb-471d-9db6-da054ddfdc93,1607885829993:8128c5b9-770a-4c1b-94d7-24a0e1c6b7cd,"size == ""0""","isEmpty == ""True""","peek_obj_type == ""EmptyObject""","push == ""class java.lang.String""","pop == ""none""","clear == ""none""","size_p == ""0""",Yes
4435,1607885829993:8769acf6-9bcb-471d-9db6-da054ddfdc93,1607885829993:8128c5b9-770a-4c1b-94d7-24a0e1c6b7cd,"size == ""0""","isEmpty == ""True""","peek_obj_type == ""EmptyObject""","push == ""class java.lang.String""","pop == ""none""","clear == ""none""","size_p == ""0""",Yes
4437,1607885829993:0c1d6a70-1c25-49e5-aa99-455fd4dabcbc,1607885829993:3b9ca3dd-ac59-4242-9c3d-820945d849e4,"size == ""0""","isEmpty == ""True""","peek_obj_type == ""EmptyObject""","push == ""class java.lang.String""","pop == ""none""","clear == ""none""","size_p == ""0""",Yes
4438,1607885829993:0c1d6a70-1c25-49e5-aa99-455fd4dabcbc,1607885829993:3b9ca3dd-ac59-4242-9c3d-820945d849e4,"size == ""0""","isEmpty == ""True""","peek_obj_type == ""EmptyObject""","push == ""none""","pop == ""EmptyObject""","clear == ""none""","size_p == ""0""",No
4440,1607885829993:0c1d6a70-1c25-49e5-aa99-455fd4dabcbc,1607885829993:266b36a6-ca74-4b4b-bfd0-475419a20978,"size == ""0""","isEmpty == ""True""","peek_obj_type == ""EmptyObject""","push == ""class java.lang.String""","pop == ""none""","clear == ""none""","size_p == ""0""",Yes
4441,1607885829993:0c1d6a70-1c25-49e5-aa99-455fd4dabcbc,1607885829993:266b36a6-ca74-4b4b-bfd0-475419a20978,"size == ""0""","isEmpty == ""True""","peek_obj_type == ""EmptyObject""","push == ""class java.lang.String""","pop == ""none""","clear == ""none""","size_p == ""0""",Yes
4443,1607885829992:f57883ff-beb5-47cf-9a06-fb0f67a2eb11,1607885829992:8928a987-b37e-4c46-9af5-48375907d065,"size == ""0""","isEmpty == ""True""","peek_obj_type == ""EmptyObject""","push == ""class java.lang.String""","pop == ""none""","clear == ""none""","size_p == ""0""",Yes
4444,1607885829992:f57883ff-beb5-47cf-9a06-fb0f67a2eb11,1607885829992:8928a987-b37e-4c46-9af5-48375907d065,"size == ""0""","isEmpty == ""True""","peek_obj_type == ""EmptyObject""","push == ""class java.lang.String""","pop == ""none""","clear == ""none""","size_p == ""0""",Yes
4446,1607885829992:f57883ff-beb5-47cf-9a06-fb0f67a2eb11,1607885829992:7e3db734-35ef-4d83-aaf9-bef6aff3592e,"size == ""0""","isEmpty == ""True""","peek_obj_type == ""EmptyObject""","push == ""class java.lang.String""","pop == ""none""","clear == ""none""","size_p == ""0""",Yes
4447,1607885829992:f57883ff-beb5-47cf-9a06-fb0f67a2eb11,1607885829992:7e3db734-35ef-4d83-aaf9-bef6aff3592e,"size == ""0""","isEmpty == ""True""","peek_obj_type == ""EmptyObject""","push == ""none""","pop == ""EmptyObject""","clear == ""none""","size_p == ""0""",No
4449,1607885829992:c8f1df7b-768d-4565-a20c-cd983118fd1c,1607885829992:d4e9eb4a-e686-4469-9365-c2afa2259b1c,"size == ""0""","isEmpty == ""True""","peek_obj_type == ""EmptyObject""","push == ""class java.lang.String""","pop == ""none""","clear == ""none""","size_p == ""0""",Yes
4450,1607885829992:c8f1df7b-768d-4565-a20c-cd983118fd1c,1607885829992:d4e9eb4a-e686-4469-9365-c2afa2259b1c,"size == ""0""","isEmpty == ""True""","peek_obj_type == ""EmptyObject""","push == ""none""","pop == ""EmptyObject""","clear == ""none""","size_p == ""0""",No
4453,1607885829992:c8f1df7b-768d-4565-a20c-cd983118fd1c,1607885829992:c6d39542-7915-4fb4-b6bc-4e5a01a29503,"size == ""0""","isEmpty == ""True""","peek_obj_type == ""EmptyObject""","push == ""class java.lang.String""","pop == ""none""","clear == ""none""","size_p == ""0""",Yes
4455,1607885829992:a509f4bb-2055-4231-8948-d15af9690aaa,1607885829992:766b2187-8aa3-42de-b898-559faf50db7c,"size == ""0""","isEmpty == ""True""","peek_obj_type == ""EmptyObject""","push == ""class java.lang.String""","pop == ""none""","clear == ""none""","size_p == ""0""",Yes
4456,1607885829992:a509f4bb-2055-4231-8948-d15af9690aaa,1607885829992:766b2187-8aa3-42de-b898-559faf50db7c,"size == ""0""","isEmpty == ""True""","peek_obj_type == ""EmptyObject""","push == ""none""","pop == ""EmptyObject""","clear == ""none""","size_p == ""0""",No
4458,1607885829992:a509f4bb-2055-4231-8948-d15af9690aaa,1607885829992:049e796d-fe6c-4d62-9352-d067bf48fef4,"size == ""0""","isEmpty == ""True""","peek_obj_type == ""EmptyObject""","push == ""class java.lang.String""","pop == ""none""","clear == ""none""","size_p == ""0""",Yes
4459,1607885829992:a509f4bb-2055-4231-8948-d15af9690aaa,1607885829992:049e796d-fe6c-4d62-9352-d067bf48fef4,"size == ""0""","isEmpty == ""True""","peek_obj_type == ""EmptyObject""","push == ""class java.lang.String""","pop == ""none""","clear == ""none""","size_p == ""0""",Yes
4461,1607885829992:578f65e5-8e5d-440f-9d41-80b26d3c79b4,1607885829992:eb09011b-9a4f-46c4-b6ec-da955066bcb3,"size == ""0""","isEmpty == ""True""","peek_obj_type == ""EmptyObject""","push == ""class java.lang.String""","pop == ""none""","clear == ""none""","size_p == ""0""",Yes
4462,1607885829992:578f65e5-8e5d-440f-9d41-80b26d3c79b4,1607885829992:eb09011b-9a4f-46c4-b6ec-da955066bcb3,"size == ""0""","isEmpty == ""True""","peek_obj_type == ""EmptyObject""","push == ""none""","pop == ""EmptyObject""","clear == ""none""","size_p == ""0""",No
4464,1607885829992:578f65e5-8e5d-440f-9d41-80b26d3c79b4,1607885829992:be593a67-8f27-45b0-aafc-0073d9d69d41,"size == ""1""","isEmpty == ""False""","peek_obj_type == ""class java.lang.String""","push == ""none""","pop == ""none""","clear == ""clear""","size_p == ""0""",Yes
4465,1607885829992:578f65e5-8e5d-440f-9d41-80b26d3c79b4,1607885829992:be593a67-8f27-45b0-aafc-0073d9d69d41,"size == ""1""","isEmpty == ""False""","peek_obj_type == ""class java.lang.String""","push == ""class java.lang.String""","pop == ""none""","clear == ""none""","size_p == ""1""",Yes
4466,1607885829992:578f65e5-8e5d-440f-9d41-80b26d3c79b4,1607885829992:be593a67-8f27-45b0-aafc-0073d9d69d41,"size == ""2""","isEmpty == ""False""","peek_obj_type == ""class java.lang.String""","push == ""none""","pop == ""none""","clear == ""clear""","size_p == ""1""",Yes
4468,1607885829992:27269405-3972-4b8f-82a7-d6abd31cec6a,1607885829993:20c51b3c-2ac0-479d-b2a5-913bbb0f1013,"size == ""0""","isEmpty == ""True""","peek_obj_type == ""EmptyObject""","push == ""class java.lang.String""","pop == ""none""","clear == ""none""","size_p == ""0""",Yes
4469,1607885829992:27269405-3972-4b8f-82a7-d6abd31cec6a,1607885829993:20c51b3c-2ac0-479d-b2a5-913bbb0f1013,"size == ""0""","isEmpty == ""True""","peek_obj_type == ""EmptyObject""","push == ""none""","pop == ""EmptyObject""","clear == ""none""","size_p == ""0""",No
4471,1607885829992:27269405-3972-4b8f-82a7-d6abd31cec6a,1607885829992:6d8c83ac-cc12-49bc-a0a7-3a72a8211978,"size == ""1""","isEmpty == ""False""","peek_obj_type == ""class java.lang.String""","push == ""none""","pop == ""none""","clear == ""clear""","size_p == ""0""",Yes
4472,1607885829992:27269405-3972-4b8f-82a7-d6abd31cec6a,1607885829992:6d8c83ac-cc12-49bc-a0a7-3a72a8211978,"size == ""1""","isEmpty == ""False""","peek_obj_type == ""class java.lang.String""","push == ""class java.lang.String""","pop == ""none""","clear == ""none""","size_p == ""1""",Yes
4473,1607885829992:27269405-3972-4b8f-82a7-d6abd31cec6a,1607885829992:6d8c83ac-cc12-49bc-a0a7-3a72a8211978,"size == ""2""","isEmpty == ""False""","peek_obj_type == ""class java.lang.String""","push == ""none""","pop == ""none""","clear == ""clear""","size_p == ""1""",Yes
4474,1607885829992:27269405-3972-4b8f-82a7-d6abd31cec6a,1607885829992:6d8c83ac-cc12-49bc-a0a7-3a72a8211978,"size == ""3""","isEmpty == ""False""","peek_obj_type == ""class java.lang.String""","push == ""none""","pop == ""none""","clear == ""clear""","size_p == ""2""",Yes
4475,1607885829992:27269405-3972-4b8f-82a7-d6abd31cec6a,1607885829992:6d8c83ac-cc12-49bc-a0a7-3a72a8211978,"size == ""4""","isEmpty == ""False""","peek_obj_type == ""class java.lang.String""","push == ""none""","pop == ""none""","clear == ""clear""","size_p == ""3""",Yes
4477,1607885829991:e4667af7-0912-4d8d-b400-a5e58d823a14,1607885829991:f2047957-c649-4802-8665-4c0c07cd0704,"size == ""0""","isEmpty == ""True""","peek_obj_type == ""EmptyObject""","push == ""class java.lang.String""","pop == ""none""","clear == ""none""","size_p == ""0""",Yes
4478,1607885829991:e4667af7-0912-4d8d-b400-a5e58d823a14,1607885829991:f2047957-c649-4802-8665-4c0c07cd0704,"size == ""0""","isEmpty == ""True""","peek_obj_type == ""EmptyObject""","push == ""none""","pop == ""EmptyObject""","clear == ""none""","size_p == ""0""",No
4480,1607885829991:c4665d34-9a34-4f40-a747-dd5313301b00,1607885829991:a8e9feda-6764-4c2b-986b-667ffb595e72,"size == ""0""","isEmpty == ""True""","peek_obj_type == ""EmptyObject""","push == ""class java.lang.String""","pop == ""none""","clear == ""none""","size_p == ""0""",Yes
4481,1607885829991:c4665d34-9a34-4f40-a747-dd5313301b00,1607885829991:a8e9feda-6764-4c2b-986b-667ffb595e72,"size == ""0""","isEmpty == ""True""","peek_obj_type == ""EmptyObject""","push == ""none""","pop == ""EmptyObject""","clear == ""none""","size_p == ""0""",No
4483,1607885829991:c4665d34-9a34-4f40-a747-dd5313301b00,1607885829991:9621f688-fc0f-483d-b039-db2f2ad46348,"size == ""0""","isEmpty == ""True""","peek_obj_type == ""EmptyObject""","push == ""class java.lang.String""","pop == ""none""","clear == ""none""","size_p == ""0""",Yes
4484,1607885829991:c4665d34-9a34-4f40-a747-dd5313301b00,1607885829991:9621f688-fc0f-483d-b039-db2f2ad46348,"size == ""0""","isEmpty == ""True""","peek_obj_type == ""EmptyObject""","push == ""class java.lang.String""","pop == ""none""","clear == ""none""","size_p == ""0""",Yes
4486,1607885829991:b54060ec-6218-4601-a6e1-5449a85893df,1607885829991:b1ac3ef6-40cb-49d9-aa53-16d26fd8df37,"size == ""0""","isEmpty == ""True""","peek_obj_type == ""EmptyObject""","push == ""class java.lang.String""","pop == ""none""","clear == ""none""","size_p == ""0""",Yes
4487,1607885829991:b54060ec-6218-4601-a6e1-5449a85893df,1607885829991:b1ac3ef6-40cb-49d9-aa53-16d26fd8df37,"size == ""0""","isEmpty == ""True""","peek_obj_type == ""EmptyObject""","push == ""none""","pop == ""EmptyObject""","clear == ""none""","size_p == ""0""",No
4489,1607885829991:b54060ec-6218-4601-a6e1-5449a85893df,1607885829991:85f8f087-d8c3-49db-9ec3-a40924bcd10f,"size == ""0""","isEmpty == ""True""","peek_obj_type == ""EmptyObject""","push == ""class java.lang.String""","pop == ""none""","clear == ""none""","size_p == ""0""",Yes
4490,1607885829991:b54060ec-6218-4601-a6e1-5449a85893df,1607885829991:85f8f087-d8c3-49db-9ec3-a40924bcd10f,"size == ""0""","isEmpty == ""True""","peek_obj_type == ""EmptyObject""","push == ""class java.lang.String""","pop == ""none""","clear == ""none""","size_p == ""0""",Yes
4492,1607885829991:261452b0-dc93-4833-a0c9-23967d7efb1a,1607885829991:5de9043b-c394-4a58-a15a-57d5a53ddd93,"size == ""0""","isEmpty == ""True""","peek_obj_type == ""EmptyObject""","push == ""class java.lang.String""","pop == ""none""","clear == ""none""","size_p == ""0""",Yes
4493,1607885829991:261452b0-dc93-4833-a0c9-23967d7efb1a,1607885829991:5de9043b-c394-4a58-a15a-57d5a53ddd93,"size == ""0""","isEmpty == ""True""","peek_obj_type == ""EmptyObject""","push == ""none""","pop == ""EmptyObject""","clear == ""none""","size_p == ""0""",No
4495,1607885829990:d7148d8b-cce1-4c58-a1b8-a8fa03c1c545,1607885829990:813f86cf-121c-4324-9252-e087dad394b5,"size == ""0""","isEmpty == ""True""","peek_obj_type == ""EmptyObject""","push == ""class java.lang.String""","pop == ""none""","clear == ""none""","size_p == ""0""",Yes
4496,1607885829990:d7148d8b-cce1-4c58-a1b8-a8fa03c1c545,1607885829990:813f86cf-121c-4324-9252-e087dad394b5,"size == ""0""","isEmpty == ""True""","peek_obj_type == ""EmptyObject""","push == ""none""","pop == ""EmptyObject""","clear == ""none""","size_p == ""0""",No
4498,1607885829990:b7592075-798c-4e60-a391-bc109c8dd32c,1607885829990:b27e2a80-f1f8-400d-8045-fb17cd3b3dc7,"size == ""0""","isEmpty == ""True""","peek_obj_type == ""EmptyObject""","push == ""class java.lang.String""","pop == ""none""","clear == ""none""","size_p == ""0""",Yes
4499,1607885829990:b7592075-798c-4e60-a391-bc109c8dd32c,1607885829990:b27e2a80-f1f8-400d-8045-fb17cd3b3dc7,"size == ""0""","isEmpty == ""True""","peek_obj_type == ""EmptyObject""","push == ""none""","pop == ""EmptyObject""","clear == ""none""","size_p == ""0""",No
4501,1607885829990:b7592075-798c-4e60-a391-bc109c8dd32c,1607885829990:a64864d2-e80d-494b-9e4d-2ed242839cac,"size == ""1""","isEmpty == ""False""","peek_obj_type == ""class java.lang.String""","push == ""none""","pop == ""none""","clear == ""clear""","size_p == ""0""",Yes
4502,1607885829990:b7592075-798c-4e60-a391-bc109c8dd32c,1607885829990:a64864d2-e80d-494b-9e4d-2ed242839cac,"size == ""1""","isEmpty == ""False""","peek_obj_type == ""class java.lang.String""","push == ""class java.lang.String""","pop == ""none""","clear == ""none""","size_p == ""1""",Yes
4503,1607885829990:b7592075-798c-4e60-a391-bc109c8dd32c,1607885829990:a64864d2-e80d-494b-9e4d-2ed242839cac,"size == ""0""","isEmpty == ""True""","peek_obj_type == ""EmptyObject""","push == ""none""","pop == ""EmptyObject""","clear == ""none""","size_p == ""1""",No
4504,1607885829990:b7592075-798c-4e60-a391-bc109c8dd32c,1607885829990:a64864d2-e80d-494b-9e4d-2ed242839cac,"size == ""1""","isEmpty == ""False""","peek_obj_type == ""class java.lang.String""","push == ""none""","pop == ""none""","clear == ""clear""","size_p == ""0""",Yes
4506,1607885829990:b7592075-798c-4e60-a391-bc109c8dd32c,1607885829990:45a6f2d2-805b-4678-b11d-3b1da12b7447,"size == ""1""","isEmpty == ""False""","peek_obj_type == ""class java.lang.String""","push == ""none""","pop == ""none""","clear == ""clear""","size_p == ""0""",Yes
4507,1607885829990:b7592075-798c-4e60-a391-bc109c8dd32c,1607885829990:45a6f2d2-805b-4678-b11d-3b1da12b7447,"size == ""1""","isEmpty == ""False""","peek_obj_type == ""class java.lang.String""","push == ""class java.lang.String""","pop == ""none""","clear == ""none""","size_p == ""1""",Yes
4508,1607885829990:b7592075-798c-4e60-a391-bc109c8dd32c,1607885829990:45a6f2d2-805b-4678-b11d-3b1da12b7447,"size == ""2""","isEmpty == ""False""","peek_obj_type == ""class java.lang.String""","push == ""none""","pop == ""none""","clear == ""clear""","size_p == ""1""",Yes
4510,1607885829989:e0541401-e6b6-47fa-89e0-cb5bea2fc5e6,1607885829989:9fd508f0-9af3-41ae-94a3-f1c4d2f25846,"size == ""0""","isEmpty == ""True""","peek_obj_type == ""EmptyObject""","push == ""class java.lang.String""","pop == ""none""","clear == ""none""","size_p == ""0""",Yes
4511,1607885829989:e0541401-e6b6-47fa-89e0-cb5bea2fc5e6,1607885829989:9fd508f0-9af3-41ae-94a3-f1c4d2f25846,"size == ""0""","isEmpty == ""True""","peek_obj_type == ""EmptyObject""","push == ""none""","pop == ""EmptyObject""","clear == ""none""","size_p == ""0""",No
4513,1607885829989:e0541401-e6b6-47fa-89e0-cb5bea2fc5e6,1607885829989:38056135-7218-41c9-a17d-8eb976d94c02,"size == ""1""","isEmpty == ""False""","peek_obj_type == ""class java.lang.String""","push == ""none""","pop == ""none""","clear == ""clear""","size_p == ""0""",Yes
4514,1607885829989:e0541401-e6b6-47fa-89e0-cb5bea2fc5e6,1607885829989:38056135-7218-41c9-a17d-8eb976d94c02,"size == ""1""","isEmpty == ""False""","peek_obj_type == ""class java.lang.String""","push == ""class java.lang.String""","pop == ""none""","clear == ""none""","size_p == ""1""",Yes
4515,1607885829989:e0541401-e6b6-47fa-89e0-cb5bea2fc5e6,1607885829989:38056135-7218-41c9-a17d-8eb976d94c02,"size == ""2""","isEmpty == ""False""","peek_obj_type == ""class java.lang.String""","push == ""none""","pop == ""none""","clear == ""clear""","size_p == ""1""",Yes
4516,1607885829989:e0541401-e6b6-47fa-89e0-cb5bea2fc5e6,1607885829989:38056135-7218-41c9-a17d-8eb976d94c02,"size == ""3""","isEmpty == ""False""","peek_obj_type == ""class java.lang.String""","push == ""none""","pop == ""none""","clear == ""clear""","size_p == ""2""",Yes
4517,1607885829989:e0541401-e6b6-47fa-89e0-cb5bea2fc5e6,1607885829989:38056135-7218-41c9-a17d-8eb976d94c02,"size == ""4""","isEmpty == ""False""","peek_obj_type == ""class java.lang.String""","push == ""none""","pop == ""none""","clear == ""clear""","size_p == ""3""",Yes
4519,1607885829989:de367ec4-cb1f-4e9d-8c6f-d7e4869d7ef5,1607885829989:b76a8013-7f2d-496c-97f1-090af6981780,"size == ""1""","isEmpty == ""False""","peek_obj_type == ""class java.lang.String""","push == ""none""","pop == ""none""","clear == ""clear""","size_p == ""0""",Yes
4520,1607885829989:de367ec4-cb1f-4e9d-8c6f-d7e4869d7ef5,1607885829989:b76a8013-7f2d-496c-97f1-090af6981780,"size == ""1""","isEmpty == ""False""","peek_obj_type == ""class java.lang.String""","push == ""class java.lang.String""","pop == ""none""","clear == ""none""","size_p == ""1""",Yes
4521,1607885829989:de367ec4-cb1f-4e9d-8c6f-d7e4869d7ef5,1607885829989:b76a8013-7f2d-496c-97f1-090af6981780,"size == ""2""","isEmpty == ""False""","peek_obj_type == ""class java.lang.String""","push == ""none""","pop == ""none""","clear == ""clear""","size_p == ""1""",Yes
4523,1607885829989:de367ec4-cb1f-4e9d-8c6f-d7e4869d7ef5,1607885829989:92cb598e-956b-4259-9803-161aec8d10dc,"size == ""1""","isEmpty == ""False""","peek_obj_type == ""class java.lang.String""","push == ""none""","pop == ""none""","clear == ""clear""","size_p == ""0""",Yes
4524,1607885829989:de367ec4-cb1f-4e9d-8c6f-d7e4869d7ef5,1607885829989:92cb598e-956b-4259-9803-161aec8d10dc,"size == ""1""","isEmpty == ""False""","peek_obj_type == ""class java.lang.String""","push == ""class java.lang.String""","pop == ""none""","clear == ""none""","size_p == ""1""",Yes
4525,1607885829989:de367ec4-cb1f-4e9d-8c6f-d7e4869d7ef5,1607885829989:92cb598e-956b-4259-9803-161aec8d10dc,"size == ""2""","isEmpty == ""False""","peek_obj_type == ""class java.lang.String""","push == ""none""","pop == ""none""","clear == ""clear""","size_p == ""1""",Yes
4526,1607885829989:de367ec4-cb1f-4e9d-8c6f-d7e4869d7ef5,1607885829989:92cb598e-956b-4259-9803-161aec8d10dc,"size == ""3""","isEmpty == ""False""","peek_obj_type == ""class java.lang.String""","push == ""none""","pop == ""none""","clear == ""clear""","size_p == ""2""",Yes
4527,1607885829989:de367ec4-cb1f-4e9d-8c6f-d7e4869d7ef5,1607885829989:92cb598e-956b-4259-9803-161aec8d10dc,"size == ""4""","isEmpty == ""False""","peek_obj_type == ""class java.lang.String""","push == ""none""","pop == ""none""","clear == ""clear""","size_p == ""3""",Yes
4529,1607885829989:de367ec4-cb1f-4e9d-8c6f-d7e4869d7ef5,1607885829989:5c17f7d1-0f56-473e-9f66-651cdc629384,"size == ""0""","isEmpty == ""True""","peek_obj_type == ""EmptyObject""","push == ""class java.lang.String""","pop == ""none""","clear == ""none""","size_p == ""0""",Yes
4530,1607885829989:de367ec4-cb1f-4e9d-8c6f-d7e4869d7ef5,1607885829989:5c17f7d1-0f56-473e-9f66-651cdc629384,"size == ""0""","isEmpty == ""True""","peek_obj_type == ""EmptyObject""","push == ""none""","pop == ""EmptyObject""","clear == ""none""","size_p == ""0""",No
4532,1607885829989:d34cd722-afd6-4717-a945-72fd033d18f1,1607885829989:1eeef3ef-aed8-49cf-a49f-2a241fa4964c,"size == ""0""","isEmpty == ""True""","peek_obj_type == ""EmptyObject""","push == ""class java.lang.String""","pop == ""none""","clear == ""none""","size_p == ""0""",Yes
4533,1607885829989:d34cd722-afd6-4717-a945-72fd033d18f1,1607885829989:1eeef3ef-aed8-49cf-a49f-2a241fa4964c,"size == ""0""","isEmpty == ""True""","peek_obj_type == ""EmptyObject""","push == ""none""","pop == ""EmptyObject""","clear == ""none""","size_p == ""0""",No
4535,1607885829989:7b5b4e69-53d9-4bf6-8f93-b200a8b95e13,1607885829990:e812f898-5a57-44f9-baad-40dc223e7c8d,"size == ""0""","isEmpty == ""True""","peek_obj_type == ""EmptyObject""","push == ""class java.lang.String""","pop == ""none""","clear == ""none""","size_p == ""0""",Yes
4536,1607885829989:7b5b4e69-53d9-4bf6-8f93-b200a8b95e13,1607885829990:e812f898-5a57-44f9-baad-40dc223e7c8d,"size == ""0""","isEmpty == ""True""","peek_obj_type == ""EmptyObject""","push == ""none""","pop == ""EmptyObject""","clear == ""none""","size_p == ""0""",No
4538,1607885829989:407654fa-ff8e-4312-bf51-1d3b3d7b274a,1607885829989:aa740f3d-8fe5-40a5-b0a1-008b3569042f,"size == ""0""","isEmpty == ""True""","peek_obj_type == ""EmptyObject""","push == ""class java.lang.String""","pop == ""none""","clear == ""none""","size_p == ""0""",Yes
4539,1607885829989:407654fa-ff8e-4312-bf51-1d3b3d7b274a,1607885829989:aa740f3d-8fe5-40a5-b0a1-008b3569042f,"size == ""0""","isEmpty == ""True""","peek_obj_type == ""EmptyObject""","push == ""none""","pop == ""EmptyObject""","clear == ""none""","size_p == ""0""",No
4541,1607885829988:90087808-37c8-4123-8ccc-d2e464fa2419,1607885829988:0619b282-ac2a-495e-94a4-2078a9e77b95,"size == ""0""","isEmpty == ""True""","peek_obj_type == ""EmptyObject""","push == ""class java.lang.String""","pop == ""none""","clear == ""none""","size_p == ""0""",Yes
4542,1607885829988:90087808-37c8-4123-8ccc-d2e464fa2419,1607885829988:0619b282-ac2a-495e-94a4-2078a9e77b95,"size == ""0""","isEmpty == ""True""","peek_obj_type == ""EmptyObject""","push == ""none""","pop == ""EmptyObject""","clear == ""none""","size_p == ""0""",No
4544,1607885829988:8d9eed99-78a1-488f-a603-b43a16a18da4,1607885829988:886de111-ac2c-42cc-91e1-3d37b1f3807f,"size == ""0""","isEmpty == ""True""","peek_obj_type == ""EmptyObject""","push == ""class java.lang.String""","pop == ""none""","clear == ""none""","size_p == ""0""",Yes
4546,1607885829988:8d9eed99-78a1-488f-a603-b43a16a18da4,1607885829988:01ff1d01-0a5d-4393-9ef0-c1a29f225535,"size == ""0""","isEmpty == ""True""","peek_obj_type == ""EmptyObject""","push == ""class java.lang.String""","pop == ""none""","clear == ""none""","size_p == ""0""",Yes
4547,1607885829988:8d9eed99-78a1-488f-a603-b43a16a18da4,1607885829988:01ff1d01-0a5d-4393-9ef0-c1a29f225535,"size == ""0""","isEmpty == ""True""","peek_obj_type == ""EmptyObject""","push == ""none""","pop == ""EmptyObject""","clear == ""none""","size_p == ""0""",No
4549,1607885829988:851f6a65-ea54-4ac1-a4cb-a30ece82bdf2,1607885829988:6bd052ab-2686-4b34-b83e-92799fead3e3,"size == ""0""","isEmpty == ""True""","peek_obj_type == ""EmptyObject""","push == ""class java.lang.String""","pop == ""none""","clear == ""none""","size_p == ""0""",Yes
4550,1607885829988:851f6a65-ea54-4ac1-a4cb-a30ece82bdf2,1607885829988:6bd052ab-2686-4b34-b83e-92799fead3e3,"size == ""0""","isEmpty == ""True""","peek_obj_type == ""EmptyObject""","push == ""none""","pop == ""EmptyObject""","clear == ""none""","size_p == ""0""",No
4552,1607885829988:851f6a65-ea54-4ac1-a4cb-a30ece82bdf2,1607885829988:51334bd0-3b9b-465a-9f40-88b520881092,"size == ""1""","isEmpty == ""False""","peek_obj_type == ""class java.lang.String""","push == ""none""","pop == ""none""","clear == ""clear""","size_p == ""0""",Yes
4553,1607885829988:851f6a65-ea54-4ac1-a4cb-a30ece82bdf2,1607885829988:51334bd0-3b9b-465a-9f40-88b520881092,"size == ""1""","isEmpty == ""False""","peek_obj_type == ""class java.lang.String""","push == ""class java.lang.String""","pop == ""none""","clear == ""none""","size_p == ""1""",Yes
4554,1607885829988:851f6a65-ea54-4ac1-a4cb-a30ece82bdf2,1607885829988:51334bd0-3b9b-465a-9f40-88b520881092,"size == ""2""","isEmpty == ""False""","peek_obj_type == ""class java.lang.String""","push == ""none""","pop == ""none""","clear == ""clear""","size_p == ""1""",Yes
4555,1607885829988:851f6a65-ea54-4ac1-a4cb-a30ece82bdf2,1607885829988:51334bd0-3b9b-465a-9f40-88b520881092,"size == ""3""","isEmpty == ""False""","peek_obj_type == ""class java.lang.String""","push == ""none""","pop == ""none""","clear == ""clear""","size_p == ""2""",Yes
4556,1607885829988:851f6a65-ea54-4ac1-a4cb-a30ece82bdf2,1607885829988:51334bd0-3b9b-465a-9f40-88b520881092,"size == ""4""","isEmpty == ""False""","peek_obj_type == ""class java.lang.String""","push == ""none""","pop == ""none""","clear == ""clear""","size_p == ""3""",Yes
4558,1607885829988:562d3ad0-cc87-42ee-8c07-dba12af71f77,1607885829988:c72c51ef-3ee6-42cc-a6ff-ddc3163ff7ca,"size == ""0""","isEmpty == ""True""","peek_obj_type == ""EmptyObject""","push == ""class java.lang.String""","pop == ""none""","clear == ""none""","size_p == ""0""",Yes
4559,1607885829988:562d3ad0-cc87-42ee-8c07-dba12af71f77,1607885829988:c72c51ef-3ee6-42cc-a6ff-ddc3163ff7ca,"size == ""0""","isEmpty == ""True""","peek_obj_type == ""EmptyObject""","push == ""none""","pop == ""EmptyObject""","clear == ""none""","size_p == ""0""",No
4561,1607885829987:f92f31b9-e557-44a0-97ee-33a286a25e28,1607885829987:7a186fb5-27c5-48a9-8ac5-152f13ab2ab8,"size == ""0""","isEmpty == ""True""","peek_obj_type == ""EmptyObject""","push == ""class java.lang.String""","pop == ""none""","clear == ""none""","size_p == ""0""",Yes
4564,1607885829987:f92f31b9-e557-44a0-97ee-33a286a25e28,1607885829987:6a8e165d-ae33-4aa6-8700-bf8c56fc86a7,"size == ""0""","isEmpty == ""True""","peek_obj_type == ""EmptyObject""","push == ""class java.lang.String""","pop == ""none""","clear == ""none""","size_p == ""0""",Yes
4565,1607885829987:f92f31b9-e557-44a0-97ee-33a286a25e28,1607885829987:6a8e165d-ae33-4aa6-8700-bf8c56fc86a7,"size == ""0""","isEmpty == ""True""","peek_obj_type == ""EmptyObject""","push == ""none""","pop == ""EmptyObject""","clear == ""none""","size_p == ""0""",No
4567,1607885829987:8acc7b64-3988-4ae9-b6fc-5120876ca4ae,1607885829987:1ad7a3be-b62f-4cc8-ba0f-f16f053d623a,"size == ""0""","isEmpty == ""True""","peek_obj_type == ""EmptyObject""","push == ""class java.lang.String""","pop == ""none""","clear == ""none""","size_p == ""0""",Yes
4568,1607885829987:8acc7b64-3988-4ae9-b6fc-5120876ca4ae,1607885829987:1ad7a3be-b62f-4cc8-ba0f-f16f053d623a,"size == ""0""","isEmpty == ""True""","peek_obj_type == ""EmptyObject""","push == ""none""","pop == ""EmptyObject""","clear == ""none""","size_p == ""0""",No
4570,1607885829987:1332bb5a-67d2-45e0-8a89-36cea9b7072c,1607885829987:c697e0ce-61bd-406d-bd5e-b72398b44bcc,"size == ""1""","isEmpty == ""False""","peek_obj_type == ""class java.lang.String""","push == ""none""","pop == ""none""","clear == ""clear""","size_p == ""0""",Yes
4571,1607885829987:1332bb5a-67d2-45e0-8a89-36cea9b7072c,1607885829987:c697e0ce-61bd-406d-bd5e-b72398b44bcc,"size == ""1""","isEmpty == ""False""","peek_obj_type == ""class java.lang.String""","push == ""class java.lang.String""","pop == ""none""","clear == ""none""","size_p == ""1""",Yes
4572,1607885829987:1332bb5a-67d2-45e0-8a89-36cea9b7072c,1607885829987:c697e0ce-61bd-406d-bd5e-b72398b44bcc,"size == ""2""","isEmpty == ""False""","peek_obj_type == ""class java.lang.String""","push == ""none""","pop == ""none""","clear == ""clear""","size_p == ""1""",Yes
4573,1607885829987:1332bb5a-67d2-45e0-8a89-36cea9b7072c,1607885829987:c697e0ce-61bd-406d-bd5e-b72398b44bcc,"size == ""3""","isEmpty == ""False""","peek_obj_type == ""class java.lang.String""","push == ""none""","pop == ""none""","clear == ""clear""","size_p == ""2""",Yes
4574,1607885829987:1332bb5a-67d2-45e0-8a89-36cea9b7072c,1607885829987:c697e0ce-61bd-406d-bd5e-b72398b44bcc,"size == ""4""","isEmpty == ""False""","peek_obj_type == ""class java.lang.String""","push == ""none""","pop == ""none""","clear == ""clear""","size_p == ""3""",Yes
4576,1607885829987:1332bb5a-67d2-45e0-8a89-36cea9b7072c,1607885829987:b9f59690-3807-4254-ba1d-0a970aa860b6,"size == ""0""","isEmpty == ""True""","peek_obj_type == ""EmptyObject""","push == ""class java.lang.String""","pop == ""none""","clear == ""none""","size_p == ""0""",Yes
4577,1607885829987:1332bb5a-67d2-45e0-8a89-36cea9b7072c,1607885829987:b9f59690-3807-4254-ba1d-0a970aa860b6,"size == ""0""","isEmpty == ""True""","peek_obj_type == ""EmptyObject""","push == ""none""","pop == ""EmptyObject""","clear == ""none""","size_p == ""0""",No
4579,1607885829987:0d5449c7-d5ea-4537-aaa4-c9f28203003f,1607885829987:beeb040b-bf87-454b-9ebc-52c75ccf95bf,"size == ""0""","isEmpty == ""True""","peek_obj_type == ""EmptyObject""","push == ""class java.lang.String""","pop == ""none""","clear == ""none""","size_p == ""0""",Yes
4580,1607885829987:0d5449c7-d5ea-4537-aaa4-c9f28203003f,1607885829987:beeb040b-bf87-454b-9ebc-52c75ccf95bf,"size == ""1""","isEmpty == ""False""","peek_obj_type == ""class java.lang.String""","push == ""none""","pop == ""none""","clear == ""clear""","size_p == ""0""",Yes
4581,1607885829987:0d5449c7-d5ea-4537-aaa4-c9f28203003f,1607885829987:beeb040b-bf87-454b-9ebc-52c75ccf95bf,"size == ""2""","isEmpty == ""False""","peek_obj_type == ""class java.lang.String""","push == ""none""","pop == ""none""","clear == ""clear""","size_p == ""1""",Yes
4582,1607885829987:0d5449c7-d5ea-4537-aaa4-c9f28203003f,1607885829987:beeb040b-bf87-454b-9ebc-52c75ccf95bf,"size == ""3""","isEmpty == ""False""","peek_obj_type == ""class java.lang.String""","push == ""none""","pop == ""none""","clear == ""clear""","size_p == ""2""",Yes
4584,1607885829987:07240fde-6dbd-415d-9166-e79134049e08,1607885829987:27707df6-128a-4ff2-88b7-c9a857d34881,"size == ""0""","isEmpty == ""True""","peek_obj_type == ""EmptyObject""","push == ""class java.lang.String""","pop == ""none""","clear == ""none""","size_p == ""0""",Yes
4585,1607885829987:07240fde-6dbd-415d-9166-e79134049e08,1607885829987:27707df6-128a-4ff2-88b7-c9a857d34881,"size == ""0""","isEmpty == ""True""","peek_obj_type == ""EmptyObject""","push == ""none""","pop == ""EmptyObject""","clear == ""none""","size_p == ""0""",No
4587,1607885829987:07240fde-6dbd-415d-9166-e79134049e08,1607885829987:033e7cc5-03fb-4b0a-84aa-c074947d7f3d,"size == ""1""","isEmpty == ""False""","peek_obj_type == ""class java.lang.String""","push == ""none""","pop == ""none""","clear == ""clear""","size_p == ""0""",Yes
4588,1607885829987:07240fde-6dbd-415d-9166-e79134049e08,1607885829987:033e7cc5-03fb-4b0a-84aa-c074947d7f3d,"size == ""1""","isEmpty == ""False""","peek_obj_type == ""class java.lang.String""","push == ""class java.lang.String""","pop == ""none""","clear == ""none""","size_p == ""1""",Yes
4589,1607885829987:07240fde-6dbd-415d-9166-e79134049e08,1607885829987:033e7cc5-03fb-4b0a-84aa-c074947d7f3d,"size == ""2""","isEmpty == ""False""","peek_obj_type == ""class java.lang.String""","push == ""none""","pop == ""none""","clear == ""clear""","size_p == ""1""",Yes
4590,1607885829987:07240fde-6dbd-415d-9166-e79134049e08,1607885829987:033e7cc5-03fb-4b0a-84aa-c074947d7f3d,"size == ""3""","isEmpty == ""False""","peek_obj_type == ""class java.lang.String""","push == ""none""","pop == ""none""","clear == ""clear""","size_p == ""2""",Yes
4591,1607885829987:07240fde-6dbd-415d-9166-e79134049e08,1607885829987:033e7cc5-03fb-4b0a-84aa-c074947d7f3d,"size == ""4""","isEmpty == ""False""","peek_obj_type == ""class java.lang.String""","push == ""none""","pop == ""none""","clear == ""clear""","size_p == ""3""",Yes
4593,1607885829986:ba5fbb0b-5bdd-4ab5-a43d-5faceb995a82,1607885829986:63fe6486-6760-4449-a106-538ab6538bc6,"size == ""0""","isEmpty == ""True""","peek_obj_type == ""EmptyObject""","push == ""class java.lang.String""","pop == ""none""","clear == ""none""","size_p == ""0""",Yes
4594,1607885829986:ba5fbb0b-5bdd-4ab5-a43d-5faceb995a82,1607885829986:63fe6486-6760-4449-a106-538ab6538bc6,"size == ""0""","isEmpty == ""True""","peek_obj_type == ""EmptyObject""","push == ""none""","pop == ""EmptyObject""","clear == ""none""","size_p == ""0""",No
4596,1607885829986:b0317512-bed2-4826-b75f-5a441b1c439f,1607885829986:d5f5a05c-55ce-43ee-a0ac-d555e050ad4c,"size == ""0""","isEmpty == ""True""","peek_obj_type == ""EmptyObject""","push == ""class java.lang.String""","pop == ""none""","clear == ""none""","size_p == ""0""",Yes
4597,1607885829986:b0317512-bed2-4826-b75f-5a441b1c439f,1607885829986:d5f5a05c-55ce-43ee-a0ac-d555e050ad4c,"size == ""0""","isEmpty == ""True""","peek_obj_type == ""EmptyObject""","push == ""none""","pop == ""EmptyObject""","clear == ""none""","size_p == ""0""",No
4599,1607885829986:54892d50-296b-4071-89ef-a1ee1c807d5b,1607885829986:52396be0-464a-43b2-89bb-81757b1aa0aa,"size == ""0""","isEmpty == ""True""","peek_obj_type == ""EmptyObject""","push == ""class java.lang.String""","pop == ""none""","clear == ""none""","size_p == ""0""",Yes
4600,1607885829986:54892d50-296b-4071-89ef-a1ee1c807d5b,1607885829986:52396be0-464a-43b2-89bb-81757b1aa0aa,"size == ""0""","isEmpty == ""True""","peek_obj_type == ""EmptyObject""","push == ""none""","pop == ""EmptyObject""","clear == ""none""","size_p == ""0""",No
4602,1607885829986:0ed02e32-479a-400b-91e7-96befdfd6f39,1607885829986:6fb01664-fc29-4ee9-ade8-3740b6a4048e,"size == ""0""","isEmpty == ""True""","peek_obj_type == ""EmptyObject""","push == ""class java.lang.String""","pop == ""none""","clear == ""none""","size_p == ""0""",Yes
4603,1607885829986:0ed02e32-479a-400b-91e7-96befdfd6f39,1607885829986:6fb01664-fc29-4ee9-ade8-3740b6a4048e,"size == ""0""","isEmpty == ""True""","peek_obj_type == ""EmptyObject""","push == ""none""","pop == ""EmptyObject""","clear == ""none""","size_p == ""0""",No
4605,1607885829986:0aadfdcc-9d0e-4d49-9e30-6afe1e8e5407,1607885829986:d98214b4-cf24-45f7-86cc-e22dde08beec,"size == ""0""","isEmpty == ""True""","peek_obj_type == ""EmptyObject""","push == ""class java.lang.String""","pop == ""none""","clear == ""none""","size_p == ""0""",Yes
4606,1607885829986:0aadfdcc-9d0e-4d49-9e30-6afe1e8e5407,1607885829986:d98214b4-cf24-45f7-86cc-e22dde08beec,"size == ""0""","isEmpty == ""True""","peek_obj_type == ""EmptyObject""","push == ""none""","pop == ""EmptyObject""","clear == ""none""","size_p == ""0""",No
4608,1607885829985:a004ba14-b572-494d-8d16-644cbbd70d1a,1607885829985:b607817a-e437-4284-a3ee-7672f39d2f5e,"size == ""0""","isEmpty == ""True""","peek_obj_type == ""EmptyObject""","push == ""class java.lang.String""","pop == ""none""","clear == ""none""","size_p == ""0""",Yes
4609,1607885829985:a004ba14-b572-494d-8d16-644cbbd70d1a,1607885829985:b607817a-e437-4284-a3ee-7672f39d2f5e,"size == ""0""","isEmpty == ""True""","peek_obj_type == ""EmptyObject""","push == ""none""","pop == ""EmptyObject""","clear == ""none""","size_p == ""0""",No
4611,1607885829985:a004ba14-b572-494d-8d16-644cbbd70d1a,1607885829985:1a19a328-3bed-4901-ae4e-58e077f7d1c0,"size == ""0""","isEmpty == ""True""","peek_obj_type == ""EmptyObject""","push == ""class java.lang.String""","pop == ""none""","clear == ""none""","size_p == ""0""",Yes
4614,1607885829985:708ad682-0484-4b5a-bc17-cd8c2a5719bd,1607885829985:9294fb68-3cdf-4219-b537-45d74ad615b5,"size == ""0""","isEmpty == ""True""","peek_obj_type == ""EmptyObject""","push == ""class java.lang.String""","pop == ""none""","clear == ""none""","size_p == ""0""",Yes
4615,1607885829985:708ad682-0484-4b5a-bc17-cd8c2a5719bd,1607885829985:9294fb68-3cdf-4219-b537-45d74ad615b5,"size == ""0""","isEmpty == ""True""","peek_obj_type == ""EmptyObject""","push == ""none""","pop == ""EmptyObject""","clear == ""none""","size_p == ""0""",No
4617,1607885829985:6f3ca04a-e83e-4d9d-9805-2b215ce71214,1607885829985:242b95ac-1443-4c38-a605-34928915ffbe,"size == ""0""","isEmpty == ""True""","peek_obj_type == ""EmptyObject""","push == ""class java.lang.String""","pop == ""none""","clear == ""none""","size_p == ""0""",Yes
4618,1607885829985:6f3ca04a-e83e-4d9d-9805-2b215ce71214,1607885829985:242b95ac-1443-4c38-a605-34928915ffbe,"size == ""0""","isEmpty == ""True""","peek_obj_type == ""EmptyObject""","push == ""none""","pop == ""EmptyObject""","clear == ""none""","size_p == ""0""",No
4620,1607885829985:3e95db2c-f7e1-437e-bede-0e486a9a9689,1607885829985:e0ddf508-5a63-4f08-84a5-0baa8c65c4d4,"size == ""0""","isEmpty == ""True""","peek_obj_type == ""EmptyObject""","push == ""class java.lang.String""","pop == ""none""","clear == ""none""","size_p == ""0""",Yes
4621,1607885829985:3e95db2c-f7e1-437e-bede-0e486a9a9689,1607885829985:e0ddf508-5a63-4f08-84a5-0baa8c65c4d4,"size == ""0""","isEmpty == ""True""","peek_obj_type == ""EmptyObject""","push == ""none""","pop == ""EmptyObject""","clear == ""none""","size_p == ""0""",No
4623,1607885829985:3e95db2c-f7e1-437e-bede-0e486a9a9689,1607885829985:7cc21856-aafe-44d8-a9b8-9f27f66e3323,"size == ""1""","isEmpty == ""False""","peek_obj_type == ""class java.lang.String""","push == ""none""","pop == ""none""","clear == ""clear""","size_p == ""0""",Yes
4624,1607885829985:3e95db2c-f7e1-437e-bede-0e486a9a9689,1607885829985:7cc21856-aafe-44d8-a9b8-9f27f66e3323,"size == ""1""","isEmpty == ""False""","peek_obj_type == ""class java.lang.String""","push == ""class java.lang.String""","pop == ""none""","clear == ""none""","size_p == ""1""",Yes
4625,1607885829985:3e95db2c-f7e1-437e-bede-0e486a9a9689,1607885829985:7cc21856-aafe-44d8-a9b8-9f27f66e3323,"size == ""2""","isEmpty == ""False""","peek_obj_type == ""class java.lang.String""","push == ""none""","pop == ""none""","clear == ""clear""","size_p == ""1""",Yes
4626,1607885829985:3e95db2c-f7e1-437e-bede-0e486a9a9689,1607885829985:7cc21856-aafe-44d8-a9b8-9f27f66e3323,"size == ""3""","isEmpty == ""False""","peek_obj_type == ""class java.lang.String""","push == ""none""","pop == ""none""","clear == ""clear""","size_p == ""2""",Yes
4627,1607885829985:3e95db2c-f7e1-437e-bede-0e486a9a9689,1607885829985:7cc21856-aafe-44d8-a9b8-9f27f66e3323,"size == ""4""","isEmpty == ""False""","peek_obj_type == ""class java.lang.String""","push == ""none""","pop == ""none""","clear == ""clear""","size_p == ""3""",Yes
4629,1607885829985:0f6d6721-7057-44a9-8629-be55cc49fb83,1607885829985:13ac42fb-6c29-4a35-98b6-5babaad281a6,"size == ""0""","isEmpty == ""True""","peek_obj_type == ""EmptyObject""","push == ""class java.lang.String""","pop == ""none""","clear == ""none""","size_p == ""0""",Yes
4630,1607885829985:0f6d6721-7057-44a9-8629-be55cc49fb83,1607885829985:13ac42fb-6c29-4a35-98b6-5babaad281a6,"size == ""0""","isEmpty == ""True""","peek_obj_type == ""EmptyObject""","push == ""none""","pop == ""EmptyObject""","clear == ""none""","size_p == ""0""",No
4632,1607885829984:feed503a-e21b-4932-ab02-b0b55e6d9769,1607885829984:87518cd0-a92d-42cf-809d-f0d73b8f3c25,"size == ""0""","isEmpty == ""True""","peek_obj_type == ""EmptyObject""","push == ""class java.lang.String""","pop == ""none""","clear == ""none""","size_p == ""0""",Yes
4633,1607885829984:feed503a-e21b-4932-ab02-b0b55e6d9769,1607885829984:87518cd0-a92d-42cf-809d-f0d73b8f3c25,"size == ""0""","isEmpty == ""True""","peek_obj_type == ""EmptyObject""","push == ""none""","pop == ""EmptyObject""","clear == ""none""","size_p == ""0""",No
4635,1607885829984:7dec2263-5cd8-4875-bb7b-f3fef6a94347,1607885829984:9aaae241-82af-4e91-877f-26fadc8e7aee,"size == ""0""","isEmpty == ""True""","peek_obj_type == ""EmptyObject""","push == ""class java.lang.String""","pop == ""none""","clear == ""none""","size_p == ""0""",Yes
4637,1607885829984:7dec2263-5cd8-4875-bb7b-f3fef6a94347,1607885829984:63753f39-d596-46ad-b6d4-5099c8727a97,"size == ""0""","isEmpty == ""True""","peek_obj_type == ""EmptyObject""","push == ""class java.lang.String""","pop == ""none""","clear == ""none""","size_p == ""0""",Yes
4638,1607885829984:7dec2263-5cd8-4875-bb7b-f3fef6a94347,1607885829984:63753f39-d596-46ad-b6d4-5099c8727a97,"size == ""0""","isEmpty == ""True""","peek_obj_type == ""EmptyObject""","push == ""none""","pop == ""EmptyObject""","clear == ""none""","size_p == ""0""",No
4640,1607885829984:08df49cd-1a24-4063-9340-5dafe33ff88c,1607885829984:0a680b71-88c8-4ec3-bd0e-295573f43807,"size == ""0""","isEmpty == ""True""","peek_obj_type == ""EmptyObject""","push == ""class java.lang.String""","pop == ""none""","clear == ""none""","size_p == ""0""",Yes
4641,1607885829984:08df49cd-1a24-4063-9340-5dafe33ff88c,1607885829984:0a680b71-88c8-4ec3-bd0e-295573f43807,"size == ""0""","isEmpty == ""True""","peek_obj_type == ""EmptyObject""","push == ""none""","pop == ""EmptyObject""","clear == ""none""","size_p == ""0""",No
4643,1607885829984:081f2d1e-8497-41bd-8352-733258d9076b,1607885829984:c6b7eabe-33a6-42d0-aae8-abc6a377601c,"size == ""0""","isEmpty == ""True""","peek_obj_type == ""EmptyObject""","push == ""class java.lang.String""","pop == ""none""","clear == ""none""","size_p == ""0""",Yes
4644,1607885829984:081f2d1e-8497-41bd-8352-733258d9076b,1607885829984:c6b7eabe-33a6-42d0-aae8-abc6a377601c,"size == ""0""","isEmpty == ""True""","peek_obj_type == ""EmptyObject""","push == ""none""","pop == ""EmptyObject""","clear == ""none""","size_p == ""0""",No
4646,1607885829984:081f2d1e-8497-41bd-8352-733258d9076b,1607885829984:91b86553-a7e5-4977-b378-a408cd70b45f,"size == ""0""","isEmpty == ""True""","peek_obj_type == ""EmptyObject""","push == ""class java.lang.String""","pop == ""none""","clear == ""none""","size_p == ""0""",Yes
4648,1607885829984:020fdf40-5a08-4239-b85a-df0e6568fdd1,1607885829984:9abcd469-a4fc-4d09-9c7d-2e7fa1c167e9,"size == ""1""","isEmpty == ""False""","peek_obj_type == ""class java.lang.String""","push == ""none""","pop == ""none""","clear == ""clear""","size_p == ""0""",Yes
4649,1607885829984:020fdf40-5a08-4239-b85a-df0e6568fdd1,1607885829984:9abcd469-a4fc-4d09-9c7d-2e7fa1c167e9,"size == ""1""","isEmpty == ""False""","peek_obj_type == ""class java.lang.String""","push == ""class java.lang.String""","pop == ""none""","clear == ""none""","size_p == ""1""",Yes
4650,1607885829984:020fdf40-5a08-4239-b85a-df0e6568fdd1,1607885829984:9abcd469-a4fc-4d09-9c7d-2e7fa1c167e9,"size == ""2""","isEmpty == ""False""","peek_obj_type == ""class java.lang.String""","push == ""none""","pop == ""none""","clear == ""clear""","size_p == ""1""",Yes
4651,1607885829984:020fdf40-5a08-4239-b85a-df0e6568fdd1,1607885829984:9abcd469-a4fc-4d09-9c7d-2e7fa1c167e9,"size == ""3""","isEmpty == ""False""","peek_obj_type == ""class java.lang.String""","push == ""none""","pop == ""none""","clear == ""clear""","size_p == ""2""",Yes
4652,1607885829984:020fdf40-5a08-4239-b85a-df0e6568fdd1,1607885829984:9abcd469-a4fc-4d09-9c7d-2e7fa1c167e9,"size == ""4""","isEmpty == ""False""","peek_obj_type == ""class java.lang.String""","push == ""none""","pop == ""none""","clear == ""clear""","size_p == ""3""",Yes
4654,1607885829984:020fdf40-5a08-4239-b85a-df0e6568fdd1,1607885829984:341ea8e8-6932-4c2a-ab76-3f5e783190bd,"size == ""0""","isEmpty == ""True""","peek_obj_type == ""EmptyObject""","push == ""class java.lang.String""","pop == ""none""","clear == ""none""","size_p == ""0""",Yes
4655,1607885829984:020fdf40-5a08-4239-b85a-df0e6568fdd1,1607885829984:341ea8e8-6932-4c2a-ab76-3f5e783190bd,"size == ""0""","isEmpty == ""True""","peek_obj_type == ""EmptyObject""","push == ""none""","pop == ""EmptyObject""","clear == ""none""","size_p == ""0""",No
4657,1607885829983:d7f94cb5-1d38-423d-a47a-4712daa47d41,1607885829983:66942582-992b-4375-9df2-4fa728ab5ab4,"size == ""0""","isEmpty == ""True""","peek_obj_type == ""EmptyObject""","push == ""class java.lang.String""","pop == ""none""","clear == ""none""","size_p == ""0""",Yes
4658,1607885829983:d7f94cb5-1d38-423d-a47a-4712daa47d41,1607885829983:66942582-992b-4375-9df2-4fa728ab5ab4,"size == ""0""","isEmpty == ""True""","peek_obj_type == ""EmptyObject""","push == ""none""","pop == ""EmptyObject""","clear == ""none""","size_p == ""0""",No
4660,1607885829983:b4ca5234-3ec1-4cbd-8593-d9b59f9572e9,1607885829983:dd39cd62-0ab2-441a-8d83-778d07075a32,"size == ""0""","isEmpty == ""True""","peek_obj_type == ""EmptyObject""","push == ""class java.lang.String""","pop == ""none""","clear == ""none""","size_p == ""0""",Yes
4661,1607885829983:b4ca5234-3ec1-4cbd-8593-d9b59f9572e9,1607885829983:dd39cd62-0ab2-441a-8d83-778d07075a32,"size == ""0""","isEmpty == ""True""","peek_obj_type == ""EmptyObject""","push == ""none""","pop == ""EmptyObject""","clear == ""none""","size_p == ""0""",No
4663,1607885829983:b4ca5234-3ec1-4cbd-8593-d9b59f9572e9,1607885829983:70e6e79d-949f-486c-8683-0f38705efdc3,"size == ""0""","isEmpty == ""True""","peek_obj_type == ""EmptyObject""","push == ""class java.lang.String""","pop == ""none""","clear == ""none""","size_p == ""0""",Yes
4666,1607885829983:9aeb8ba4-b7b0-4ee6-8002-8f6eb8e5d905,1607885829983:e8e7534c-b3c9-4f57-b3e5-7f5da57fe426,"size == ""1""","isEmpty == ""False""","peek_obj_type == ""class java.lang.String""","push == ""none""","pop == ""none""","clear == ""clear""","size_p == ""0""",Yes
4667,1607885829983:9aeb8ba4-b7b0-4ee6-8002-8f6eb8e5d905,1607885829983:e8e7534c-b3c9-4f57-b3e5-7f5da57fe426,"size == ""1""","isEmpty == ""False""","peek_obj_type == ""class java.lang.String""","push == ""class java.lang.String""","pop == ""none""","clear == ""none""","size_p == ""1""",Yes
4668,1607885829983:9aeb8ba4-b7b0-4ee6-8002-8f6eb8e5d905,1607885829983:e8e7534c-b3c9-4f57-b3e5-7f5da57fe426,"size == ""0""","isEmpty == ""True""","peek_obj_type == ""EmptyObject""","push == ""none""","pop == ""EmptyObject""","clear == ""none""","size_p == ""1""",No
4669,1607885829983:9aeb8ba4-b7b0-4ee6-8002-8f6eb8e5d905,1607885829983:e8e7534c-b3c9-4f57-b3e5-7f5da57fe426,"size == ""1""","isEmpty == ""False""","peek_obj_type == ""class java.lang.String""","push == ""none""","pop == ""none""","clear == ""clear""","size_p == ""0""",Yes
4671,1607885829983:9aeb8ba4-b7b0-4ee6-8002-8f6eb8e5d905,1607885829983:b8924349-0002-4898-a25b-7c9fcf5f9317,"size == ""0""","isEmpty == ""True""","peek_obj_type == ""EmptyObject""","push == ""class java.lang.String""","pop == ""none""","clear == ""none""","size_p == ""0""",Yes
4672,1607885829983:9aeb8ba4-b7b0-4ee6-8002-8f6eb8e5d905,1607885829983:b8924349-0002-4898-a25b-7c9fcf5f9317,"size == ""0""","isEmpty == ""True""","peek_obj_type == ""EmptyObject""","push == ""none""","pop == ""EmptyObject""","clear == ""none""","size_p == ""0""",No
4674,1607885829983:13d3cd6f-57cc-439a-8a88-3804811ee989,1607885829983:bcf21e68-e8d6-42f8-ab18-270705ff7b9a,"size == ""0""","isEmpty == ""True""","peek_obj_type == ""EmptyObject""","push == ""class java.lang.String""","pop == ""none""","clear == ""none""","size_p == ""0""",Yes
4675,1607885829983:13d3cd6f-57cc-439a-8a88-3804811ee989,1607885829983:bcf21e68-e8d6-42f8-ab18-270705ff7b9a,"size == ""0""","isEmpty == ""True""","peek_obj_type == ""EmptyObject""","push == ""none""","pop == ""EmptyObject""","clear == ""none""","size_p == ""0""",No
4677,1607885829983:13d3cd6f-57cc-439a-8a88-3804811ee989,1607885829983:b5542d50-4cfc-4e34-82d9-29b1c6b41b5d,"size == ""0""","isEmpty == ""True""","peek_obj_type == ""EmptyObject""","push == ""class java.lang.String""","pop == ""none""","clear == ""none""","size_p == ""0""",Yes
4679,1607885829982:f2a41da8-5e06-4f28-86c1-81de8cd2df0b,1607885829982:fd707c36-e866-409f-b958-3f348298cc52,"size == ""0""","isEmpty == ""True""","peek_obj_type == ""EmptyObject""","push == ""class java.lang.String""","pop == ""none""","clear == ""none""","size_p == ""0""",Yes
4681,1607885829982:f2a41da8-5e06-4f28-86c1-81de8cd2df0b,1607885829982:20c49ac3-f15c-4469-abe4-727d318cac34,"size == ""0""","isEmpty == ""True""","peek_obj_type == ""EmptyObject""","push == ""class java.lang.String""","pop == ""none""","clear == ""none""","size_p == ""0""",Yes
4682,1607885829982:f2a41da8-5e06-4f28-86c1-81de8cd2df0b,1607885829982:20c49ac3-f15c-4469-abe4-727d318cac34,"size == ""0""","isEmpty == ""True""","peek_obj_type == ""EmptyObject""","push == ""none""","pop == ""EmptyObject""","clear == ""none""","size_p == ""0""",No
4684,1607885829982:87054e88-721e-4f73-9c16-6d26814a50c6,1607885829982:aa2acb16-b145-430e-8402-3bd119094ed7,"size == ""0""","isEmpty == ""True""","peek_obj_type == ""EmptyObject""","push == ""class java.lang.String""","pop == ""none""","clear == ""none""","size_p == ""0""",Yes
4685,1607885829982:87054e88-721e-4f73-9c16-6d26814a50c6,1607885829982:aa2acb16-b145-430e-8402-3bd119094ed7,"size == ""0""","isEmpty == ""True""","peek_obj_type == ""EmptyObject""","push == ""none""","pop == ""EmptyObject""","clear == ""none""","size_p == ""0""",No
4687,1607885829982:30ca1dda-3070-402f-996e-2a0f5b681462,1607885829982:bdfceddf-46a6-4c71-bb91-7d23ff38ada0,"size == ""0""","isEmpty == ""True""","peek_obj_type == ""EmptyObject""","push == ""class java.lang.String""","pop == ""none""","clear == ""none""","size_p == ""0""",Yes
4688,1607885829982:30ca1dda-3070-402f-996e-2a0f5b681462,1607885829982:bdfceddf-46a6-4c71-bb91-7d23ff38ada0,"size == ""0""","isEmpty == ""True""","peek_obj_type == ""EmptyObject""","push == ""none""","pop == ""EmptyObject""","clear == ""none""","size_p == ""0""",No
4690,1607885829982:243b9bd4-b68f-4494-b257-5ab567348c34,1607885829982:cf6567bf-3185-4730-8b7f-6abcf91a9aa6,"size == ""0""","isEmpty == ""True""","peek_obj_type == ""EmptyObject""","push == ""class java.lang.String""","pop == ""none""","clear == ""none""","size_p == ""0""",Yes
4691,1607885829982:243b9bd4-b68f-4494-b257-5ab567348c34,1607885829982:cf6567bf-3185-4730-8b7f-6abcf91a9aa6,"size == ""0""","isEmpty == ""True""","peek_obj_type == ""EmptyObject""","push == ""class java.lang.String""","pop == ""none""","clear == ""none""","size_p == ""0""",Yes
4692,1607885829982:243b9bd4-b68f-4494-b257-5ab567348c34,1607885829982:cf6567bf-3185-4730-8b7f-6abcf91a9aa6,"size == ""1""","isEmpty == ""False""","peek_obj_type == ""class java.lang.String""","push == ""none""","pop == ""none""","clear == ""clear""","size_p == ""0""",Yes
4693,1607885829982:243b9bd4-b68f-4494-b257-5ab567348c34,1607885829982:cf6567bf-3185-4730-8b7f-6abcf91a9aa6,"size == ""2""","isEmpty == ""False""","peek_obj_type == ""class java.lang.String""","push == ""none""","pop == ""none""","clear == ""clear""","size_p == ""1""",Yes
4695,1607885829982:243b9bd4-b68f-4494-b257-5ab567348c34,1607885829982:782c414f-d0dc-4149-a6ac-72049a328119,"size == ""0""","isEmpty == ""True""","peek_obj_type == ""EmptyObject""","push == ""class java.lang.String""","pop == ""none""","clear == ""none""","size_p == ""0""",Yes
4696,1607885829982:243b9bd4-b68f-4494-b257-5ab567348c34,1607885829982:782c414f-d0dc-4149-a6ac-72049a328119,"size == ""0""","isEmpty == ""True""","peek_obj_type == ""EmptyObject""","push == ""none""","pop == ""EmptyObject""","clear == ""none""","size_p == ""0""",No
4698,1607885829981:da0c0afb-679e-41f6-8747-7fb432e9724d,1607885829981:50d711e6-3c39-494a-94d4-3ec43aa21f0f,"size == ""0""","isEmpty == ""True""","peek_obj_type == ""EmptyObject""","push == ""class java.lang.String""","pop == ""none""","clear == ""none""","size_p == ""0""",Yes
4699,1607885829981:da0c0afb-679e-41f6-8747-7fb432e9724d,1607885829981:50d711e6-3c39-494a-94d4-3ec43aa21f0f,"size == ""0""","isEmpty == ""True""","peek_obj_type == ""EmptyObject""","push == ""none""","pop == ""EmptyObject""","clear == ""none""","size_p == ""0""",No
4701,1607885829981:da0c0afb-679e-41f6-8747-7fb432e9724d,1607885829981:3fe4cc06-3a7b-4f18-b2ef-2f2804d26b52,"size == ""0""","isEmpty == ""True""","peek_obj_type == ""EmptyObject""","push == ""class java.lang.String""","pop == ""none""","clear == ""none""","size_p == ""0""",Yes
4703,1607885829981:d87b2a8f-97a6-408e-bbc5-6d90818b9cdd,1607885829981:2d91f1cb-8ffe-4178-b846-3ba2f06101e3,"size == ""0""","isEmpty == ""True""","peek_obj_type == ""EmptyObject""","push == ""class java.lang.String""","pop == ""none""","clear == ""none""","size_p == ""0""",Yes
4705,1607885829981:d87b2a8f-97a6-408e-bbc5-6d90818b9cdd,1607885829981:095e7026-5769-4004-8b96-7f0f1fd08bc6,"size == ""0""","isEmpty == ""True""","peek_obj_type == ""EmptyObject""","push == ""class java.lang.String""","pop == ""none""","clear == ""none""","size_p == ""0""",Yes
4706,1607885829981:d87b2a8f-97a6-408e-bbc5-6d90818b9cdd,1607885829981:095e7026-5769-4004-8b96-7f0f1fd08bc6,"size == ""0""","isEmpty == ""True""","peek_obj_type == ""EmptyObject""","push == ""none""","pop == ""EmptyObject""","clear == ""none""","size_p == ""0""",No
4708,1607885829981:c4d33b4f-d8bd-4032-9bf1-e1e7f948ee87,1607885829982:4324f433-6e71-4d28-bd27-587dcf6f118c,"size == ""0""","isEmpty == ""True""","peek_obj_type == ""EmptyObject""","push == ""class java.lang.String""","pop == ""none""","clear == ""none""","size_p == ""0""",Yes
4709,1607885829981:c4d33b4f-d8bd-4032-9bf1-e1e7f948ee87,1607885829982:4324f433-6e71-4d28-bd27-587dcf6f118c,"size == ""0""","isEmpty == ""True""","peek_obj_type == ""EmptyObject""","push == ""none""","pop == ""EmptyObject""","clear == ""none""","size_p == ""0""",No
4712,1607885829981:c4d33b4f-d8bd-4032-9bf1-e1e7f948ee87,1607885829981:307562fc-7c19-4792-9776-e74545c0e08f,"size == ""1""","isEmpty == ""False""","peek_obj_type == ""class java.lang.String""","push == ""none""","pop == ""none""","clear == ""clear""","size_p == ""0""",Yes
4713,1607885829981:c4d33b4f-d8bd-4032-9bf1-e1e7f948ee87,1607885829981:307562fc-7c19-4792-9776-e74545c0e08f,"size == ""1""","isEmpty == ""False""","peek_obj_type == ""class java.lang.String""","push == ""class java.lang.String""","pop == ""none""","clear == ""none""","size_p == ""1""",Yes
4714,1607885829981:c4d33b4f-d8bd-4032-9bf1-e1e7f948ee87,1607885829981:307562fc-7c19-4792-9776-e74545c0e08f,"size == ""2""","isEmpty == ""False""","peek_obj_type == ""class java.lang.String""","push == ""none""","pop == ""none""","clear == ""clear""","size_p == ""1""",Yes
4716,1607885829981:c4d33b4f-d8bd-4032-9bf1-e1e7f948ee87,1607885829981:1aa60d31-e7bc-4812-b53b-d3606d8f676a,"size == ""0""","isEmpty == ""True""","peek_obj_type == ""EmptyObject""","push == ""class java.lang.String""","pop == ""none""","clear == ""none""","size_p == ""0""",Yes
4718,1607885829981:15e9599f-765e-4f73-ab9a-550b8f97a0db,1607885829981:d356480d-dda9-4783-8d7b-5c13c4dbb0aa,"size == ""0""","isEmpty == ""True""","peek_obj_type == ""EmptyObject""","push == ""class java.lang.String""","pop == ""none""","clear == ""none""","size_p == ""0""",Yes
4719,1607885829981:15e9599f-765e-4f73-ab9a-550b8f97a0db,1607885829981:d356480d-dda9-4783-8d7b-5c13c4dbb0aa,"size == ""0""","isEmpty == ""True""","peek_obj_type == ""EmptyObject""","push == ""none""","pop == ""EmptyObject""","clear == ""none""","size_p == ""0""",No
4721,1607885829980:f77766ec-2db9-41b8-8405-c771ff4e5eb5,1607885829980:a6b59510-9993-42c7-bc1a-2c3671f820a3,"size == ""0""","isEmpty == ""True""","peek_obj_type == ""EmptyObject""","push == ""class java.lang.String""","pop == ""none""","clear == ""none""","size_p == ""0""",Yes
4722,1607885829980:f77766ec-2db9-41b8-8405-c771ff4e5eb5,1607885829980:a6b59510-9993-42c7-bc1a-2c3671f820a3,"size == ""0""","isEmpty == ""True""","peek_obj_type == ""EmptyObject""","push == ""none""","pop == ""EmptyObject""","clear == ""none""","size_p == ""0""",No
4724,1607885829980:bb469319-cb40-4465-a42e-9c01499a2f7b,1607885829981:4e48a395-30e7-4316-98dc-40f4084a0138,"size == ""0""","isEmpty == ""True""","peek_obj_type == ""EmptyObject""","push == ""class java.lang.String""","pop == ""none""","clear == ""none""","size_p == ""0""",Yes
4725,1607885829980:bb469319-cb40-4465-a42e-9c01499a2f7b,1607885829981:4e48a395-30e7-4316-98dc-40f4084a0138,"size == ""0""","isEmpty == ""True""","peek_obj_type == ""EmptyObject""","push == ""none""","pop == ""EmptyObject""","clear == ""none""","size_p == ""0""",No
4727,1607885829980:bb469319-cb40-4465-a42e-9c01499a2f7b,1607885829980:be63f28c-9ab3-46ad-adc6-e8e41ebeb5d5,"size == ""1""","isEmpty == ""False""","peek_obj_type == ""class java.lang.String""","push == ""none""","pop == ""none""","clear == ""clear""","size_p == ""0""",Yes
4728,1607885829980:bb469319-cb40-4465-a42e-9c01499a2f7b,1607885829980:be63f28c-9ab3-46ad-adc6-e8e41ebeb5d5,"size == ""1""","isEmpty == ""False""","peek_obj_type == ""class java.lang.String""","push == ""class java.lang.String""","pop == ""none""","clear == ""none""","size_p == ""1""",Yes
4729,1607885829980:bb469319-cb40-4465-a42e-9c01499a2f7b,1607885829980:be63f28c-9ab3-46ad-adc6-e8e41ebeb5d5,"size == ""2""","isEmpty == ""False""","peek_obj_type == ""class java.lang.String""","push == ""none""","pop == ""none""","clear == ""clear""","size_p == ""1""",Yes
4730,1607885829980:bb469319-cb40-4465-a42e-9c01499a2f7b,1607885829980:be63f28c-9ab3-46ad-adc6-e8e41ebeb5d5,"size == ""3""","isEmpty == ""False""","peek_obj_type == ""class java.lang.String""","push == ""none""","pop == ""none""","clear == ""clear""","size_p == ""2""",Yes
4731,1607885829980:bb469319-cb40-4465-a42e-9c01499a2f7b,1607885829980:be63f28c-9ab3-46ad-adc6-e8e41ebeb5d5,"size == ""4""","isEmpty == ""False""","peek_obj_type == ""class java.lang.String""","push == ""none""","pop == ""none""","clear == ""clear""","size_p == ""3""",Yes
4732,1607885829980:bb469319-cb40-4465-a42e-9c01499a2f7b,1607885829980:be63f28c-9ab3-46ad-adc6-e8e41ebeb5d5,"size == ""5""","isEmpty == ""False""","peek_obj_type == ""class java.lang.String""","push == ""none""","pop == ""none""","clear == ""clear""","size_p == ""4""",Yes
4733,1607885829980:bb469319-cb40-4465-a42e-9c01499a2f7b,1607885829980:be63f28c-9ab3-46ad-adc6-e8e41ebeb5d5,"size == ""6""","isEmpty == ""False""","peek_obj_type == ""class java.lang.String""","push == ""none""","pop == ""none""","clear == ""clear""","size_p == ""5""",Yes
4735,1607885829980:bb469319-cb40-4465-a42e-9c01499a2f7b,1607885829980:042ee8c7-56f4-464d-bf5f-4e9af6d9c85e,"size == ""1""","isEmpty == ""False""","peek_obj_type == ""class java.lang.String""","push == ""none""","pop == ""none""","clear == ""clear""","size_p == ""0""",Yes
4736,1607885829980:bb469319-cb40-4465-a42e-9c01499a2f7b,1607885829980:042ee8c7-56f4-464d-bf5f-4e9af6d9c85e,"size == ""1""","isEmpty == ""False""","peek_obj_type == ""class java.lang.String""","push == ""class java.lang.String""","pop == ""none""","clear == ""none""","size_p == ""1""",Yes
4737,1607885829980:bb469319-cb40-4465-a42e-9c01499a2f7b,1607885829980:042ee8c7-56f4-464d-bf5f-4e9af6d9c85e,"size == ""2""","isEmpty == ""False""","peek_obj_type == ""class java.lang.String""","push == ""none""","pop == ""none""","clear == ""clear""","size_p == ""1""",Yes
4738,1607885829980:bb469319-cb40-4465-a42e-9c01499a2f7b,1607885829980:042ee8c7-56f4-464d-bf5f-4e9af6d9c85e,"size == ""3""","isEmpty == ""False""","peek_obj_type == ""class java.lang.String""","push == ""none""","pop == ""none""","clear == ""clear""","size_p == ""2""",Yes
4739,1607885829980:bb469319-cb40-4465-a42e-9c01499a2f7b,1607885829980:042ee8c7-56f4-464d-bf5f-4e9af6d9c85e,"size == ""4""","isEmpty == ""False""","peek_obj_type == ""class java.lang.String""","push == ""none""","pop == ""none""","clear == ""clear""","size_p == ""3""",Yes
4741,1607885829980:858f91c8-086d-4de4-bb00-a2ab178c00f5,1607885829980:d251c21c-51ed-4c8e-99b5-70db6d6059b0,"size == ""1""","isEmpty == ""False""","peek_obj_type == ""class java.lang.String""","push == ""none""","pop == ""none""","clear == ""clear""","size_p == ""0""",Yes
4742,1607885829980:858f91c8-086d-4de4-bb00-a2ab178c00f5,1607885829980:d251c21c-51ed-4c8e-99b5-70db6d6059b0,"size == ""1""","isEmpty == ""False""","peek_obj_type == ""class java.lang.String""","push == ""class java.lang.String""","pop == ""none""","clear == ""none""","size_p == ""1""",Yes
4743,1607885829980:858f91c8-086d-4de4-bb00-a2ab178c00f5,1607885829980:d251c21c-51ed-4c8e-99b5-70db6d6059b0,"size == ""2""","isEmpty == ""False""","peek_obj_type == ""class java.lang.String""","push == ""none""","pop == ""none""","clear == ""clear""","size_p == ""1""",Yes
4744,1607885829980:858f91c8-086d-4de4-bb00-a2ab178c00f5,1607885829980:d251c21c-51ed-4c8e-99b5-70db6d6059b0,"size == ""3""","isEmpty == ""False""","peek_obj_type == ""class java.lang.String""","push == ""none""","pop == ""none""","clear == ""clear""","size_p == ""2""",Yes
4745,1607885829980:858f91c8-086d-4de4-bb00-a2ab178c00f5,1607885829980:d251c21c-51ed-4c8e-99b5-70db6d6059b0,"size == ""4""","isEmpty == ""False""","peek_obj_type == ""class java.lang.String""","push == ""none""","pop == ""none""","clear == ""clear""","size_p == ""3""",Yes
4747,1607885829980:858f91c8-086d-4de4-bb00-a2ab178c00f5,1607885829980:355d3630-272a-4802-b594-5315b55e3640,"size == ""0""","isEmpty == ""True""","peek_obj_type == ""EmptyObject""","push == ""class java.lang.String""","pop == ""none""","clear == ""none""","size_p == ""0""",Yes
4748,1607885829980:858f91c8-086d-4de4-bb00-a2ab178c00f5,1607885829980:355d3630-272a-4802-b594-5315b55e3640,"size == ""0""","isEmpty == ""True""","peek_obj_type == ""EmptyObject""","push == ""none""","pop == ""EmptyObject""","clear == ""none""","size_p == ""0""",No
4750,1607885829980:70be29f2-c265-44e5-81b1-30bbb9f7c8e8,1607885829980:01b8f173-d96b-4398-970f-3382c4f5fac7,"size == ""0""","isEmpty == ""True""","peek_obj_type == ""EmptyObject""","push == ""class java.lang.String""","pop == ""none""","clear == ""none""","size_p == ""0""",Yes
4751,1607885829980:70be29f2-c265-44e5-81b1-30bbb9f7c8e8,1607885829980:01b8f173-d96b-4398-970f-3382c4f5fac7,"size == ""0""","isEmpty == ""True""","peek_obj_type == ""EmptyObject""","push == ""none""","pop == ""EmptyObject""","clear == ""none""","size_p == ""0""",No
4753,1607885829980:615de613-d19c-4546-b1bf-f30ec98e86bd,1607885829980:44e205d7-3bf7-4176-801d-eb3fc6f24cd2,"size == ""0""","isEmpty == ""True""","peek_obj_type == ""EmptyObject""","push == ""class java.lang.String""","pop == ""none""","clear == ""none""","size_p == ""0""",Yes
4754,1607885829980:615de613-d19c-4546-b1bf-f30ec98e86bd,1607885829980:44e205d7-3bf7-4176-801d-eb3fc6f24cd2,"size == ""0""","isEmpty == ""True""","peek_obj_type == ""EmptyObject""","push == ""none""","pop == ""EmptyObject""","clear == ""none""","size_p == ""0""",No
4756,1607885829979:b0ea636b-526d-47d2-b078-c89ae35775de,1607885829979:e9c263d2-dc94-4fc2-9549-4c854647db68,"size == ""0""","isEmpty == ""True""","peek_obj_type == ""EmptyObject""","push == ""class java.lang.String""","pop == ""none""","clear == ""none""","size_p == ""0""",Yes
4757,1607885829979:b0ea636b-526d-47d2-b078-c89ae35775de,1607885829979:e9c263d2-dc94-4fc2-9549-4c854647db68,"size == ""0""","isEmpty == ""True""","peek_obj_type == ""EmptyObject""","push == ""none""","pop == ""EmptyObject""","clear == ""none""","size_p == ""0""",No
4759,1607885829979:b0ea636b-526d-47d2-b078-c89ae35775de,1607885829979:334f3da2-198f-4709-b9c7-16c48ddb2702,"size == ""0""","isEmpty == ""True""","peek_obj_type == ""EmptyObject""","push == ""class java.lang.String""","pop == ""none""","clear == ""none""","size_p == ""0""",Yes
4760,1607885829979:b0ea636b-526d-47d2-b078-c89ae35775de,1607885829979:334f3da2-198f-4709-b9c7-16c48ddb2702,"size == ""0""","isEmpty == ""True""","peek_obj_type == ""EmptyObject""","push == ""class java.lang.String""","pop == ""none""","clear == ""none""","size_p == ""0""",Yes
4762,1607885829979:50a6908b-396f-4947-8d7c-11ecd4046145,1607885829979:671a86ac-6e53-4456-a300-d5145e2a8338,"size == ""0""","isEmpty == ""True""","peek_obj_type == ""EmptyObject""","push == ""class java.lang.String""","pop == ""none""","clear == ""none""","size_p == ""0""",Yes
4763,1607885829979:50a6908b-396f-4947-8d7c-11ecd4046145,1607885829979:671a86ac-6e53-4456-a300-d5145e2a8338,"size == ""0""","isEmpty == ""True""","peek_obj_type == ""EmptyObject""","push == ""none""","pop == ""EmptyObject""","clear == ""none""","size_p == ""0""",No
4765,1607885829979:49cea685-bfaa-4846-95c6-a7d7f4ff6e1a,1607885829979:7f13980a-304a-4c6c-8d30-de15b02bbb9f,"size == ""0""","isEmpty == ""True""","peek_obj_type == ""EmptyObject""","push == ""class java.lang.String""","pop == ""none""","clear == ""none""","size_p == ""0""",Yes
4766,1607885829979:49cea685-bfaa-4846-95c6-a7d7f4ff6e1a,1607885829979:7f13980a-304a-4c6c-8d30-de15b02bbb9f,"size == ""0""","isEmpty == ""True""","peek_obj_type == ""EmptyObject""","push == ""none""","pop == ""EmptyObject""","clear == ""none""","size_p == ""0""",No
4768,1607885829979:49cea685-bfaa-4846-95c6-a7d7f4ff6e1a,1607885829979:36ed1b40-cbaa-494a-8ba2-489996f5ec43,"size == ""0""","isEmpty == ""True""","peek_obj_type == ""EmptyObject""","push == ""class java.lang.String""","pop == ""none""","clear == ""none""","size_p == ""0""",Yes
4769,1607885829979:49cea685-bfaa-4846-95c6-a7d7f4ff6e1a,1607885829979:36ed1b40-cbaa-494a-8ba2-489996f5ec43,"size == ""0""","isEmpty == ""True""","peek_obj_type == ""EmptyObject""","push == ""class java.lang.String""","pop == ""none""","clear == ""none""","size_p == ""0""",Yes
4771,1607885829979:1862ac87-c406-4f92-a92b-0c6586d1ce96,1607885829979:f634fbf7-ecb9-4fdc-bd33-7b4aa20ce643,"size == ""0""","isEmpty == ""True""","peek_obj_type == ""EmptyObject""","push == ""class java.lang.String""","pop == ""none""","clear == ""none""","size_p == ""0""",Yes
4772,1607885829979:1862ac87-c406-4f92-a92b-0c6586d1ce96,1607885829979:f634fbf7-ecb9-4fdc-bd33-7b4aa20ce643,"size == ""0""","isEmpty == ""True""","peek_obj_type == ""EmptyObject""","push == ""none""","pop == ""EmptyObject""","clear == ""none""","size_p == ""0""",No
4775,1607885829979:1862ac87-c406-4f92-a92b-0c6586d1ce96,1607885829979:33b3f81c-9392-4615-9a2f-fc0722ce8ee0,"size == ""0""","isEmpty == ""True""","peek_obj_type == ""EmptyObject""","push == ""class java.lang.String""","pop == ""none""","clear == ""none""","size_p == ""0""",Yes
4777,1607885829978:d57145f6-f5e5-4841-8e0d-605080697fb2,1607885829978:27672b4a-e6c1-4717-8c30-31709d48fb60,"size == ""0""","isEmpty == ""True""","peek_obj_type == ""EmptyObject""","push == ""class java.lang.String""","pop == ""none""","clear == ""none""","size_p == ""0""",Yes
4778,1607885829978:d57145f6-f5e5-4841-8e0d-605080697fb2,1607885829978:27672b4a-e6c1-4717-8c30-31709d48fb60,"size == ""0""","isEmpty == ""True""","peek_obj_type == ""EmptyObject""","push == ""none""","pop == ""EmptyObject""","clear == ""none""","size_p == ""0""",No
4780,1607885829978:9d3b6659-934c-45df-909c-ab15e22c9ffb,1607885829978:84dab0fe-56f4-455c-9391-dd9a0bb00b9e,"size == ""0""","isEmpty == ""True""","peek_obj_type == ""EmptyObject""","push == ""class java.lang.String""","pop == ""none""","clear == ""none""","size_p == ""0""",Yes
4781,1607885829978:9d3b6659-934c-45df-909c-ab15e22c9ffb,1607885829978:84dab0fe-56f4-455c-9391-dd9a0bb00b9e,"size == ""0""","isEmpty == ""True""","peek_obj_type == ""EmptyObject""","push == ""none""","pop == ""EmptyObject""","clear == ""none""","size_p == ""0""",No
4783,1607885829978:66904476-34aa-4ff4-b5f8-ee3ed136c38d,1607885829978:0d30f1b9-a0e0-4192-b937-9eb193e347e7,"size == ""0""","isEmpty == ""True""","peek_obj_type == ""EmptyObject""","push == ""class java.lang.String""","pop == ""none""","clear == ""none""","size_p == ""0""",Yes
4784,1607885829978:66904476-34aa-4ff4-b5f8-ee3ed136c38d,1607885829978:0d30f1b9-a0e0-4192-b937-9eb193e347e7,"size == ""0""","isEmpty == ""True""","peek_obj_type == ""EmptyObject""","push == ""none""","pop == ""EmptyObject""","clear == ""none""","size_p == ""0""",No
4786,1607885829978:62735e90-67d1-4776-887e-3e97e9808a62,1607885829978:dd8d50c2-f049-42e9-a90f-e0d863cc951d,"size == ""1""","isEmpty == ""False""","peek_obj_type == ""class java.lang.String""","push == ""none""","pop == ""none""","clear == ""clear""","size_p == ""0""",Yes
4787,1607885829978:62735e90-67d1-4776-887e-3e97e9808a62,1607885829978:dd8d50c2-f049-42e9-a90f-e0d863cc951d,"size == ""1""","isEmpty == ""False""","peek_obj_type == ""class java.lang.String""","push == ""class java.lang.String""","pop == ""none""","clear == ""none""","size_p == ""1""",Yes
4788,1607885829978:62735e90-67d1-4776-887e-3e97e9808a62,1607885829978:dd8d50c2-f049-42e9-a90f-e0d863cc951d,"size == ""0""","isEmpty == ""True""","peek_obj_type == ""EmptyObject""","push == ""none""","pop == ""EmptyObject""","clear == ""none""","size_p == ""1""",No
4789,1607885829978:62735e90-67d1-4776-887e-3e97e9808a62,1607885829978:dd8d50c2-f049-42e9-a90f-e0d863cc951d,"size == ""1""","isEmpty == ""False""","peek_obj_type == ""class java.lang.String""","push == ""none""","pop == ""none""","clear == ""clear""","size_p == ""0""",Yes
4791,1607885829978:62735e90-67d1-4776-887e-3e97e9808a62,1607885829978:705ec7a0-9546-4e85-9df6-2772fbbbf99e,"size == ""0""","isEmpty == ""True""","peek_obj_type == ""EmptyObject""","push == ""class java.lang.String""","pop == ""none""","clear == ""none""","size_p == ""0""",Yes
4792,1607885829978:62735e90-67d1-4776-887e-3e97e9808a62,1607885829978:705ec7a0-9546-4e85-9df6-2772fbbbf99e,"size == ""0""","isEmpty == ""True""","peek_obj_type == ""EmptyObject""","push == ""none""","pop == ""EmptyObject""","clear == ""none""","size_p == ""0""",No
4794,1607885829978:518b87b8-b547-4b76-bad3-6dff88fd0c86,1607885829978:5adf44ed-2ada-4b3d-a19b-bf60182eb965,"size == ""0""","isEmpty == ""True""","peek_obj_type == ""EmptyObject""","push == ""class java.lang.String""","pop == ""none""","clear == ""none""","size_p == ""0""",Yes
4795,1607885829978:518b87b8-b547-4b76-bad3-6dff88fd0c86,1607885829978:5adf44ed-2ada-4b3d-a19b-bf60182eb965,"size == ""0""","isEmpty == ""True""","peek_obj_type == ""EmptyObject""","push == ""none""","pop == ""EmptyObject""","clear == ""none""","size_p == ""0""",No
4797,1607885829978:518b87b8-b547-4b76-bad3-6dff88fd0c86,1607885829978:01384eb5-c68c-4edc-b527-ee3df3efe391,"size == ""1""","isEmpty == ""False""","peek_obj_type == ""class java.lang.String""","push == ""none""","pop == ""none""","clear == ""clear""","size_p == ""0""",Yes
4798,1607885829978:518b87b8-b547-4b76-bad3-6dff88fd0c86,1607885829978:01384eb5-c68c-4edc-b527-ee3df3efe391,"size == ""1""","isEmpty == ""False""","peek_obj_type == ""class java.lang.String""","push == ""class java.lang.String""","pop == ""none""","clear == ""none""","size_p == ""1""",Yes
4799,1607885829978:518b87b8-b547-4b76-bad3-6dff88fd0c86,1607885829978:01384eb5-c68c-4edc-b527-ee3df3efe391,"size == ""2""","isEmpty == ""False""","peek_obj_type == ""class java.lang.String""","push == ""none""","pop == ""none""","clear == ""clear""","size_p == ""1""",Yes
4800,1607885829978:518b87b8-b547-4b76-bad3-6dff88fd0c86,1607885829978:01384eb5-c68c-4edc-b527-ee3df3efe391,"size == ""3""","isEmpty == ""False""","peek_obj_type == ""class java.lang.String""","push == ""none""","pop == ""none""","clear == ""clear""","size_p == ""2""",Yes
4801,1607885829978:518b87b8-b547-4b76-bad3-6dff88fd0c86,1607885829978:01384eb5-c68c-4edc-b527-ee3df3efe391,"size == ""4""","isEmpty == ""False""","peek_obj_type == ""class java.lang.String""","push == ""none""","pop == ""none""","clear == ""clear""","size_p == ""3""",Yes
4803,1607885829977:eb100fd7-cfee-4fa6-a885-a25148212c9d,1607885829977:163b9381-877a-4a91-8000-94ec46f7e832,"size == ""0""","isEmpty == ""True""","peek_obj_type == ""EmptyObject""","push == ""class java.lang.String""","pop == ""none""","clear == ""none""","size_p == ""0""",Yes
4804,1607885829977:eb100fd7-cfee-4fa6-a885-a25148212c9d,1607885829977:163b9381-877a-4a91-8000-94ec46f7e832,"size == ""0""","isEmpty == ""True""","peek_obj_type == ""EmptyObject""","push == ""none""","pop == ""EmptyObject""","clear == ""none""","size_p == ""0""",No
4806,1607885829977:c72786c9-e51a-4665-b6b1-9e71ccb10a13,1607885829977:113b1968-71b8-4023-bf97-5d7722524318,"size == ""0""","isEmpty == ""True""","peek_obj_type == ""EmptyObject""","push == ""class java.lang.String""","pop == ""none""","clear == ""none""","size_p == ""0""",Yes
4807,1607885829977:c72786c9-e51a-4665-b6b1-9e71ccb10a13,1607885829977:113b1968-71b8-4023-bf97-5d7722524318,"size == ""0""","isEmpty == ""True""","peek_obj_type == ""EmptyObject""","push == ""none""","pop == ""EmptyObject""","clear == ""none""","size_p == ""0""",No
4809,1607885829977:b00dabcd-f633-4e9a-84f9-ba17fb4a83bd,1607885829977:30cb3b4c-5d5a-40e5-8eac-151ab4f7c1bd,"size == ""0""","isEmpty == ""True""","peek_obj_type == ""EmptyObject""","push == ""class java.lang.String""","pop == ""none""","clear == ""none""","size_p == ""0""",Yes
4810,1607885829977:b00dabcd-f633-4e9a-84f9-ba17fb4a83bd,1607885829977:30cb3b4c-5d5a-40e5-8eac-151ab4f7c1bd,"size == ""0""","isEmpty == ""True""","peek_obj_type == ""EmptyObject""","push == ""none""","pop == ""EmptyObject""","clear == ""none""","size_p == ""0""",No
4812,1607885829977:83f62bf2-8eee-49ab-a8e8-058428bf3bb7,1607885829977:3871f082-024a-4f9a-994e-2a5be98cc46e,"size == ""0""","isEmpty == ""True""","peek_obj_type == ""EmptyObject""","push == ""class java.lang.String""","pop == ""none""","clear == ""none""","size_p == ""0""",Yes
4813,1607885829977:83f62bf2-8eee-49ab-a8e8-058428bf3bb7,1607885829977:3871f082-024a-4f9a-994e-2a5be98cc46e,"size == ""0""","isEmpty == ""True""","peek_obj_type == ""EmptyObject""","push == ""none""","pop == ""EmptyObject""","clear == ""none""","size_p == ""0""",No
4815,1607885829977:623b2fa3-a7cb-45d2-9063-ca5562718cc7,1607885829977:5f41ea0b-401b-44bd-bc1a-cf95d98652f9,"size == ""0""","isEmpty == ""True""","peek_obj_type == ""EmptyObject""","push == ""class java.lang.String""","pop == ""none""","clear == ""none""","size_p == ""0""",Yes
4816,1607885829977:623b2fa3-a7cb-45d2-9063-ca5562718cc7,1607885829977:5f41ea0b-401b-44bd-bc1a-cf95d98652f9,"size == ""0""","isEmpty == ""True""","peek_obj_type == ""EmptyObject""","push == ""none""","pop == ""EmptyObject""","clear == ""none""","size_p == ""0""",No
4818,1607885829977:455d0f80-6992-4a51-96b2-905c155aa9c7,1607885829977:100d48f5-fa9a-4a6f-b21e-ee7225ab8370,"size == ""0""","isEmpty == ""True""","peek_obj_type == ""EmptyObject""","push == ""class java.lang.String""","pop == ""none""","clear == ""none""","size_p == ""0""",Yes
4819,1607885829977:455d0f80-6992-4a51-96b2-905c155aa9c7,1607885829977:100d48f5-fa9a-4a6f-b21e-ee7225ab8370,"size == ""0""","isEmpty == ""True""","peek_obj_type == ""EmptyObject""","push == ""none""","pop == ""EmptyObject""","clear == ""none""","size_p == ""0""",No
4821,1607885829976:b9e0dac1-6ab1-429c-84a6-c06b4f6a94d5,1607885829976:8a20eff7-915c-46c3-913e-490c4651e32e,"size == ""0""","isEmpty == ""True""","peek_obj_type == ""EmptyObject""","push == ""class java.lang.String""","pop == ""none""","clear == ""none""","size_p == ""0""",Yes
4822,1607885829976:b9e0dac1-6ab1-429c-84a6-c06b4f6a94d5,1607885829976:8a20eff7-915c-46c3-913e-490c4651e32e,"size == ""0""","isEmpty == ""True""","peek_obj_type == ""EmptyObject""","push == ""none""","pop == ""EmptyObject""","clear == ""none""","size_p == ""0""",No
4824,1607885829976:7cae4bf9-2971-490f-b3e9-71599e5c05ab,1607885829976:6540eac5-3d08-41dc-b672-b15b551888f3,"size == ""0""","isEmpty == ""True""","peek_obj_type == ""EmptyObject""","push == ""class java.lang.String""","pop == ""none""","clear == ""none""","size_p == ""0""",Yes
4825,1607885829976:7cae4bf9-2971-490f-b3e9-71599e5c05ab,1607885829976:6540eac5-3d08-41dc-b672-b15b551888f3,"size == ""0""","isEmpty == ""True""","peek_obj_type == ""EmptyObject""","push == ""none""","pop == ""EmptyObject""","clear == ""none""","size_p == ""0""",No
4827,1607885829976:4ab3c5dc-20ce-47a1-9cc0-e97767392432,1607885829976:ff9dd14b-235d-4e40-92fa-64ff516c07fc,"size == ""0""","isEmpty == ""True""","peek_obj_type == ""EmptyObject""","push == ""class java.lang.String""","pop == ""none""","clear == ""none""","size_p == ""0""",Yes
4829,1607885829976:4ab3c5dc-20ce-47a1-9cc0-e97767392432,1607885829976:23c8ceb9-f3f3-46f6-b4d2-85fb45966214,"size == ""0""","isEmpty == ""True""","peek_obj_type == ""EmptyObject""","push == ""class java.lang.String""","pop == ""none""","clear == ""none""","size_p == ""0""",Yes
4830,1607885829976:4ab3c5dc-20ce-47a1-9cc0-e97767392432,1607885829976:23c8ceb9-f3f3-46f6-b4d2-85fb45966214,"size == ""0""","isEmpty == ""True""","peek_obj_type == ""EmptyObject""","push == ""class java.lang.String""","pop == ""none""","clear == ""none""","size_p == ""0""",Yes
4831,1607885829976:4ab3c5dc-20ce-47a1-9cc0-e97767392432,1607885829976:23c8ceb9-f3f3-46f6-b4d2-85fb45966214,"size == ""0""","isEmpty == ""True""","peek_obj_type == ""EmptyObject""","push == ""class java.lang.String""","pop == ""none""","clear == ""none""","size_p == ""0""",Yes
4832,1607885829976:4ab3c5dc-20ce-47a1-9cc0-e97767392432,1607885829976:23c8ceb9-f3f3-46f6-b4d2-85fb45966214,"size == ""1""","isEmpty == ""False""","peek_obj_type == ""class java.lang.String""","push == ""none""","pop == ""none""","clear == ""clear""","size_p == ""0""",Yes
4834,1607885829976:4ab3c5dc-20ce-47a1-9cc0-e97767392432,1607885829976:160b7acd-5ec7-4203-a123-650e67195dda,"size == ""0""","isEmpty == ""True""","peek_obj_type == ""EmptyObject""","push == ""class java.lang.String""","pop == ""none""","clear == ""none""","size_p == ""0""",Yes
4835,1607885829976:4ab3c5dc-20ce-47a1-9cc0-e97767392432,1607885829976:160b7acd-5ec7-4203-a123-650e67195dda,"size == ""0""","isEmpty == ""True""","peek_obj_type == ""EmptyObject""","push == ""none""","pop == ""EmptyObject""","clear == ""none""","size_p == ""0""",No
4837,1607885829975:e7844e2b-2d67-48bb-a430-e04ce14b5025,1607885829975:da80abdb-8ab5-412a-9ef0-6a2edb0f7d0b,"size == ""0""","isEmpty == ""True""","peek_obj_type == ""EmptyObject""","push == ""class java.lang.String""","pop == ""none""","clear == ""none""","size_p == ""0""",Yes
4838,1607885829975:e7844e2b-2d67-48bb-a430-e04ce14b5025,1607885829975:da80abdb-8ab5-412a-9ef0-6a2edb0f7d0b,"size == ""0""","isEmpty == ""True""","peek_obj_type == ""EmptyObject""","push == ""none""","pop == ""EmptyObject""","clear == ""none""","size_p == ""0""",No
4840,1607885829975:e7844e2b-2d67-48bb-a430-e04ce14b5025,1607885829975:c71ea835-96eb-4210-bae6-c3e2b30cd551,"size == ""0""","isEmpty == ""True""","peek_obj_type == ""EmptyObject""","push == ""class java.lang.String""","pop == ""none""","clear == ""none""","size_p == ""0""",Yes
4842,1607885829975:9bbf9007-f51b-4d48-aef1-7cb60a71ca0e,1607885829975:df25a738-b40d-4886-9dfb-641501038db8,"size == ""0""","isEmpty == ""True""","peek_obj_type == ""EmptyObject""","push == ""class java.lang.String""","pop == ""none""","clear == ""none""","size_p == ""0""",Yes
4843,1607885829975:9bbf9007-f51b-4d48-aef1-7cb60a71ca0e,1607885829975:df25a738-b40d-4886-9dfb-641501038db8,"size == ""0""","isEmpty == ""True""","peek_obj_type == ""EmptyObject""","push == ""none""","pop == ""EmptyObject""","clear == ""none""","size_p == ""0""",No
4845,1607885829975:688f346d-6558-4efb-a24c-0a75a622adeb,1607885829975:fbc72b39-7c77-46cb-8203-1e1e9ae1142e,"size == ""0""","isEmpty == ""True""","peek_obj_type == ""EmptyObject""","push == ""class java.lang.String""","pop == ""none""","clear == ""none""","size_p == ""0""",Yes
4846,1607885829975:688f346d-6558-4efb-a24c-0a75a622adeb,1607885829975:fbc72b39-7c77-46cb-8203-1e1e9ae1142e,"size == ""0""","isEmpty == ""True""","peek_obj_type == ""EmptyObject""","push == ""none""","pop == ""EmptyObject""","clear == ""none""","size_p == ""0""",No
4848,1607885829975:5f6e4a1d-8cac-4e83-9e2d-14883f361573,1607885829975:cd655927-ffa2-40f3-b1f3-e8237c1fb453,"size == ""0""","isEmpty == ""True""","peek_obj_type == ""EmptyObject""","push == ""class java.lang.String""","pop == ""none""","clear == ""none""","size_p == ""0""",Yes
4849,1607885829975:5f6e4a1d-8cac-4e83-9e2d-14883f361573,1607885829975:cd655927-ffa2-40f3-b1f3-e8237c1fb453,"size == ""0""","isEmpty == ""True""","peek_obj_type == ""EmptyObject""","push == ""none""","pop == ""EmptyObject""","clear == ""none""","size_p == ""0""",No
4851,1607885829975:5f6e4a1d-8cac-4e83-9e2d-14883f361573,1607885829975:b5210362-4f1b-4e30-87c6-8e8c28230655,"size == ""1""","isEmpty == ""False""","peek_obj_type == ""class java.lang.String""","push == ""none""","pop == ""none""","clear == ""clear""","size_p == ""0""",Yes
4852,1607885829975:5f6e4a1d-8cac-4e83-9e2d-14883f361573,1607885829975:b5210362-4f1b-4e30-87c6-8e8c28230655,"size == ""1""","isEmpty == ""False""","peek_obj_type == ""class java.lang.String""","push == ""class java.lang.String""","pop == ""none""","clear == ""none""","size_p == ""1""",Yes
4853,1607885829975:5f6e4a1d-8cac-4e83-9e2d-14883f361573,1607885829975:b5210362-4f1b-4e30-87c6-8e8c28230655,"size == ""2""","isEmpty == ""False""","peek_obj_type == ""class java.lang.String""","push == ""none""","pop == ""none""","clear == ""clear""","size_p == ""1""",Yes
4854,1607885829975:5f6e4a1d-8cac-4e83-9e2d-14883f361573,1607885829975:b5210362-4f1b-4e30-87c6-8e8c28230655,"size == ""3""","isEmpty == ""False""","peek_obj_type == ""class java.lang.String""","push == ""none""","pop == ""none""","clear == ""clear""","size_p == ""2""",Yes
4855,1607885829975:5f6e4a1d-8cac-4e83-9e2d-14883f361573,1607885829975:b5210362-4f1b-4e30-87c6-8e8c28230655,"size == ""4""","isEmpty == ""False""","peek_obj_type == ""class java.lang.String""","push == ""none""","pop == ""none""","clear == ""clear""","size_p == ""3""",Yes
4857,1607885829975:152098d7-337c-499d-a38f-f36cd26628c3,1607885829975:9540cfc1-9bd7-4a33-9535-7a5320c2fb4a,"size == ""0""","isEmpty == ""True""","peek_obj_type == ""EmptyObject""","push == ""class java.lang.String""","pop == ""none""","clear == ""none""","size_p == ""0""",Yes
4858,1607885829975:152098d7-337c-499d-a38f-f36cd26628c3,1607885829975:9540cfc1-9bd7-4a33-9535-7a5320c2fb4a,"size == ""0""","isEmpty == ""True""","peek_obj_type == ""EmptyObject""","push == ""none""","pop == ""EmptyObject""","clear == ""none""","size_p == ""0""",No
4860,1607885829975:0937471a-a16e-4704-8884-89721f87d8e3,1607885829975:685a637f-f220-4918-b0c4-69801946b165,"size == ""0""","isEmpty == ""True""","peek_obj_type == ""EmptyObject""","push == ""class java.lang.String""","pop == ""none""","clear == ""none""","size_p == ""0""",Yes
4861,1607885829975:0937471a-a16e-4704-8884-89721f87d8e3,1607885829975:685a637f-f220-4918-b0c4-69801946b165,"size == ""0""","isEmpty == ""True""","peek_obj_type == ""EmptyObject""","push == ""none""","pop == ""EmptyObject""","clear == ""none""","size_p == ""0""",No
4863,1607885829975:0937471a-a16e-4704-8884-89721f87d8e3,1607885829975:318af446-e03a-410b-a3e4-08477cff01d6,"size == ""1""","isEmpty == ""False""","peek_obj_type == ""class java.lang.String""","push == ""none""","pop == ""none""","clear == ""clear""","size_p == ""0""",Yes
4864,1607885829975:0937471a-a16e-4704-8884-89721f87d8e3,1607885829975:318af446-e03a-410b-a3e4-08477cff01d6,"size == ""1""","isEmpty == ""False""","peek_obj_type == ""class java.lang.String""","push == ""class java.lang.String""","pop == ""none""","clear == ""none""","size_p == ""1""",Yes
4865,1607885829975:0937471a-a16e-4704-8884-89721f87d8e3,1607885829975:318af446-e03a-410b-a3e4-08477cff01d6,"size == ""2""","isEmpty == ""False""","peek_obj_type == ""class java.lang.String""","push == ""none""","pop == ""none""","clear == ""clear""","size_p == ""1""",Yes
4866,1607885829975:0937471a-a16e-4704-8884-89721f87d8e3,1607885829975:318af446-e03a-410b-a3e4-08477cff01d6,"size == ""3""","isEmpty == ""False""","peek_obj_type == ""class java.lang.String""","push == ""none""","pop == ""none""","clear == ""clear""","size_p == ""2""",Yes
4867,1607885829975:0937471a-a16e-4704-8884-89721f87d8e3,1607885829975:318af446-e03a-410b-a3e4-08477cff01d6,"size == ""4""","isEmpty == ""False""","peek_obj_type == ""class java.lang.String""","push == ""none""","pop == ""none""","clear == ""clear""","size_p == ""3""",Yes
4869,1607885829975:0312ea5e-c82d-4f76-a9a3-9b23cd280df7,1607885829975:d293ae88-ceac-4f75-bf9b-0ff1f1ea0b1c,"size == ""0""","isEmpty == ""True""","peek_obj_type == ""EmptyObject""","push == ""class java.lang.String""","pop == ""none""","clear == ""none""","size_p == ""0""",Yes
4871,1607885829975:0312ea5e-c82d-4f76-a9a3-9b23cd280df7,1607885829975:5c9f90c6-84cf-45f4-b2ee-f244f5afa397,"size == ""0""","isEmpty == ""True""","peek_obj_type == ""EmptyObject""","push == ""class java.lang.String""","pop == ""none""","clear == ""none""","size_p == ""0""",Yes
4872,1607885829975:0312ea5e-c82d-4f76-a9a3-9b23cd280df7,1607885829975:5c9f90c6-84cf-45f4-b2ee-f244f5afa397,"size == ""0""","isEmpty == ""True""","peek_obj_type == ""EmptyObject""","push == ""none""","pop == ""EmptyObject""","clear == ""none""","size_p == ""0""",No
4875,1607885829974:da58c64f-1d6a-4571-a6c8-3322018028a0,1607885829974:ac5de057-c699-4a05-b5e0-a4a3cdf5d887,"size == ""0""","isEmpty == ""True""","peek_obj_type == ""EmptyObject""","push == ""class java.lang.String""","pop == ""none""","clear == ""none""","size_p == ""0""",Yes
4876,1607885829974:da58c64f-1d6a-4571-a6c8-3322018028a0,1607885829974:ac5de057-c699-4a05-b5e0-a4a3cdf5d887,"size == ""0""","isEmpty == ""True""","peek_obj_type == ""EmptyObject""","push == ""none""","pop == ""EmptyObject""","clear == ""none""","size_p == ""0""",No
4878,1607885829974:da58c64f-1d6a-4571-a6c8-3322018028a0,1607885829974:366bd2a4-1dac-4f0b-8b46-5280d6f809d3,"size == ""1""","isEmpty == ""False""","peek_obj_type == ""class java.lang.String""","push == ""none""","pop == ""none""","clear == ""clear""","size_p == ""0""",Yes
4879,1607885829974:da58c64f-1d6a-4571-a6c8-3322018028a0,1607885829974:366bd2a4-1dac-4f0b-8b46-5280d6f809d3,"size == ""1""","isEmpty == ""False""","peek_obj_type == ""class java.lang.String""","push == ""class java.lang.String""","pop == ""none""","clear == ""none""","size_p == ""1""",Yes
4880,1607885829974:da58c64f-1d6a-4571-a6c8-3322018028a0,1607885829974:366bd2a4-1dac-4f0b-8b46-5280d6f809d3,"size == ""0""","isEmpty == ""True""","peek_obj_type == ""EmptyObject""","push == ""none""","pop == ""EmptyObject""","clear == ""none""","size_p == ""1""",No
4881,1607885829974:da58c64f-1d6a-4571-a6c8-3322018028a0,1607885829974:366bd2a4-1dac-4f0b-8b46-5280d6f809d3,"size == ""1""","isEmpty == ""False""","peek_obj_type == ""class java.lang.String""","push == ""none""","pop == ""none""","clear == ""clear""","size_p == ""0""",Yes
4883,1607885829974:d17fdfdc-04b6-4647-b1bb-d6f5050b785b,1607885829974:68f11159-2cf8-44af-98d5-8fc51ff01245,"size == ""0""","isEmpty == ""True""","peek_obj_type == ""EmptyObject""","push == ""class java.lang.String""","pop == ""none""","clear == ""none""","size_p == ""0""",Yes
4884,1607885829974:d17fdfdc-04b6-4647-b1bb-d6f5050b785b,1607885829974:68f11159-2cf8-44af-98d5-8fc51ff01245,"size == ""0""","isEmpty == ""True""","peek_obj_type == ""EmptyObject""","push == ""none""","pop == ""EmptyObject""","clear == ""none""","size_p == ""0""",No
4886,1607885829974:d17fdfdc-04b6-4647-b1bb-d6f5050b785b,1607885829974:50e523ae-6774-454c-adbb-1fb9a1fd447e,"size == ""1""","isEmpty == ""False""","peek_obj_type == ""class java.lang.String""","push == ""none""","pop == ""none""","clear == ""clear""","size_p == ""0""",Yes
4887,1607885829974:d17fdfdc-04b6-4647-b1bb-d6f5050b785b,1607885829974:50e523ae-6774-454c-adbb-1fb9a1fd447e,"size == ""1""","isEmpty == ""False""","peek_obj_type == ""class java.lang.String""","push == ""class java.lang.String""","pop == ""none""","clear == ""none""","size_p == ""1""",Yes
4888,1607885829974:d17fdfdc-04b6-4647-b1bb-d6f5050b785b,1607885829974:50e523ae-6774-454c-adbb-1fb9a1fd447e,"size == ""2""","isEmpty == ""False""","peek_obj_type == ""class java.lang.String""","push == ""none""","pop == ""none""","clear == ""clear""","size_p == ""1""",Yes
4889,1607885829974:d17fdfdc-04b6-4647-b1bb-d6f5050b785b,1607885829974:50e523ae-6774-454c-adbb-1fb9a1fd447e,"size == ""3""","isEmpty == ""False""","peek_obj_type == ""class java.lang.String""","push == ""none""","pop == ""none""","clear == ""clear""","size_p == ""2""",Yes
4890,1607885829974:d17fdfdc-04b6-4647-b1bb-d6f5050b785b,1607885829974:50e523ae-6774-454c-adbb-1fb9a1fd447e,"size == ""4""","isEmpty == ""False""","peek_obj_type == ""class java.lang.String""","push == ""none""","pop == ""none""","clear == ""clear""","size_p == ""3""",Yes
4892,1607885829974:22fff7b5-087e-4f50-a1fe-7a58923f8b4b,1607885829974:1cf18fa5-49e3-4654-b17a-eeaf9689672b,"size == ""0""","isEmpty == ""True""","peek_obj_type == ""EmptyObject""","push == ""class java.lang.String""","pop == ""none""","clear == ""none""","size_p == ""0""",Yes
4893,1607885829974:22fff7b5-087e-4f50-a1fe-7a58923f8b4b,1607885829974:1cf18fa5-49e3-4654-b17a-eeaf9689672b,"size == ""0""","isEmpty == ""True""","peek_obj_type == ""EmptyObject""","push == ""none""","pop == ""EmptyObject""","clear == ""none""","size_p == ""0""",No
4895,1607885829974:22fff7b5-087e-4f50-a1fe-7a58923f8b4b,1607885829974:04d5939c-10f6-4cf5-a87d-b54585921899,"size == ""1""","isEmpty == ""False""","peek_obj_type == ""class java.lang.String""","push == ""none""","pop == ""none""","clear == ""clear""","size_p == ""0""",Yes
4896,1607885829974:22fff7b5-087e-4f50-a1fe-7a58923f8b4b,1607885829974:04d5939c-10f6-4cf5-a87d-b54585921899,"size == ""1""","isEmpty == ""False""","peek_obj_type == ""class java.lang.String""","push == ""class java.lang.String""","pop == ""none""","clear == ""none""","size_p == ""1""",Yes
4897,1607885829974:22fff7b5-087e-4f50-a1fe-7a58923f8b4b,1607885829974:04d5939c-10f6-4cf5-a87d-b54585921899,"size == ""2""","isEmpty == ""False""","peek_obj_type == ""class java.lang.String""","push == ""none""","pop == ""none""","clear == ""clear""","size_p == ""1""",Yes
4898,1607885829974:22fff7b5-087e-4f50-a1fe-7a58923f8b4b,1607885829974:04d5939c-10f6-4cf5-a87d-b54585921899,"size == ""3""","isEmpty == ""False""","peek_obj_type == ""class java.lang.String""","push == ""none""","pop == ""none""","clear == ""clear""","size_p == ""2""",Yes
4899,1607885829974:22fff7b5-087e-4f50-a1fe-7a58923f8b4b,1607885829974:04d5939c-10f6-4cf5-a87d-b54585921899,"size == ""4""","isEmpty == ""False""","peek_obj_type == ""class java.lang.String""","push == ""none""","pop == ""none""","clear == ""clear""","size_p == ""3""",Yes
4901,1607885829973:b45b493a-9796-464e-a23e-751b335282a2,1607885829973:9f678bed-8abf-4854-ad8c-dc878d01d0d0,"size == ""1""","isEmpty == ""False""","peek_obj_type == ""class java.lang.String""","push == ""none""","pop == ""none""","clear == ""clear""","size_p == ""0""",Yes
4902,1607885829973:b45b493a-9796-464e-a23e-751b335282a2,1607885829973:9f678bed-8abf-4854-ad8c-dc878d01d0d0,"size == ""1""","isEmpty == ""False""","peek_obj_type == ""class java.lang.String""","push == ""class java.lang.String""","pop == ""none""","clear == ""none""","size_p == ""1""",Yes
4903,1607885829973:b45b493a-9796-464e-a23e-751b335282a2,1607885829973:9f678bed-8abf-4854-ad8c-dc878d01d0d0,"size == ""2""","isEmpty == ""False""","peek_obj_type == ""class java.lang.String""","push == ""none""","pop == ""none""","clear == ""clear""","size_p == ""1""",Yes
4904,1607885829973:b45b493a-9796-464e-a23e-751b335282a2,1607885829973:9f678bed-8abf-4854-ad8c-dc878d01d0d0,"size == ""3""","isEmpty == ""False""","peek_obj_type == ""class java.lang.String""","push == ""none""","pop == ""none""","clear == ""clear""","size_p == ""2""",Yes
4905,1607885829973:b45b493a-9796-464e-a23e-751b335282a2,1607885829973:9f678bed-8abf-4854-ad8c-dc878d01d0d0,"size == ""4""","isEmpty == ""False""","peek_obj_type == ""class java.lang.String""","push == ""none""","pop == ""none""","clear == ""clear""","size_p == ""3""",Yes
4907,1607885829973:b45b493a-9796-464e-a23e-751b335282a2,1607885829973:0af25b4b-47c9-4076-81f0-f1a7be54f9a3,"size == ""0""","isEmpty == ""True""","peek_obj_type == ""EmptyObject""","push == ""class java.lang.String""","pop == ""none""","clear == ""none""","size_p == ""0""",Yes
4908,1607885829973:b45b493a-9796-464e-a23e-751b335282a2,1607885829973:0af25b4b-47c9-4076-81f0-f1a7be54f9a3,"size == ""0""","isEmpty == ""True""","peek_obj_type == ""EmptyObject""","push == ""none""","pop == ""EmptyObject""","clear == ""none""","size_p == ""0""",No
4910,1607885829973:989db456-23ea-4838-8489-5ccd6c96049c,1607885829973:c61ea30e-df5e-4159-90ca-f2cd92339dba,"size == ""0""","isEmpty == ""True""","peek_obj_type == ""EmptyObject""","push == ""class java.lang.String""","pop == ""none""","clear == ""none""","size_p == ""0""",Yes
4912,1607885829973:989db456-23ea-4838-8489-5ccd6c96049c,1607885829973:8a3713f7-9427-4934-90eb-d85ba71a9caa,"size == ""0""","isEmpty == ""True""","peek_obj_type == ""EmptyObject""","push == ""class java.lang.String""","pop == ""none""","clear == ""none""","size_p == ""0""",Yes
4913,1607885829973:989db456-23ea-4838-8489-5ccd6c96049c,1607885829973:8a3713f7-9427-4934-90eb-d85ba71a9caa,"size == ""0""","isEmpty == ""True""","peek_obj_type == ""EmptyObject""","push == ""none""","pop == ""EmptyObject""","clear == ""none""","size_p == ""0""",No
4915,1607885829973:74e8633b-1f79-4ebd-ba33-b21933b849d1,1607885829973:cd5b07af-4604-4c58-94b8-350650c0d7c0,"size == ""0""","isEmpty == ""True""","peek_obj_type == ""EmptyObject""","push == ""class java.lang.String""","pop == ""none""","clear == ""none""","size_p == ""0""",Yes
4916,1607885829973:74e8633b-1f79-4ebd-ba33-b21933b849d1,1607885829973:cd5b07af-4604-4c58-94b8-350650c0d7c0,"size == ""0""","isEmpty == ""True""","peek_obj_type == ""EmptyObject""","push == ""class java.lang.String""","pop == ""none""","clear == ""none""","size_p == ""0""",Yes
4918,1607885829973:74e8633b-1f79-4ebd-ba33-b21933b849d1,1607885829973:4913cfc7-f0dd-43e0-9af8-7c3bf2894c7e,"size == ""0""","isEmpty == ""True""","peek_obj_type == ""EmptyObject""","push == ""class java.lang.String""","pop == ""none""","clear == ""none""","size_p == ""0""",Yes
4919,1607885829973:74e8633b-1f79-4ebd-ba33-b21933b849d1,1607885829973:4913cfc7-f0dd-43e0-9af8-7c3bf2894c7e,"size == ""0""","isEmpty == ""True""","peek_obj_type == ""EmptyObject""","push == ""none""","pop == ""EmptyObject""","clear == ""none""","size_p == ""0""",No
4921,1607885829973:6196a8ab-c9e5-4fe3-8d8b-f329f61f8cf5,1607885829973:bf393b7f-01df-4f61-879b-6028a6691330,"size == ""0""","isEmpty == ""True""","peek_obj_type == ""EmptyObject""","push == ""class java.lang.String""","pop == ""none""","clear == ""none""","size_p == ""0""",Yes
4922,1607885829973:6196a8ab-c9e5-4fe3-8d8b-f329f61f8cf5,1607885829973:bf393b7f-01df-4f61-879b-6028a6691330,"size == ""0""","isEmpty == ""True""","peek_obj_type == ""EmptyObject""","push == ""class java.lang.String""","pop == ""none""","clear == ""none""","size_p == ""0""",Yes
4924,1607885829973:6196a8ab-c9e5-4fe3-8d8b-f329f61f8cf5,1607885829973:1814a91d-5c81-4f2c-bd29-f8a031d4c979,"size == ""0""","isEmpty == ""True""","peek_obj_type == ""EmptyObject""","push == ""class java.lang.String""","pop == ""none""","clear == ""none""","size_p == ""0""",Yes
4925,1607885829973:6196a8ab-c9e5-4fe3-8d8b-f329f61f8cf5,1607885829973:1814a91d-5c81-4f2c-bd29-f8a031d4c979,"size == ""0""","isEmpty == ""True""","peek_obj_type == ""EmptyObject""","push == ""none""","pop == ""EmptyObject""","clear == ""none""","size_p == ""0""",No
4927,1607885829973:512b17f7-ace2-4371-895a-9e2fc383aca9,1607885829973:9fa29718-7bf4-4351-b8e8-783a28d5664a,"size == ""0""","isEmpty == ""True""","peek_obj_type == ""EmptyObject""","push == ""class java.lang.String""","pop == ""none""","clear == ""none""","size_p == ""0""",Yes
4928,1607885829973:512b17f7-ace2-4371-895a-9e2fc383aca9,1607885829973:9fa29718-7bf4-4351-b8e8-783a28d5664a,"size == ""0""","isEmpty == ""True""","peek_obj_type == ""EmptyObject""","push == ""none""","pop == ""EmptyObject""","clear == ""none""","size_p == ""0""",No
4930,1607885829973:32564b0f-1cf8-4674-b7d9-9b143e667ed8,1607885829973:f68c8146-3e0b-43c4-9615-056c319a77eb,"size == ""0""","isEmpty == ""True""","peek_obj_type == ""EmptyObject""","push == ""class java.lang.String""","pop == ""none""","clear == ""none""","size_p == ""0""",Yes
4932,1607885829973:32564b0f-1cf8-4674-b7d9-9b143e667ed8,1607885829973:d1f5deb9-5dfc-4d55-a1aa-7f71c8b94a79,"size == ""0""","isEmpty == ""True""","peek_obj_type == ""EmptyObject""","push == ""class java.lang.String""","pop == ""none""","clear == ""none""","size_p == ""0""",Yes
4933,1607885829973:32564b0f-1cf8-4674-b7d9-9b143e667ed8,1607885829973:d1f5deb9-5dfc-4d55-a1aa-7f71c8b94a79,"size == ""0""","isEmpty == ""True""","peek_obj_type == ""EmptyObject""","push == ""none""","pop == ""EmptyObject""","clear == ""none""","size_p == ""0""",No
4935,1607885829973:1cf32faa-5594-4aac-a630-6feebdfd7b07,1607885829973:eb1966eb-c6a1-43d3-953a-26d9a77b4ff7,"size == ""0""","isEmpty == ""True""","peek_obj_type == ""EmptyObject""","push == ""class java.lang.String""","pop == ""none""","clear == ""none""","size_p == ""0""",Yes
4936,1607885829973:1cf32faa-5594-4aac-a630-6feebdfd7b07,1607885829973:eb1966eb-c6a1-43d3-953a-26d9a77b4ff7,"size == ""0""","isEmpty == ""True""","peek_obj_type == ""EmptyObject""","push == ""none""","pop == ""EmptyObject""","clear == ""none""","size_p == ""0""",No
4938,1607885829973:1cf32faa-5594-4aac-a630-6feebdfd7b07,1607885829973:969077d0-f26e-4ace-bc1c-6e73e4e16afc,"size == ""1""","isEmpty == ""False""","peek_obj_type == ""class java.lang.String""","push == ""none""","pop == ""none""","clear == ""clear""","size_p == ""0""",Yes
4939,1607885829973:1cf32faa-5594-4aac-a630-6feebdfd7b07,1607885829973:969077d0-f26e-4ace-bc1c-6e73e4e16afc,"size == ""1""","isEmpty == ""False""","peek_obj_type == ""class java.lang.String""","push == ""class java.lang.String""","pop == ""none""","clear == ""none""","size_p == ""1""",Yes
4940,1607885829973:1cf32faa-5594-4aac-a630-6feebdfd7b07,1607885829973:969077d0-f26e-4ace-bc1c-6e73e4e16afc,"size == ""2""","isEmpty == ""False""","peek_obj_type == ""class java.lang.String""","push == ""none""","pop == ""none""","clear == ""clear""","size_p == ""1""",Yes
4941,1607885829973:1cf32faa-5594-4aac-a630-6feebdfd7b07,1607885829973:969077d0-f26e-4ace-bc1c-6e73e4e16afc,"size == ""3""","isEmpty == ""False""","peek_obj_type == ""class java.lang.String""","push == ""none""","pop == ""none""","clear == ""clear""","size_p == ""2""",Yes
4942,1607885829973:1cf32faa-5594-4aac-a630-6feebdfd7b07,1607885829973:969077d0-f26e-4ace-bc1c-6e73e4e16afc,"size == ""4""","isEmpty == ""False""","peek_obj_type == ""class java.lang.String""","push == ""none""","pop == ""none""","clear == ""clear""","size_p == ""3""",Yes
4944,1607885829972:d17ad729-135d-49ac-8ff5-9e1674b52e4f,1607885829972:1b8b61db-2d1c-4d79-8a67-67f777092dba,"size == ""0""","isEmpty == ""True""","peek_obj_type == ""EmptyObject""","push == ""class java.lang.String""","pop == ""none""","clear == ""none""","size_p == ""0""",Yes
4946,1607885829972:d17ad729-135d-49ac-8ff5-9e1674b52e4f,1607885829972:09c73034-47c3-4b46-8018-dcda466c8080,"size == ""0""","isEmpty == ""True""","peek_obj_type == ""EmptyObject""","push == ""class java.lang.String""","pop == ""none""","clear == ""none""","size_p == ""0""",Yes
4947,1607885829972:d17ad729-135d-49ac-8ff5-9e1674b52e4f,1607885829972:09c73034-47c3-4b46-8018-dcda466c8080,"size == ""0""","isEmpty == ""True""","peek_obj_type == ""EmptyObject""","push == ""none""","pop == ""EmptyObject""","clear == ""none""","size_p == ""0""",No
4949,1607885829972:c18ca458-fcbe-4d5c-b994-79c85625700f,1607885829972:fc6cdc57-7667-4998-8cd1-96bdbd544cf3,"size == ""0""","isEmpty == ""True""","peek_obj_type == ""EmptyObject""","push == ""class java.lang.String""","pop == ""none""","clear == ""none""","size_p == ""0""",Yes
4950,1607885829972:c18ca458-fcbe-4d5c-b994-79c85625700f,1607885829972:fc6cdc57-7667-4998-8cd1-96bdbd544cf3,"size == ""0""","isEmpty == ""True""","peek_obj_type == ""EmptyObject""","push == ""class java.lang.String""","pop == ""none""","clear == ""none""","size_p == ""0""",Yes
4952,1607885829972:c18ca458-fcbe-4d5c-b994-79c85625700f,1607885829972:d67c68ef-1ac9-47a1-b2a6-cad8ea53a1e7,"size == ""0""","isEmpty == ""True""","peek_obj_type == ""EmptyObject""","push == ""class java.lang.String""","pop == ""none""","clear == ""none""","size_p == ""0""",Yes
4953,1607885829972:c18ca458-fcbe-4d5c-b994-79c85625700f,1607885829972:d67c68ef-1ac9-47a1-b2a6-cad8ea53a1e7,"size == ""0""","isEmpty == ""True""","peek_obj_type == ""EmptyObject""","push == ""none""","pop == ""EmptyObject""","clear == ""none""","size_p == ""0""",No
4955,1607885829972:bdd9b303-c35a-4cd0-9fe1-ba02c48190e7,1607885829972:5f088eab-8535-4c50-b3d5-8b1cd9b978db,"size == ""0""","isEmpty == ""True""","peek_obj_type == ""EmptyObject""","push == ""class java.lang.String""","pop == ""none""","clear == ""none""","size_p == ""0""",Yes
4957,1607885829972:bdd9b303-c35a-4cd0-9fe1-ba02c48190e7,1607885829972:02723896-f9a4-4051-85fd-c242a95ba793,"size == ""0""","isEmpty == ""True""","peek_obj_type == ""EmptyObject""","push == ""class java.lang.String""","pop == ""none""","clear == ""none""","size_p == ""0""",Yes
4958,1607885829972:bdd9b303-c35a-4cd0-9fe1-ba02c48190e7,1607885829972:02723896-f9a4-4051-85fd-c242a95ba793,"size == ""0""","isEmpty == ""True""","peek_obj_type == ""EmptyObject""","push == ""none""","pop == ""EmptyObject""","clear == ""none""","size_p == ""0""",No
4960,1607885829972:b60ac88b-73ad-4712-b17f-bb257c33c9a6,1607885829972:d48c7915-5b03-4daa-a334-e897b95478f1,"size == ""0""","isEmpty == ""True""","peek_obj_type == ""EmptyObject""","push == ""class java.lang.String""","pop == ""none""","clear == ""none""","size_p == ""0""",Yes
4961,1607885829972:b60ac88b-73ad-4712-b17f-bb257c33c9a6,1607885829972:d48c7915-5b03-4daa-a334-e897b95478f1,"size == ""0""","isEmpty == ""True""","peek_obj_type == ""EmptyObject""","push == ""none""","pop == ""EmptyObject""","clear == ""none""","size_p == ""0""",No
4963,1607885829972:b60ac88b-73ad-4712-b17f-bb257c33c9a6,1607885829972:43353fb1-5efc-4b59-979b-0ec65038ae1a,"size == ""0""","isEmpty == ""True""","peek_obj_type == ""EmptyObject""","push == ""class java.lang.String""","pop == ""none""","clear == ""none""","size_p == ""0""",Yes
4964,1607885829972:b60ac88b-73ad-4712-b17f-bb257c33c9a6,1607885829972:43353fb1-5efc-4b59-979b-0ec65038ae1a,"size == ""0""","isEmpty == ""True""","peek_obj_type == ""EmptyObject""","push == ""class java.lang.String""","pop == ""none""","clear == ""none""","size_p == ""0""",Yes
4966,1607885829972:46ed6604-b9dd-4d4d-8943-61cd77274754,1607885829972:ef018f56-60f3-4c5a-8210-78e155695389,"size == ""0""","isEmpty == ""True""","peek_obj_type == ""EmptyObject""","push == ""class java.lang.String""","pop == ""none""","clear == ""none""","size_p == ""0""",Yes
4967,1607885829972:46ed6604-b9dd-4d4d-8943-61cd77274754,1607885829972:ef018f56-60f3-4c5a-8210-78e155695389,"size == ""0""","isEmpty == ""True""","peek_obj_type == ""EmptyObject""","push == ""class java.lang.String""","pop == ""none""","clear == ""none""","size_p == ""0""",Yes
4969,1607885829972:46ed6604-b9dd-4d4d-8943-61cd77274754,1607885829972:23d78a7d-23af-4461-a1ea-4040d5bf2008,"size == ""0""","isEmpty == ""True""","peek_obj_type == ""EmptyObject""","push == ""class java.lang.String""","pop == ""none""","clear == ""none""","size_p == ""0""",Yes
4970,1607885829972:46ed6604-b9dd-4d4d-8943-61cd77274754,1607885829972:23d78a7d-23af-4461-a1ea-4040d5bf2008,"size == ""0""","isEmpty == ""True""","peek_obj_type == ""EmptyObject""","push == ""none""","pop == ""EmptyObject""","clear == ""none""","size_p == ""0""",No
4972,1607885829972:16dbccd8-ea63-4df2-ac33-b014107a1c23,1607885829972:08a34b61-f88a-433a-9c0c-38e26fd17319,"size == ""0""","isEmpty == ""True""","peek_obj_type == ""EmptyObject""","push == ""class java.lang.String""","pop == ""none""","clear == ""none""","size_p == ""0""",Yes
4973,1607885829972:16dbccd8-ea63-4df2-ac33-b014107a1c23,1607885829972:08a34b61-f88a-433a-9c0c-38e26fd17319,"size == ""0""","isEmpty == ""True""","peek_obj_type == ""EmptyObject""","push == ""none""","pop == ""EmptyObject""","clear == ""none""","size_p == ""0""",No
4975,1607885829972:148bcda4-0ad2-460b-9b74-2ea407ac79aa,1607885829972:c42b904e-f2a0-40bd-844d-31a9014196ed,"size == ""0""","isEmpty == ""True""","peek_obj_type == ""EmptyObject""","push == ""class java.lang.String""","pop == ""none""","clear == ""none""","size_p == ""0""",Yes
4976,1607885829972:148bcda4-0ad2-460b-9b74-2ea407ac79aa,1607885829972:c42b904e-f2a0-40bd-844d-31a9014196ed,"size == ""0""","isEmpty == ""True""","peek_obj_type == ""EmptyObject""","push == ""none""","pop == ""EmptyObject""","clear == ""none""","size_p == ""0""",No
4978,1607885829971:db74093d-6f65-4ab1-8111-f5a1cffad48b,1607885829971:8665a364-e7d9-4a6c-ba7b-f261c21fcd99,"size == ""0""","isEmpty == ""True""","peek_obj_type == ""EmptyObject""","push == ""class java.lang.String""","pop == ""none""","clear == ""none""","size_p == ""0""",Yes
4979,1607885829971:db74093d-6f65-4ab1-8111-f5a1cffad48b,1607885829971:8665a364-e7d9-4a6c-ba7b-f261c21fcd99,"size == ""0""","isEmpty == ""True""","peek_obj_type == ""EmptyObject""","push == ""none""","pop == ""EmptyObject""","clear == ""none""","size_p == ""0""",No
4981,1607885829971:bdd89c7f-83ab-4b45-835d-89f0a1ce5237,1607885829971:8660f333-e332-41b0-99a9-a9b1ea26888e,"size == ""1""","isEmpty == ""False""","peek_obj_type == ""class java.lang.String""","push == ""none""","pop == ""none""","clear == ""clear""","size_p == ""0""",Yes
4982,1607885829971:bdd89c7f-83ab-4b45-835d-89f0a1ce5237,1607885829971:8660f333-e332-41b0-99a9-a9b1ea26888e,"size == ""1""","isEmpty == ""False""","peek_obj_type == ""class java.lang.String""","push == ""class java.lang.String""","pop == ""none""","clear == ""none""","size_p == ""1""",Yes
4983,1607885829971:bdd89c7f-83ab-4b45-835d-89f0a1ce5237,1607885829971:8660f333-e332-41b0-99a9-a9b1ea26888e,"size == ""2""","isEmpty == ""False""","peek_obj_type == ""class java.lang.String""","push == ""none""","pop == ""none""","clear == ""clear""","size_p == ""1""",Yes
4984,1607885829971:bdd89c7f-83ab-4b45-835d-89f0a1ce5237,1607885829971:8660f333-e332-41b0-99a9-a9b1ea26888e,"size == ""3""","isEmpty == ""False""","peek_obj_type == ""class java.lang.String""","push == ""none""","pop == ""none""","clear == ""clear""","size_p == ""2""",Yes
4985,1607885829971:bdd89c7f-83ab-4b45-835d-89f0a1ce5237,1607885829971:8660f333-e332-41b0-99a9-a9b1ea26888e,"size == ""4""","isEmpty == ""False""","peek_obj_type == ""class java.lang.String""","push == ""none""","pop == ""none""","clear == ""clear""","size_p == ""3""",Yes
4988,1607885829971:bdd89c7f-83ab-4b45-835d-89f0a1ce5237,1607885829971:3a4d8064-6fcf-4d00-b1a5-04041ac756fe,"size == ""0""","isEmpty == ""True""","peek_obj_type == ""EmptyObject""","push == ""class java.lang.String""","pop == ""none""","clear == ""none""","size_p == ""0""",Yes
4990,1607885829971:bdd89c7f-83ab-4b45-835d-89f0a1ce5237,1607885829971:228bfd12-8261-4ef7-a402-3a54b8e66370,"size == ""0""","isEmpty == ""True""","peek_obj_type == ""EmptyObject""","push == ""class java.lang.String""","pop == ""none""","clear == ""none""","size_p == ""0""",Yes
4991,1607885829971:bdd89c7f-83ab-4b45-835d-89f0a1ce5237,1607885829971:228bfd12-8261-4ef7-a402-3a54b8e66370,"size == ""0""","isEmpty == ""True""","peek_obj_type == ""EmptyObject""","push == ""none""","pop == ""EmptyObject""","clear == ""none""","size_p == ""0""",No
4993,1607885829971:9c3691e6-9b9d-47dd-bcd8-ffd0e70ed451,1607885829971:df4d08af-aeb7-426f-a1da-b335b3b1009b,"size == ""0""","isEmpty == ""True""","peek_obj_type == ""EmptyObject""","push == ""class java.lang.String""","pop == ""none""","clear == ""none""","size_p == ""0""",Yes
4994,1607885829971:9c3691e6-9b9d-47dd-bcd8-ffd0e70ed451,1607885829971:df4d08af-aeb7-426f-a1da-b335b3b1009b,"size == ""0""","isEmpty == ""True""","peek_obj_type == ""EmptyObject""","push == ""none""","pop == ""EmptyObject""","clear == ""none""","size_p == ""0""",No
4996,1607885829971:9c3691e6-9b9d-47dd-bcd8-ffd0e70ed451,1607885829971:4f36458f-59f9-4ea6-bcc5-0adc3e51dbe2,"size == ""1""","isEmpty == ""False""","peek_obj_type == ""class java.lang.String""","push == ""none""","pop == ""none""","clear == ""clear""","size_p == ""0""",Yes
4997,1607885829971:9c3691e6-9b9d-47dd-bcd8-ffd0e70ed451,1607885829971:4f36458f-59f9-4ea6-bcc5-0adc3e51dbe2,"size == ""1""","isEmpty == ""False""","peek_obj_type == ""class java.lang.String""","push == ""class java.lang.String""","pop == ""none""","clear == ""none""","size_p == ""1""",Yes
4998,1607885829971:9c3691e6-9b9d-47dd-bcd8-ffd0e70ed451,1607885829971:4f36458f-59f9-4ea6-bcc5-0adc3e51dbe2,"size == ""2""","isEmpty == ""False""","peek_obj_type == ""class java.lang.String""","push == ""none""","pop == ""none""","clear == ""clear""","size_p == ""1""",Yes
5000,1607885829971:8109b7ce-ba23-48b8-aa2c-bb53fecc8bcd,1607885829971:8e40e3c4-1075-40f9-bea3-0fc904007e5c,"size == ""0""","isEmpty == ""True""","peek_obj_type == ""EmptyObject""","push == ""class java.lang.String""","pop == ""none""","clear == ""none""","size_p == ""0""",Yes
5001,1607885829971:8109b7ce-ba23-48b8-aa2c-bb53fecc8bcd,1607885829971:8e40e3c4-1075-40f9-bea3-0fc904007e5c,"size == ""0""","isEmpty == ""True""","peek_obj_type == ""EmptyObject""","push == ""none""","pop == ""EmptyObject""","clear == ""none""","size_p == ""0""",No
5003,1607885829971:8109b7ce-ba23-48b8-aa2c-bb53fecc8bcd,1607885829971:13a3bcb1-87a2-4005-b15d-02f56c35102f,"size == ""1""","isEmpty == ""False""","peek_obj_type == ""class java.lang.String""","push == ""none""","pop == ""none""","clear == ""clear""","size_p == ""0""",Yes
5004,1607885829971:8109b7ce-ba23-48b8-aa2c-bb53fecc8bcd,1607885829971:13a3bcb1-87a2-4005-b15d-02f56c35102f,"size == ""1""","isEmpty == ""False""","peek_obj_type == ""class java.lang.String""","push == ""class java.lang.String""","pop == ""none""","clear == ""none""","size_p == ""1""",Yes
5005,1607885829971:8109b7ce-ba23-48b8-aa2c-bb53fecc8bcd,1607885829971:13a3bcb1-87a2-4005-b15d-02f56c35102f,"size == ""0""","isEmpty == ""True""","peek_obj_type == ""EmptyObject""","push == ""none""","pop == ""EmptyObject""","clear == ""none""","size_p == ""1""",No
5006,1607885829971:8109b7ce-ba23-48b8-aa2c-bb53fecc8bcd,1607885829971:13a3bcb1-87a2-4005-b15d-02f56c35102f,"size == ""1""","isEmpty == ""False""","peek_obj_type == ""class java.lang.String""","push == ""none""","pop == ""none""","clear == ""clear""","size_p == ""0""",Yes
5008,1607885829971:8109b7ce-ba23-48b8-aa2c-bb53fecc8bcd,1607885829971:0092cbee-94dd-4182-b1bb-88009d6411e6,"size == ""0""","isEmpty == ""True""","peek_obj_type == ""EmptyObject""","push == ""class java.lang.String""","pop == ""none""","clear == ""none""","size_p == ""0""",Yes
5009,1607885829971:8109b7ce-ba23-48b8-aa2c-bb53fecc8bcd,1607885829971:0092cbee-94dd-4182-b1bb-88009d6411e6,"size == ""0""","isEmpty == ""True""","peek_obj_type == ""EmptyObject""","push == ""class java.lang.String""","pop == ""none""","clear == ""none""","size_p == ""0""",Yes
5011,1607885829971:43ca31bf-9430-4b07-8dad-576315028444,1607885829971:a4794325-66d6-4047-9108-3b00e66632ce,"size == ""0""","isEmpty == ""True""","peek_obj_type == ""EmptyObject""","push == ""class java.lang.String""","pop == ""none""","clear == ""none""","size_p == ""0""",Yes
5012,1607885829971:43ca31bf-9430-4b07-8dad-576315028444,1607885829971:a4794325-66d6-4047-9108-3b00e66632ce,"size == ""0""","isEmpty == ""True""","peek_obj_type == ""EmptyObject""","push == ""none""","pop == ""EmptyObject""","clear == ""none""","size_p == ""0""",No
5014,1607885829971:284b8559-c70b-4f36-9da7-3b39c712e440,1607885829971:6b534473-223b-4d5e-8710-3cb218740555,"size == ""0""","isEmpty == ""True""","peek_obj_type == ""EmptyObject""","push == ""class java.lang.String""","pop == ""none""","clear == ""none""","size_p == ""0""",Yes
5015,1607885829971:284b8559-c70b-4f36-9da7-3b39c712e440,1607885829971:6b534473-223b-4d5e-8710-3cb218740555,"size == ""0""","isEmpty == ""True""","peek_obj_type == ""EmptyObject""","push == ""none""","pop == ""EmptyObject""","clear == ""none""","size_p == ""0""",No
5017,1607885829970:fabd289c-e05e-4998-ac70-acf6995a7e24,1607885829970:f58d18d8-415a-440d-a7b8-bf003c77651b,"size == ""1""","isEmpty == ""False""","peek_obj_type == ""class java.lang.String""","push == ""none""","pop == ""none""","clear == ""clear""","size_p == ""0""",Yes
5018,1607885829970:fabd289c-e05e-4998-ac70-acf6995a7e24,1607885829970:f58d18d8-415a-440d-a7b8-bf003c77651b,"size == ""1""","isEmpty == ""False""","peek_obj_type == ""class java.lang.String""","push == ""class java.lang.String""","pop == ""none""","clear == ""none""","size_p == ""1""",Yes
5019,1607885829970:fabd289c-e05e-4998-ac70-acf6995a7e24,1607885829970:f58d18d8-415a-440d-a7b8-bf003c77651b,"size == ""2""","isEmpty == ""False""","peek_obj_type == ""class java.lang.String""","push == ""none""","pop == ""none""","clear == ""clear""","size_p == ""1""",Yes
5020,1607885829970:fabd289c-e05e-4998-ac70-acf6995a7e24,1607885829970:f58d18d8-415a-440d-a7b8-bf003c77651b,"size == ""3""","isEmpty == ""False""","peek_obj_type == ""class java.lang.String""","push == ""none""","pop == ""none""","clear == ""clear""","size_p == ""2""",Yes
5021,1607885829970:fabd289c-e05e-4998-ac70-acf6995a7e24,1607885829970:f58d18d8-415a-440d-a7b8-bf003c77651b,"size == ""4""","isEmpty == ""False""","peek_obj_type == ""class java.lang.String""","push == ""none""","pop == ""none""","clear == ""clear""","size_p == ""3""",Yes
5023,1607885829970:fabd289c-e05e-4998-ac70-acf6995a7e24,1607885829970:825013f8-d62d-4bab-8d50-e15383b68de8,"size == ""0""","isEmpty == ""True""","peek_obj_type == ""EmptyObject""","push == ""class java.lang.String""","pop == ""none""","clear == ""none""","size_p == ""0""",Yes
5024,1607885829970:fabd289c-e05e-4998-ac70-acf6995a7e24,1607885829970:825013f8-d62d-4bab-8d50-e15383b68de8,"size == ""0""","isEmpty == ""True""","peek_obj_type == ""EmptyObject""","push == ""none""","pop == ""EmptyObject""","clear == ""none""","size_p == ""0""",No
5026,1607885829970:93b7632b-fdcc-4554-a0b2-3dd7a45dfbca,1607885829970:40730cfe-73d0-4922-bd1f-b5030de898b1,"size == ""1""","isEmpty == ""False""","peek_obj_type == ""class java.lang.String""","push == ""none""","pop == ""none""","clear == ""clear""","size_p == ""0""",Yes
5027,1607885829970:93b7632b-fdcc-4554-a0b2-3dd7a45dfbca,1607885829970:40730cfe-73d0-4922-bd1f-b5030de898b1,"size == ""1""","isEmpty == ""False""","peek_obj_type == ""class java.lang.String""","push == ""class java.lang.String""","pop == ""none""","clear == ""none""","size_p == ""1""",Yes
5028,1607885829970:93b7632b-fdcc-4554-a0b2-3dd7a45dfbca,1607885829970:40730cfe-73d0-4922-bd1f-b5030de898b1,"size == ""2""","isEmpty == ""False""","peek_obj_type == ""class java.lang.String""","push == ""none""","pop == ""none""","clear == ""clear""","size_p == ""1""",Yes
5030,1607885829970:93b7632b-fdcc-4554-a0b2-3dd7a45dfbca,1607885829970:3bc60a23-34a3-490f-b8ae-a02e010e7998,"size == ""0""","isEmpty == ""True""","peek_obj_type == ""EmptyObject""","push == ""class java.lang.String""","pop == ""none""","clear == ""none""","size_p == ""0""",Yes
5031,1607885829970:93b7632b-fdcc-4554-a0b2-3dd7a45dfbca,1607885829970:3bc60a23-34a3-490f-b8ae-a02e010e7998,"size == ""0""","isEmpty == ""True""","peek_obj_type == ""EmptyObject""","push == ""none""","pop == ""EmptyObject""","clear == ""none""","size_p == ""0""",No
5033,1607885829970:718e7464-d228-40aa-b0e6-bda88eaee2a5,1607885829970:9d46d949-935d-4bb0-bd63-6284f6eceedc,"size == ""0""","isEmpty == ""True""","peek_obj_type == ""EmptyObject""","push == ""class java.lang.String""","pop == ""none""","clear == ""none""","size_p == ""0""",Yes
5034,1607885829970:718e7464-d228-40aa-b0e6-bda88eaee2a5,1607885829970:9d46d949-935d-4bb0-bd63-6284f6eceedc,"size == ""0""","isEmpty == ""True""","peek_obj_type == ""EmptyObject""","push == ""class java.lang.String""","pop == ""none""","clear == ""none""","size_p == ""0""",Yes
5036,1607885829970:718e7464-d228-40aa-b0e6-bda88eaee2a5,1607885829970:837f1a09-4062-4f35-a0f8-89cd73407eb1,"size == ""0""","isEmpty == ""True""","peek_obj_type == ""EmptyObject""","push == ""class java.lang.String""","pop == ""none""","clear == ""none""","size_p == ""0""",Yes
5037,1607885829970:718e7464-d228-40aa-b0e6-bda88eaee2a5,1607885829970:837f1a09-4062-4f35-a0f8-89cd73407eb1,"size == ""0""","isEmpty == ""True""","peek_obj_type == ""EmptyObject""","push == ""none""","pop == ""EmptyObject""","clear == ""none""","size_p == ""0""",No
5039,1607885829970:6ffedfef-9f5f-47fa-8737-8869f0afe60e,1607885829970:25088103-c8ba-4754-9d94-a62576fc505b,"size == ""0""","isEmpty == ""True""","peek_obj_type == ""EmptyObject""","push == ""class java.lang.String""","pop == ""none""","clear == ""none""","size_p == ""0""",Yes
5040,1607885829970:6ffedfef-9f5f-47fa-8737-8869f0afe60e,1607885829970:25088103-c8ba-4754-9d94-a62576fc505b,"size == ""0""","isEmpty == ""True""","peek_obj_type == ""EmptyObject""","push == ""none""","pop == ""EmptyObject""","clear == ""none""","size_p == ""0""",No
5042,1607885829970:4572a633-2893-4871-abe0-bccbbb3e2bcc,1607885829970:3f5e8d34-062e-4fe0-a3e4-16e2a7296567,"size == ""0""","isEmpty == ""True""","peek_obj_type == ""EmptyObject""","push == ""class java.lang.String""","pop == ""none""","clear == ""none""","size_p == ""0""",Yes
5043,1607885829970:4572a633-2893-4871-abe0-bccbbb3e2bcc,1607885829970:3f5e8d34-062e-4fe0-a3e4-16e2a7296567,"size == ""0""","isEmpty == ""True""","peek_obj_type == ""EmptyObject""","push == ""none""","pop == ""EmptyObject""","clear == ""none""","size_p == ""0""",No
5045,1607885829970:24367a1b-fe5c-487b-9906-3287f1a55d17,1607885829970:cd22a15b-09ad-4fbe-a65a-560142fb4ae0,"size == ""0""","isEmpty == ""True""","peek_obj_type == ""EmptyObject""","push == ""class java.lang.String""","pop == ""none""","clear == ""none""","size_p == ""0""",Yes
5047,1607885829970:24367a1b-fe5c-487b-9906-3287f1a55d17,1607885829970:8236dc5c-1f6d-4d74-a2f4-b587aa0e5ed0,"size == ""0""","isEmpty == ""True""","peek_obj_type == ""EmptyObject""","push == ""class java.lang.String""","pop == ""none""","clear == ""none""","size_p == ""0""",Yes
5048,1607885829970:24367a1b-fe5c-487b-9906-3287f1a55d17,1607885829970:8236dc5c-1f6d-4d74-a2f4-b587aa0e5ed0,"size == ""0""","isEmpty == ""True""","peek_obj_type == ""EmptyObject""","push == ""none""","pop == ""EmptyObject""","clear == ""none""","size_p == ""0""",No
5050,1607885829970:01ceb10d-feca-4318-a7aa-39c625ecc289,1607885829970:5533df74-dc33-422b-b946-b2099ace49a5,"size == ""0""","isEmpty == ""True""","peek_obj_type == ""EmptyObject""","push == ""class java.lang.String""","pop == ""none""","clear == ""none""","size_p == ""0""",Yes
5051,1607885829970:01ceb10d-feca-4318-a7aa-39c625ecc289,1607885829970:5533df74-dc33-422b-b946-b2099ace49a5,"size == ""0""","isEmpty == ""True""","peek_obj_type == ""EmptyObject""","push == ""none""","pop == ""EmptyObject""","clear == ""none""","size_p == ""0""",No
5053,1607885829969:fe078dc8-3f6a-4a50-bc8a-c7e14deb0cd8,1607885829969:e1269d81-c7d1-4595-9d62-efe9efd08cca,"size == ""0""","isEmpty == ""True""","peek_obj_type == ""EmptyObject""","push == ""class java.lang.String""","pop == ""none""","clear == ""none""","size_p == ""0""",Yes
5054,1607885829969:fe078dc8-3f6a-4a50-bc8a-c7e14deb0cd8,1607885829969:e1269d81-c7d1-4595-9d62-efe9efd08cca,"size == ""0""","isEmpty == ""True""","peek_obj_type == ""EmptyObject""","push == ""none""","pop == ""EmptyObject""","clear == ""none""","size_p == ""0""",No
5056,1607885829969:d5e7e71b-76d5-4f94-9cae-0d3c6ab5a380,1607885829969:3ed8387e-1cbd-4a68-b784-6c00bff8b087,"size == ""0""","isEmpty == ""True""","peek_obj_type == ""EmptyObject""","push == ""class java.lang.String""","pop == ""none""","clear == ""none""","size_p == ""0""",Yes
5057,1607885829969:d5e7e71b-76d5-4f94-9cae-0d3c6ab5a380,1607885829969:3ed8387e-1cbd-4a68-b784-6c00bff8b087,"size == ""0""","isEmpty == ""True""","peek_obj_type == ""EmptyObject""","push == ""none""","pop == ""EmptyObject""","clear == ""none""","size_p == ""0""",No
5059,1607885829969:c99249cc-d92a-4b1b-81ea-3db063504a07,1607885829969:12a3e6cb-aa12-4e95-a575-3d3bb0a6eb8d,"size == ""0""","isEmpty == ""True""","peek_obj_type == ""EmptyObject""","push == ""class java.lang.String""","pop == ""none""","clear == ""none""","size_p == ""0""",Yes
5060,1607885829969:c99249cc-d92a-4b1b-81ea-3db063504a07,1607885829969:12a3e6cb-aa12-4e95-a575-3d3bb0a6eb8d,"size == ""0""","isEmpty == ""True""","peek_obj_type == ""EmptyObject""","push == ""none""","pop == ""EmptyObject""","clear == ""none""","size_p == ""0""",No
5062,1607885829969:78cc3656-9c7f-4e33-a18f-677303ba7001,1607885829969:363a5629-1fe0-4bf8-9268-6ba463f06b5f,"size == ""0""","isEmpty == ""True""","peek_obj_type == ""EmptyObject""","push == ""class java.lang.String""","pop == ""none""","clear == ""none""","size_p == ""0""",Yes
5063,1607885829969:78cc3656-9c7f-4e33-a18f-677303ba7001,1607885829969:363a5629-1fe0-4bf8-9268-6ba463f06b5f,"size == ""0""","isEmpty == ""True""","peek_obj_type == ""EmptyObject""","push == ""none""","pop == ""EmptyObject""","clear == ""none""","size_p == ""0""",No
5065,1607885829969:2a79a4cb-59aa-44a2-8c82-c7e7707eb7ce,1607885829969:1abfe487-1cd7-4f19-8f64-93f600c31967,"size == ""0""","isEmpty == ""True""","peek_obj_type == ""EmptyObject""","push == ""class java.lang.String""","pop == ""none""","clear == ""none""","size_p == ""0""",Yes
5066,1607885829969:2a79a4cb-59aa-44a2-8c82-c7e7707eb7ce,1607885829969:1abfe487-1cd7-4f19-8f64-93f600c31967,"size == ""0""","isEmpty == ""True""","peek_obj_type == ""EmptyObject""","push == ""none""","pop == ""EmptyObject""","clear == ""none""","size_p == ""0""",No
5068,1607885829969:19905c4b-03f8-430d-8083-75861af3ab94,1607885829969:79de5039-1633-43e6-ae8b-6930b17e94bd,"size == ""0""","isEmpty == ""True""","peek_obj_type == ""EmptyObject""","push == ""class java.lang.String""","pop == ""none""","clear == ""none""","size_p == ""0""",Yes
5069,1607885829969:19905c4b-03f8-430d-8083-75861af3ab94,1607885829969:79de5039-1633-43e6-ae8b-6930b17e94bd,"size == ""0""","isEmpty == ""True""","peek_obj_type == ""EmptyObject""","push == ""none""","pop == ""EmptyObject""","clear == ""none""","size_p == ""0""",No
5071,1607885829969:1957cb06-a592-4986-b353-c78ea34fdf44,1607885829970:b42ac1eb-8130-49a1-9482-61e9310455b6,"size == ""0""","isEmpty == ""True""","peek_obj_type == ""EmptyObject""","push == ""class java.lang.String""","pop == ""none""","clear == ""none""","size_p == ""0""",Yes
5072,1607885829969:1957cb06-a592-4986-b353-c78ea34fdf44,1607885829970:b42ac1eb-8130-49a1-9482-61e9310455b6,"size == ""0""","isEmpty == ""True""","peek_obj_type == ""EmptyObject""","push == ""none""","pop == ""EmptyObject""","clear == ""none""","size_p == ""0""",No
5074,1607885829969:1957cb06-a592-4986-b353-c78ea34fdf44,1607885829969:6373902c-6cd3-4b12-971d-fbbb11945d15,"size == ""0""","isEmpty == ""True""","peek_obj_type == ""EmptyObject""","push == ""class java.lang.String""","pop == ""none""","clear == ""none""","size_p == ""0""",Yes
5076,1607885829969:098d06c4-9057-4a54-9bc7-71f58caa7331,1607885829969:de40a1ee-f900-4738-8b07-7bf23bf64654,"size == ""0""","isEmpty == ""True""","peek_obj_type == ""EmptyObject""","push == ""class java.lang.String""","pop == ""none""","clear == ""none""","size_p == ""0""",Yes
5077,1607885829969:098d06c4-9057-4a54-9bc7-71f58caa7331,1607885829969:de40a1ee-f900-4738-8b07-7bf23bf64654,"size == ""0""","isEmpty == ""True""","peek_obj_type == ""EmptyObject""","push == ""none""","pop == ""EmptyObject""","clear == ""none""","size_p == ""0""",No
5079,1607885829968:f466c2dd-8a1b-42b2-b14b-1ea6a37e5c34,1607885829968:59ee3644-e8d6-452d-9da0-a41fa2383862,"size == ""0""","isEmpty == ""True""","peek_obj_type == ""EmptyObject""","push == ""class java.lang.String""","pop == ""none""","clear == ""none""","size_p == ""0""",Yes
5080,1607885829968:f466c2dd-8a1b-42b2-b14b-1ea6a37e5c34,1607885829968:59ee3644-e8d6-452d-9da0-a41fa2383862,"size == ""0""","isEmpty == ""True""","peek_obj_type == ""EmptyObject""","push == ""none""","pop == ""EmptyObject""","clear == ""none""","size_p == ""0""",No
5082,1607885829968:f344c377-5a18-436d-80a9-2c9a9c2559d5,1607885829969:59835554-7777-4ba8-a560-ded422510873,"size == ""0""","isEmpty == ""True""","peek_obj_type == ""EmptyObject""","push == ""class java.lang.String""","pop == ""none""","clear == ""none""","size_p == ""0""",Yes
5083,1607885829968:f344c377-5a18-436d-80a9-2c9a9c2559d5,1607885829969:59835554-7777-4ba8-a560-ded422510873,"size == ""0""","isEmpty == ""True""","peek_obj_type == ""EmptyObject""","push == ""none""","pop == ""EmptyObject""","clear == ""none""","size_p == ""0""",No
5085,1607885829968:f344c377-5a18-436d-80a9-2c9a9c2559d5,1607885829969:1548d36a-ffab-4e4f-9117-128501200719,"size == ""1""","isEmpty == ""False""","peek_obj_type == ""class java.lang.String""","push == ""none""","pop == ""none""","clear == ""clear""","size_p == ""0""",Yes
5086,1607885829968:f344c377-5a18-436d-80a9-2c9a9c2559d5,1607885829969:1548d36a-ffab-4e4f-9117-128501200719,"size == ""1""","isEmpty == ""False""","peek_obj_type == ""class java.lang.String""","push == ""class java.lang.String""","pop == ""none""","clear == ""none""","size_p == ""1""",Yes
5087,1607885829968:f344c377-5a18-436d-80a9-2c9a9c2559d5,1607885829969:1548d36a-ffab-4e4f-9117-128501200719,"size == ""0""","isEmpty == ""True""","peek_obj_type == ""EmptyObject""","push == ""none""","pop == ""EmptyObject""","clear == ""none""","size_p == ""1""",No
5088,1607885829968:f344c377-5a18-436d-80a9-2c9a9c2559d5,1607885829969:1548d36a-ffab-4e4f-9117-128501200719,"size == ""1""","isEmpty == ""False""","peek_obj_type == ""class java.lang.String""","push == ""none""","pop == ""none""","clear == ""clear""","size_p == ""0""",Yes
5090,1607885829968:f344c377-5a18-436d-80a9-2c9a9c2559d5,1607885829968:b239831d-5c4b-42db-a2d5-6127292a3711,"size == ""0""","isEmpty == ""True""","peek_obj_type == ""EmptyObject""","push == ""class java.lang.String""","pop == ""none""","clear == ""none""","size_p == ""0""",Yes
5091,1607885829968:f344c377-5a18-436d-80a9-2c9a9c2559d5,1607885829968:b239831d-5c4b-42db-a2d5-6127292a3711,"size == ""0""","isEmpty == ""True""","peek_obj_type == ""EmptyObject""","push == ""class java.lang.String""","pop == ""none""","clear == ""none""","size_p == ""0""",Yes
5092,1607885829968:f344c377-5a18-436d-80a9-2c9a9c2559d5,1607885829968:b239831d-5c4b-42db-a2d5-6127292a3711,"size == ""0""","isEmpty == ""True""","peek_obj_type == ""EmptyObject""","push == ""class java.lang.String""","pop == ""none""","clear == ""none""","size_p == ""0""",Yes
5094,1607885829968:ddead024-8498-4a9a-99bc-b7d5a29c71e6,1607885829968:c7a72cb9-5edd-4c7c-9546-a495ddf9ac75,"size == ""0""","isEmpty == ""True""","peek_obj_type == ""EmptyObject""","push == ""class java.lang.String""","pop == ""none""","clear == ""none""","size_p == ""0""",Yes
5095,1607885829968:ddead024-8498-4a9a-99bc-b7d5a29c71e6,1607885829968:c7a72cb9-5edd-4c7c-9546-a495ddf9ac75,"size == ""0""","isEmpty == ""True""","peek_obj_type == ""EmptyObject""","push == ""none""","pop == ""EmptyObject""","clear == ""none""","size_p == ""0""",No
5097,1607885829968:bae301f0-0ce1-4b24-b45f-044eccb9e807,1607885829968:84dbdeef-fcb7-4c8e-8039-e82d9b73602f,"size == ""0""","isEmpty == ""True""","peek_obj_type == ""EmptyObject""","push == ""class java.lang.String""","pop == ""none""","clear == ""none""","size_p == ""0""",Yes
5098,1607885829968:bae301f0-0ce1-4b24-b45f-044eccb9e807,1607885829968:84dbdeef-fcb7-4c8e-8039-e82d9b73602f,"size == ""0""","isEmpty == ""True""","peek_obj_type == ""EmptyObject""","push == ""none""","pop == ""EmptyObject""","clear == ""none""","size_p == ""0""",No
5100,1607885829968:8ec2fe7f-f5c1-4f48-b2a6-5d846db9c8a3,1607885829968:a6058f36-a98b-46f7-920f-2765ecc8b896,"size == ""0""","isEmpty == ""True""","peek_obj_type == ""EmptyObject""","push == ""class java.lang.String""","pop == ""none""","clear == ""none""","size_p == ""0""",Yes
5101,1607885829968:8ec2fe7f-f5c1-4f48-b2a6-5d846db9c8a3,1607885829968:a6058f36-a98b-46f7-920f-2765ecc8b896,"size == ""0""","isEmpty == ""True""","peek_obj_type == ""EmptyObject""","push == ""none""","pop == ""EmptyObject""","clear == ""none""","size_p == ""0""",No
5103,1607885829968:7d55f183-834d-44c8-91cb-dd37be3d6c8b,1607885829968:d9733d73-5f07-4c0b-a744-9ac94f70e23b,"size == ""0""","isEmpty == ""True""","peek_obj_type == ""EmptyObject""","push == ""class java.lang.String""","pop == ""none""","clear == ""none""","size_p == ""0""",Yes
5104,1607885829968:7d55f183-834d-44c8-91cb-dd37be3d6c8b,1607885829968:d9733d73-5f07-4c0b-a744-9ac94f70e23b,"size == ""0""","isEmpty == ""True""","peek_obj_type == ""EmptyObject""","push == ""class java.lang.String""","pop == ""none""","clear == ""none""","size_p == ""0""",Yes
5106,1607885829968:7d55f183-834d-44c8-91cb-dd37be3d6c8b,1607885829968:a07ef21f-1e8f-4f8e-bc89-2f921c043daa,"size == ""0""","isEmpty == ""True""","peek_obj_type == ""EmptyObject""","push == ""class java.lang.String""","pop == ""none""","clear == ""none""","size_p == ""0""",Yes
5107,1607885829968:7d55f183-834d-44c8-91cb-dd37be3d6c8b,1607885829968:a07ef21f-1e8f-4f8e-bc89-2f921c043daa,"size == ""0""","isEmpty == ""True""","peek_obj_type == ""EmptyObject""","push == ""none""","pop == ""EmptyObject""","clear == ""none""","size_p == ""0""",No
5109,1607885829968:42c98aa5-65e6-4ff6-93c9-1619cbed93da,1607885829968:dc7f2985-7fdf-43b4-a41d-4ec5daa8e0e0,"size == ""0""","isEmpty == ""True""","peek_obj_type == ""EmptyObject""","push == ""class java.lang.String""","pop == ""none""","clear == ""none""","size_p == ""0""",Yes
5112,1607885829968:42c98aa5-65e6-4ff6-93c9-1619cbed93da,1607885829968:9cb65fc6-7a0c-4c93-8132-3660f8c11167,"size == ""0""","isEmpty == ""True""","peek_obj_type == ""EmptyObject""","push == ""class java.lang.String""","pop == ""none""","clear == ""none""","size_p == ""0""",Yes
5113,1607885829968:42c98aa5-65e6-4ff6-93c9-1619cbed93da,1607885829968:9cb65fc6-7a0c-4c93-8132-3660f8c11167,"size == ""0""","isEmpty == ""True""","peek_obj_type == ""EmptyObject""","push == ""none""","pop == ""EmptyObject""","clear == ""none""","size_p == ""0""",No
5115,1607885829967:fbe00a07-8960-44a7-850f-987f25312c1d,1607885829967:5326a416-8606-4a31-9524-1941ba51902f,"size == ""0""","isEmpty == ""True""","peek_obj_type == ""EmptyObject""","push == ""class java.lang.String""","pop == ""none""","clear == ""none""","size_p == ""0""",Yes
5116,1607885829967:fbe00a07-8960-44a7-850f-987f25312c1d,1607885829967:5326a416-8606-4a31-9524-1941ba51902f,"size == ""0""","isEmpty == ""True""","peek_obj_type == ""EmptyObject""","push == ""none""","pop == ""EmptyObject""","clear == ""none""","size_p == ""0""",No
5118,1607885829967:ce341243-b31d-46bd-b511-cd7c5ddb14b0,1607885829967:a59ed394-eb8e-4fdc-9ea5-7b0687ce491b,"size == ""1""","isEmpty == ""False""","peek_obj_type == ""class java.lang.String""","push == ""none""","pop == ""none""","clear == ""clear""","size_p == ""0""",Yes
5119,1607885829967:ce341243-b31d-46bd-b511-cd7c5ddb14b0,1607885829967:a59ed394-eb8e-4fdc-9ea5-7b0687ce491b,"size == ""1""","isEmpty == ""False""","peek_obj_type == ""class java.lang.String""","push == ""class java.lang.String""","pop == ""none""","clear == ""none""","size_p == ""1""",Yes
5120,1607885829967:ce341243-b31d-46bd-b511-cd7c5ddb14b0,1607885829967:a59ed394-eb8e-4fdc-9ea5-7b0687ce491b,"size == ""2""","isEmpty == ""False""","peek_obj_type == ""class java.lang.String""","push == ""none""","pop == ""none""","clear == ""clear""","size_p == ""1""",Yes
5121,1607885829967:ce341243-b31d-46bd-b511-cd7c5ddb14b0,1607885829967:a59ed394-eb8e-4fdc-9ea5-7b0687ce491b,"size == ""3""","isEmpty == ""False""","peek_obj_type == ""class java.lang.String""","push == ""none""","pop == ""none""","clear == ""clear""","size_p == ""2""",Yes
5122,1607885829967:ce341243-b31d-46bd-b511-cd7c5ddb14b0,1607885829967:a59ed394-eb8e-4fdc-9ea5-7b0687ce491b,"size == ""4""","isEmpty == ""False""","peek_obj_type == ""class java.lang.String""","push == ""none""","pop == ""none""","clear == ""clear""","size_p == ""3""",Yes
5124,1607885829967:ce341243-b31d-46bd-b511-cd7c5ddb14b0,1607885829967:2885e347-c43f-4285-8db7-d7df1fdc850f,"size == ""0""","isEmpty == ""True""","peek_obj_type == ""EmptyObject""","push == ""class java.lang.String""","pop == ""none""","clear == ""none""","size_p == ""0""",Yes
5125,1607885829967:ce341243-b31d-46bd-b511-cd7c5ddb14b0,1607885829967:2885e347-c43f-4285-8db7-d7df1fdc850f,"size == ""0""","isEmpty == ""True""","peek_obj_type == ""EmptyObject""","push == ""none""","pop == ""EmptyObject""","clear == ""none""","size_p == ""0""",No
5127,1607885829967:c016815b-db1c-4425-832a-e4064ff1b70a,1607885829967:b1ae4766-3a3c-41e8-874b-38e4b86ed800,"size == ""0""","isEmpty == ""True""","peek_obj_type == ""EmptyObject""","push == ""class java.lang.String""","pop == ""none""","clear == ""none""","size_p == ""0""",Yes
5129,1607885829967:c016815b-db1c-4425-832a-e4064ff1b70a,1607885829967:47e86a53-1656-4d54-aebb-54cf40138d6f,"size == ""0""","isEmpty == ""True""","peek_obj_type == ""EmptyObject""","push == ""class java.lang.String""","pop == ""none""","clear == ""none""","size_p == ""0""",Yes
5130,1607885829967:c016815b-db1c-4425-832a-e4064ff1b70a,1607885829967:47e86a53-1656-4d54-aebb-54cf40138d6f,"size == ""0""","isEmpty == ""True""","peek_obj_type == ""EmptyObject""","push == ""none""","pop == ""EmptyObject""","clear == ""none""","size_p == ""0""",No
5133,1607885829967:b944e354-ff3a-44b9-9207-942800af89f9,1607885829967:b6a6a4ba-832a-45d8-9136-bc57102c3138,"size == ""0""","isEmpty == ""True""","peek_obj_type == ""EmptyObject""","push == ""class java.lang.String""","pop == ""none""","clear == ""none""","size_p == ""0""",Yes
5134,1607885829967:b944e354-ff3a-44b9-9207-942800af89f9,1607885829967:b6a6a4ba-832a-45d8-9136-bc57102c3138,"size == ""0""","isEmpty == ""True""","peek_obj_type == ""EmptyObject""","push == ""none""","pop == ""EmptyObject""","clear == ""none""","size_p == ""0""",No
5136,1607885829967:b944e354-ff3a-44b9-9207-942800af89f9,1607885829967:223d5dfd-7c6a-49ac-8a02-0c4d97448d4d,"size == ""0""","isEmpty == ""True""","peek_obj_type == ""EmptyObject""","push == ""class java.lang.String""","pop == ""none""","clear == ""none""","size_p == ""0""",Yes
5137,1607885829967:b944e354-ff3a-44b9-9207-942800af89f9,1607885829967:223d5dfd-7c6a-49ac-8a02-0c4d97448d4d,"size == ""0""","isEmpty == ""True""","peek_obj_type == ""EmptyObject""","push == ""class java.lang.String""","pop == ""none""","clear == ""none""","size_p == ""0""",Yes
5139,1607885829967:9abb70b3-e2e6-4e21-b470-24448e221c8d,1607885829967:eabc5875-9247-4202-a1de-d0887c33a54f,"size == ""1""","isEmpty == ""False""","peek_obj_type == ""class java.lang.String""","push == ""none""","pop == ""none""","clear == ""clear""","size_p == ""0""",Yes
5140,1607885829967:9abb70b3-e2e6-4e21-b470-24448e221c8d,1607885829967:eabc5875-9247-4202-a1de-d0887c33a54f,"size == ""1""","isEmpty == ""False""","peek_obj_type == ""class java.lang.String""","push == ""class java.lang.String""","pop == ""none""","clear == ""none""","size_p == ""1""",Yes
5141,1607885829967:9abb70b3-e2e6-4e21-b470-24448e221c8d,1607885829967:eabc5875-9247-4202-a1de-d0887c33a54f,"size == ""2""","isEmpty == ""False""","peek_obj_type == ""class java.lang.String""","push == ""none""","pop == ""none""","clear == ""clear""","size_p == ""1""",Yes
5142,1607885829967:9abb70b3-e2e6-4e21-b470-24448e221c8d,1607885829967:eabc5875-9247-4202-a1de-d0887c33a54f,"size == ""3""","isEmpty == ""False""","peek_obj_type == ""class java.lang.String""","push == ""none""","pop == ""none""","clear == ""clear""","size_p == ""2""",Yes
5143,1607885829967:9abb70b3-e2e6-4e21-b470-24448e221c8d,1607885829967:eabc5875-9247-4202-a1de-d0887c33a54f,"size == ""4""","isEmpty == ""False""","peek_obj_type == ""class java.lang.String""","push == ""none""","pop == ""none""","clear == ""clear""","size_p == ""3""",Yes
5145,1607885829967:9abb70b3-e2e6-4e21-b470-24448e221c8d,1607885829967:0a06fea9-e9dc-4214-88e2-d1e914a54f1d,"size == ""0""","isEmpty == ""True""","peek_obj_type == ""EmptyObject""","push == ""class java.lang.String""","pop == ""none""","clear == ""none""","size_p == ""0""",Yes
5146,1607885829967:9abb70b3-e2e6-4e21-b470-24448e221c8d,1607885829967:0a06fea9-e9dc-4214-88e2-d1e914a54f1d,"size == ""0""","isEmpty == ""True""","peek_obj_type == ""EmptyObject""","push == ""none""","pop == ""EmptyObject""","clear == ""none""","size_p == ""0""",No
5148,1607885829967:6537989a-6905-410f-85d0-6960bf8857d9,1607885829967:fbf26d35-4bbc-4777-b9ef-f53375ca5524,"size == ""1""","isEmpty == ""False""","peek_obj_type == ""class java.lang.String""","push == ""none""","pop == ""none""","clear == ""clear""","size_p == ""0""",Yes
5149,1607885829967:6537989a-6905-410f-85d0-6960bf8857d9,1607885829967:fbf26d35-4bbc-4777-b9ef-f53375ca5524,"size == ""1""","isEmpty == ""False""","peek_obj_type == ""class java.lang.String""","push == ""class java.lang.String""","pop == ""none""","clear == ""none""","size_p == ""1""",Yes
5150,1607885829967:6537989a-6905-410f-85d0-6960bf8857d9,1607885829967:fbf26d35-4bbc-4777-b9ef-f53375ca5524,"size == ""2""","isEmpty == ""False""","peek_obj_type == ""class java.lang.String""","push == ""none""","pop == ""none""","clear == ""clear""","size_p == ""1""",Yes
5151,1607885829967:6537989a-6905-410f-85d0-6960bf8857d9,1607885829967:fbf26d35-4bbc-4777-b9ef-f53375ca5524,"size == ""3""","isEmpty == ""False""","peek_obj_type == ""class java.lang.String""","push == ""none""","pop == ""none""","clear == ""clear""","size_p == ""2""",Yes
5152,1607885829967:6537989a-6905-410f-85d0-6960bf8857d9,1607885829967:fbf26d35-4bbc-4777-b9ef-f53375ca5524,"size == ""2""","isEmpty == ""False""","peek_obj_type == ""class java.lang.String""","push == ""none""","pop == ""class java.lang.String""","clear == ""none""","size_p == ""3""",Yes
5154,1607885829966:658c41b7-154f-4b5b-8489-e24caf3c10b6,1607885829966:d0fd7129-abc2-4e19-b829-3a9a07e0a13a,"size == ""0""","isEmpty == ""True""","peek_obj_type == ""EmptyObject""","push == ""class java.lang.String""","pop == ""none""","clear == ""none""","size_p == ""0""",Yes
5155,1607885829966:658c41b7-154f-4b5b-8489-e24caf3c10b6,1607885829966:d0fd7129-abc2-4e19-b829-3a9a07e0a13a,"size == ""0""","isEmpty == ""True""","peek_obj_type == ""EmptyObject""","push == ""none""","pop == ""EmptyObject""","clear == ""none""","size_p == ""0""",No
5157,1607885829966:20d64051-3ce9-453b-ab5b-ed230a99f864,1607885829966:d5c2cccc-007b-471c-bd9f-4a8e375a7bd6,"size == ""0""","isEmpty == ""True""","peek_obj_type == ""EmptyObject""","push == ""class java.lang.String""","pop == ""none""","clear == ""none""","size_p == ""0""",Yes
5158,1607885829966:20d64051-3ce9-453b-ab5b-ed230a99f864,1607885829966:d5c2cccc-007b-471c-bd9f-4a8e375a7bd6,"size == ""0""","isEmpty == ""True""","peek_obj_type == ""EmptyObject""","push == ""none""","pop == ""EmptyObject""","clear == ""none""","size_p == ""0""",No
5160,1607885829966:20d64051-3ce9-453b-ab5b-ed230a99f864,1607885829966:04e1fff7-1b1a-4d5d-999b-bda58fc103a5,"size == ""1""","isEmpty == ""False""","peek_obj_type == ""class java.lang.String""","push == ""none""","pop == ""none""","clear == ""clear""","size_p == ""0""",Yes
5161,1607885829966:20d64051-3ce9-453b-ab5b-ed230a99f864,1607885829966:04e1fff7-1b1a-4d5d-999b-bda58fc103a5,"size == ""1""","isEmpty == ""False""","peek_obj_type == ""class java.lang.String""","push == ""class java.lang.String""","pop == ""none""","clear == ""none""","size_p == ""1""",Yes
5162,1607885829966:20d64051-3ce9-453b-ab5b-ed230a99f864,1607885829966:04e1fff7-1b1a-4d5d-999b-bda58fc103a5,"size == ""0""","isEmpty == ""True""","peek_obj_type == ""EmptyObject""","push == ""none""","pop == ""EmptyObject""","clear == ""none""","size_p == ""1""",No
5163,1607885829966:20d64051-3ce9-453b-ab5b-ed230a99f864,1607885829966:04e1fff7-1b1a-4d5d-999b-bda58fc103a5,"size == ""1""","isEmpty == ""False""","peek_obj_type == ""class java.lang.String""","push == ""none""","pop == ""none""","clear == ""clear""","size_p == ""0""",Yes
5165,1607885829966:1e9058d6-95a7-4084-9471-efcfc390c4a4,1607885829966:e63a982c-0aab-4b26-b7fa-40a1aba41805,"size == ""0""","isEmpty == ""True""","peek_obj_type == ""EmptyObject""","push == ""class java.lang.String""","pop == ""none""","clear == ""none""","size_p == ""0""",Yes
5166,1607885829966:1e9058d6-95a7-4084-9471-efcfc390c4a4,1607885829966:e63a982c-0aab-4b26-b7fa-40a1aba41805,"size == ""0""","isEmpty == ""True""","peek_obj_type == ""EmptyObject""","push == ""none""","pop == ""EmptyObject""","clear == ""none""","size_p == ""0""",No
5168,1607885829966:1e9058d6-95a7-4084-9471-efcfc390c4a4,1607885829966:da19ddf0-bd32-4fb0-83a9-50001c2f48bc,"size == ""1""","isEmpty == ""False""","peek_obj_type == ""class java.lang.String""","push == ""none""","pop == ""none""","clear == ""clear""","size_p == ""0""",Yes
5169,1607885829966:1e9058d6-95a7-4084-9471-efcfc390c4a4,1607885829966:da19ddf0-bd32-4fb0-83a9-50001c2f48bc,"size == ""1""","isEmpty == ""False""","peek_obj_type == ""class java.lang.String""","push == ""class java.lang.String""","pop == ""none""","clear == ""none""","size_p == ""1""",Yes
5170,1607885829966:1e9058d6-95a7-4084-9471-efcfc390c4a4,1607885829966:da19ddf0-bd32-4fb0-83a9-50001c2f48bc,"size == ""2""","isEmpty == ""False""","peek_obj_type == ""class java.lang.String""","push == ""none""","pop == ""none""","clear == ""clear""","size_p == ""1""",Yes
5171,1607885829966:1e9058d6-95a7-4084-9471-efcfc390c4a4,1607885829966:da19ddf0-bd32-4fb0-83a9-50001c2f48bc,"size == ""3""","isEmpty == ""False""","peek_obj_type == ""class java.lang.String""","push == ""none""","pop == ""none""","clear == ""clear""","size_p == ""2""",Yes
5172,1607885829966:1e9058d6-95a7-4084-9471-efcfc390c4a4,1607885829966:da19ddf0-bd32-4fb0-83a9-50001c2f48bc,"size == ""4""","isEmpty == ""False""","peek_obj_type == ""class java.lang.String""","push == ""none""","pop == ""none""","clear == ""clear""","size_p == ""3""",Yes
5174,1607885829966:0b72a4ac-5ca8-467f-a624-03faf04141c3,1607885829966:dab39edd-a64a-4071-b3fd-3c2044a3a4c0,"size == ""0""","isEmpty == ""True""","peek_obj_type == ""EmptyObject""","push == ""class java.lang.String""","pop == ""none""","clear == ""none""","size_p == ""0""",Yes
5175,1607885829966:0b72a4ac-5ca8-467f-a624-03faf04141c3,1607885829966:dab39edd-a64a-4071-b3fd-3c2044a3a4c0,"size == ""0""","isEmpty == ""True""","peek_obj_type == ""EmptyObject""","push == ""none""","pop == ""EmptyObject""","clear == ""none""","size_p == ""0""",No
5177,1607885829966:0a0a0ebc-7609-4177-bee5-5f46b49e34be,1607885829966:cf421f38-7cc5-48bd-bc7f-dff6f80e36d1,"size == ""1""","isEmpty == ""False""","peek_obj_type == ""class java.lang.String""","push == ""none""","pop == ""none""","clear == ""clear""","size_p == ""0""",Yes
5178,1607885829966:0a0a0ebc-7609-4177-bee5-5f46b49e34be,1607885829966:cf421f38-7cc5-48bd-bc7f-dff6f80e36d1,"size == ""1""","isEmpty == ""False""","peek_obj_type == ""class java.lang.String""","push == ""class java.lang.String""","pop == ""none""","clear == ""none""","size_p == ""1""",Yes
5179,1607885829966:0a0a0ebc-7609-4177-bee5-5f46b49e34be,1607885829966:cf421f38-7cc5-48bd-bc7f-dff6f80e36d1,"size == ""2""","isEmpty == ""False""","peek_obj_type == ""class java.lang.String""","push == ""none""","pop == ""none""","clear == ""clear""","size_p == ""1""",Yes
5180,1607885829966:0a0a0ebc-7609-4177-bee5-5f46b49e34be,1607885829966:cf421f38-7cc5-48bd-bc7f-dff6f80e36d1,"size == ""3""","isEmpty == ""False""","peek_obj_type == ""class java.lang.String""","push == ""none""","pop == ""none""","clear == ""clear""","size_p == ""2""",Yes
5181,1607885829966:0a0a0ebc-7609-4177-bee5-5f46b49e34be,1607885829966:cf421f38-7cc5-48bd-bc7f-dff6f80e36d1,"size == ""4""","isEmpty == ""False""","peek_obj_type == ""class java.lang.String""","push == ""none""","pop == ""none""","clear == ""clear""","size_p == ""3""",Yes
5183,1607885829966:0a0a0ebc-7609-4177-bee5-5f46b49e34be,1607885829966:72d4d1d8-c00f-4eae-aac2-d2eb4e01e7ea,"size == ""0""","isEmpty == ""True""","peek_obj_type == ""EmptyObject""","push == ""class java.lang.String""","pop == ""none""","clear == ""none""","size_p == ""0""",Yes
5184,1607885829966:0a0a0ebc-7609-4177-bee5-5f46b49e34be,1607885829966:72d4d1d8-c00f-4eae-aac2-d2eb4e01e7ea,"size == ""0""","isEmpty == ""True""","peek_obj_type == ""EmptyObject""","push == ""none""","pop == ""EmptyObject""","clear == ""none""","size_p == ""0""",No
5186,1607885829966:04b9ac4b-3b73-4b21-a3db-5b79542571a8,1607885829966:195be23e-ede9-4d2f-8da9-ba88ce57b9f1,"size == ""0""","isEmpty == ""True""","peek_obj_type == ""EmptyObject""","push == ""class java.lang.String""","pop == ""none""","clear == ""none""","size_p == ""0""",Yes
5187,1607885829966:04b9ac4b-3b73-4b21-a3db-5b79542571a8,1607885829966:195be23e-ede9-4d2f-8da9-ba88ce57b9f1,"size == ""0""","isEmpty == ""True""","peek_obj_type == ""EmptyObject""","push == ""class java.lang.String""","pop == ""none""","clear == ""none""","size_p == ""0""",Yes
5188,1607885829966:04b9ac4b-3b73-4b21-a3db-5b79542571a8,1607885829966:195be23e-ede9-4d2f-8da9-ba88ce57b9f1,"size == ""0""","isEmpty == ""True""","peek_obj_type == ""EmptyObject""","push == ""class java.lang.String""","pop == ""none""","clear == ""none""","size_p == ""0""",Yes
5190,1607885829966:04b9ac4b-3b73-4b21-a3db-5b79542571a8,1607885829966:0aade5df-cb8f-4f76-b1bd-f30d6e7b4c5b,"size == ""0""","isEmpty == ""True""","peek_obj_type == ""EmptyObject""","push == ""class java.lang.String""","pop == ""none""","clear == ""none""","size_p == ""0""",Yes
5191,1607885829966:04b9ac4b-3b73-4b21-a3db-5b79542571a8,1607885829966:0aade5df-cb8f-4f76-b1bd-f30d6e7b4c5b,"size == ""0""","isEmpty == ""True""","peek_obj_type == ""EmptyObject""","push == ""none""","pop == ""EmptyObject""","clear == ""none""","size_p == ""0""",No
5193,1607885829965:f332cfcc-087d-4e91-a833-ee5b66feec7a,1607885829965:aa556213-4e9b-4ee8-87b6-0cd728b0fc9b,"size == ""1""","isEmpty == ""False""","peek_obj_type == ""class java.lang.String""","push == ""none""","pop == ""none""","clear == ""clear""","size_p == ""0""",Yes
5194,1607885829965:f332cfcc-087d-4e91-a833-ee5b66feec7a,1607885829965:aa556213-4e9b-4ee8-87b6-0cd728b0fc9b,"size == ""1""","isEmpty == ""False""","peek_obj_type == ""class java.lang.String""","push == ""class java.lang.String""","pop == ""none""","clear == ""none""","size_p == ""1""",Yes
5195,1607885829965:f332cfcc-087d-4e91-a833-ee5b66feec7a,1607885829965:aa556213-4e9b-4ee8-87b6-0cd728b0fc9b,"size == ""2""","isEmpty == ""False""","peek_obj_type == ""class java.lang.String""","push == ""none""","pop == ""none""","clear == ""clear""","size_p == ""1""",Yes
5196,1607885829965:f332cfcc-087d-4e91-a833-ee5b66feec7a,1607885829965:aa556213-4e9b-4ee8-87b6-0cd728b0fc9b,"size == ""3""","isEmpty == ""False""","peek_obj_type == ""class java.lang.String""","push == ""none""","pop == ""none""","clear == ""clear""","size_p == ""2""",Yes
5197,1607885829965:f332cfcc-087d-4e91-a833-ee5b66feec7a,1607885829965:aa556213-4e9b-4ee8-87b6-0cd728b0fc9b,"size == ""4""","isEmpty == ""False""","peek_obj_type == ""class java.lang.String""","push == ""none""","pop == ""none""","clear == ""clear""","size_p == ""3""",Yes
5199,1607885829965:f332cfcc-087d-4e91-a833-ee5b66feec7a,1607885829965:3bf64978-0727-4461-85d9-4d4011dbdf91,"size == ""0""","isEmpty == ""True""","peek_obj_type == ""EmptyObject""","push == ""class java.lang.String""","pop == ""none""","clear == ""none""","size_p == ""0""",Yes
5200,1607885829965:f332cfcc-087d-4e91-a833-ee5b66feec7a,1607885829965:3bf64978-0727-4461-85d9-4d4011dbdf91,"size == ""0""","isEmpty == ""True""","peek_obj_type == ""EmptyObject""","push == ""none""","pop == ""EmptyObject""","clear == ""none""","size_p == ""0""",No
5202,1607885829965:b04a06c3-33fb-419d-8519-34682347f39e,1607885829965:4707db8b-f81d-415d-b7cf-890afd9a2849,"size == ""0""","isEmpty == ""True""","peek_obj_type == ""EmptyObject""","push == ""class java.lang.String""","pop == ""none""","clear == ""none""","size_p == ""0""",Yes
5203,1607885829965:b04a06c3-33fb-419d-8519-34682347f39e,1607885829965:4707db8b-f81d-415d-b7cf-890afd9a2849,"size == ""0""","isEmpty == ""True""","peek_obj_type == ""EmptyObject""","push == ""none""","pop == ""EmptyObject""","clear == ""none""","size_p == ""0""",No
5205,1607885829965:a9a47b4d-02f0-4b78-8834-bc712c6dc9f2,1607885829965:26f9ed30-623d-4f99-bc8f-faccb266ccd8,"size == ""0""","isEmpty == ""True""","peek_obj_type == ""EmptyObject""","push == ""class java.lang.String""","pop == ""none""","clear == ""none""","size_p == ""0""",Yes
5206,1607885829965:a9a47b4d-02f0-4b78-8834-bc712c6dc9f2,1607885829965:26f9ed30-623d-4f99-bc8f-faccb266ccd8,"size == ""0""","isEmpty == ""True""","peek_obj_type == ""EmptyObject""","push == ""none""","pop == ""EmptyObject""","clear == ""none""","size_p == ""0""",No
5208,1607885829965:a9a47b4d-02f0-4b78-8834-bc712c6dc9f2,1607885829965:162c3b71-982c-43ed-b9bb-40f7cce7bdb8,"size == ""1""","isEmpty == ""False""","peek_obj_type == ""class java.lang.String""","push == ""none""","pop == ""none""","clear == ""clear""","size_p == ""0""",Yes
5209,1607885829965:a9a47b4d-02f0-4b78-8834-bc712c6dc9f2,1607885829965:162c3b71-982c-43ed-b9bb-40f7cce7bdb8,"size == ""1""","isEmpty == ""False""","peek_obj_type == ""class java.lang.String""","push == ""class java.lang.String""","pop == ""none""","clear == ""none""","size_p == ""1""",Yes
5210,1607885829965:a9a47b4d-02f0-4b78-8834-bc712c6dc9f2,1607885829965:162c3b71-982c-43ed-b9bb-40f7cce7bdb8,"size == ""0""","isEmpty == ""True""","peek_obj_type == ""EmptyObject""","push == ""none""","pop == ""EmptyObject""","clear == ""none""","size_p == ""1""",No
5211,1607885829965:a9a47b4d-02f0-4b78-8834-bc712c6dc9f2,1607885829965:162c3b71-982c-43ed-b9bb-40f7cce7bdb8,"size == ""1""","isEmpty == ""False""","peek_obj_type == ""class java.lang.String""","push == ""none""","pop == ""none""","clear == ""clear""","size_p == ""0""",Yes
5213,1607885829965:a1625f87-c5c6-48ea-847a-bb227379628f,1607885829965:86cc3c78-fdd2-49ca-b432-ef57c5e28c1c,"size == ""1""","isEmpty == ""False""","peek_obj_type == ""class java.lang.String""","push == ""none""","pop == ""none""","clear == ""clear""","size_p == ""0""",Yes
5214,1607885829965:a1625f87-c5c6-48ea-847a-bb227379628f,1607885829965:86cc3c78-fdd2-49ca-b432-ef57c5e28c1c,"size == ""1""","isEmpty == ""False""","peek_obj_type == ""class java.lang.String""","push == ""class java.lang.String""","pop == ""none""","clear == ""none""","size_p == ""1""",Yes
5215,1607885829965:a1625f87-c5c6-48ea-847a-bb227379628f,1607885829965:86cc3c78-fdd2-49ca-b432-ef57c5e28c1c,"size == ""2""","isEmpty == ""False""","peek_obj_type == ""class java.lang.String""","push == ""none""","pop == ""none""","clear == ""clear""","size_p == ""1""",Yes
5217,1607885829965:a1625f87-c5c6-48ea-847a-bb227379628f,1607885829965:74781f5d-f555-416e-adf2-0891a3cd6f23,"size == ""0""","isEmpty == ""True""","peek_obj_type == ""EmptyObject""","push == ""class java.lang.String""","pop == ""none""","clear == ""none""","size_p == ""0""",Yes
5218,1607885829965:a1625f87-c5c6-48ea-847a-bb227379628f,1607885829965:74781f5d-f555-416e-adf2-0891a3cd6f23,"size == ""0""","isEmpty == ""True""","peek_obj_type == ""EmptyObject""","push == ""none""","pop == ""EmptyObject""","clear == ""none""","size_p == ""0""",No
5220,1607885829965:9a96dc84-e875-4f15-98e2-bcb1f6709f57,1607885829965:eb71f26c-97c6-4093-a755-78745e17a932,"size == ""0""","isEmpty == ""True""","peek_obj_type == ""EmptyObject""","push == ""class java.lang.String""","pop == ""none""","clear == ""none""","size_p == ""0""",Yes
5221,1607885829965:9a96dc84-e875-4f15-98e2-bcb1f6709f57,1607885829965:eb71f26c-97c6-4093-a755-78745e17a932,"size == ""0""","isEmpty == ""True""","peek_obj_type == ""EmptyObject""","push == ""class java.lang.String""","pop == ""none""","clear == ""none""","size_p == ""0""",Yes
5223,1607885829965:9a96dc84-e875-4f15-98e2-bcb1f6709f57,1607885829965:6113b7a7-d59e-4724-a678-82ff3522062c,"size == ""0""","isEmpty == ""True""","peek_obj_type == ""EmptyObject""","push == ""class java.lang.String""","pop == ""none""","clear == ""none""","size_p == ""0""",Yes
5224,1607885829965:9a96dc84-e875-4f15-98e2-bcb1f6709f57,1607885829965:6113b7a7-d59e-4724-a678-82ff3522062c,"size == ""0""","isEmpty == ""True""","peek_obj_type == ""EmptyObject""","push == ""none""","pop == ""EmptyObject""","clear == ""none""","size_p == ""0""",No
5226,1607885829965:79409018-2718-46ab-963c-c609a7ac4a91,1607885829965:91d7cd2a-cf65-47b6-aca8-e1edb0010188,"size == ""0""","isEmpty == ""True""","peek_obj_type == ""EmptyObject""","push == ""class java.lang.String""","pop == ""none""","clear == ""none""","size_p == ""0""",Yes
5227,1607885829965:79409018-2718-46ab-963c-c609a7ac4a91,1607885829965:91d7cd2a-cf65-47b6-aca8-e1edb0010188,"size == ""0""","isEmpty == ""True""","peek_obj_type == ""EmptyObject""","push == ""none""","pop == ""EmptyObject""","clear == ""none""","size_p == ""0""",No
5229,1607885829965:79409018-2718-46ab-963c-c609a7ac4a91,1607885829965:7ffad3fd-24d8-469c-9201-0aea3ce25d54,"size == ""1""","isEmpty == ""False""","peek_obj_type == ""class java.lang.String""","push == ""none""","pop == ""none""","clear == ""clear""","size_p == ""0""",Yes
5230,1607885829965:79409018-2718-46ab-963c-c609a7ac4a91,1607885829965:7ffad3fd-24d8-469c-9201-0aea3ce25d54,"size == ""1""","isEmpty == ""False""","peek_obj_type == ""class java.lang.String""","push == ""class java.lang.String""","pop == ""none""","clear == ""none""","size_p == ""1""",Yes
5231,1607885829965:79409018-2718-46ab-963c-c609a7ac4a91,1607885829965:7ffad3fd-24d8-469c-9201-0aea3ce25d54,"size == ""2""","isEmpty == ""False""","peek_obj_type == ""class java.lang.String""","push == ""none""","pop == ""none""","clear == ""clear""","size_p == ""1""",Yes
5232,1607885829965:79409018-2718-46ab-963c-c609a7ac4a91,1607885829965:7ffad3fd-24d8-469c-9201-0aea3ce25d54,"size == ""3""","isEmpty == ""False""","peek_obj_type == ""class java.lang.String""","push == ""none""","pop == ""none""","clear == ""clear""","size_p == ""2""",Yes
5233,1607885829965:79409018-2718-46ab-963c-c609a7ac4a91,1607885829965:7ffad3fd-24d8-469c-9201-0aea3ce25d54,"size == ""4""","isEmpty == ""False""","peek_obj_type == ""class java.lang.String""","push == ""none""","pop == ""none""","clear == ""clear""","size_p == ""3""",Yes
5235,1607885829964:d1601b6d-46e7-4fca-825c-458e414c577f,1607885829964:3630bd0c-f64a-4d19-8773-e97242952b15,"size == ""0""","isEmpty == ""True""","peek_obj_type == ""EmptyObject""","push == ""class java.lang.String""","pop == ""none""","clear == ""none""","size_p == ""0""",Yes
5236,1607885829964:d1601b6d-46e7-4fca-825c-458e414c577f,1607885829964:3630bd0c-f64a-4d19-8773-e97242952b15,"size == ""0""","isEmpty == ""True""","peek_obj_type == ""EmptyObject""","push == ""none""","pop == ""EmptyObject""","clear == ""none""","size_p == ""0""",No
5238,1607885829964:d1601b6d-46e7-4fca-825c-458e414c577f,1607885829964:0c251692-30de-4b60-9429-827de8c99e0c,"size == ""0""","isEmpty == ""True""","peek_obj_type == ""EmptyObject""","push == ""class java.lang.String""","pop == ""none""","clear == ""none""","size_p == ""0""",Yes
5239,1607885829964:d1601b6d-46e7-4fca-825c-458e414c577f,1607885829964:0c251692-30de-4b60-9429-827de8c99e0c,"size == ""0""","isEmpty == ""True""","peek_obj_type == ""EmptyObject""","push == ""class java.lang.String""","pop == ""none""","clear == ""none""","size_p == ""0""",Yes
5241,1607885829964:c7249749-aa94-4596-8724-5f3c884e0ae2,1607885829964:be5ac27d-abd5-494b-b330-0350dfc4d640,"size == ""0""","isEmpty == ""True""","peek_obj_type == ""EmptyObject""","push == ""class java.lang.String""","pop == ""none""","clear == ""none""","size_p == ""0""",Yes
5242,1607885829964:c7249749-aa94-4596-8724-5f3c884e0ae2,1607885829964:be5ac27d-abd5-494b-b330-0350dfc4d640,"size == ""0""","isEmpty == ""True""","peek_obj_type == ""EmptyObject""","push == ""none""","pop == ""EmptyObject""","clear == ""none""","size_p == ""0""",No
5244,1607885829964:b6636186-0447-4952-a93e-fea2daa73646,1607885829964:25faf073-1246-4885-aa9a-edc6e27a2876,"size == ""0""","isEmpty == ""True""","peek_obj_type == ""EmptyObject""","push == ""class java.lang.String""","pop == ""none""","clear == ""none""","size_p == ""0""",Yes
5245,1607885829964:b6636186-0447-4952-a93e-fea2daa73646,1607885829964:25faf073-1246-4885-aa9a-edc6e27a2876,"size == ""0""","isEmpty == ""True""","peek_obj_type == ""EmptyObject""","push == ""none""","pop == ""EmptyObject""","clear == ""none""","size_p == ""0""",No
5247,1607885829964:4ddf37a9-1c9c-4f5f-8a33-451ae5eb0dd4,1607885829964:7a0ee410-8f14-4256-8ad6-2f1f29438ab0,"size == ""0""","isEmpty == ""True""","peek_obj_type == ""EmptyObject""","push == ""class java.lang.String""","pop == ""none""","clear == ""none""","size_p == ""0""",Yes
5248,1607885829964:4ddf37a9-1c9c-4f5f-8a33-451ae5eb0dd4,1607885829964:7a0ee410-8f14-4256-8ad6-2f1f29438ab0,"size == ""0""","isEmpty == ""True""","peek_obj_type == ""EmptyObject""","push == ""class java.lang.String""","pop == ""none""","clear == ""none""","size_p == ""0""",Yes
5250,1607885829964:4ddf37a9-1c9c-4f5f-8a33-451ae5eb0dd4,1607885829964:71b925b9-647c-4601-a061-1d0a268182db,"size == ""0""","isEmpty == ""True""","peek_obj_type == ""EmptyObject""","push == ""class java.lang.String""","pop == ""none""","clear == ""none""","size_p == ""0""",Yes
5251,1607885829964:4ddf37a9-1c9c-4f5f-8a33-451ae5eb0dd4,1607885829964:71b925b9-647c-4601-a061-1d0a268182db,"size == ""0""","isEmpty == ""True""","peek_obj_type == ""EmptyObject""","push == ""none""","pop == ""EmptyObject""","clear == ""none""","size_p == ""0""",No
5253,1607885829964:23eacc21-fcd5-47a6-bf13-4e256c31ff6b,1607885829964:2e8c73fd-be9c-4857-af0c-99b4f260cc61,"size == ""1""","isEmpty == ""False""","peek_obj_type == ""class java.lang.String""","push == ""none""","pop == ""none""","clear == ""clear""","size_p == ""0""",Yes
5254,1607885829964:23eacc21-fcd5-47a6-bf13-4e256c31ff6b,1607885829964:2e8c73fd-be9c-4857-af0c-99b4f260cc61,"size == ""1""","isEmpty == ""False""","peek_obj_type == ""class java.lang.String""","push == ""class java.lang.String""","pop == ""none""","clear == ""none""","size_p == ""1""",Yes
5255,1607885829964:23eacc21-fcd5-47a6-bf13-4e256c31ff6b,1607885829964:2e8c73fd-be9c-4857-af0c-99b4f260cc61,"size == ""0""","isEmpty == ""True""","peek_obj_type == ""EmptyObject""","push == ""none""","pop == ""EmptyObject""","clear == ""none""","size_p == ""1""",No
5256,1607885829964:23eacc21-fcd5-47a6-bf13-4e256c31ff6b,1607885829964:2e8c73fd-be9c-4857-af0c-99b4f260cc61,"size == ""1""","isEmpty == ""False""","peek_obj_type == ""class java.lang.String""","push == ""none""","pop == ""none""","clear == ""clear""","size_p == ""0""",Yes
5257,1607885829964:23eacc21-fcd5-47a6-bf13-4e256c31ff6b,1607885829964:2e8c73fd-be9c-4857-af0c-99b4f260cc61,"size == ""0""","isEmpty == ""True""","peek_obj_type == ""EmptyObject""","push == ""none""","pop == ""EmptyObject""","clear == ""none""","size_p == ""1""",No
5259,1607885829964:09471609-9790-4543-8c11-9815f0a77e98,1607885829964:94f4cc15-bbce-464e-b245-2af70ff38376,"size == ""0""","isEmpty == ""True""","peek_obj_type == ""EmptyObject""","push == ""class java.lang.String""","pop == ""none""","clear == ""none""","size_p == ""0""",Yes
5260,1607885829964:09471609-9790-4543-8c11-9815f0a77e98,1607885829964:94f4cc15-bbce-464e-b245-2af70ff38376,"size == ""0""","isEmpty == ""True""","peek_obj_type == ""EmptyObject""","push == ""class java.lang.String""","pop == ""none""","clear == ""none""","size_p == ""0""",Yes
5262,1607885829964:09471609-9790-4543-8c11-9815f0a77e98,1607885829964:3537e286-c446-4fad-afba-90578a911f0e,"size == ""0""","isEmpty == ""True""","peek_obj_type == ""EmptyObject""","push == ""class java.lang.String""","pop == ""none""","clear == ""none""","size_p == ""0""",Yes
5263,1607885829964:09471609-9790-4543-8c11-9815f0a77e98,1607885829964:3537e286-c446-4fad-afba-90578a911f0e,"size == ""0""","isEmpty == ""True""","peek_obj_type == ""EmptyObject""","push == ""none""","pop == ""EmptyObject""","clear == ""none""","size_p == ""0""",No
5266,1607885829963:f12b4292-c3b1-4a77-bbd4-7451435b58f2,1607885829963:571cac7c-4992-426d-9487-0a6056eea23a,"size == ""0""","isEmpty == ""True""","peek_obj_type == ""EmptyObject""","push == ""class java.lang.String""","pop == ""none""","clear == ""none""","size_p == ""0""",Yes
5268,1607885829963:f12b4292-c3b1-4a77-bbd4-7451435b58f2,1607885829963:4e3522f2-08f7-4b42-a8c0-6e18478d927e,"size == ""0""","isEmpty == ""True""","peek_obj_type == ""EmptyObject""","push == ""class java.lang.String""","pop == ""none""","clear == ""none""","size_p == ""0""",Yes
5269,1607885829963:f12b4292-c3b1-4a77-bbd4-7451435b58f2,1607885829963:4e3522f2-08f7-4b42-a8c0-6e18478d927e,"size == ""0""","isEmpty == ""True""","peek_obj_type == ""EmptyObject""","push == ""none""","pop == ""EmptyObject""","clear == ""none""","size_p == ""0""",No
5271,1607885829963:ee9762ab-6082-4d27-bbfc-ca641e3270c0,1607885829963:dbf4355c-c62e-478b-8b38-a60bec722b12,"size == ""0""","isEmpty == ""True""","peek_obj_type == ""EmptyObject""","push == ""class java.lang.String""","pop == ""none""","clear == ""none""","size_p == ""0""",Yes
5272,1607885829963:ee9762ab-6082-4d27-bbfc-ca641e3270c0,1607885829963:dbf4355c-c62e-478b-8b38-a60bec722b12,"size == ""0""","isEmpty == ""True""","peek_obj_type == ""EmptyObject""","push == ""class java.lang.String""","pop == ""none""","clear == ""none""","size_p == ""0""",Yes
5274,1607885829963:ee9762ab-6082-4d27-bbfc-ca641e3270c0,1607885829963:c36ad64b-c51c-4886-ac01-dc407007ea5e,"size == ""0""","isEmpty == ""True""","peek_obj_type == ""EmptyObject""","push == ""class java.lang.String""","pop == ""none""","clear == ""none""","size_p == ""0""",Yes
5275,1607885829963:ee9762ab-6082-4d27-bbfc-ca641e3270c0,1607885829963:c36ad64b-c51c-4886-ac01-dc407007ea5e,"size == ""0""","isEmpty == ""True""","peek_obj_type == ""EmptyObject""","push == ""none""","pop == ""EmptyObject""","clear == ""none""","size_p == ""0""",No
5277,1607885829963:ee9762ab-6082-4d27-bbfc-ca641e3270c0,1607885829963:17ad0e9d-339e-4289-96fb-7c5051b3209e,"size == ""0""","isEmpty == ""True""","peek_obj_type == ""EmptyObject""","push == ""class java.lang.String""","pop == ""none""","clear == ""none""","size_p == ""0""",Yes
5278,1607885829963:ee9762ab-6082-4d27-bbfc-ca641e3270c0,1607885829963:17ad0e9d-339e-4289-96fb-7c5051b3209e,"size == ""0""","isEmpty == ""True""","peek_obj_type == ""EmptyObject""","push == ""class java.lang.String""","pop == ""none""","clear == ""none""","size_p == ""0""",Yes
5279,1607885829963:ee9762ab-6082-4d27-bbfc-ca641e3270c0,1607885829963:17ad0e9d-339e-4289-96fb-7c5051b3209e,"size == ""0""","isEmpty == ""True""","peek_obj_type == ""EmptyObject""","push == ""class java.lang.String""","pop == ""none""","clear == ""none""","size_p == ""0""",Yes
5280,1607885829963:ee9762ab-6082-4d27-bbfc-ca641e3270c0,1607885829963:17ad0e9d-339e-4289-96fb-7c5051b3209e,"size == ""1""","isEmpty == ""False""","peek_obj_type == ""class java.lang.String""","push == ""none""","pop == ""none""","clear == ""clear""","size_p == ""0""",Yes
5282,1607885829963:b91cdbb1-135c-448f-bd34-fa7b3fd7db5e,1607885829963:54b5954e-6890-461a-9cec-7c8f80b50bae,"size == ""0""","isEmpty == ""True""","peek_obj_type == ""EmptyObject""","push == ""class java.lang.String""","pop == ""none""","clear == ""none""","size_p == ""0""",Yes
5283,1607885829963:b91cdbb1-135c-448f-bd34-fa7b3fd7db5e,1607885829963:54b5954e-6890-461a-9cec-7c8f80b50bae,"size == ""0""","isEmpty == ""True""","peek_obj_type == ""EmptyObject""","push == ""none""","pop == ""EmptyObject""","clear == ""none""","size_p == ""0""",No
5285,1607885829963:adc790af-6f1f-46f2-b6f9-0a416cd432d3,1607885829963:7d86fcb0-39cf-48f0-a2a5-7df314040f3e,"size == ""0""","isEmpty == ""True""","peek_obj_type == ""EmptyObject""","push == ""class java.lang.String""","pop == ""none""","clear == ""none""","size_p == ""0""",Yes
5287,1607885829963:adc790af-6f1f-46f2-b6f9-0a416cd432d3,1607885829963:7943e29f-b0a4-4f55-b115-f2b94f459ced,"size == ""0""","isEmpty == ""True""","peek_obj_type == ""EmptyObject""","push == ""class java.lang.String""","pop == ""none""","clear == ""none""","size_p == ""0""",Yes
5288,1607885829963:adc790af-6f1f-46f2-b6f9-0a416cd432d3,1607885829963:7943e29f-b0a4-4f55-b115-f2b94f459ced,"size == ""0""","isEmpty == ""True""","peek_obj_type == ""EmptyObject""","push == ""none""","pop == ""EmptyObject""","clear == ""none""","size_p == ""0""",No
5290,1607885829963:4a08e6c3-f6dc-4b98-8ecf-56ba2c192ca1,1607885829963:3dd01691-5468-4391-9a92-792e690c5e1f,"size == ""0""","isEmpty == ""True""","peek_obj_type == ""EmptyObject""","push == ""class java.lang.String""","pop == ""none""","clear == ""none""","size_p == ""0""",Yes
5291,1607885829963:4a08e6c3-f6dc-4b98-8ecf-56ba2c192ca1,1607885829963:3dd01691-5468-4391-9a92-792e690c5e1f,"size == ""0""","isEmpty == ""True""","peek_obj_type == ""EmptyObject""","push == ""class java.lang.String""","pop == ""none""","clear == ""none""","size_p == ""0""",Yes
5293,1607885829963:4a08e6c3-f6dc-4b98-8ecf-56ba2c192ca1,1607885829963:192c7fb3-a115-4e9a-8554-d41a1e112b63,"size == ""0""","isEmpty == ""True""","peek_obj_type == ""EmptyObject""","push == ""class java.lang.String""","pop == ""none""","clear == ""none""","size_p == ""0""",Yes
5294,1607885829963:4a08e6c3-f6dc-4b98-8ecf-56ba2c192ca1,1607885829963:192c7fb3-a115-4e9a-8554-d41a1e112b63,"size == ""0""","isEmpty == ""True""","peek_obj_type == ""EmptyObject""","push == ""none""","pop == ""EmptyObject""","clear == ""none""","size_p == ""0""",No
5296,1607885829963:2dc96057-eac3-48ab-9ee3-42c2ad5aad09,1607885829963:b0578a93-384b-4210-b17c-b58e4bc4190f,"size == ""0""","isEmpty == ""True""","peek_obj_type == ""EmptyObject""","push == ""class java.lang.String""","pop == ""none""","clear == ""none""","size_p == ""0""",Yes
5297,1607885829963:2dc96057-eac3-48ab-9ee3-42c2ad5aad09,1607885829963:b0578a93-384b-4210-b17c-b58e4bc4190f,"size == ""0""","isEmpty == ""True""","peek_obj_type == ""EmptyObject""","push == ""none""","pop == ""EmptyObject""","clear == ""none""","size_p == ""0""",No
5299,1607885829962:e27e4a9e-6d21-4c87-9e88-e6517013b6a5,1607885829962:b668bb3e-a300-4b68-868b-d2f2cdf2b077,"size == ""0""","isEmpty == ""True""","peek_obj_type == ""EmptyObject""","push == ""class java.lang.String""","pop == ""none""","clear == ""none""","size_p == ""0""",Yes
5301,1607885829962:e27e4a9e-6d21-4c87-9e88-e6517013b6a5,1607885829962:a87d15e7-9e79-4805-b9b9-8b4b1d1ffe4f,"size == ""0""","isEmpty == ""True""","peek_obj_type == ""EmptyObject""","push == ""class java.lang.String""","pop == ""none""","clear == ""none""","size_p == ""0""",Yes
5302,1607885829962:e27e4a9e-6d21-4c87-9e88-e6517013b6a5,1607885829962:a87d15e7-9e79-4805-b9b9-8b4b1d1ffe4f,"size == ""0""","isEmpty == ""True""","peek_obj_type == ""EmptyObject""","push == ""none""","pop == ""EmptyObject""","clear == ""none""","size_p == ""0""",No
5304,1607885829962:d4bc5e81-8554-4a15-ab57-5bf2cc1cbec6,1607885829962:de2c6902-2318-4c35-81bf-bbfbcfe798f3,"size == ""0""","isEmpty == ""True""","peek_obj_type == ""EmptyObject""","push == ""class java.lang.String""","pop == ""none""","clear == ""none""","size_p == ""0""",Yes
5305,1607885829962:d4bc5e81-8554-4a15-ab57-5bf2cc1cbec6,1607885829962:de2c6902-2318-4c35-81bf-bbfbcfe798f3,"size == ""0""","isEmpty == ""True""","peek_obj_type == ""EmptyObject""","push == ""none""","pop == ""EmptyObject""","clear == ""none""","size_p == ""0""",No
5307,1607885829962:d4bc5e81-8554-4a15-ab57-5bf2cc1cbec6,1607885829962:cbb518df-731f-4065-b083-738238bac87f,"size == ""1""","isEmpty == ""False""","peek_obj_type == ""class java.lang.String""","push == ""none""","pop == ""none""","clear == ""clear""","size_p == ""0""",Yes
5308,1607885829962:d4bc5e81-8554-4a15-ab57-5bf2cc1cbec6,1607885829962:cbb518df-731f-4065-b083-738238bac87f,"size == ""1""","isEmpty == ""False""","peek_obj_type == ""class java.lang.String""","push == ""class java.lang.String""","pop == ""none""","clear == ""none""","size_p == ""1""",Yes
5309,1607885829962:d4bc5e81-8554-4a15-ab57-5bf2cc1cbec6,1607885829962:cbb518df-731f-4065-b083-738238bac87f,"size == ""2""","isEmpty == ""False""","peek_obj_type == ""class java.lang.String""","push == ""none""","pop == ""none""","clear == ""clear""","size_p == ""1""",Yes
5310,1607885829962:d4bc5e81-8554-4a15-ab57-5bf2cc1cbec6,1607885829962:cbb518df-731f-4065-b083-738238bac87f,"size == ""3""","isEmpty == ""False""","peek_obj_type == ""class java.lang.String""","push == ""none""","pop == ""none""","clear == ""clear""","size_p == ""2""",Yes
5311,1607885829962:d4bc5e81-8554-4a15-ab57-5bf2cc1cbec6,1607885829962:cbb518df-731f-4065-b083-738238bac87f,"size == ""4""","isEmpty == ""False""","peek_obj_type == ""class java.lang.String""","push == ""none""","pop == ""none""","clear == ""clear""","size_p == ""3""",Yes
5313,1607885829962:b5aeec79-a03c-401f-9b54-ab2da41add98,1607885829962:2ef1bce9-ee4f-462f-a8f9-44b767c38157,"size == ""0""","isEmpty == ""True""","peek_obj_type == ""EmptyObject""","push == ""class java.lang.String""","pop == ""none""","clear == ""none""","size_p == ""0""",Yes
5314,1607885829962:b5aeec79-a03c-401f-9b54-ab2da41add98,1607885829962:2ef1bce9-ee4f-462f-a8f9-44b767c38157,"size == ""0""","isEmpty == ""True""","peek_obj_type == ""EmptyObject""","push == ""none""","pop == ""EmptyObject""","clear == ""none""","size_p == ""0""",No
5316,1607885829962:8cdda238-361e-4871-916c-63646b256e94,1607885829962:667694c3-9dfe-47e5-8047-8513838a5a47,"size == ""0""","isEmpty == ""True""","peek_obj_type == ""EmptyObject""","push == ""class java.lang.String""","pop == ""none""","clear == ""none""","size_p == ""0""",Yes
5317,1607885829962:8cdda238-361e-4871-916c-63646b256e94,1607885829962:667694c3-9dfe-47e5-8047-8513838a5a47,"size == ""0""","isEmpty == ""True""","peek_obj_type == ""EmptyObject""","push == ""none""","pop == ""EmptyObject""","clear == ""none""","size_p == ""0""",No
5319,1607885829962:5f2e55b8-8ac6-4aec-9886-5693e9477cf9,1607885829962:89163271-1c9b-4c8c-8c88-13ab7af4162f,"size == ""0""","isEmpty == ""True""","peek_obj_type == ""EmptyObject""","push == ""class java.lang.String""","pop == ""none""","clear == ""none""","size_p == ""0""",Yes
5320,1607885829962:5f2e55b8-8ac6-4aec-9886-5693e9477cf9,1607885829962:89163271-1c9b-4c8c-8c88-13ab7af4162f,"size == ""0""","isEmpty == ""True""","peek_obj_type == ""EmptyObject""","push == ""none""","pop == ""EmptyObject""","clear == ""none""","size_p == ""0""",No
5322,1607885829962:51c0677a-728b-4759-9d26-af31170cdcfd,1607885829962:8c9472d3-ee7d-457b-81c9-7ed75c539406,"size == ""0""","isEmpty == ""True""","peek_obj_type == ""EmptyObject""","push == ""class java.lang.String""","pop == ""none""","clear == ""none""","size_p == ""0""",Yes
5323,1607885829962:51c0677a-728b-4759-9d26-af31170cdcfd,1607885829962:8c9472d3-ee7d-457b-81c9-7ed75c539406,"size == ""0""","isEmpty == ""True""","peek_obj_type == ""EmptyObject""","push == ""none""","pop == ""EmptyObject""","clear == ""none""","size_p == ""0""",No
5325,1607885829962:51c0677a-728b-4759-9d26-af31170cdcfd,1607885829962:17d51b5f-dd6f-4d6b-b261-17ac1874d572,"size == ""1""","isEmpty == ""False""","peek_obj_type == ""class java.lang.String""","push == ""none""","pop == ""none""","clear == ""clear""","size_p == ""0""",Yes
5326,1607885829962:51c0677a-728b-4759-9d26-af31170cdcfd,1607885829962:17d51b5f-dd6f-4d6b-b261-17ac1874d572,"size == ""1""","isEmpty == ""False""","peek_obj_type == ""class java.lang.String""","push == ""class java.lang.String""","pop == ""none""","clear == ""none""","size_p == ""1""",Yes
5327,1607885829962:51c0677a-728b-4759-9d26-af31170cdcfd,1607885829962:17d51b5f-dd6f-4d6b-b261-17ac1874d572,"size == ""2""","isEmpty == ""False""","peek_obj_type == ""class java.lang.String""","push == ""none""","pop == ""none""","clear == ""clear""","size_p == ""1""",Yes
5328,1607885829962:51c0677a-728b-4759-9d26-af31170cdcfd,1607885829962:17d51b5f-dd6f-4d6b-b261-17ac1874d572,"size == ""3""","isEmpty == ""False""","peek_obj_type == ""class java.lang.String""","push == ""none""","pop == ""none""","clear == ""clear""","size_p == ""2""",Yes
5329,1607885829962:51c0677a-728b-4759-9d26-af31170cdcfd,1607885829962:17d51b5f-dd6f-4d6b-b261-17ac1874d572,"size == ""4""","isEmpty == ""False""","peek_obj_type == ""class java.lang.String""","push == ""none""","pop == ""none""","clear == ""clear""","size_p == ""3""",Yes
5331,1607885829961:dea34ba5-93fa-47b5-9c92-731137b0672a,1607885829961:05f55b78-b6f3-4810-bed8-805ac9176e06,"size == ""0""","isEmpty == ""True""","peek_obj_type == ""EmptyObject""","push == ""class java.lang.String""","pop == ""none""","clear == ""none""","size_p == ""0""",Yes
5332,1607885829961:dea34ba5-93fa-47b5-9c92-731137b0672a,1607885829961:05f55b78-b6f3-4810-bed8-805ac9176e06,"size == ""0""","isEmpty == ""True""","peek_obj_type == ""EmptyObject""","push == ""none""","pop == ""EmptyObject""","clear == ""none""","size_p == ""0""",No
5334,1607885829961:c357d096-c7c0-4d4f-8404-94ed30ae52b4,1607885829961:ac327aaf-dda1-4bd4-8862-50c8860dc929,"size == ""1""","isEmpty == ""False""","peek_obj_type == ""class java.lang.String""","push == ""none""","pop == ""none""","clear == ""clear""","size_p == ""0""",Yes
5335,1607885829961:c357d096-c7c0-4d4f-8404-94ed30ae52b4,1607885829961:ac327aaf-dda1-4bd4-8862-50c8860dc929,"size == ""1""","isEmpty == ""False""","peek_obj_type == ""class java.lang.String""","push == ""class java.lang.String""","pop == ""none""","clear == ""none""","size_p == ""1""",Yes
5336,1607885829961:c357d096-c7c0-4d4f-8404-94ed30ae52b4,1607885829961:ac327aaf-dda1-4bd4-8862-50c8860dc929,"size == ""2""","isEmpty == ""False""","peek_obj_type == ""class java.lang.String""","push == ""none""","pop == ""none""","clear == ""clear""","size_p == ""1""",Yes
5337,1607885829961:c357d096-c7c0-4d4f-8404-94ed30ae52b4,1607885829961:ac327aaf-dda1-4bd4-8862-50c8860dc929,"size == ""3""","isEmpty == ""False""","peek_obj_type == ""class java.lang.String""","push == ""none""","pop == ""none""","clear == ""clear""","size_p == ""2""",Yes
5338,1607885829961:c357d096-c7c0-4d4f-8404-94ed30ae52b4,1607885829961:ac327aaf-dda1-4bd4-8862-50c8860dc929,"size == ""4""","isEmpty == ""False""","peek_obj_type == ""class java.lang.String""","push == ""none""","pop == ""none""","clear == ""clear""","size_p == ""3""",Yes
5340,1607885829961:c357d096-c7c0-4d4f-8404-94ed30ae52b4,1607885829961:23dda276-dc1b-41b3-ad18-3156608dfd6e,"size == ""0""","isEmpty == ""True""","peek_obj_type == ""EmptyObject""","push == ""class java.lang.String""","pop == ""none""","clear == ""none""","size_p == ""0""",Yes
5341,1607885829961:c357d096-c7c0-4d4f-8404-94ed30ae52b4,1607885829961:23dda276-dc1b-41b3-ad18-3156608dfd6e,"size == ""0""","isEmpty == ""True""","peek_obj_type == ""EmptyObject""","push == ""none""","pop == ""EmptyObject""","clear == ""none""","size_p == ""0""",No
5344,1607885829961:abc90c1a-ac2f-4ec3-b35a-3fcfc6a7b44a,1607885829961:35ee95aa-4525-44b3-8669-da48dcdc5ccd,"size == ""0""","isEmpty == ""True""","peek_obj_type == ""EmptyObject""","push == ""class java.lang.String""","pop == ""none""","clear == ""none""","size_p == ""0""",Yes
5346,1607885829961:abc90c1a-ac2f-4ec3-b35a-3fcfc6a7b44a,1607885829961:1e9ea813-b715-45e3-9db9-3b4b0af0f0a6,"size == ""0""","isEmpty == ""True""","peek_obj_type == ""EmptyObject""","push == ""class java.lang.String""","pop == ""none""","clear == ""none""","size_p == ""0""",Yes
5347,1607885829961:abc90c1a-ac2f-4ec3-b35a-3fcfc6a7b44a,1607885829961:1e9ea813-b715-45e3-9db9-3b4b0af0f0a6,"size == ""0""","isEmpty == ""True""","peek_obj_type == ""EmptyObject""","push == ""none""","pop == ""EmptyObject""","clear == ""none""","size_p == ""0""",No
5349,1607885829961:3d44b1d8-ebcd-4e94-b13e-71ce3335eadb,1607885829961:f11bf2e0-af91-4719-8523-7cafcc710b60,"size == ""0""","isEmpty == ""True""","peek_obj_type == ""EmptyObject""","push == ""class java.lang.String""","pop == ""none""","clear == ""none""","size_p == ""0""",Yes
5350,1607885829961:3d44b1d8-ebcd-4e94-b13e-71ce3335eadb,1607885829961:f11bf2e0-af91-4719-8523-7cafcc710b60,"size == ""0""","isEmpty == ""True""","peek_obj_type == ""EmptyObject""","push == ""none""","pop == ""EmptyObject""","clear == ""none""","size_p == ""0""",No
5352,1607885829961:3d44b1d8-ebcd-4e94-b13e-71ce3335eadb,1607885829961:de204aca-610c-417f-9686-30122b59e7db,"size == ""1""","isEmpty == ""False""","peek_obj_type == ""class java.lang.String""","push == ""none""","pop == ""none""","clear == ""clear""","size_p == ""0""",Yes
5353,1607885829961:3d44b1d8-ebcd-4e94-b13e-71ce3335eadb,1607885829961:de204aca-610c-417f-9686-30122b59e7db,"size == ""1""","isEmpty == ""False""","peek_obj_type == ""class java.lang.String""","push == ""class java.lang.String""","pop == ""none""","clear == ""none""","size_p == ""1""",Yes
5354,1607885829961:3d44b1d8-ebcd-4e94-b13e-71ce3335eadb,1607885829961:de204aca-610c-417f-9686-30122b59e7db,"size == ""2""","isEmpty == ""False""","peek_obj_type == ""class java.lang.String""","push == ""none""","pop == ""none""","clear == ""clear""","size_p == ""1""",Yes
5356,1607885829961:3d44b1d8-ebcd-4e94-b13e-71ce3335eadb,1607885829961:7f13c02e-649b-4a40-b1a3-4ef04f8cb26d,"size == ""0""","isEmpty == ""True""","peek_obj_type == ""EmptyObject""","push == ""class java.lang.String""","pop == ""none""","clear == ""none""","size_p == ""0""",Yes
5359,1607885829961:2635d2e7-3580-472c-bec7-0caf53274cc1,1607885829962:2fb7734f-d6d0-478c-893b-bf8d00990637,"size == ""0""","isEmpty == ""True""","peek_obj_type == ""EmptyObject""","push == ""class java.lang.String""","pop == ""none""","clear == ""none""","size_p == ""0""",Yes
5360,1607885829961:2635d2e7-3580-472c-bec7-0caf53274cc1,1607885829962:2fb7734f-d6d0-478c-893b-bf8d00990637,"size == ""0""","isEmpty == ""True""","peek_obj_type == ""EmptyObject""","push == ""none""","pop == ""EmptyObject""","clear == ""none""","size_p == ""0""",No
5362,1607885829961:2635d2e7-3580-472c-bec7-0caf53274cc1,1607885829961:791ed140-26ca-4fd0-a5ed-ee2a5d1d2ba7,"size == ""1""","isEmpty == ""False""","peek_obj_type == ""class java.lang.String""","push == ""none""","pop == ""none""","clear == ""clear""","size_p == ""0""",Yes
5363,1607885829961:2635d2e7-3580-472c-bec7-0caf53274cc1,1607885829961:791ed140-26ca-4fd0-a5ed-ee2a5d1d2ba7,"size == ""1""","isEmpty == ""False""","peek_obj_type == ""class java.lang.String""","push == ""class java.lang.String""","pop == ""none""","clear == ""none""","size_p == ""1""",Yes
5364,1607885829961:2635d2e7-3580-472c-bec7-0caf53274cc1,1607885829961:791ed140-26ca-4fd0-a5ed-ee2a5d1d2ba7,"size == ""0""","isEmpty == ""True""","peek_obj_type == ""EmptyObject""","push == ""none""","pop == ""EmptyObject""","clear == ""none""","size_p == ""1""",No
5365,1607885829961:2635d2e7-3580-472c-bec7-0caf53274cc1,1607885829961:791ed140-26ca-4fd0-a5ed-ee2a5d1d2ba7,"size == ""1""","isEmpty == ""False""","peek_obj_type == ""class java.lang.String""","push == ""none""","pop == ""none""","clear == ""clear""","size_p == ""0""",Yes
5367,1607885829961:24ad47b1-9451-47eb-85c1-c4340f9c46b9,1607885829961:b068fad5-4261-42eb-977b-e9fc657503d9,"size == ""0""","isEmpty == ""True""","peek_obj_type == ""EmptyObject""","push == ""class java.lang.String""","pop == ""none""","clear == ""none""","size_p == ""0""",Yes
5368,1607885829961:24ad47b1-9451-47eb-85c1-c4340f9c46b9,1607885829961:b068fad5-4261-42eb-977b-e9fc657503d9,"size == ""0""","isEmpty == ""True""","peek_obj_type == ""EmptyObject""","push == ""none""","pop == ""EmptyObject""","clear == ""none""","size_p == ""0""",No
5370,1607885829961:24ad47b1-9451-47eb-85c1-c4340f9c46b9,1607885829961:a556ee83-01e2-4478-ac76-199e865a65ec,"size == ""0""","isEmpty == ""True""","peek_obj_type == ""EmptyObject""","push == ""class java.lang.String""","pop == ""none""","clear == ""none""","size_p == ""0""",Yes
5371,1607885829961:24ad47b1-9451-47eb-85c1-c4340f9c46b9,1607885829961:a556ee83-01e2-4478-ac76-199e865a65ec,"size == ""0""","isEmpty == ""True""","peek_obj_type == ""EmptyObject""","push == ""class java.lang.String""","pop == ""none""","clear == ""none""","size_p == ""0""",Yes
5373,1607885829960:e3a7dd31-a359-41ac-b526-88f9078a6d0a,1607885829960:3d895a25-87b6-4cf1-8343-4eeb61908d6e,"size == ""0""","isEmpty == ""True""","peek_obj_type == ""EmptyObject""","push == ""class java.lang.String""","pop == ""none""","clear == ""none""","size_p == ""0""",Yes
5374,1607885829960:e3a7dd31-a359-41ac-b526-88f9078a6d0a,1607885829960:3d895a25-87b6-4cf1-8343-4eeb61908d6e,"size == ""0""","isEmpty == ""True""","peek_obj_type == ""EmptyObject""","push == ""none""","pop == ""EmptyObject""","clear == ""none""","size_p == ""0""",No
5376,1607885829960:d5aedc09-e890-499b-b8a3-59ba9d0c4d6c,1607885829960:7bbb0e5c-d09d-4b36-9b60-0139e9f17619,"size == ""1""","isEmpty == ""False""","peek_obj_type == ""class java.lang.String""","push == ""none""","pop == ""none""","clear == ""clear""","size_p == ""0""",Yes
5377,1607885829960:d5aedc09-e890-499b-b8a3-59ba9d0c4d6c,1607885829960:7bbb0e5c-d09d-4b36-9b60-0139e9f17619,"size == ""1""","isEmpty == ""False""","peek_obj_type == ""class java.lang.String""","push == ""class java.lang.String""","pop == ""none""","clear == ""none""","size_p == ""1""",Yes
5378,1607885829960:d5aedc09-e890-499b-b8a3-59ba9d0c4d6c,1607885829960:7bbb0e5c-d09d-4b36-9b60-0139e9f17619,"size == ""0""","isEmpty == ""True""","peek_obj_type == ""EmptyObject""","push == ""none""","pop == ""EmptyObject""","clear == ""none""","size_p == ""1""",No
5379,1607885829960:d5aedc09-e890-499b-b8a3-59ba9d0c4d6c,1607885829960:7bbb0e5c-d09d-4b36-9b60-0139e9f17619,"size == ""1""","isEmpty == ""False""","peek_obj_type == ""class java.lang.String""","push == ""none""","pop == ""none""","clear == ""clear""","size_p == ""0""",Yes
5381,1607885829960:d5aedc09-e890-499b-b8a3-59ba9d0c4d6c,1607885829960:55686829-be22-4e0a-b67b-3ca91b3b75a0,"size == ""0""","isEmpty == ""True""","peek_obj_type == ""EmptyObject""","push == ""class java.lang.String""","pop == ""none""","clear == ""none""","size_p == ""0""",Yes
5382,1607885829960:d5aedc09-e890-499b-b8a3-59ba9d0c4d6c,1607885829960:55686829-be22-4e0a-b67b-3ca91b3b75a0,"size == ""0""","isEmpty == ""True""","peek_obj_type == ""EmptyObject""","push == ""none""","pop == ""EmptyObject""","clear == ""none""","size_p == ""0""",No
5384,1607885829960:a8f24ec5-5ea9-4e36-b01f-4405a0f815f5,1607885829960:df6884eb-2eb3-4a0a-8e77-9593f18b30b8,"size == ""0""","isEmpty == ""True""","peek_obj_type == ""EmptyObject""","push == ""class java.lang.String""","pop == ""none""","clear == ""none""","size_p == ""0""",Yes
5385,1607885829960:a8f24ec5-5ea9-4e36-b01f-4405a0f815f5,1607885829960:df6884eb-2eb3-4a0a-8e77-9593f18b30b8,"size == ""0""","isEmpty == ""True""","peek_obj_type == ""EmptyObject""","push == ""none""","pop == ""EmptyObject""","clear == ""none""","size_p == ""0""",No
5387,1607885829960:7e6875ad-5718-4170-a6a7-3a0a3b39140b,1607885829960:a0f2e04e-6fda-41f9-a4e7-3b2f02012acd,"size == ""0""","isEmpty == ""True""","peek_obj_type == ""EmptyObject""","push == ""class java.lang.String""","pop == ""none""","clear == ""none""","size_p == ""0""",Yes
5388,1607885829960:7e6875ad-5718-4170-a6a7-3a0a3b39140b,1607885829960:a0f2e04e-6fda-41f9-a4e7-3b2f02012acd,"size == ""0""","isEmpty == ""True""","peek_obj_type == ""EmptyObject""","push == ""none""","pop == ""EmptyObject""","clear == ""none""","size_p == ""0""",No
5390,1607885829960:6fd749c4-5f10-4fe7-bd9f-796c40d1bae8,1607885829960:5a3301f0-f63a-4a9e-8609-fb434efcf8ab,"size == ""0""","isEmpty == ""True""","peek_obj_type == ""EmptyObject""","push == ""class java.lang.String""","pop == ""none""","clear == ""none""","size_p == ""0""",Yes
5391,1607885829960:6fd749c4-5f10-4fe7-bd9f-796c40d1bae8,1607885829960:5a3301f0-f63a-4a9e-8609-fb434efcf8ab,"size == ""0""","isEmpty == ""True""","peek_obj_type == ""EmptyObject""","push == ""none""","pop == ""EmptyObject""","clear == ""none""","size_p == ""0""",No
5393,1607885829960:6fd749c4-5f10-4fe7-bd9f-796c40d1bae8,1607885829960:29d76e74-e17a-46f7-9cba-4ae6148fff4c,"size == ""1""","isEmpty == ""False""","peek_obj_type == ""class java.lang.String""","push == ""none""","pop == ""none""","clear == ""clear""","size_p == ""0""",Yes
5394,1607885829960:6fd749c4-5f10-4fe7-bd9f-796c40d1bae8,1607885829960:29d76e74-e17a-46f7-9cba-4ae6148fff4c,"size == ""1""","isEmpty == ""False""","peek_obj_type == ""class java.lang.String""","push == ""class java.lang.String""","pop == ""none""","clear == ""none""","size_p == ""1""",Yes
5395,1607885829960:6fd749c4-5f10-4fe7-bd9f-796c40d1bae8,1607885829960:29d76e74-e17a-46f7-9cba-4ae6148fff4c,"size == ""0""","isEmpty == ""True""","peek_obj_type == ""EmptyObject""","push == ""none""","pop == ""EmptyObject""","clear == ""none""","size_p == ""1""",No
5396,1607885829960:6fd749c4-5f10-4fe7-bd9f-796c40d1bae8,1607885829960:29d76e74-e17a-46f7-9cba-4ae6148fff4c,"size == ""1""","isEmpty == ""False""","peek_obj_type == ""class java.lang.String""","push == ""none""","pop == ""none""","clear == ""clear""","size_p == ""0""",Yes
5398,1607885829960:15dff62e-9ba1-4904-a852-5691e1aba734,1607885829960:ebb2e789-6049-4d6e-b678-44546a72105c,"size == ""1""","isEmpty == ""False""","peek_obj_type == ""class java.lang.String""","push == ""none""","pop == ""none""","clear == ""clear""","size_p == ""0""",Yes
5399,1607885829960:15dff62e-9ba1-4904-a852-5691e1aba734,1607885829960:ebb2e789-6049-4d6e-b678-44546a72105c,"size == ""1""","isEmpty == ""False""","peek_obj_type == ""class java.lang.String""","push == ""class java.lang.String""","pop == ""none""","clear == ""none""","size_p == ""1""",Yes
5400,1607885829960:15dff62e-9ba1-4904-a852-5691e1aba734,1607885829960:ebb2e789-6049-4d6e-b678-44546a72105c,"size == ""2""","isEmpty == ""False""","peek_obj_type == ""class java.lang.String""","push == ""none""","pop == ""none""","clear == ""clear""","size_p == ""1""",Yes
5401,1607885829960:15dff62e-9ba1-4904-a852-5691e1aba734,1607885829960:ebb2e789-6049-4d6e-b678-44546a72105c,"size == ""3""","isEmpty == ""False""","peek_obj_type == ""class java.lang.String""","push == ""none""","pop == ""none""","clear == ""clear""","size_p == ""2""",Yes
5402,1607885829960:15dff62e-9ba1-4904-a852-5691e1aba734,1607885829960:ebb2e789-6049-4d6e-b678-44546a72105c,"size == ""4""","isEmpty == ""False""","peek_obj_type == ""class java.lang.String""","push == ""none""","pop == ""none""","clear == ""clear""","size_p == ""3""",Yes
5404,1607885829960:15dff62e-9ba1-4904-a852-5691e1aba734,1607885829960:c4c28ff3-1b59-41ed-ae66-17668cbf8205,"size == ""0""","isEmpty == ""True""","peek_obj_type == ""EmptyObject""","push == ""class java.lang.String""","pop == ""none""","clear == ""none""","size_p == ""0""",Yes
5405,1607885829960:15dff62e-9ba1-4904-a852-5691e1aba734,1607885829960:c4c28ff3-1b59-41ed-ae66-17668cbf8205,"size == ""0""","isEmpty == ""True""","peek_obj_type == ""EmptyObject""","push == ""none""","pop == ""EmptyObject""","clear == ""none""","size_p == ""0""",No
5407,1607885829960:04e1c146-aeda-4a4d-a933-d1c105920b45,1607885829960:f2dac032-1917-464c-bdca-f302f0741e4d,"size == ""0""","isEmpty == ""True""","peek_obj_type == ""EmptyObject""","push == ""class java.lang.String""","pop == ""none""","clear == ""none""","size_p == ""0""",Yes
5408,1607885829960:04e1c146-aeda-4a4d-a933-d1c105920b45,1607885829960:f2dac032-1917-464c-bdca-f302f0741e4d,"size == ""0""","isEmpty == ""True""","peek_obj_type == ""EmptyObject""","push == ""none""","pop == ""EmptyObject""","clear == ""none""","size_p == ""0""",No
5410,1607885829959:e8d4e934-b34a-42a9-8381-fc8f269bd8f0,1607885829959:5b61e35b-570b-462d-ba1e-09b3783f5c97,"size == ""0""","isEmpty == ""True""","peek_obj_type == ""EmptyObject""","push == ""class java.lang.String""","pop == ""none""","clear == ""none""","size_p == ""0""",Yes
5411,1607885829959:e8d4e934-b34a-42a9-8381-fc8f269bd8f0,1607885829959:5b61e35b-570b-462d-ba1e-09b3783f5c97,"size == ""0""","isEmpty == ""True""","peek_obj_type == ""EmptyObject""","push == ""none""","pop == ""EmptyObject""","clear == ""none""","size_p == ""0""",No
5413,1607885829959:e8d4e934-b34a-42a9-8381-fc8f269bd8f0,1607885829959:4008737d-5490-4303-969c-943bc8b54f19,"size == ""0""","isEmpty == ""True""","peek_obj_type == ""EmptyObject""","push == ""class java.lang.String""","pop == ""none""","clear == ""none""","size_p == ""0""",Yes
5414,1607885829959:e8d4e934-b34a-42a9-8381-fc8f269bd8f0,1607885829959:4008737d-5490-4303-969c-943bc8b54f19,"size == ""0""","isEmpty == ""True""","peek_obj_type == ""EmptyObject""","push == ""class java.lang.String""","pop == ""none""","clear == ""none""","size_p == ""0""",Yes
5415,1607885829959:e8d4e934-b34a-42a9-8381-fc8f269bd8f0,1607885829959:4008737d-5490-4303-969c-943bc8b54f19,"size == ""1""","isEmpty == ""False""","peek_obj_type == ""class java.lang.String""","push == ""none""","pop == ""none""","clear == ""clear""","size_p == ""0""",Yes
5417,1607885829959:b6e15cd0-a6ec-41c2-afae-ce81ec1da1f9,1607885829959:8213ec21-d7b7-406d-8d86-81841dc8ff6a,"size == ""0""","isEmpty == ""True""","peek_obj_type == ""EmptyObject""","push == ""class java.lang.String""","pop == ""none""","clear == ""none""","size_p == ""0""",Yes
5418,1607885829959:b6e15cd0-a6ec-41c2-afae-ce81ec1da1f9,1607885829959:8213ec21-d7b7-406d-8d86-81841dc8ff6a,"size == ""0""","isEmpty == ""True""","peek_obj_type == ""EmptyObject""","push == ""none""","pop == ""EmptyObject""","clear == ""none""","size_p == ""0""",No
5420,1607885829959:b6e15cd0-a6ec-41c2-afae-ce81ec1da1f9,1607885829959:3ff76aed-e7c6-4bc6-93c5-4c4d372d6348,"size == ""1""","isEmpty == ""False""","peek_obj_type == ""class java.lang.String""","push == ""none""","pop == ""none""","clear == ""clear""","size_p == ""0""",Yes
5421,1607885829959:b6e15cd0-a6ec-41c2-afae-ce81ec1da1f9,1607885829959:3ff76aed-e7c6-4bc6-93c5-4c4d372d6348,"size == ""1""","isEmpty == ""False""","peek_obj_type == ""class java.lang.String""","push == ""class java.lang.String""","pop == ""none""","clear == ""none""","size_p == ""1""",Yes
5422,1607885829959:b6e15cd0-a6ec-41c2-afae-ce81ec1da1f9,1607885829959:3ff76aed-e7c6-4bc6-93c5-4c4d372d6348,"size == ""2""","isEmpty == ""False""","peek_obj_type == ""class java.lang.String""","push == ""none""","pop == ""none""","clear == ""clear""","size_p == ""1""",Yes
5423,1607885829959:b6e15cd0-a6ec-41c2-afae-ce81ec1da1f9,1607885829959:3ff76aed-e7c6-4bc6-93c5-4c4d372d6348,"size == ""3""","isEmpty == ""False""","peek_obj_type == ""class java.lang.String""","push == ""none""","pop == ""none""","clear == ""clear""","size_p == ""2""",Yes
5424,1607885829959:b6e15cd0-a6ec-41c2-afae-ce81ec1da1f9,1607885829959:3ff76aed-e7c6-4bc6-93c5-4c4d372d6348,"size == ""4""","isEmpty == ""False""","peek_obj_type == ""class java.lang.String""","push == ""none""","pop == ""none""","clear == ""clear""","size_p == ""3""",Yes
5426,1607885829959:64a83a81-f437-4f8a-82e0-99fb61ee9ed6,1607885829959:a7c1ce25-153e-4f61-bd45-147462fe7996,"size == ""0""","isEmpty == ""True""","peek_obj_type == ""EmptyObject""","push == ""class java.lang.String""","pop == ""none""","clear == ""none""","size_p == ""0""",Yes
5427,1607885829959:64a83a81-f437-4f8a-82e0-99fb61ee9ed6,1607885829959:a7c1ce25-153e-4f61-bd45-147462fe7996,"size == ""0""","isEmpty == ""True""","peek_obj_type == ""EmptyObject""","push == ""none""","pop == ""EmptyObject""","clear == ""none""","size_p == ""0""",No
5429,1607885829959:278d6602-8b78-4264-b612-db255551ba10,1607885829959:9c03e778-aa88-45bb-9a29-76cd719a2fa0,"size == ""0""","isEmpty == ""True""","peek_obj_type == ""EmptyObject""","push == ""class java.lang.String""","pop == ""none""","clear == ""none""","size_p == ""0""",Yes
5430,1607885829959:278d6602-8b78-4264-b612-db255551ba10,1607885829959:9c03e778-aa88-45bb-9a29-76cd719a2fa0,"size == ""0""","isEmpty == ""True""","peek_obj_type == ""EmptyObject""","push == ""none""","pop == ""EmptyObject""","clear == ""none""","size_p == ""0""",No
5432,1607885829959:110b3f5f-6fe7-48c1-a259-86b736cf5391,1607885829959:e2c417c4-0a16-4abe-b042-feffd6882e85,"size == ""0""","isEmpty == ""True""","peek_obj_type == ""EmptyObject""","push == ""class java.lang.String""","pop == ""none""","clear == ""none""","size_p == ""0""",Yes
5434,1607885829959:110b3f5f-6fe7-48c1-a259-86b736cf5391,1607885829959:14526e6f-b2ba-40b2-bac1-56c5331fd308,"size == ""0""","isEmpty == ""True""","peek_obj_type == ""EmptyObject""","push == ""class java.lang.String""","pop == ""none""","clear == ""none""","size_p == ""0""",Yes
5435,1607885829959:110b3f5f-6fe7-48c1-a259-86b736cf5391,1607885829959:14526e6f-b2ba-40b2-bac1-56c5331fd308,"size == ""0""","isEmpty == ""True""","peek_obj_type == ""EmptyObject""","push == ""none""","pop == ""EmptyObject""","clear == ""none""","size_p == ""0""",No
5437,1607885829959:109817da-9cd0-437d-a33e-3660a9ba0c98,1607885829959:05cb05b2-7d6d-40b0-8ed4-3565df30d7c2,"size == ""0""","isEmpty == ""True""","peek_obj_type == ""EmptyObject""","push == ""class java.lang.String""","pop == ""none""","clear == ""none""","size_p == ""0""",Yes
5438,1607885829959:109817da-9cd0-437d-a33e-3660a9ba0c98,1607885829959:05cb05b2-7d6d-40b0-8ed4-3565df30d7c2,"size == ""0""","isEmpty == ""True""","peek_obj_type == ""EmptyObject""","push == ""none""","pop == ""EmptyObject""","clear == ""none""","size_p == ""0""",No
5440,1607885829958:e44b90ba-4590-4fc0-ada6-a3673dae59e9,1607885829958:ba68c943-64da-4780-9a7b-699cdfd8a556,"size == ""1""","isEmpty == ""False""","peek_obj_type == ""class java.lang.String""","push == ""none""","pop == ""none""","clear == ""clear""","size_p == ""0""",Yes
5441,1607885829958:e44b90ba-4590-4fc0-ada6-a3673dae59e9,1607885829958:ba68c943-64da-4780-9a7b-699cdfd8a556,"size == ""1""","isEmpty == ""False""","peek_obj_type == ""class java.lang.String""","push == ""class java.lang.String""","pop == ""none""","clear == ""none""","size_p == ""1""",Yes
5442,1607885829958:e44b90ba-4590-4fc0-ada6-a3673dae59e9,1607885829958:ba68c943-64da-4780-9a7b-699cdfd8a556,"size == ""0""","isEmpty == ""True""","peek_obj_type == ""EmptyObject""","push == ""none""","pop == ""EmptyObject""","clear == ""none""","size_p == ""1""",No
5443,1607885829958:e44b90ba-4590-4fc0-ada6-a3673dae59e9,1607885829958:ba68c943-64da-4780-9a7b-699cdfd8a556,"size == ""1""","isEmpty == ""False""","peek_obj_type == ""class java.lang.String""","push == ""none""","pop == ""none""","clear == ""clear""","size_p == ""0""",Yes
5445,1607885829958:e44b90ba-4590-4fc0-ada6-a3673dae59e9,1607885829958:97ddfce0-82ea-424c-b058-0444c1749b73,"size == ""0""","isEmpty == ""True""","peek_obj_type == ""EmptyObject""","push == ""class java.lang.String""","pop == ""none""","clear == ""none""","size_p == ""0""",Yes
5446,1607885829958:e44b90ba-4590-4fc0-ada6-a3673dae59e9,1607885829958:97ddfce0-82ea-424c-b058-0444c1749b73,"size == ""0""","isEmpty == ""True""","peek_obj_type == ""EmptyObject""","push == ""none""","pop == ""EmptyObject""","clear == ""none""","size_p == ""0""",No
5448,1607885829958:a87e84a3-cf8a-43af-a490-99de813ff720,1607885829958:5cba2bb1-540d-42f7-b0ea-a8075770923d,"size == ""0""","isEmpty == ""True""","peek_obj_type == ""EmptyObject""","push == ""class java.lang.String""","pop == ""none""","clear == ""none""","size_p == ""0""",Yes
5449,1607885829958:a87e84a3-cf8a-43af-a490-99de813ff720,1607885829958:5cba2bb1-540d-42f7-b0ea-a8075770923d,"size == ""0""","isEmpty == ""True""","peek_obj_type == ""EmptyObject""","push == ""none""","pop == ""EmptyObject""","clear == ""none""","size_p == ""0""",No
5451,1607885829958:3c13801e-1398-435b-a959-fd086a39ee2b,1607885829958:9b76f4d8-ae47-4b87-b91b-c0db87d4b4d0,"size == ""0""","isEmpty == ""True""","peek_obj_type == ""EmptyObject""","push == ""class java.lang.String""","pop == ""none""","clear == ""none""","size_p == ""0""",Yes
5452,1607885829958:3c13801e-1398-435b-a959-fd086a39ee2b,1607885829958:9b76f4d8-ae47-4b87-b91b-c0db87d4b4d0,"size == ""0""","isEmpty == ""True""","peek_obj_type == ""EmptyObject""","push == ""none""","pop == ""EmptyObject""","clear == ""none""","size_p == ""0""",No
5454,1607885829957:edee943a-a760-4dc6-8938-e7e763d178aa,1607885829957:061a18d9-12a6-4eff-ad1b-7c0cff6b513c,"size == ""0""","isEmpty == ""True""","peek_obj_type == ""EmptyObject""","push == ""class java.lang.String""","pop == ""none""","clear == ""none""","size_p == ""0""",Yes
5455,1607885829957:edee943a-a760-4dc6-8938-e7e763d178aa,1607885829957:061a18d9-12a6-4eff-ad1b-7c0cff6b513c,"size == ""0""","isEmpty == ""True""","peek_obj_type == ""EmptyObject""","push == ""none""","pop == ""EmptyObject""","clear == ""none""","size_p == ""0""",No
5457,1607885829957:7181100f-7a7d-4f11-be5c-06b98519219b,1607885829957:b7bd7978-d8b1-41db-9653-35c623c43af6,"size == ""0""","isEmpty == ""True""","peek_obj_type == ""EmptyObject""","push == ""class java.lang.String""","pop == ""none""","clear == ""none""","size_p == ""0""",Yes
5458,1607885829957:7181100f-7a7d-4f11-be5c-06b98519219b,1607885829957:b7bd7978-d8b1-41db-9653-35c623c43af6,"size == ""0""","isEmpty == ""True""","peek_obj_type == ""EmptyObject""","push == ""class java.lang.String""","pop == ""none""","clear == ""none""","size_p == ""0""",Yes
5460,1607885829957:7181100f-7a7d-4f11-be5c-06b98519219b,1607885829957:73ba2ac4-faad-4503-a4df-ca2547f408ce,"size == ""0""","isEmpty == ""True""","peek_obj_type == ""EmptyObject""","push == ""class java.lang.String""","pop == ""none""","clear == ""none""","size_p == ""0""",Yes
5461,1607885829957:7181100f-7a7d-4f11-be5c-06b98519219b,1607885829957:73ba2ac4-faad-4503-a4df-ca2547f408ce,"size == ""0""","isEmpty == ""True""","peek_obj_type == ""EmptyObject""","push == ""none""","pop == ""EmptyObject""","clear == ""none""","size_p == ""0""",No
5463,1607885829957:5548f800-db9d-4dc5-af2b-2f6ead3533af,1607885829958:f71e8465-9d88-41ad-b677-8b88b50c4fba,"size == ""0""","isEmpty == ""True""","peek_obj_type == ""EmptyObject""","push == ""class java.lang.String""","pop == ""none""","clear == ""none""","size_p == ""0""",Yes
5464,1607885829957:5548f800-db9d-4dc5-af2b-2f6ead3533af,1607885829958:f71e8465-9d88-41ad-b677-8b88b50c4fba,"size == ""0""","isEmpty == ""True""","peek_obj_type == ""EmptyObject""","push == ""none""","pop == ""EmptyObject""","clear == ""none""","size_p == ""0""",No
5467,1607885829957:5548f800-db9d-4dc5-af2b-2f6ead3533af,1607885829958:469bf731-22e2-4716-861d-943a445d4ee8,"size == ""0""","isEmpty == ""True""","peek_obj_type == ""EmptyObject""","push == ""class java.lang.String""","pop == ""none""","clear == ""none""","size_p == ""0""",Yes
5469,1607885829956:dbbebcfd-60e1-4eb0-883a-af287371c2d4,1607885829956:f7edb282-9aa6-4e36-ae17-c906de5ae1a4,"size == ""0""","isEmpty == ""True""","peek_obj_type == ""EmptyObject""","push == ""class java.lang.String""","pop == ""none""","clear == ""none""","size_p == ""0""",Yes
5470,1607885829956:dbbebcfd-60e1-4eb0-883a-af287371c2d4,1607885829956:f7edb282-9aa6-4e36-ae17-c906de5ae1a4,"size == ""0""","isEmpty == ""True""","peek_obj_type == ""EmptyObject""","push == ""none""","pop == ""EmptyObject""","clear == ""none""","size_p == ""0""",No
5472,1607885829956:aae14aac-4680-4853-8c01-e07aa0d251e4,1607885829956:a6b81c27-1047-4108-b7af-9d08feb0f210,"size == ""0""","isEmpty == ""True""","peek_obj_type == ""EmptyObject""","push == ""class java.lang.String""","pop == ""none""","clear == ""none""","size_p == ""0""",Yes
5474,1607885829956:aae14aac-4680-4853-8c01-e07aa0d251e4,1607885829956:3811f3ca-7cb3-439c-aa43-28caec0caabb,"size == ""0""","isEmpty == ""True""","peek_obj_type == ""EmptyObject""","push == ""class java.lang.String""","pop == ""none""","clear == ""none""","size_p == ""0""",Yes
5475,1607885829956:aae14aac-4680-4853-8c01-e07aa0d251e4,1607885829956:3811f3ca-7cb3-439c-aa43-28caec0caabb,"size == ""0""","isEmpty == ""True""","peek_obj_type == ""EmptyObject""","push == ""none""","pop == ""EmptyObject""","clear == ""none""","size_p == ""0""",No
5477,1607885829955:ffc97f02-f430-4605-9def-2516afea415c,1607885829955:dc3b00d0-4f6a-4c70-82c4-fbafc7825ed5,"size == ""0""","isEmpty == ""True""","peek_obj_type == ""EmptyObject""","push == ""class java.lang.String""","pop == ""none""","clear == ""none""","size_p == ""0""",Yes
5478,1607885829955:ffc97f02-f430-4605-9def-2516afea415c,1607885829955:dc3b00d0-4f6a-4c70-82c4-fbafc7825ed5,"size == ""0""","isEmpty == ""True""","peek_obj_type == ""EmptyObject""","push == ""none""","pop == ""EmptyObject""","clear == ""none""","size_p == ""0""",No
5480,1607885829955:ffc97f02-f430-4605-9def-2516afea415c,1607885829955:a7b168c8-cd32-4e2a-bab2-d280e4c1f66b,"size == ""0""","isEmpty == ""True""","peek_obj_type == ""EmptyObject""","push == ""class java.lang.String""","pop == ""none""","clear == ""none""","size_p == ""0""",Yes
5481,1607885829955:ffc97f02-f430-4605-9def-2516afea415c,1607885829955:a7b168c8-cd32-4e2a-bab2-d280e4c1f66b,"size == ""0""","isEmpty == ""True""","peek_obj_type == ""EmptyObject""","push == ""class java.lang.String""","pop == ""none""","clear == ""none""","size_p == ""0""",Yes
5483,1607885829955:ddaf54cb-e5c8-40ed-b76f-1121ca2c5d36,1607885829955:4a139f35-6e87-419f-8e58-93f2c9112537,"size == ""1""","isEmpty == ""False""","peek_obj_type == ""class java.lang.String""","push == ""none""","pop == ""none""","clear == ""clear""","size_p == ""0""",Yes
5484,1607885829955:ddaf54cb-e5c8-40ed-b76f-1121ca2c5d36,1607885829955:4a139f35-6e87-419f-8e58-93f2c9112537,"size == ""1""","isEmpty == ""False""","peek_obj_type == ""class java.lang.String""","push == ""class java.lang.String""","pop == ""none""","clear == ""none""","size_p == ""1""",Yes
5485,1607885829955:ddaf54cb-e5c8-40ed-b76f-1121ca2c5d36,1607885829955:4a139f35-6e87-419f-8e58-93f2c9112537,"size == ""2""","isEmpty == ""False""","peek_obj_type == ""class java.lang.String""","push == ""none""","pop == ""none""","clear == ""clear""","size_p == ""1""",Yes
5486,1607885829955:ddaf54cb-e5c8-40ed-b76f-1121ca2c5d36,1607885829955:4a139f35-6e87-419f-8e58-93f2c9112537,"size == ""3""","isEmpty == ""False""","peek_obj_type == ""class java.lang.String""","push == ""none""","pop == ""none""","clear == ""clear""","size_p == ""2""",Yes
5487,1607885829955:ddaf54cb-e5c8-40ed-b76f-1121ca2c5d36,1607885829955:4a139f35-6e87-419f-8e58-93f2c9112537,"size == ""4""","isEmpty == ""False""","peek_obj_type == ""class java.lang.String""","push == ""none""","pop == ""none""","clear == ""clear""","size_p == ""3""",Yes
5489,1607885829955:ddaf54cb-e5c8-40ed-b76f-1121ca2c5d36,1607885829955:26d4c9f3-0e59-4244-8374-638588465fb2,"size == ""0""","isEmpty == ""True""","peek_obj_type == ""EmptyObject""","push == ""class java.lang.String""","pop == ""none""","clear == ""none""","size_p == ""0""",Yes
5490,1607885829955:ddaf54cb-e5c8-40ed-b76f-1121ca2c5d36,1607885829955:26d4c9f3-0e59-4244-8374-638588465fb2,"size == ""0""","isEmpty == ""True""","peek_obj_type == ""EmptyObject""","push == ""none""","pop == ""EmptyObject""","clear == ""none""","size_p == ""0""",No
5493,1607885829955:a888b117-29ec-4c28-9b00-44bc92cfb7f0,1607885829955:d44b3c9e-471d-4a95-acb5-0f69219494a9,"size == ""0""","isEmpty == ""True""","peek_obj_type == ""EmptyObject""","push == ""class java.lang.String""","pop == ""none""","clear == ""none""","size_p == ""0""",Yes
5495,1607885829955:a888b117-29ec-4c28-9b00-44bc92cfb7f0,1607885829955:5cfc37ac-93d5-48f1-871f-e1060b4066a0,"size == ""1""","isEmpty == ""False""","peek_obj_type == ""class java.lang.String""","push == ""none""","pop == ""none""","clear == ""clear""","size_p == ""0""",Yes
5496,1607885829955:a888b117-29ec-4c28-9b00-44bc92cfb7f0,1607885829955:5cfc37ac-93d5-48f1-871f-e1060b4066a0,"size == ""1""","isEmpty == ""False""","peek_obj_type == ""class java.lang.String""","push == ""class java.lang.String""","pop == ""none""","clear == ""none""","size_p == ""1""",Yes
5497,1607885829955:a888b117-29ec-4c28-9b00-44bc92cfb7f0,1607885829955:5cfc37ac-93d5-48f1-871f-e1060b4066a0,"size == ""2""","isEmpty == ""False""","peek_obj_type == ""class java.lang.String""","push == ""none""","pop == ""none""","clear == ""clear""","size_p == ""1""",Yes
5498,1607885829955:a888b117-29ec-4c28-9b00-44bc92cfb7f0,1607885829955:5cfc37ac-93d5-48f1-871f-e1060b4066a0,"size == ""3""","isEmpty == ""False""","peek_obj_type == ""class java.lang.String""","push == ""none""","pop == ""none""","clear == ""clear""","size_p == ""2""",Yes
5499,1607885829955:a888b117-29ec-4c28-9b00-44bc92cfb7f0,1607885829955:5cfc37ac-93d5-48f1-871f-e1060b4066a0,"size == ""4""","isEmpty == ""False""","peek_obj_type == ""class java.lang.String""","push == ""none""","pop == ""none""","clear == ""clear""","size_p == ""3""",Yes
5500,1607885829955:a888b117-29ec-4c28-9b00-44bc92cfb7f0,1607885829955:5cfc37ac-93d5-48f1-871f-e1060b4066a0,"size == ""5""","isEmpty == ""False""","peek_obj_type == ""class java.lang.String""","push == ""none""","pop == ""none""","clear == ""clear""","size_p == ""4""",Yes
5502,1607885829955:a888b117-29ec-4c28-9b00-44bc92cfb7f0,1607885829955:2ff4df76-21d6-412b-8ba6-f739311c3419,"size == ""0""","isEmpty == ""True""","peek_obj_type == ""EmptyObject""","push == ""class java.lang.String""","pop == ""none""","clear == ""none""","size_p == ""0""",Yes
5503,1607885829955:a888b117-29ec-4c28-9b00-44bc92cfb7f0,1607885829955:2ff4df76-21d6-412b-8ba6-f739311c3419,"size == ""0""","isEmpty == ""True""","peek_obj_type == ""EmptyObject""","push == ""none""","pop == ""EmptyObject""","clear == ""none""","size_p == ""0""",No
5505,1607885829954:c5a2cab9-257f-46d2-b47d-2fb6c8b55349,1607885829954:e891e2c1-5a3c-4ec6-b493-63de561c6bdb,"size == ""0""","isEmpty == ""True""","peek_obj_type == ""EmptyObject""","push == ""class java.lang.String""","pop == ""none""","clear == ""none""","size_p == ""0""",Yes
5506,1607885829954:c5a2cab9-257f-46d2-b47d-2fb6c8b55349,1607885829954:e891e2c1-5a3c-4ec6-b493-63de561c6bdb,"size == ""0""","isEmpty == ""True""","peek_obj_type == ""EmptyObject""","push == ""class java.lang.String""","pop == ""none""","clear == ""none""","size_p == ""0""",Yes
5507,1607885829954:c5a2cab9-257f-46d2-b47d-2fb6c8b55349,1607885829954:e891e2c1-5a3c-4ec6-b493-63de561c6bdb,"size == ""0""","isEmpty == ""True""","peek_obj_type == ""EmptyObject""","push == ""class java.lang.String""","pop == ""none""","clear == ""none""","size_p == ""0""",Yes
5509,1607885829954:c5a2cab9-257f-46d2-b47d-2fb6c8b55349,1607885829954:c44e67aa-ae51-4b0a-8227-f1e6fd82b016,"size == ""0""","isEmpty == ""True""","peek_obj_type == ""EmptyObject""","push == ""class java.lang.String""","pop == ""none""","clear == ""none""","size_p == ""0""",Yes
5510,1607885829954:c5a2cab9-257f-46d2-b47d-2fb6c8b55349,1607885829954:c44e67aa-ae51-4b0a-8227-f1e6fd82b016,"size == ""0""","isEmpty == ""True""","peek_obj_type == ""EmptyObject""","push == ""none""","pop == ""EmptyObject""","clear == ""none""","size_p == ""0""",No
5512,1607885829954:c5a2cab9-257f-46d2-b47d-2fb6c8b55349,1607885829954:a414a906-6d93-428d-b98a-eac89fddf068,"size == ""1""","isEmpty == ""False""","peek_obj_type == ""class java.lang.String""","push == ""none""","pop == ""none""","clear == ""clear""","size_p == ""0""",Yes
5513,1607885829954:c5a2cab9-257f-46d2-b47d-2fb6c8b55349,1607885829954:a414a906-6d93-428d-b98a-eac89fddf068,"size == ""1""","isEmpty == ""False""","peek_obj_type == ""class java.lang.String""","push == ""class java.lang.String""","pop == ""none""","clear == ""none""","size_p == ""1""",Yes
5514,1607885829954:c5a2cab9-257f-46d2-b47d-2fb6c8b55349,1607885829954:a414a906-6d93-428d-b98a-eac89fddf068,"size == ""0""","isEmpty == ""True""","peek_obj_type == ""EmptyObject""","push == ""none""","pop == ""EmptyObject""","clear == ""none""","size_p == ""1""",No
5515,1607885829954:c5a2cab9-257f-46d2-b47d-2fb6c8b55349,1607885829954:a414a906-6d93-428d-b98a-eac89fddf068,"size == ""1""","isEmpty == ""False""","peek_obj_type == ""class java.lang.String""","push == ""none""","pop == ""none""","clear == ""clear""","size_p == ""0""",Yes
5517,1607885829954:8df45fcd-3263-42c7-86df-bc61889f5d0f,1607885829954:b1427307-dda5-4670-94ba-1e71e8d853ed,"size == ""0""","isEmpty == ""True""","peek_obj_type == ""EmptyObject""","push == ""class java.lang.String""","pop == ""none""","clear == ""none""","size_p == ""0""",Yes
5518,1607885829954:8df45fcd-3263-42c7-86df-bc61889f5d0f,1607885829954:b1427307-dda5-4670-94ba-1e71e8d853ed,"size == ""0""","isEmpty == ""True""","peek_obj_type == ""EmptyObject""","push == ""none""","pop == ""EmptyObject""","clear == ""none""","size_p == ""0""",No
5520,1607885829954:8df45fcd-3263-42c7-86df-bc61889f5d0f,1607885829954:9e5f6a00-5898-4bf7-aa97-3122a21ba176,"size == ""1""","isEmpty == ""False""","peek_obj_type == ""class java.lang.String""","push == ""none""","pop == ""none""","clear == ""clear""","size_p == ""0""",Yes
5521,1607885829954:8df45fcd-3263-42c7-86df-bc61889f5d0f,1607885829954:9e5f6a00-5898-4bf7-aa97-3122a21ba176,"size == ""1""","isEmpty == ""False""","peek_obj_type == ""class java.lang.String""","push == ""class java.lang.String""","pop == ""none""","clear == ""none""","size_p == ""1""",Yes
5522,1607885829954:8df45fcd-3263-42c7-86df-bc61889f5d0f,1607885829954:9e5f6a00-5898-4bf7-aa97-3122a21ba176,"size == ""2""","isEmpty == ""False""","peek_obj_type == ""class java.lang.String""","push == ""none""","pop == ""none""","clear == ""clear""","size_p == ""1""",Yes
5523,1607885829954:8df45fcd-3263-42c7-86df-bc61889f5d0f,1607885829954:9e5f6a00-5898-4bf7-aa97-3122a21ba176,"size == ""3""","isEmpty == ""False""","peek_obj_type == ""class java.lang.String""","push == ""none""","pop == ""none""","clear == ""clear""","size_p == ""2""",Yes
5524,1607885829954:8df45fcd-3263-42c7-86df-bc61889f5d0f,1607885829954:9e5f6a00-5898-4bf7-aa97-3122a21ba176,"size == ""4""","isEmpty == ""False""","peek_obj_type == ""class java.lang.String""","push == ""none""","pop == ""none""","clear == ""clear""","size_p == ""3""",Yes
5526,1607885829954:40cb126d-0366-4124-a834-b7bc073ff475,1607885829954:a588c832-1517-43ef-8145-cd0f7ddf9fef,"size == ""0""","isEmpty == ""True""","peek_obj_type == ""EmptyObject""","push == ""class java.lang.String""","pop == ""none""","clear == ""none""","size_p == ""0""",Yes
5527,1607885829954:40cb126d-0366-4124-a834-b7bc073ff475,1607885829954:a588c832-1517-43ef-8145-cd0f7ddf9fef,"size == ""0""","isEmpty == ""True""","peek_obj_type == ""EmptyObject""","push == ""none""","pop == ""EmptyObject""","clear == ""none""","size_p == ""0""",No
5529,1607885829953:e1c69d93-4b45-4db1-975e-b67632da8862,1607885829953:da16afed-2b13-49f9-8127-15e6e2533785,"size == ""0""","isEmpty == ""True""","peek_obj_type == ""EmptyObject""","push == ""class java.lang.String""","pop == ""none""","clear == ""none""","size_p == ""0""",Yes
5530,1607885829953:e1c69d93-4b45-4db1-975e-b67632da8862,1607885829953:da16afed-2b13-49f9-8127-15e6e2533785,"size == ""0""","isEmpty == ""True""","peek_obj_type == ""EmptyObject""","push == ""none""","pop == ""EmptyObject""","clear == ""none""","size_p == ""0""",No
5532,1607885829953:e1c69d93-4b45-4db1-975e-b67632da8862,1607885829953:1b5e589f-82ae-4314-89ac-315ddef2a503,"size == ""0""","isEmpty == ""True""","peek_obj_type == ""EmptyObject""","push == ""class java.lang.String""","pop == ""none""","clear == ""none""","size_p == ""0""",Yes
5533,1607885829953:e1c69d93-4b45-4db1-975e-b67632da8862,1607885829953:1b5e589f-82ae-4314-89ac-315ddef2a503,"size == ""0""","isEmpty == ""True""","peek_obj_type == ""EmptyObject""","push == ""class java.lang.String""","pop == ""none""","clear == ""none""","size_p == ""0""",Yes
5535,1607885829953:c558e965-2dba-4187-9fe7-0f129865d61c,1607885829953:17c376c7-157b-42e2-b47a-30f6eed870b0,"size == ""0""","isEmpty == ""True""","peek_obj_type == ""EmptyObject""","push == ""class java.lang.String""","pop == ""none""","clear == ""none""","size_p == ""0""",Yes
5536,1607885829953:c558e965-2dba-4187-9fe7-0f129865d61c,1607885829953:17c376c7-157b-42e2-b47a-30f6eed870b0,"size == ""0""","isEmpty == ""True""","peek_obj_type == ""EmptyObject""","push == ""none""","pop == ""EmptyObject""","clear == ""none""","size_p == ""0""",No
5538,1607885829953:67eada9d-bc88-4e61-a999-b9aaa23f058f,1607885829953:fde4292b-a73e-4f0d-9010-42be74689e2f,"size == ""0""","isEmpty == ""True""","peek_obj_type == ""EmptyObject""","push == ""class java.lang.String""","pop == ""none""","clear == ""none""","size_p == ""0""",Yes
5539,1607885829953:67eada9d-bc88-4e61-a999-b9aaa23f058f,1607885829953:fde4292b-a73e-4f0d-9010-42be74689e2f,"size == ""0""","isEmpty == ""True""","peek_obj_type == ""EmptyObject""","push == ""none""","pop == ""EmptyObject""","clear == ""none""","size_p == ""0""",No
5541,1607885829953:67eada9d-bc88-4e61-a999-b9aaa23f058f,1607885829953:aafc5d50-dc1a-452c-8e01-719a82d015ed,"size == ""0""","isEmpty == ""True""","peek_obj_type == ""EmptyObject""","push == ""class java.lang.String""","pop == ""none""","clear == ""none""","size_p == ""0""",Yes
5542,1607885829953:67eada9d-bc88-4e61-a999-b9aaa23f058f,1607885829953:aafc5d50-dc1a-452c-8e01-719a82d015ed,"size == ""0""","isEmpty == ""True""","peek_obj_type == ""EmptyObject""","push == ""class java.lang.String""","pop == ""none""","clear == ""none""","size_p == ""0""",Yes
5543,1607885829953:67eada9d-bc88-4e61-a999-b9aaa23f058f,1607885829953:aafc5d50-dc1a-452c-8e01-719a82d015ed,"size == ""0""","isEmpty == ""True""","peek_obj_type == ""EmptyObject""","push == ""class java.lang.String""","pop == ""none""","clear == ""none""","size_p == ""0""",Yes
5545,1607885829953:52387d47-517c-4661-b643-04108de74377,1607885829953:9869292d-557a-4c5b-a06f-0d844efac626,"size == ""0""","isEmpty == ""True""","peek_obj_type == ""EmptyObject""","push == ""class java.lang.String""","pop == ""none""","clear == ""none""","size_p == ""0""",Yes
5546,1607885829953:52387d47-517c-4661-b643-04108de74377,1607885829953:9869292d-557a-4c5b-a06f-0d844efac626,"size == ""0""","isEmpty == ""True""","peek_obj_type == ""EmptyObject""","push == ""class java.lang.String""","pop == ""none""","clear == ""none""","size_p == ""0""",Yes
5548,1607885829953:52387d47-517c-4661-b643-04108de74377,1607885829953:2dd1de5c-cd6c-4b96-85ae-9aa26c893d90,"size == ""0""","isEmpty == ""True""","peek_obj_type == ""EmptyObject""","push == ""class java.lang.String""","pop == ""none""","clear == ""none""","size_p == ""0""",Yes
5549,1607885829953:52387d47-517c-4661-b643-04108de74377,1607885829953:2dd1de5c-cd6c-4b96-85ae-9aa26c893d90,"size == ""0""","isEmpty == ""True""","peek_obj_type == ""EmptyObject""","push == ""none""","pop == ""EmptyObject""","clear == ""none""","size_p == ""0""",No
5551,1607885829952:e1ddfc71-e5c8-4684-9514-fbcf62f2f23c,1607885829952:666a402e-4d56-40e1-83da-0b6abd76541c,"size == ""0""","isEmpty == ""True""","peek_obj_type == ""EmptyObject""","push == ""class java.lang.String""","pop == ""none""","clear == ""none""","size_p == ""0""",Yes
5552,1607885829952:e1ddfc71-e5c8-4684-9514-fbcf62f2f23c,1607885829952:666a402e-4d56-40e1-83da-0b6abd76541c,"size == ""0""","isEmpty == ""True""","peek_obj_type == ""EmptyObject""","push == ""none""","pop == ""EmptyObject""","clear == ""none""","size_p == ""0""",No
5554,1607885829952:e1ddfc71-e5c8-4684-9514-fbcf62f2f23c,1607885829952:01234be3-554b-447e-a8ec-f60043423d52,"size == ""1""","isEmpty == ""False""","peek_obj_type == ""class java.lang.String""","push == ""none""","pop == ""none""","clear == ""clear""","size_p == ""0""",Yes
5555,1607885829952:e1ddfc71-e5c8-4684-9514-fbcf62f2f23c,1607885829952:01234be3-554b-447e-a8ec-f60043423d52,"size == ""1""","isEmpty == ""False""","peek_obj_type == ""class java.lang.String""","push == ""class java.lang.String""","pop == ""none""","clear == ""none""","size_p == ""1""",Yes
5556,1607885829952:e1ddfc71-e5c8-4684-9514-fbcf62f2f23c,1607885829952:01234be3-554b-447e-a8ec-f60043423d52,"size == ""2""","isEmpty == ""False""","peek_obj_type == ""class java.lang.String""","push == ""none""","pop == ""none""","clear == ""clear""","size_p == ""1""",Yes
5557,1607885829952:e1ddfc71-e5c8-4684-9514-fbcf62f2f23c,1607885829952:01234be3-554b-447e-a8ec-f60043423d52,"size == ""3""","isEmpty == ""False""","peek_obj_type == ""class java.lang.String""","push == ""none""","pop == ""none""","clear == ""clear""","size_p == ""2""",Yes
5558,1607885829952:e1ddfc71-e5c8-4684-9514-fbcf62f2f23c,1607885829952:01234be3-554b-447e-a8ec-f60043423d52,"size == ""4""","isEmpty == ""False""","peek_obj_type == ""class java.lang.String""","push == ""none""","pop == ""none""","clear == ""clear""","size_p == ""3""",Yes
5560,1607885829952:5b0e8709-45ef-41ab-ae06-0db3544cad69,1607885829952:794c6406-5c1a-48d5-a095-d0c9de43e03f,"size == ""1""","isEmpty == ""False""","peek_obj_type == ""class java.lang.String""","push == ""none""","pop == ""none""","clear == ""clear""","size_p == ""0""",Yes
5561,1607885829952:5b0e8709-45ef-41ab-ae06-0db3544cad69,1607885829952:794c6406-5c1a-48d5-a095-d0c9de43e03f,"size == ""1""","isEmpty == ""False""","peek_obj_type == ""class java.lang.String""","push == ""class java.lang.String""","pop == ""none""","clear == ""none""","size_p == ""1""",Yes
5562,1607885829952:5b0e8709-45ef-41ab-ae06-0db3544cad69,1607885829952:794c6406-5c1a-48d5-a095-d0c9de43e03f,"size == ""2""","isEmpty == ""False""","peek_obj_type == ""class java.lang.String""","push == ""none""","pop == ""none""","clear == ""clear""","size_p == ""1""",Yes
5564,1607885829952:5b0e8709-45ef-41ab-ae06-0db3544cad69,1607885829952:77ce95a5-628b-4860-adce-3c922ce382a5,"size == ""0""","isEmpty == ""True""","peek_obj_type == ""EmptyObject""","push == ""class java.lang.String""","pop == ""none""","clear == ""none""","size_p == ""0""",Yes
5565,1607885829952:5b0e8709-45ef-41ab-ae06-0db3544cad69,1607885829952:77ce95a5-628b-4860-adce-3c922ce382a5,"size == ""0""","isEmpty == ""True""","peek_obj_type == ""EmptyObject""","push == ""none""","pop == ""EmptyObject""","clear == ""none""","size_p == ""0""",No
5567,1607885829951:25ba5fbd-8799-40de-be1a-517786a8d7e8,1607885829952:73e1494a-e2ec-499f-a568-a9a7aca1c203,"size == ""0""","isEmpty == ""True""","peek_obj_type == ""EmptyObject""","push == ""class java.lang.String""","pop == ""none""","clear == ""none""","size_p == ""0""",Yes
5569,1607885829951:25ba5fbd-8799-40de-be1a-517786a8d7e8,1607885829952:7122c426-8116-490b-856f-9105a08ceb57,"size == ""0""","isEmpty == ""True""","peek_obj_type == ""EmptyObject""","push == ""class java.lang.String""","pop == ""none""","clear == ""none""","size_p == ""0""",Yes
5570,1607885829951:25ba5fbd-8799-40de-be1a-517786a8d7e8,1607885829952:7122c426-8116-490b-856f-9105a08ceb57,"size == ""0""","isEmpty == ""True""","peek_obj_type == ""EmptyObject""","push == ""none""","pop == ""EmptyObject""","clear == ""none""","size_p == ""0""",No
5572,1607885829951:25ba5fbd-8799-40de-be1a-517786a8d7e8,1607885829952:02bc9c13-8601-4f49-b1b7-f7b906c60c41,"size == ""0""","isEmpty == ""True""","peek_obj_type == ""EmptyObject""","push == ""class java.lang.String""","pop == ""none""","clear == ""none""","size_p == ""0""",Yes
5573,1607885829951:25ba5fbd-8799-40de-be1a-517786a8d7e8,1607885829952:02bc9c13-8601-4f49-b1b7-f7b906c60c41,"size == ""0""","isEmpty == ""True""","peek_obj_type == ""EmptyObject""","push == ""class java.lang.String""","pop == ""none""","clear == ""none""","size_p == ""0""",Yes
5574,1607885829951:25ba5fbd-8799-40de-be1a-517786a8d7e8,1607885829952:02bc9c13-8601-4f49-b1b7-f7b906c60c41,"size == ""0""","isEmpty == ""True""","peek_obj_type == ""EmptyObject""","push == ""class java.lang.String""","pop == ""none""","clear == ""none""","size_p == ""0""",Yes
5575,1607885829951:25ba5fbd-8799-40de-be1a-517786a8d7e8,1607885829952:02bc9c13-8601-4f49-b1b7-f7b906c60c41,"size == ""1""","isEmpty == ""False""","peek_obj_type == ""class java.lang.String""","push == ""none""","pop == ""none""","clear == ""clear""","size_p == ""0""",Yes
5577,1607885829951:2289f6f2-5e57-468f-997b-488e97be38e1,1607885829951:6b9d63b1-4158-4b81-9b6e-306100a82453,"size == ""0""","isEmpty == ""True""","peek_obj_type == ""EmptyObject""","push == ""class java.lang.String""","pop == ""none""","clear == ""none""","size_p == ""0""",Yes
5578,1607885829951:2289f6f2-5e57-468f-997b-488e97be38e1,1607885829951:6b9d63b1-4158-4b81-9b6e-306100a82453,"size == ""0""","isEmpty == ""True""","peek_obj_type == ""EmptyObject""","push == ""class java.lang.String""","pop == ""none""","clear == ""none""","size_p == ""0""",Yes
5580,1607885829951:2289f6f2-5e57-468f-997b-488e97be38e1,1607885829951:37a94ae6-0fd4-4f70-8f10-8b36a9d4c947,"size == ""0""","isEmpty == ""True""","peek_obj_type == ""EmptyObject""","push == ""class java.lang.String""","pop == ""none""","clear == ""none""","size_p == ""0""",Yes
5581,1607885829951:2289f6f2-5e57-468f-997b-488e97be38e1,1607885829951:37a94ae6-0fd4-4f70-8f10-8b36a9d4c947,"size == ""0""","isEmpty == ""True""","peek_obj_type == ""EmptyObject""","push == ""none""","pop == ""EmptyObject""","clear == ""none""","size_p == ""0""",No
5583,1607885829951:2289f6f2-5e57-468f-997b-488e97be38e1,1607885829951:2309abef-3955-4e08-960c-163d34baf286,"size == ""0""","isEmpty == ""True""","peek_obj_type == ""EmptyObject""","push == ""class java.lang.String""","pop == ""none""","clear == ""none""","size_p == ""0""",Yes
5585,1607885829950:9b630a0d-99b6-49bf-9f01-73caaf23896b,1607885829950:9bc5b291-7bdb-40c0-9e6a-8bfad21ac160,"size == ""0""","isEmpty == ""True""","peek_obj_type == ""EmptyObject""","push == ""class java.lang.String""","pop == ""none""","clear == ""none""","size_p == ""0""",Yes
5586,1607885829950:9b630a0d-99b6-49bf-9f01-73caaf23896b,1607885829950:9bc5b291-7bdb-40c0-9e6a-8bfad21ac160,"size == ""0""","isEmpty == ""True""","peek_obj_type == ""EmptyObject""","push == ""none""","pop == ""EmptyObject""","clear == ""none""","size_p == ""0""",No
5588,1607885829950:9b630a0d-99b6-49bf-9f01-73caaf23896b,1607885829950:7350c1e7-ac6e-4cd5-877f-aefb8c2b586d,"size == ""1""","isEmpty == ""False""","peek_obj_type == ""class java.lang.String""","push == ""none""","pop == ""none""","clear == ""clear""","size_p == ""0""",Yes
5589,1607885829950:9b630a0d-99b6-49bf-9f01-73caaf23896b,1607885829950:7350c1e7-ac6e-4cd5-877f-aefb8c2b586d,"size == ""1""","isEmpty == ""False""","peek_obj_type == ""class java.lang.String""","push == ""class java.lang.String""","pop == ""none""","clear == ""none""","size_p == ""1""",Yes
5590,1607885829950:9b630a0d-99b6-49bf-9f01-73caaf23896b,1607885829950:7350c1e7-ac6e-4cd5-877f-aefb8c2b586d,"size == ""2""","isEmpty == ""False""","peek_obj_type == ""class java.lang.String""","push == ""none""","pop == ""none""","clear == ""clear""","size_p == ""1""",Yes
5591,1607885829950:9b630a0d-99b6-49bf-9f01-73caaf23896b,1607885829950:7350c1e7-ac6e-4cd5-877f-aefb8c2b586d,"size == ""3""","isEmpty == ""False""","peek_obj_type == ""class java.lang.String""","push == ""none""","pop == ""none""","clear == ""clear""","size_p == ""2""",Yes
5592,1607885829950:9b630a0d-99b6-49bf-9f01-73caaf23896b,1607885829950:7350c1e7-ac6e-4cd5-877f-aefb8c2b586d,"size == ""4""","isEmpty == ""False""","peek_obj_type == ""class java.lang.String""","push == ""none""","pop == ""none""","clear == ""clear""","size_p == ""3""",Yes
5594,1607885829950:33645b00-dec0-4e0d-b3e7-3e52a80484cc,1607885829950:72597417-2c5c-45a6-9e2a-86a4e627f33c,"size == ""0""","isEmpty == ""True""","peek_obj_type == ""EmptyObject""","push == ""class java.lang.String""","pop == ""none""","clear == ""none""","size_p == ""0""",Yes
5595,1607885829950:33645b00-dec0-4e0d-b3e7-3e52a80484cc,1607885829950:72597417-2c5c-45a6-9e2a-86a4e627f33c,"size == ""0""","isEmpty == ""True""","peek_obj_type == ""EmptyObject""","push == ""class java.lang.String""","pop == ""none""","clear == ""none""","size_p == ""0""",Yes
5597,1607885829950:33645b00-dec0-4e0d-b3e7-3e52a80484cc,1607885829950:5cb099f6-cf6f-498d-b933-1023f5910d39,"size == ""0""","isEmpty == ""True""","peek_obj_type == ""EmptyObject""","push == ""class java.lang.String""","pop == ""none""","clear == ""none""","size_p == ""0""",Yes
5598,1607885829950:33645b00-dec0-4e0d-b3e7-3e52a80484cc,1607885829950:5cb099f6-cf6f-498d-b933-1023f5910d39,"size == ""0""","isEmpty == ""True""","peek_obj_type == ""EmptyObject""","push == ""none""","pop == ""EmptyObject""","clear == ""none""","size_p == ""0""",No
5600,1607885829950:19cb7e40-c954-44ba-9c1a-b7df065cebeb,1607885829950:184b8e2a-941f-4016-a016-d6b352b71fa4,"size == ""0""","isEmpty == ""True""","peek_obj_type == ""EmptyObject""","push == ""class java.lang.String""","pop == ""none""","clear == ""none""","size_p == ""0""",Yes
5601,1607885829950:19cb7e40-c954-44ba-9c1a-b7df065cebeb,1607885829950:184b8e2a-941f-4016-a016-d6b352b71fa4,"size == ""0""","isEmpty == ""True""","peek_obj_type == ""EmptyObject""","push == ""none""","pop == ""EmptyObject""","clear == ""none""","size_p == ""0""",No
5603,1607885829949:97fc783d-5574-426d-a953-b536656a1b2e,1607885829949:282f36fc-4a48-4d0e-b4c7-d0d92adb15cb,"size == ""0""","isEmpty == ""True""","peek_obj_type == ""EmptyObject""","push == ""class java.lang.String""","pop == ""none""","clear == ""none""","size_p == ""0""",Yes
5604,1607885829949:97fc783d-5574-426d-a953-b536656a1b2e,1607885829949:282f36fc-4a48-4d0e-b4c7-d0d92adb15cb,"size == ""0""","isEmpty == ""True""","peek_obj_type == ""EmptyObject""","push == ""class java.lang.String""","pop == ""none""","clear == ""none""","size_p == ""0""",Yes
5606,1607885829949:97fc783d-5574-426d-a953-b536656a1b2e,1607885829949:11178ae0-fb20-44d2-a55d-c297f5fca938,"size == ""0""","isEmpty == ""True""","peek_obj_type == ""EmptyObject""","push == ""class java.lang.String""","pop == ""none""","clear == ""none""","size_p == ""0""",Yes
5607,1607885829949:97fc783d-5574-426d-a953-b536656a1b2e,1607885829949:11178ae0-fb20-44d2-a55d-c297f5fca938,"size == ""0""","isEmpty == ""True""","peek_obj_type == ""EmptyObject""","push == ""none""","pop == ""EmptyObject""","clear == ""none""","size_p == ""0""",No
5609,1607885829949:8f4c60ab-f320-470d-806c-be1831ce6792,1607885829949:8c4a1895-468b-4d73-8555-9477a096ab1b,"size == ""0""","isEmpty == ""True""","peek_obj_type == ""EmptyObject""","push == ""class java.lang.String""","pop == ""none""","clear == ""none""","size_p == ""0""",Yes
5610,1607885829949:8f4c60ab-f320-470d-806c-be1831ce6792,1607885829949:8c4a1895-468b-4d73-8555-9477a096ab1b,"size == ""0""","isEmpty == ""True""","peek_obj_type == ""EmptyObject""","push == ""none""","pop == ""EmptyObject""","clear == ""none""","size_p == ""0""",No
5612,1607885829949:556d41b6-6553-4515-be81-c11b152bcef0,1607885829949:f0620be0-9a1a-421d-a0c5-dab52ec8bb75,"size == ""0""","isEmpty == ""True""","peek_obj_type == ""EmptyObject""","push == ""class java.lang.String""","pop == ""none""","clear == ""none""","size_p == ""0""",Yes
5613,1607885829949:556d41b6-6553-4515-be81-c11b152bcef0,1607885829949:f0620be0-9a1a-421d-a0c5-dab52ec8bb75,"size == ""0""","isEmpty == ""True""","peek_obj_type == ""EmptyObject""","push == ""none""","pop == ""EmptyObject""","clear == ""none""","size_p == ""0""",No
5615,1607885829949:381c4e3d-ee81-437b-af8b-82871636c50d,1607885829950:be26f460-bbce-4435-a803-db873a8762de,"size == ""0""","isEmpty == ""True""","peek_obj_type == ""EmptyObject""","push == ""class java.lang.String""","pop == ""none""","clear == ""none""","size_p == ""0""",Yes
5616,1607885829949:381c4e3d-ee81-437b-af8b-82871636c50d,1607885829950:be26f460-bbce-4435-a803-db873a8762de,"size == ""0""","isEmpty == ""True""","peek_obj_type == ""EmptyObject""","push == ""none""","pop == ""EmptyObject""","clear == ""none""","size_p == ""0""",No
5618,1607885829949:381c4e3d-ee81-437b-af8b-82871636c50d,1607885829950:0d54a312-f863-4f61-98c8-e059137c7017,"size == ""0""","isEmpty == ""True""","peek_obj_type == ""EmptyObject""","push == ""class java.lang.String""","pop == ""none""","clear == ""none""","size_p == ""0""",Yes
5621,1607885829948:cf22b33f-55ea-40ae-ae38-12a48ea44792,1607885829948:3e24b648-2cf4-4cfe-a799-268450211592,"size == ""0""","isEmpty == ""True""","peek_obj_type == ""EmptyObject""","push == ""class java.lang.String""","pop == ""none""","clear == ""none""","size_p == ""0""",Yes
5622,1607885829948:cf22b33f-55ea-40ae-ae38-12a48ea44792,1607885829948:3e24b648-2cf4-4cfe-a799-268450211592,"size == ""0""","isEmpty == ""True""","peek_obj_type == ""EmptyObject""","push == ""class java.lang.String""","pop == ""none""","clear == ""none""","size_p == ""0""",Yes
5624,1607885829948:cf22b33f-55ea-40ae-ae38-12a48ea44792,1607885829948:1df1b24e-7169-4647-97e9-ee1c0a93968d,"size == ""0""","isEmpty == ""True""","peek_obj_type == ""EmptyObject""","push == ""class java.lang.String""","pop == ""none""","clear == ""none""","size_p == ""0""",Yes
5625,1607885829948:cf22b33f-55ea-40ae-ae38-12a48ea44792,1607885829948:1df1b24e-7169-4647-97e9-ee1c0a93968d,"size == ""0""","isEmpty == ""True""","peek_obj_type == ""EmptyObject""","push == ""none""","pop == ""EmptyObject""","clear == ""none""","size_p == ""0""",No
5627,1607885829948:548df434-210e-49a9-97f7-4e30ce4b9e9a,1607885829949:ad8468ba-a11f-479e-9f5c-d92bac99eaf3,"size == ""0""","isEmpty == ""True""","peek_obj_type == ""EmptyObject""","push == ""class java.lang.String""","pop == ""none""","clear == ""none""","size_p == ""0""",Yes
5628,1607885829948:548df434-210e-49a9-97f7-4e30ce4b9e9a,1607885829949:ad8468ba-a11f-479e-9f5c-d92bac99eaf3,"size == ""0""","isEmpty == ""True""","peek_obj_type == ""EmptyObject""","push == ""none""","pop == ""EmptyObject""","clear == ""none""","size_p == ""0""",No
5630,1607885829948:548df434-210e-49a9-97f7-4e30ce4b9e9a,1607885829948:2f5a8013-16c3-483d-a804-5b90231a2d02,"size == ""1""","isEmpty == ""False""","peek_obj_type == ""class java.lang.String""","push == ""none""","pop == ""none""","clear == ""clear""","size_p == ""0""",Yes
5631,1607885829948:548df434-210e-49a9-97f7-4e30ce4b9e9a,1607885829948:2f5a8013-16c3-483d-a804-5b90231a2d02,"size == ""1""","isEmpty == ""False""","peek_obj_type == ""class java.lang.String""","push == ""class java.lang.String""","pop == ""none""","clear == ""none""","size_p == ""1""",Yes
5632,1607885829948:548df434-210e-49a9-97f7-4e30ce4b9e9a,1607885829948:2f5a8013-16c3-483d-a804-5b90231a2d02,"size == ""2""","isEmpty == ""False""","peek_obj_type == ""class java.lang.String""","push == ""none""","pop == ""none""","clear == ""clear""","size_p == ""1""",Yes
5633,1607885829948:548df434-210e-49a9-97f7-4e30ce4b9e9a,1607885829948:2f5a8013-16c3-483d-a804-5b90231a2d02,"size == ""3""","isEmpty == ""False""","peek_obj_type == ""class java.lang.String""","push == ""none""","pop == ""none""","clear == ""clear""","size_p == ""2""",Yes
5634,1607885829948:548df434-210e-49a9-97f7-4e30ce4b9e9a,1607885829948:2f5a8013-16c3-483d-a804-5b90231a2d02,"size == ""4""","isEmpty == ""False""","peek_obj_type == ""class java.lang.String""","push == ""none""","pop == ""none""","clear == ""clear""","size_p == ""3""",Yes
5636,1607885829948:27e82b8c-f784-4f04-b7b6-cef0afa3ab5f,1607885829948:c4b4cf75-8786-4dec-80d9-f68f2279aedb,"size == ""0""","isEmpty == ""True""","peek_obj_type == ""EmptyObject""","push == ""class java.lang.String""","pop == ""none""","clear == ""none""","size_p == ""0""",Yes
5637,1607885829948:27e82b8c-f784-4f04-b7b6-cef0afa3ab5f,1607885829948:c4b4cf75-8786-4dec-80d9-f68f2279aedb,"size == ""0""","isEmpty == ""True""","peek_obj_type == ""EmptyObject""","push == ""class java.lang.String""","pop == ""none""","clear == ""none""","size_p == ""0""",Yes
5639,1607885829948:27e82b8c-f784-4f04-b7b6-cef0afa3ab5f,1607885829948:2ce9a444-daa5-46e2-bd8b-6bbe3b87d975,"size == ""0""","isEmpty == ""True""","peek_obj_type == ""EmptyObject""","push == ""class java.lang.String""","pop == ""none""","clear == ""none""","size_p == ""0""",Yes
5640,1607885829948:27e82b8c-f784-4f04-b7b6-cef0afa3ab5f,1607885829948:2ce9a444-daa5-46e2-bd8b-6bbe3b87d975,"size == ""0""","isEmpty == ""True""","peek_obj_type == ""EmptyObject""","push == ""none""","pop == ""EmptyObject""","clear == ""none""","size_p == ""0""",No
5642,1607885829948:02a460c8-cc35-485b-b9ee-9df82dc73108,1607885829948:ad20627a-c0de-4b2f-bf51-559fbfd0b054,"size == ""1""","isEmpty == ""False""","peek_obj_type == ""class java.lang.String""","push == ""none""","pop == ""none""","clear == ""clear""","size_p == ""0""",Yes
5643,1607885829948:02a460c8-cc35-485b-b9ee-9df82dc73108,1607885829948:ad20627a-c0de-4b2f-bf51-559fbfd0b054,"size == ""1""","isEmpty == ""False""","peek_obj_type == ""class java.lang.String""","push == ""class java.lang.String""","pop == ""none""","clear == ""none""","size_p == ""1""",Yes
5644,1607885829948:02a460c8-cc35-485b-b9ee-9df82dc73108,1607885829948:ad20627a-c0de-4b2f-bf51-559fbfd0b054,"size == ""0""","isEmpty == ""True""","peek_obj_type == ""EmptyObject""","push == ""none""","pop == ""EmptyObject""","clear == ""none""","size_p == ""1""",No
5645,1607885829948:02a460c8-cc35-485b-b9ee-9df82dc73108,1607885829948:ad20627a-c0de-4b2f-bf51-559fbfd0b054,"size == ""1""","isEmpty == ""False""","peek_obj_type == ""class java.lang.String""","push == ""none""","pop == ""none""","clear == ""clear""","size_p == ""0""",Yes
5647,1607885829948:02a460c8-cc35-485b-b9ee-9df82dc73108,1607885829948:80fce221-bfd2-4e6d-9746-7cde4c590412,"size == ""0""","isEmpty == ""True""","peek_obj_type == ""EmptyObject""","push == ""class java.lang.String""","pop == ""none""","clear == ""none""","size_p == ""0""",Yes
5648,1607885829948:02a460c8-cc35-485b-b9ee-9df82dc73108,1607885829948:80fce221-bfd2-4e6d-9746-7cde4c590412,"size == ""0""","isEmpty == ""True""","peek_obj_type == ""EmptyObject""","push == ""none""","pop == ""EmptyObject""","clear == ""none""","size_p == ""0""",No
5650,1607885829947:f3a2d857-031f-4d9d-b3b1-629969f06045,1607885829947:18bcf25e-aa96-4e9f-b2d0-bbe77da5ea93,"size == ""0""","isEmpty == ""True""","peek_obj_type == ""EmptyObject""","push == ""class java.lang.String""","pop == ""none""","clear == ""none""","size_p == ""0""",Yes
5651,1607885829947:f3a2d857-031f-4d9d-b3b1-629969f06045,1607885829947:18bcf25e-aa96-4e9f-b2d0-bbe77da5ea93,"size == ""0""","isEmpty == ""True""","peek_obj_type == ""EmptyObject""","push == ""none""","pop == ""EmptyObject""","clear == ""none""","size_p == ""0""",No
5653,1607885829947:b9b720b0-2fee-4950-8b7b-53a0a55b343b,1607885829947:4f748d98-d607-4ad7-abe9-1533e32bd652,"size == ""0""","isEmpty == ""True""","peek_obj_type == ""EmptyObject""","push == ""class java.lang.String""","pop == ""none""","clear == ""none""","size_p == ""0""",Yes
5654,1607885829947:b9b720b0-2fee-4950-8b7b-53a0a55b343b,1607885829947:4f748d98-d607-4ad7-abe9-1533e32bd652,"size == ""0""","isEmpty == ""True""","peek_obj_type == ""EmptyObject""","push == ""none""","pop == ""EmptyObject""","clear == ""none""","size_p == ""0""",No
5657,1607885829947:b9b720b0-2fee-4950-8b7b-53a0a55b343b,1607885829947:34872f6b-0f25-41d2-b90e-95d55b6d9042,"size == ""0""","isEmpty == ""True""","peek_obj_type == ""EmptyObject""","push == ""class java.lang.String""","pop == ""none""","clear == ""none""","size_p == ""0""",Yes
5659,1607885829947:794c6f97-936c-41e7-8d03-5a68b7197c52,1607885829947:6ab5e8e5-b7e5-45b0-8485-690fe1dc93cc,"size == ""0""","isEmpty == ""True""","peek_obj_type == ""EmptyObject""","push == ""class java.lang.String""","pop == ""none""","clear == ""none""","size_p == ""0""",Yes
5660,1607885829947:794c6f97-936c-41e7-8d03-5a68b7197c52,1607885829947:6ab5e8e5-b7e5-45b0-8485-690fe1dc93cc,"size == ""0""","isEmpty == ""True""","peek_obj_type == ""EmptyObject""","push == ""none""","pop == ""EmptyObject""","clear == ""none""","size_p == ""0""",No
5662,1607885829947:247091fc-5f1e-47cb-8677-e7712b1f52eb,1607885829947:503d23ad-c869-49c0-bc7a-ee2647f97e9d,"size == ""1""","isEmpty == ""False""","peek_obj_type == ""class java.lang.String""","push == ""none""","pop == ""none""","clear == ""clear""","size_p == ""0""",Yes
5663,1607885829947:247091fc-5f1e-47cb-8677-e7712b1f52eb,1607885829947:503d23ad-c869-49c0-bc7a-ee2647f97e9d,"size == ""1""","isEmpty == ""False""","peek_obj_type == ""class java.lang.String""","push == ""class java.lang.String""","pop == ""none""","clear == ""none""","size_p == ""1""",Yes
5664,1607885829947:247091fc-5f1e-47cb-8677-e7712b1f52eb,1607885829947:503d23ad-c869-49c0-bc7a-ee2647f97e9d,"size == ""2""","isEmpty == ""False""","peek_obj_type == ""class java.lang.String""","push == ""none""","pop == ""none""","clear == ""clear""","size_p == ""1""",Yes
5665,1607885829947:247091fc-5f1e-47cb-8677-e7712b1f52eb,1607885829947:503d23ad-c869-49c0-bc7a-ee2647f97e9d,"size == ""3""","isEmpty == ""False""","peek_obj_type == ""class java.lang.String""","push == ""none""","pop == ""none""","clear == ""clear""","size_p == ""2""",Yes
5666,1607885829947:247091fc-5f1e-47cb-8677-e7712b1f52eb,1607885829947:503d23ad-c869-49c0-bc7a-ee2647f97e9d,"size == ""4""","isEmpty == ""False""","peek_obj_type == ""class java.lang.String""","push == ""none""","pop == ""none""","clear == ""clear""","size_p == ""3""",Yes
5668,1607885829947:247091fc-5f1e-47cb-8677-e7712b1f52eb,1607885829947:4e09d988-6f77-48ad-85f1-e22d02c4411b,"size == ""0""","isEmpty == ""True""","peek_obj_type == ""EmptyObject""","push == ""class java.lang.String""","pop == ""none""","clear == ""none""","size_p == ""0""",Yes
5669,1607885829947:247091fc-5f1e-47cb-8677-e7712b1f52eb,1607885829947:4e09d988-6f77-48ad-85f1-e22d02c4411b,"size == ""0""","isEmpty == ""True""","peek_obj_type == ""EmptyObject""","push == ""none""","pop == ""EmptyObject""","clear == ""none""","size_p == ""0""",No
5671,1607885829946:e2faf9b2-e6ff-4ef7-a8a4-455cf129437e,1607885829946:ed2b1c66-092a-4c8a-b65f-bfb199901261,"size == ""0""","isEmpty == ""True""","peek_obj_type == ""EmptyObject""","push == ""class java.lang.String""","pop == ""none""","clear == ""none""","size_p == ""0""",Yes
5672,1607885829946:e2faf9b2-e6ff-4ef7-a8a4-455cf129437e,1607885829946:ed2b1c66-092a-4c8a-b65f-bfb199901261,"size == ""0""","isEmpty == ""True""","peek_obj_type == ""EmptyObject""","push == ""none""","pop == ""EmptyObject""","clear == ""none""","size_p == ""0""",No
5674,1607885829946:e2faf9b2-e6ff-4ef7-a8a4-455cf129437e,1607885829946:7d8687dc-33cb-4f93-a8f0-d74e983a0634,"size == ""1""","isEmpty == ""False""","peek_obj_type == ""class java.lang.String""","push == ""none""","pop == ""none""","clear == ""clear""","size_p == ""0""",Yes
5675,1607885829946:e2faf9b2-e6ff-4ef7-a8a4-455cf129437e,1607885829946:7d8687dc-33cb-4f93-a8f0-d74e983a0634,"size == ""1""","isEmpty == ""False""","peek_obj_type == ""class java.lang.String""","push == ""class java.lang.String""","pop == ""none""","clear == ""none""","size_p == ""1""",Yes
5676,1607885829946:e2faf9b2-e6ff-4ef7-a8a4-455cf129437e,1607885829946:7d8687dc-33cb-4f93-a8f0-d74e983a0634,"size == ""2""","isEmpty == ""False""","peek_obj_type == ""class java.lang.String""","push == ""none""","pop == ""none""","clear == ""clear""","size_p == ""1""",Yes
5677,1607885829946:e2faf9b2-e6ff-4ef7-a8a4-455cf129437e,1607885829946:7d8687dc-33cb-4f93-a8f0-d74e983a0634,"size == ""3""","isEmpty == ""False""","peek_obj_type == ""class java.lang.String""","push == ""none""","pop == ""none""","clear == ""clear""","size_p == ""2""",Yes
5678,1607885829946:e2faf9b2-e6ff-4ef7-a8a4-455cf129437e,1607885829946:7d8687dc-33cb-4f93-a8f0-d74e983a0634,"size == ""4""","isEmpty == ""False""","peek_obj_type == ""class java.lang.String""","push == ""none""","pop == ""none""","clear == ""clear""","size_p == ""3""",Yes
5680,1607885829946:e2faf9b2-e6ff-4ef7-a8a4-455cf129437e,1607885829946:0aeaa77b-8367-4780-9c76-4169b6cb0223,"size == ""0""","isEmpty == ""True""","peek_obj_type == ""EmptyObject""","push == ""class java.lang.String""","pop == ""none""","clear == ""none""","size_p == ""0""",Yes
5681,1607885829946:e2faf9b2-e6ff-4ef7-a8a4-455cf129437e,1607885829946:0aeaa77b-8367-4780-9c76-4169b6cb0223,"size == ""0""","isEmpty == ""True""","peek_obj_type == ""EmptyObject""","push == ""class java.lang.String""","pop == ""none""","clear == ""none""","size_p == ""0""",Yes
5683,1607885829946:54890b48-cce2-4f59-b308-4194a4ef6a70,1607885829946:281caf6e-07b0-4e1c-b83e-769aeb85df85,"size == ""0""","isEmpty == ""True""","peek_obj_type == ""EmptyObject""","push == ""class java.lang.String""","pop == ""none""","clear == ""none""","size_p == ""0""",Yes
5684,1607885829946:54890b48-cce2-4f59-b308-4194a4ef6a70,1607885829946:281caf6e-07b0-4e1c-b83e-769aeb85df85,"size == ""0""","isEmpty == ""True""","peek_obj_type == ""EmptyObject""","push == ""none""","pop == ""EmptyObject""","clear == ""none""","size_p == ""0""",No
5686,1607885829945:e95e3c27-6e2d-49e2-9c54-da9fadbe4a86,1607885829945:84ca917c-f5a2-42b5-b32c-58340833af68,"size == ""1""","isEmpty == ""False""","peek_obj_type == ""class java.lang.String""","push == ""none""","pop == ""none""","clear == ""clear""","size_p == ""0""",Yes
5687,1607885829945:e95e3c27-6e2d-49e2-9c54-da9fadbe4a86,1607885829945:84ca917c-f5a2-42b5-b32c-58340833af68,"size == ""1""","isEmpty == ""False""","peek_obj_type == ""class java.lang.String""","push == ""class java.lang.String""","pop == ""none""","clear == ""none""","size_p == ""1""",Yes
5688,1607885829945:e95e3c27-6e2d-49e2-9c54-da9fadbe4a86,1607885829945:84ca917c-f5a2-42b5-b32c-58340833af68,"size == ""2""","isEmpty == ""False""","peek_obj_type == ""class java.lang.String""","push == ""none""","pop == ""none""","clear == ""clear""","size_p == ""1""",Yes
5689,1607885829945:e95e3c27-6e2d-49e2-9c54-da9fadbe4a86,1607885829945:84ca917c-f5a2-42b5-b32c-58340833af68,"size == ""3""","isEmpty == ""False""","peek_obj_type == ""class java.lang.String""","push == ""none""","pop == ""none""","clear == ""clear""","size_p == ""2""",Yes
5690,1607885829945:e95e3c27-6e2d-49e2-9c54-da9fadbe4a86,1607885829945:84ca917c-f5a2-42b5-b32c-58340833af68,"size == ""4""","isEmpty == ""False""","peek_obj_type == ""class java.lang.String""","push == ""none""","pop == ""none""","clear == ""clear""","size_p == ""3""",Yes
5692,1607885829945:e95e3c27-6e2d-49e2-9c54-da9fadbe4a86,1607885829945:409edb42-7c8e-48a1-a381-033c65142e74,"size == ""0""","isEmpty == ""True""","peek_obj_type == ""EmptyObject""","push == ""class java.lang.String""","pop == ""none""","clear == ""none""","size_p == ""0""",Yes
5693,1607885829945:e95e3c27-6e2d-49e2-9c54-da9fadbe4a86,1607885829945:409edb42-7c8e-48a1-a381-033c65142e74,"size == ""0""","isEmpty == ""True""","peek_obj_type == ""EmptyObject""","push == ""none""","pop == ""EmptyObject""","clear == ""none""","size_p == ""0""",No
5695,1607885829945:aa15cb40-19e6-4719-8d6e-9e83e4124d81,1607885829946:3330f0e8-7bf4-4ea0-9d96-941d4b0f7b15,"size == ""0""","isEmpty == ""True""","peek_obj_type == ""EmptyObject""","push == ""class java.lang.String""","pop == ""none""","clear == ""none""","size_p == ""0""",Yes
5696,1607885829945:aa15cb40-19e6-4719-8d6e-9e83e4124d81,1607885829946:3330f0e8-7bf4-4ea0-9d96-941d4b0f7b15,"size == ""0""","isEmpty == ""True""","peek_obj_type == ""EmptyObject""","push == ""none""","pop == ""EmptyObject""","clear == ""none""","size_p == ""0""",No
5699,1607885829945:aa15cb40-19e6-4719-8d6e-9e83e4124d81,1607885829945:4ca8ebd8-c362-4a5f-9ef5-91a696962e44,"size == ""0""","isEmpty == ""True""","peek_obj_type == ""EmptyObject""","push == ""class java.lang.String""","pop == ""none""","clear == ""none""","size_p == ""0""",Yes
5701,1607885829945:60e2449e-aca5-4638-b016-20a5c9403375,1607885829945:0d0842ae-79de-49e5-a56f-01f5f22c693d,"size == ""0""","isEmpty == ""True""","peek_obj_type == ""EmptyObject""","push == ""class java.lang.String""","pop == ""none""","clear == ""none""","size_p == ""0""",Yes
5702,1607885829945:60e2449e-aca5-4638-b016-20a5c9403375,1607885829945:0d0842ae-79de-49e5-a56f-01f5f22c693d,"size == ""0""","isEmpty == ""True""","peek_obj_type == ""EmptyObject""","push == ""none""","pop == ""EmptyObject""","clear == ""none""","size_p == ""0""",No
5704,1607885829945:60e2449e-aca5-4638-b016-20a5c9403375,1607885829945:0a8cd724-5609-4c11-9eec-aeec497cd997,"size == ""1""","isEmpty == ""False""","peek_obj_type == ""class java.lang.String""","push == ""none""","pop == ""none""","clear == ""clear""","size_p == ""0""",Yes
5705,1607885829945:60e2449e-aca5-4638-b016-20a5c9403375,1607885829945:0a8cd724-5609-4c11-9eec-aeec497cd997,"size == ""1""","isEmpty == ""False""","peek_obj_type == ""class java.lang.String""","push == ""class java.lang.String""","pop == ""none""","clear == ""none""","size_p == ""1""",Yes
5706,1607885829945:60e2449e-aca5-4638-b016-20a5c9403375,1607885829945:0a8cd724-5609-4c11-9eec-aeec497cd997,"size == ""2""","isEmpty == ""False""","peek_obj_type == ""class java.lang.String""","push == ""none""","pop == ""none""","clear == ""clear""","size_p == ""1""",Yes
5707,1607885829945:60e2449e-aca5-4638-b016-20a5c9403375,1607885829945:0a8cd724-5609-4c11-9eec-aeec497cd997,"size == ""3""","isEmpty == ""False""","peek_obj_type == ""class java.lang.String""","push == ""none""","pop == ""none""","clear == ""clear""","size_p == ""2""",Yes
5708,1607885829945:60e2449e-aca5-4638-b016-20a5c9403375,1607885829945:0a8cd724-5609-4c11-9eec-aeec497cd997,"size == ""4""","isEmpty == ""False""","peek_obj_type == ""class java.lang.String""","push == ""none""","pop == ""none""","clear == ""clear""","size_p == ""3""",Yes
5710,1607885829944:7ec3094b-5110-4873-b045-47572bd7d551,1607885829945:f287ca9e-519f-4ff2-b438-ba49666e7046,"size == ""0""","isEmpty == ""True""","peek_obj_type == ""EmptyObject""","push == ""class java.lang.String""","pop == ""none""","clear == ""none""","size_p == ""0""",Yes
5711,1607885829944:7ec3094b-5110-4873-b045-47572bd7d551,1607885829945:f287ca9e-519f-4ff2-b438-ba49666e7046,"size == ""0""","isEmpty == ""True""","peek_obj_type == ""EmptyObject""","push == ""none""","pop == ""EmptyObject""","clear == ""none""","size_p == ""0""",No
5713,1607885829944:7ec3094b-5110-4873-b045-47572bd7d551,1607885829944:00e2c83f-4b02-4a01-a63e-06853d9d0f45,"size == ""0""","isEmpty == ""True""","peek_obj_type == ""EmptyObject""","push == ""class java.lang.String""","pop == ""none""","clear == ""none""","size_p == ""0""",Yes
5714,1607885829944:7ec3094b-5110-4873-b045-47572bd7d551,1607885829944:00e2c83f-4b02-4a01-a63e-06853d9d0f45,"size == ""0""","isEmpty == ""True""","peek_obj_type == ""EmptyObject""","push == ""class java.lang.String""","pop == ""none""","clear == ""none""","size_p == ""0""",Yes
5715,1607885829944:7ec3094b-5110-4873-b045-47572bd7d551,1607885829944:00e2c83f-4b02-4a01-a63e-06853d9d0f45,"size == ""0""","isEmpty == ""True""","peek_obj_type == ""EmptyObject""","push == ""class java.lang.String""","pop == ""none""","clear == ""none""","size_p == ""0""",Yes
5717,1607885829944:7b89b060-aad6-4368-bed1-3511cf274dd8,1607885829944:2fec14e8-f46a-4879-8320-1a2171883c46,"size == ""0""","isEmpty == ""True""","peek_obj_type == ""EmptyObject""","push == ""class java.lang.String""","pop == ""none""","clear == ""none""","size_p == ""0""",Yes
5718,1607885829944:7b89b060-aad6-4368-bed1-3511cf274dd8,1607885829944:2fec14e8-f46a-4879-8320-1a2171883c46,"size == ""0""","isEmpty == ""True""","peek_obj_type == ""EmptyObject""","push == ""none""","pop == ""EmptyObject""","clear == ""none""","size_p == ""0""",No
5720,1607885829944:75c79d22-b4e8-4b4c-9b2e-82860e75a48f,1607885829944:63d70808-4727-4321-96c5-fcc5c907c443,"size == ""0""","isEmpty == ""True""","peek_obj_type == ""EmptyObject""","push == ""class java.lang.String""","pop == ""none""","clear == ""none""","size_p == ""0""",Yes
5721,1607885829944:75c79d22-b4e8-4b4c-9b2e-82860e75a48f,1607885829944:63d70808-4727-4321-96c5-fcc5c907c443,"size == ""0""","isEmpty == ""True""","peek_obj_type == ""EmptyObject""","push == ""none""","pop == ""EmptyObject""","clear == ""none""","size_p == ""0""",No
5723,1607885829944:51dea55b-7d9d-494b-b0ad-e4a89ecf4df5,1607885829944:839182d4-af31-4e3b-acd1-9eb39f7bb4ec,"size == ""0""","isEmpty == ""True""","peek_obj_type == ""EmptyObject""","push == ""class java.lang.String""","pop == ""none""","clear == ""none""","size_p == ""0""",Yes
5724,1607885829944:51dea55b-7d9d-494b-b0ad-e4a89ecf4df5,1607885829944:839182d4-af31-4e3b-acd1-9eb39f7bb4ec,"size == ""0""","isEmpty == ""True""","peek_obj_type == ""EmptyObject""","push == ""none""","pop == ""EmptyObject""","clear == ""none""","size_p == ""0""",No
5726,1607885829943:d3218a28-7439-44a6-bd98-9030a650be04,1607885829944:a3a668ea-4f2a-4127-818b-31a002971d41,"size == ""0""","isEmpty == ""True""","peek_obj_type == ""EmptyObject""","push == ""class java.lang.String""","pop == ""none""","clear == ""none""","size_p == ""0""",Yes
5727,1607885829943:d3218a28-7439-44a6-bd98-9030a650be04,1607885829944:a3a668ea-4f2a-4127-818b-31a002971d41,"size == ""0""","isEmpty == ""True""","peek_obj_type == ""EmptyObject""","push == ""none""","pop == ""EmptyObject""","clear == ""none""","size_p == ""0""",No
5729,1607885829943:d3218a28-7439-44a6-bd98-9030a650be04,1607885829944:4c22bc1f-904a-4643-acc7-b883334cf8d4,"size == ""0""","isEmpty == ""True""","peek_obj_type == ""EmptyObject""","push == ""class java.lang.String""","pop == ""none""","clear == ""none""","size_p == ""0""",Yes
5731,1607885829943:c86b763a-a381-40be-b196-c561f0c58773,1607885829943:c5e5aefc-bac5-44ff-9b09-fe951b11eb23,"size == ""0""","isEmpty == ""True""","peek_obj_type == ""EmptyObject""","push == ""class java.lang.String""","pop == ""none""","clear == ""none""","size_p == ""0""",Yes
5732,1607885829943:c86b763a-a381-40be-b196-c561f0c58773,1607885829943:c5e5aefc-bac5-44ff-9b09-fe951b11eb23,"size == ""0""","isEmpty == ""True""","peek_obj_type == ""EmptyObject""","push == ""class java.lang.String""","pop == ""none""","clear == ""none""","size_p == ""0""",Yes
5734,1607885829943:c86b763a-a381-40be-b196-c561f0c58773,1607885829943:8efdb915-9970-430d-989b-eeead7d5e4c0,"size == ""0""","isEmpty == ""True""","peek_obj_type == ""EmptyObject""","push == ""class java.lang.String""","pop == ""none""","clear == ""none""","size_p == ""0""",Yes
5735,1607885829943:c86b763a-a381-40be-b196-c561f0c58773,1607885829943:8efdb915-9970-430d-989b-eeead7d5e4c0,"size == ""0""","isEmpty == ""True""","peek_obj_type == ""EmptyObject""","push == ""none""","pop == ""EmptyObject""","clear == ""none""","size_p == ""0""",No
5737,1607885829943:73e47ffa-b97b-41c8-8e94-7db35f0e1579,1607885829943:a0ab1cf4-5cf8-4a8c-94d4-358b8a08d698,"size == ""1""","isEmpty == ""False""","peek_obj_type == ""class java.lang.String""","push == ""none""","pop == ""none""","clear == ""clear""","size_p == ""0""",Yes
5738,1607885829943:73e47ffa-b97b-41c8-8e94-7db35f0e1579,1607885829943:a0ab1cf4-5cf8-4a8c-94d4-358b8a08d698,"size == ""1""","isEmpty == ""False""","peek_obj_type == ""class java.lang.String""","push == ""class java.lang.String""","pop == ""none""","clear == ""none""","size_p == ""1""",Yes
5739,1607885829943:73e47ffa-b97b-41c8-8e94-7db35f0e1579,1607885829943:a0ab1cf4-5cf8-4a8c-94d4-358b8a08d698,"size == ""2""","isEmpty == ""False""","peek_obj_type == ""class java.lang.String""","push == ""none""","pop == ""none""","clear == ""clear""","size_p == ""1""",Yes
5740,1607885829943:73e47ffa-b97b-41c8-8e94-7db35f0e1579,1607885829943:a0ab1cf4-5cf8-4a8c-94d4-358b8a08d698,"size == ""3""","isEmpty == ""False""","peek_obj_type == ""class java.lang.String""","push == ""none""","pop == ""none""","clear == ""clear""","size_p == ""2""",Yes
5741,1607885829943:73e47ffa-b97b-41c8-8e94-7db35f0e1579,1607885829943:a0ab1cf4-5cf8-4a8c-94d4-358b8a08d698,"size == ""4""","isEmpty == ""False""","peek_obj_type == ""class java.lang.String""","push == ""none""","pop == ""none""","clear == ""clear""","size_p == ""3""",Yes
5743,1607885829943:73e47ffa-b97b-41c8-8e94-7db35f0e1579,1607885829943:47cc085c-7396-4fe7-848b-0b0bbbe064ac,"size == ""0""","isEmpty == ""True""","peek_obj_type == ""EmptyObject""","push == ""class java.lang.String""","pop == ""none""","clear == ""none""","size_p == ""0""",Yes
5744,1607885829943:73e47ffa-b97b-41c8-8e94-7db35f0e1579,1607885829943:47cc085c-7396-4fe7-848b-0b0bbbe064ac,"size == ""0""","isEmpty == ""True""","peek_obj_type == ""EmptyObject""","push == ""none""","pop == ""EmptyObject""","clear == ""none""","size_p == ""0""",No
5746,1607885829943:6aedf944-f2ed-4def-8d33-9760e68dbe76,1607885829943:7d7035e2-0ee6-438f-b17c-30743b390e76,"size == ""0""","isEmpty == ""True""","peek_obj_type == ""EmptyObject""","push == ""class java.lang.String""","pop == ""none""","clear == ""none""","size_p == ""0""",Yes
5747,1607885829943:6aedf944-f2ed-4def-8d33-9760e68dbe76,1607885829943:7d7035e2-0ee6-438f-b17c-30743b390e76,"size == ""0""","isEmpty == ""True""","peek_obj_type == ""EmptyObject""","push == ""none""","pop == ""EmptyObject""","clear == ""none""","size_p == ""0""",No
5749,1607885829942:d9be579a-011d-4f20-a2e7-c3c644c216ec,1607885829942:13075585-6cca-432c-a056-519134f1a7d1,"size == ""1""","isEmpty == ""False""","peek_obj_type == ""class java.lang.String""","push == ""none""","pop == ""none""","clear == ""clear""","size_p == ""0""",Yes
5750,1607885829942:d9be579a-011d-4f20-a2e7-c3c644c216ec,1607885829942:13075585-6cca-432c-a056-519134f1a7d1,"size == ""1""","isEmpty == ""False""","peek_obj_type == ""class java.lang.String""","push == ""class java.lang.String""","pop == ""none""","clear == ""none""","size_p == ""1""",Yes
5751,1607885829942:d9be579a-011d-4f20-a2e7-c3c644c216ec,1607885829942:13075585-6cca-432c-a056-519134f1a7d1,"size == ""2""","isEmpty == ""False""","peek_obj_type == ""class java.lang.String""","push == ""none""","pop == ""none""","clear == ""clear""","size_p == ""1""",Yes
5752,1607885829942:d9be579a-011d-4f20-a2e7-c3c644c216ec,1607885829942:13075585-6cca-432c-a056-519134f1a7d1,"size == ""3""","isEmpty == ""False""","peek_obj_type == ""class java.lang.String""","push == ""none""","pop == ""none""","clear == ""clear""","size_p == ""2""",Yes
5753,1607885829942:d9be579a-011d-4f20-a2e7-c3c644c216ec,1607885829942:13075585-6cca-432c-a056-519134f1a7d1,"size == ""4""","isEmpty == ""False""","peek_obj_type == ""class java.lang.String""","push == ""none""","pop == ""none""","clear == ""clear""","size_p == ""3""",Yes
5755,1607885829942:d9be579a-011d-4f20-a2e7-c3c644c216ec,1607885829942:0a23bedc-c183-42bd-9445-b315d66249a2,"size == ""0""","isEmpty == ""True""","peek_obj_type == ""EmptyObject""","push == ""class java.lang.String""","pop == ""none""","clear == ""none""","size_p == ""0""",Yes
5756,1607885829942:d9be579a-011d-4f20-a2e7-c3c644c216ec,1607885829942:0a23bedc-c183-42bd-9445-b315d66249a2,"size == ""0""","isEmpty == ""True""","peek_obj_type == ""EmptyObject""","push == ""none""","pop == ""EmptyObject""","clear == ""none""","size_p == ""0""",No
5758,1607885829942:cfe6db3a-59ac-4060-85b6-b75443647c71,1607885829942:1c397496-8268-4461-acb1-f36849653f5c,"size == ""0""","isEmpty == ""True""","peek_obj_type == ""EmptyObject""","push == ""class java.lang.String""","pop == ""none""","clear == ""none""","size_p == ""0""",Yes
5759,1607885829942:cfe6db3a-59ac-4060-85b6-b75443647c71,1607885829942:1c397496-8268-4461-acb1-f36849653f5c,"size == ""0""","isEmpty == ""True""","peek_obj_type == ""EmptyObject""","push == ""none""","pop == ""EmptyObject""","clear == ""none""","size_p == ""0""",No
5761,1607885829942:a97da988-6d31-41e5-8dec-320edd594dd9,1607885829942:c325b01f-6113-4981-b7cf-f24d605e8c94,"size == ""0""","isEmpty == ""True""","peek_obj_type == ""EmptyObject""","push == ""class java.lang.String""","pop == ""none""","clear == ""none""","size_p == ""0""",Yes
5762,1607885829942:a97da988-6d31-41e5-8dec-320edd594dd9,1607885829942:c325b01f-6113-4981-b7cf-f24d605e8c94,"size == ""0""","isEmpty == ""True""","peek_obj_type == ""EmptyObject""","push == ""class java.lang.String""","pop == ""none""","clear == ""none""","size_p == ""0""",Yes
5764,1607885829942:a97da988-6d31-41e5-8dec-320edd594dd9,1607885829942:959213b7-d79e-403f-b615-f2b77776eecc,"size == ""0""","isEmpty == ""True""","peek_obj_type == ""EmptyObject""","push == ""class java.lang.String""","pop == ""none""","clear == ""none""","size_p == ""0""",Yes
5765,1607885829942:a97da988-6d31-41e5-8dec-320edd594dd9,1607885829942:959213b7-d79e-403f-b615-f2b77776eecc,"size == ""0""","isEmpty == ""True""","peek_obj_type == ""EmptyObject""","push == ""none""","pop == ""EmptyObject""","clear == ""none""","size_p == ""0""",No
5767,1607885829942:4086da37-a5b4-4625-820f-5fe9c30822f0,1607885829942:2a9b1473-3fcb-4301-b319-23870b61ba64,"size == ""0""","isEmpty == ""True""","peek_obj_type == ""EmptyObject""","push == ""class java.lang.String""","pop == ""none""","clear == ""none""","size_p == ""0""",Yes
5770,1607885829942:4086da37-a5b4-4625-820f-5fe9c30822f0,1607885829942:17e4743a-f5e9-46e4-9803-c902fba076f4,"size == ""0""","isEmpty == ""True""","peek_obj_type == ""EmptyObject""","push == ""class java.lang.String""","pop == ""none""","clear == ""none""","size_p == ""0""",Yes
5771,1607885829942:4086da37-a5b4-4625-820f-5fe9c30822f0,1607885829942:17e4743a-f5e9-46e4-9803-c902fba076f4,"size == ""0""","isEmpty == ""True""","peek_obj_type == ""EmptyObject""","push == ""none""","pop == ""EmptyObject""","clear == ""none""","size_p == ""0""",No
5773,1607885829941:e08f6434-13ec-4fd8-835e-f686539d7e49,1607885829941:c750f59b-8fd3-4446-a141-235fa8c5e6d0,"size == ""0""","isEmpty == ""True""","peek_obj_type == ""EmptyObject""","push == ""class java.lang.String""","pop == ""none""","clear == ""none""","size_p == ""0""",Yes
5774,1607885829941:e08f6434-13ec-4fd8-835e-f686539d7e49,1607885829941:c750f59b-8fd3-4446-a141-235fa8c5e6d0,"size == ""0""","isEmpty == ""True""","peek_obj_type == ""EmptyObject""","push == ""none""","pop == ""EmptyObject""","clear == ""none""","size_p == ""0""",No
5776,1607885829941:ce125842-3fa0-4bc6-adde-be50d270eb7d,1607885829941:4e525422-4e28-4a69-8291-d7a100d62b20,"size == ""0""","isEmpty == ""True""","peek_obj_type == ""EmptyObject""","push == ""class java.lang.String""","pop == ""none""","clear == ""none""","size_p == ""0""",Yes
5777,1607885829941:ce125842-3fa0-4bc6-adde-be50d270eb7d,1607885829941:4e525422-4e28-4a69-8291-d7a100d62b20,"size == ""0""","isEmpty == ""True""","peek_obj_type == ""EmptyObject""","push == ""none""","pop == ""EmptyObject""","clear == ""none""","size_p == ""0""",No
5779,1607885829941:a270c4a1-200f-4da9-a41e-baf1e661f2ce,1607885829941:f5a088da-a581-4bfb-a351-dcf9850f8165,"size == ""0""","isEmpty == ""True""","peek_obj_type == ""EmptyObject""","push == ""class java.lang.String""","pop == ""none""","clear == ""none""","size_p == ""0""",Yes
5781,1607885829941:a270c4a1-200f-4da9-a41e-baf1e661f2ce,1607885829941:df6e2733-0960-48e5-a8b8-abd11cb8c15c,"size == ""0""","isEmpty == ""True""","peek_obj_type == ""EmptyObject""","push == ""class java.lang.String""","pop == ""none""","clear == ""none""","size_p == ""0""",Yes
5782,1607885829941:a270c4a1-200f-4da9-a41e-baf1e661f2ce,1607885829941:df6e2733-0960-48e5-a8b8-abd11cb8c15c,"size == ""0""","isEmpty == ""True""","peek_obj_type == ""EmptyObject""","push == ""none""","pop == ""EmptyObject""","clear == ""none""","size_p == ""0""",No
5784,1607885829941:43f79fd6-8c3c-465b-9110-4ef17bd1282d,1607885829941:7234190b-ae41-4cc4-9845-7c3505c56bcd,"size == ""0""","isEmpty == ""True""","peek_obj_type == ""EmptyObject""","push == ""class java.lang.String""","pop == ""none""","clear == ""none""","size_p == ""0""",Yes
5785,1607885829941:43f79fd6-8c3c-465b-9110-4ef17bd1282d,1607885829941:7234190b-ae41-4cc4-9845-7c3505c56bcd,"size == ""0""","isEmpty == ""True""","peek_obj_type == ""EmptyObject""","push == ""none""","pop == ""EmptyObject""","clear == ""none""","size_p == ""0""",No
5787,1607885829941:26e7bd3a-2847-48a5-87c1-9ce0c6de1838,1607885829941:e33dc3c2-73f3-4f9a-baa3-4f3e962b5f88,"size == ""0""","isEmpty == ""True""","peek_obj_type == ""EmptyObject""","push == ""class java.lang.String""","pop == ""none""","clear == ""none""","size_p == ""0""",Yes
5788,1607885829941:26e7bd3a-2847-48a5-87c1-9ce0c6de1838,1607885829941:e33dc3c2-73f3-4f9a-baa3-4f3e962b5f88,"size == ""0""","isEmpty == ""True""","peek_obj_type == ""EmptyObject""","push == ""none""","pop == ""EmptyObject""","clear == ""none""","size_p == ""0""",No
5790,1607885829940:eb4731a1-16a5-478f-b495-bd852ada1727,1607885829940:c3aa305b-1a60-4440-b0b5-b4037276c185,"size == ""0""","isEmpty == ""True""","peek_obj_type == ""EmptyObject""","push == ""class java.lang.String""","pop == ""none""","clear == ""none""","size_p == ""0""",Yes
5791,1607885829940:eb4731a1-16a5-478f-b495-bd852ada1727,1607885829940:c3aa305b-1a60-4440-b0b5-b4037276c185,"size == ""0""","isEmpty == ""True""","peek_obj_type == ""EmptyObject""","push == ""none""","pop == ""EmptyObject""","clear == ""none""","size_p == ""0""",No
5793,1607885829940:eb4731a1-16a5-478f-b495-bd852ada1727,1607885829940:38659062-4ddb-43b7-95c2-9b1d0bb6d8b2,"size == ""1""","isEmpty == ""False""","peek_obj_type == ""class java.lang.String""","push == ""none""","pop == ""none""","clear == ""clear""","size_p == ""0""",Yes
5794,1607885829940:eb4731a1-16a5-478f-b495-bd852ada1727,1607885829940:38659062-4ddb-43b7-95c2-9b1d0bb6d8b2,"size == ""1""","isEmpty == ""False""","peek_obj_type == ""class java.lang.String""","push == ""class java.lang.String""","pop == ""none""","clear == ""none""","size_p == ""1""",Yes
5795,1607885829940:eb4731a1-16a5-478f-b495-bd852ada1727,1607885829940:38659062-4ddb-43b7-95c2-9b1d0bb6d8b2,"size == ""2""","isEmpty == ""False""","peek_obj_type == ""class java.lang.String""","push == ""none""","pop == ""none""","clear == ""clear""","size_p == ""1""",Yes
5796,1607885829940:eb4731a1-16a5-478f-b495-bd852ada1727,1607885829940:38659062-4ddb-43b7-95c2-9b1d0bb6d8b2,"size == ""3""","isEmpty == ""False""","peek_obj_type == ""class java.lang.String""","push == ""none""","pop == ""none""","clear == ""clear""","size_p == ""2""",Yes
5797,1607885829940:eb4731a1-16a5-478f-b495-bd852ada1727,1607885829940:38659062-4ddb-43b7-95c2-9b1d0bb6d8b2,"size == ""4""","isEmpty == ""False""","peek_obj_type == ""class java.lang.String""","push == ""none""","pop == ""none""","clear == ""clear""","size_p == ""3""",Yes
5799,1607885829940:a8e904b1-ae3c-4008-9cdf-9c0f613ec063,1607885829940:d583ac15-eb83-4cb6-9e3a-ccbbf551c94b,"size == ""0""","isEmpty == ""True""","peek_obj_type == ""EmptyObject""","push == ""class java.lang.String""","pop == ""none""","clear == ""none""","size_p == ""0""",Yes
5802,1607885829940:a8e904b1-ae3c-4008-9cdf-9c0f613ec063,1607885829940:2fb53085-84de-4509-a7c2-94e910eff5ac,"size == ""0""","isEmpty == ""True""","peek_obj_type == ""EmptyObject""","push == ""class java.lang.String""","pop == ""none""","clear == ""none""","size_p == ""0""",Yes
5803,1607885829940:a8e904b1-ae3c-4008-9cdf-9c0f613ec063,1607885829940:2fb53085-84de-4509-a7c2-94e910eff5ac,"size == ""0""","isEmpty == ""True""","peek_obj_type == ""EmptyObject""","push == ""none""","pop == ""EmptyObject""","clear == ""none""","size_p == ""0""",No
5805,1607885829940:58ded451-ccf8-4121-a8e5-8aabf7a71078,1607885829940:a869e980-0493-4971-a07a-18a1f9d40c8b,"size == ""0""","isEmpty == ""True""","peek_obj_type == ""EmptyObject""","push == ""class java.lang.String""","pop == ""none""","clear == ""none""","size_p == ""0""",Yes
5806,1607885829940:58ded451-ccf8-4121-a8e5-8aabf7a71078,1607885829940:a869e980-0493-4971-a07a-18a1f9d40c8b,"size == ""0""","isEmpty == ""True""","peek_obj_type == ""EmptyObject""","push == ""none""","pop == ""EmptyObject""","clear == ""none""","size_p == ""0""",No
5808,1607885829940:0c2e135b-2fc7-43cc-b601-b0ac783614c0,1607885829940:3bfe84aa-faf6-4b59-8abf-51fd909360cb,"size == ""0""","isEmpty == ""True""","peek_obj_type == ""EmptyObject""","push == ""class java.lang.String""","pop == ""none""","clear == ""none""","size_p == ""0""",Yes
5809,1607885829940:0c2e135b-2fc7-43cc-b601-b0ac783614c0,1607885829940:3bfe84aa-faf6-4b59-8abf-51fd909360cb,"size == ""0""","isEmpty == ""True""","peek_obj_type == ""EmptyObject""","push == ""none""","pop == ""EmptyObject""","clear == ""none""","size_p == ""0""",No
5811,1607885829939:f5179cfe-8f2a-4e7a-aa4d-7959a61723b6,1607885829939:ac547fa3-8fc0-45dd-aa35-8a52502e128b,"size == ""0""","isEmpty == ""True""","peek_obj_type == ""EmptyObject""","push == ""class java.lang.String""","pop == ""none""","clear == ""none""","size_p == ""0""",Yes
5812,1607885829939:f5179cfe-8f2a-4e7a-aa4d-7959a61723b6,1607885829939:ac547fa3-8fc0-45dd-aa35-8a52502e128b,"size == ""0""","isEmpty == ""True""","peek_obj_type == ""EmptyObject""","push == ""class java.lang.String""","pop == ""none""","clear == ""none""","size_p == ""0""",Yes
5814,1607885829939:f5179cfe-8f2a-4e7a-aa4d-7959a61723b6,1607885829939:5d8636e7-98a7-4875-a5b9-546f4e6edbf6,"size == ""0""","isEmpty == ""True""","peek_obj_type == ""EmptyObject""","push == ""class java.lang.String""","pop == ""none""","clear == ""none""","size_p == ""0""",Yes
5815,1607885829939:f5179cfe-8f2a-4e7a-aa4d-7959a61723b6,1607885829939:5d8636e7-98a7-4875-a5b9-546f4e6edbf6,"size == ""0""","isEmpty == ""True""","peek_obj_type == ""EmptyObject""","push == ""none""","pop == ""EmptyObject""","clear == ""none""","size_p == ""0""",No
5817,1607885829939:efd6a0ff-d34e-4895-9229-f5f4e1faaafa,1607885829939:a7839b7f-7829-4bc6-bf4d-5990f7ebe257,"size == ""0""","isEmpty == ""True""","peek_obj_type == ""EmptyObject""","push == ""class java.lang.String""","pop == ""none""","clear == ""none""","size_p == ""0""",Yes
5818,1607885829939:efd6a0ff-d34e-4895-9229-f5f4e1faaafa,1607885829939:a7839b7f-7829-4bc6-bf4d-5990f7ebe257,"size == ""0""","isEmpty == ""True""","peek_obj_type == ""EmptyObject""","push == ""none""","pop == ""EmptyObject""","clear == ""none""","size_p == ""0""",No
5820,1607885829939:62b5728e-068c-4c6f-9210-9d9751a2906c,1607885829939:30651653-d4ce-4f57-b218-eaafcb2f16c7,"size == ""0""","isEmpty == ""True""","peek_obj_type == ""EmptyObject""","push == ""class java.lang.String""","pop == ""none""","clear == ""none""","size_p == ""0""",Yes
5821,1607885829939:62b5728e-068c-4c6f-9210-9d9751a2906c,1607885829939:30651653-d4ce-4f57-b218-eaafcb2f16c7,"size == ""0""","isEmpty == ""True""","peek_obj_type == ""EmptyObject""","push == ""none""","pop == ""EmptyObject""","clear == ""none""","size_p == ""0""",No
5823,1607885829939:5423c3da-f22f-4fd4-9a8c-c65954f960f9,1607885829939:5e0300fd-33c6-423d-820e-5fc3e0fa604d,"size == ""0""","isEmpty == ""True""","peek_obj_type == ""EmptyObject""","push == ""class java.lang.String""","pop == ""none""","clear == ""none""","size_p == ""0""",Yes
5824,1607885829939:5423c3da-f22f-4fd4-9a8c-c65954f960f9,1607885829939:5e0300fd-33c6-423d-820e-5fc3e0fa604d,"size == ""0""","isEmpty == ""True""","peek_obj_type == ""EmptyObject""","push == ""none""","pop == ""EmptyObject""","clear == ""none""","size_p == ""0""",No
5826,1607885829939:1800d5ca-6909-45be-9422-ea155d4b8d5a,1607885829939:5b995a71-9eca-4d55-953e-0580c2a21c13,"size == ""0""","isEmpty == ""True""","peek_obj_type == ""EmptyObject""","push == ""class java.lang.String""","pop == ""none""","clear == ""none""","size_p == ""0""",Yes
5827,1607885829939:1800d5ca-6909-45be-9422-ea155d4b8d5a,1607885829939:5b995a71-9eca-4d55-953e-0580c2a21c13,"size == ""0""","isEmpty == ""True""","peek_obj_type == ""EmptyObject""","push == ""none""","pop == ""EmptyObject""","clear == ""none""","size_p == ""0""",No
5829,1607885829938:dfce7b7e-671f-4867-a387-a30fc45c112e,1607885829938:c6b1fa51-ddea-4993-aaf7-39a15fa72415,"size == ""0""","isEmpty == ""True""","peek_obj_type == ""EmptyObject""","push == ""class java.lang.String""","pop == ""none""","clear == ""none""","size_p == ""0""",Yes
5830,1607885829938:dfce7b7e-671f-4867-a387-a30fc45c112e,1607885829938:c6b1fa51-ddea-4993-aaf7-39a15fa72415,"size == ""0""","isEmpty == ""True""","peek_obj_type == ""EmptyObject""","push == ""none""","pop == ""EmptyObject""","clear == ""none""","size_p == ""0""",No
5832,1607885829938:dfce7b7e-671f-4867-a387-a30fc45c112e,1607885829938:0917bad1-01cb-4bfd-9ce3-929e4e1a8320,"size == ""1""","isEmpty == ""False""","peek_obj_type == ""class java.lang.String""","push == ""none""","pop == ""none""","clear == ""clear""","size_p == ""0""",Yes
5833,1607885829938:dfce7b7e-671f-4867-a387-a30fc45c112e,1607885829938:0917bad1-01cb-4bfd-9ce3-929e4e1a8320,"size == ""1""","isEmpty == ""False""","peek_obj_type == ""class java.lang.String""","push == ""class java.lang.String""","pop == ""none""","clear == ""none""","size_p == ""1""",Yes
5834,1607885829938:dfce7b7e-671f-4867-a387-a30fc45c112e,1607885829938:0917bad1-01cb-4bfd-9ce3-929e4e1a8320,"size == ""2""","isEmpty == ""False""","peek_obj_type == ""class java.lang.String""","push == ""none""","pop == ""none""","clear == ""clear""","size_p == ""1""",Yes
5835,1607885829938:dfce7b7e-671f-4867-a387-a30fc45c112e,1607885829938:0917bad1-01cb-4bfd-9ce3-929e4e1a8320,"size == ""3""","isEmpty == ""False""","peek_obj_type == ""class java.lang.String""","push == ""none""","pop == ""none""","clear == ""clear""","size_p == ""2""",Yes
5836,1607885829938:dfce7b7e-671f-4867-a387-a30fc45c112e,1607885829938:0917bad1-01cb-4bfd-9ce3-929e4e1a8320,"size == ""4""","isEmpty == ""False""","peek_obj_type == ""class java.lang.String""","push == ""none""","pop == ""none""","clear == ""clear""","size_p == ""3""",Yes
5838,1607885829938:aee013c7-a935-411a-9e41-282370376c53,1607885829938:41702e51-8f97-4213-84ee-6589d051720c,"size == ""0""","isEmpty == ""True""","peek_obj_type == ""EmptyObject""","push == ""class java.lang.String""","pop == ""none""","clear == ""none""","size_p == ""0""",Yes
5839,1607885829938:aee013c7-a935-411a-9e41-282370376c53,1607885829938:41702e51-8f97-4213-84ee-6589d051720c,"size == ""0""","isEmpty == ""True""","peek_obj_type == ""EmptyObject""","push == ""none""","pop == ""EmptyObject""","clear == ""none""","size_p == ""0""",No
5841,1607885829938:145a24fc-3ddc-45f4-994b-bedba2982686,1607885829938:c890841e-5b0b-406e-a92f-bcaa90d6dc77,"size == ""0""","isEmpty == ""True""","peek_obj_type == ""EmptyObject""","push == ""class java.lang.String""","pop == ""none""","clear == ""none""","size_p == ""0""",Yes
5842,1607885829938:145a24fc-3ddc-45f4-994b-bedba2982686,1607885829938:c890841e-5b0b-406e-a92f-bcaa90d6dc77,"size == ""0""","isEmpty == ""True""","peek_obj_type == ""EmptyObject""","push == ""none""","pop == ""EmptyObject""","clear == ""none""","size_p == ""0""",No
5844,1607885829938:05d36d36-0681-449f-8cd5-3dd33f5eb0ed,1607885829938:3874d9da-8fad-4821-adba-8de241856f88,"size == ""0""","isEmpty == ""True""","peek_obj_type == ""EmptyObject""","push == ""class java.lang.String""","pop == ""none""","clear == ""none""","size_p == ""0""",Yes
5845,1607885829938:05d36d36-0681-449f-8cd5-3dd33f5eb0ed,1607885829938:3874d9da-8fad-4821-adba-8de241856f88,"size == ""0""","isEmpty == ""True""","peek_obj_type == ""EmptyObject""","push == ""none""","pop == ""EmptyObject""","clear == ""none""","size_p == ""0""",No
5847,1607885829938:05d36d36-0681-449f-8cd5-3dd33f5eb0ed,1607885829938:29357239-0dee-48d8-8f95-5420b6186116,"size == ""0""","isEmpty == ""True""","peek_obj_type == ""EmptyObject""","push == ""class java.lang.String""","pop == ""none""","clear == ""none""","size_p == ""0""",Yes
5849,1607885829937:e75f7b71-c75f-42d3-933e-dba062025be9,1607885829937:41c3d5a5-abe0-481f-9b82-20b7535a6a43,"size == ""0""","isEmpty == ""True""","peek_obj_type == ""EmptyObject""","push == ""class java.lang.String""","pop == ""none""","clear == ""none""","size_p == ""0""",Yes
5850,1607885829937:e75f7b71-c75f-42d3-933e-dba062025be9,1607885829937:41c3d5a5-abe0-481f-9b82-20b7535a6a43,"size == ""0""","isEmpty == ""True""","peek_obj_type == ""EmptyObject""","push == ""class java.lang.String""","pop == ""none""","clear == ""none""","size_p == ""0""",Yes
5852,1607885829937:e75f7b71-c75f-42d3-933e-dba062025be9,1607885829937:3a7cb962-ab6a-453b-8085-f866b1df4137,"size == ""0""","isEmpty == ""True""","peek_obj_type == ""EmptyObject""","push == ""class java.lang.String""","pop == ""none""","clear == ""none""","size_p == ""0""",Yes
5853,1607885829937:e75f7b71-c75f-42d3-933e-dba062025be9,1607885829937:3a7cb962-ab6a-453b-8085-f866b1df4137,"size == ""0""","isEmpty == ""True""","peek_obj_type == ""EmptyObject""","push == ""none""","pop == ""EmptyObject""","clear == ""none""","size_p == ""0""",No
5855,1607885829937:9538837f-7957-4a9b-8512-bdcea6044f49,1607885829937:8abd156a-bb2b-4723-a0da-2b1a515f3a52,"size == ""0""","isEmpty == ""True""","peek_obj_type == ""EmptyObject""","push == ""class java.lang.String""","pop == ""none""","clear == ""none""","size_p == ""0""",Yes
5856,1607885829937:9538837f-7957-4a9b-8512-bdcea6044f49,1607885829937:8abd156a-bb2b-4723-a0da-2b1a515f3a52,"size == ""0""","isEmpty == ""True""","peek_obj_type == ""EmptyObject""","push == ""none""","pop == ""EmptyObject""","clear == ""none""","size_p == ""0""",No
5858,1607885829937:9538837f-7957-4a9b-8512-bdcea6044f49,1607885829937:76d5e031-f82f-410a-b1bb-8ffd4d0f7e1c,"size == ""1""","isEmpty == ""False""","peek_obj_type == ""class java.lang.String""","push == ""none""","pop == ""none""","clear == ""clear""","size_p == ""0""",Yes
5859,1607885829937:9538837f-7957-4a9b-8512-bdcea6044f49,1607885829937:76d5e031-f82f-410a-b1bb-8ffd4d0f7e1c,"size == ""1""","isEmpty == ""False""","peek_obj_type == ""class java.lang.String""","push == ""class java.lang.String""","pop == ""none""","clear == ""none""","size_p == ""1""",Yes
5860,1607885829937:9538837f-7957-4a9b-8512-bdcea6044f49,1607885829937:76d5e031-f82f-410a-b1bb-8ffd4d0f7e1c,"size == ""2""","isEmpty == ""False""","peek_obj_type == ""class java.lang.String""","push == ""none""","pop == ""none""","clear == ""clear""","size_p == ""1""",Yes
5861,1607885829937:9538837f-7957-4a9b-8512-bdcea6044f49,1607885829937:76d5e031-f82f-410a-b1bb-8ffd4d0f7e1c,"size == ""3""","isEmpty == ""False""","peek_obj_type == ""class java.lang.String""","push == ""none""","pop == ""none""","clear == ""clear""","size_p == ""2""",Yes
5862,1607885829937:9538837f-7957-4a9b-8512-bdcea6044f49,1607885829937:76d5e031-f82f-410a-b1bb-8ffd4d0f7e1c,"size == ""4""","isEmpty == ""False""","peek_obj_type == ""class java.lang.String""","push == ""none""","pop == ""none""","clear == ""clear""","size_p == ""3""",Yes
5864,1607885829937:9538837f-7957-4a9b-8512-bdcea6044f49,1607885829937:11c11d66-7632-443a-9a33-532b45e4dcd6,"size == ""1""","isEmpty == ""False""","peek_obj_type == ""class java.lang.String""","push == ""none""","pop == ""none""","clear == ""clear""","size_p == ""0""",Yes
5865,1607885829937:9538837f-7957-4a9b-8512-bdcea6044f49,1607885829937:11c11d66-7632-443a-9a33-532b45e4dcd6,"size == ""1""","isEmpty == ""False""","peek_obj_type == ""class java.lang.String""","push == ""class java.lang.String""","pop == ""none""","clear == ""none""","size_p == ""1""",Yes
5866,1607885829937:9538837f-7957-4a9b-8512-bdcea6044f49,1607885829937:11c11d66-7632-443a-9a33-532b45e4dcd6,"size == ""2""","isEmpty == ""False""","peek_obj_type == ""class java.lang.String""","push == ""none""","pop == ""none""","clear == ""clear""","size_p == ""1""",Yes
5867,1607885829937:9538837f-7957-4a9b-8512-bdcea6044f49,1607885829937:11c11d66-7632-443a-9a33-532b45e4dcd6,"size == ""3""","isEmpty == ""False""","peek_obj_type == ""class java.lang.String""","push == ""none""","pop == ""none""","clear == ""clear""","size_p == ""2""",Yes
5868,1607885829937:9538837f-7957-4a9b-8512-bdcea6044f49,1607885829937:11c11d66-7632-443a-9a33-532b45e4dcd6,"size == ""4""","isEmpty == ""False""","peek_obj_type == ""class java.lang.String""","push == ""none""","pop == ""none""","clear == ""clear""","size_p == ""3""",Yes
5869,1607885829937:9538837f-7957-4a9b-8512-bdcea6044f49,1607885829937:11c11d66-7632-443a-9a33-532b45e4dcd6,"size == ""5""","isEmpty == ""False""","peek_obj_type == ""class java.lang.String""","push == ""none""","pop == ""none""","clear == ""clear""","size_p == ""4""",Yes
5870,1607885829937:9538837f-7957-4a9b-8512-bdcea6044f49,1607885829937:11c11d66-7632-443a-9a33-532b45e4dcd6,"size == ""6""","isEmpty == ""False""","peek_obj_type == ""class java.lang.String""","push == ""none""","pop == ""none""","clear == ""clear""","size_p == ""5""",Yes
5872,1607885829937:33191fc4-48b5-41de-9154-e0748bbc9aae,1607885829937:9001c8f9-485f-4ab5-9726-aaa56db0bb7e,"size == ""0""","isEmpty == ""True""","peek_obj_type == ""EmptyObject""","push == ""class java.lang.String""","pop == ""none""","clear == ""none""","size_p == ""0""",Yes
5873,1607885829937:33191fc4-48b5-41de-9154-e0748bbc9aae,1607885829937:9001c8f9-485f-4ab5-9726-aaa56db0bb7e,"size == ""0""","isEmpty == ""True""","peek_obj_type == ""EmptyObject""","push == ""none""","pop == ""EmptyObject""","clear == ""none""","size_p == ""0""",No
5875,1607885829937:33191fc4-48b5-41de-9154-e0748bbc9aae,1607885829937:24cf29e3-5d14-4a88-94e6-f50b4a25ef06,"size == ""0""","isEmpty == ""True""","peek_obj_type == ""EmptyObject""","push == ""class java.lang.String""","pop == ""none""","clear == ""none""","size_p == ""0""",Yes
5876,1607885829937:33191fc4-48b5-41de-9154-e0748bbc9aae,1607885829937:24cf29e3-5d14-4a88-94e6-f50b4a25ef06,"size == ""0""","isEmpty == ""True""","peek_obj_type == ""EmptyObject""","push == ""class java.lang.String""","pop == ""none""","clear == ""none""","size_p == ""0""",Yes
5878,1607885829936:f05029b2-ef0d-4d96-8e38-586d73ade80a,1607885829936:489bb18c-2b21-407c-a146-9fce1e4cdd3b,"size == ""0""","isEmpty == ""True""","peek_obj_type == ""EmptyObject""","push == ""class java.lang.String""","pop == ""none""","clear == ""none""","size_p == ""0""",Yes
5879,1607885829936:f05029b2-ef0d-4d96-8e38-586d73ade80a,1607885829936:489bb18c-2b21-407c-a146-9fce1e4cdd3b,"size == ""0""","isEmpty == ""True""","peek_obj_type == ""EmptyObject""","push == ""none""","pop == ""EmptyObject""","clear == ""none""","size_p == ""0""",No
5882,1607885829936:e41b40eb-c0de-4e10-aab7-4897f54a91bd,1607885829936:b26513bf-db61-4bc3-95c1-e38a37bc46b5,"size == ""0""","isEmpty == ""True""","peek_obj_type == ""EmptyObject""","push == ""class java.lang.String""","pop == ""none""","clear == ""none""","size_p == ""0""",Yes
5884,1607885829936:e41b40eb-c0de-4e10-aab7-4897f54a91bd,1607885829936:80626d50-ba51-4f18-ba40-d132a4cc518f,"size == ""0""","isEmpty == ""True""","peek_obj_type == ""EmptyObject""","push == ""class java.lang.String""","pop == ""none""","clear == ""none""","size_p == ""0""",Yes
5885,1607885829936:e41b40eb-c0de-4e10-aab7-4897f54a91bd,1607885829936:80626d50-ba51-4f18-ba40-d132a4cc518f,"size == ""0""","isEmpty == ""True""","peek_obj_type == ""EmptyObject""","push == ""none""","pop == ""EmptyObject""","clear == ""none""","size_p == ""0""",No
5887,1607885829936:ab216a95-fd85-4b08-a2fc-501432172e9a,1607885829936:5f303952-689a-4699-93de-ec2851296b70,"size == ""0""","isEmpty == ""True""","peek_obj_type == ""EmptyObject""","push == ""class java.lang.String""","pop == ""none""","clear == ""none""","size_p == ""0""",Yes
5888,1607885829936:ab216a95-fd85-4b08-a2fc-501432172e9a,1607885829936:5f303952-689a-4699-93de-ec2851296b70,"size == ""0""","isEmpty == ""True""","peek_obj_type == ""EmptyObject""","push == ""class java.lang.String""","pop == ""none""","clear == ""none""","size_p == ""0""",Yes
5890,1607885829936:ab216a95-fd85-4b08-a2fc-501432172e9a,1607885829936:1bbb75a2-9228-45ae-9da4-4685370071af,"size == ""0""","isEmpty == ""True""","peek_obj_type == ""EmptyObject""","push == ""class java.lang.String""","pop == ""none""","clear == ""none""","size_p == ""0""",Yes
5891,1607885829936:ab216a95-fd85-4b08-a2fc-501432172e9a,1607885829936:1bbb75a2-9228-45ae-9da4-4685370071af,"size == ""0""","isEmpty == ""True""","peek_obj_type == ""EmptyObject""","push == ""none""","pop == ""EmptyObject""","clear == ""none""","size_p == ""0""",No
5893,1607885829936:4c22f315-55a6-4018-bd8f-0fa779a86ea7,1607885829936:b9acf9f3-c7cf-427d-92a2-45f14a7f75eb,"size == ""0""","isEmpty == ""True""","peek_obj_type == ""EmptyObject""","push == ""class java.lang.String""","pop == ""none""","clear == ""none""","size_p == ""0""",Yes
5894,1607885829936:4c22f315-55a6-4018-bd8f-0fa779a86ea7,1607885829936:b9acf9f3-c7cf-427d-92a2-45f14a7f75eb,"size == ""0""","isEmpty == ""True""","peek_obj_type == ""EmptyObject""","push == ""none""","pop == ""EmptyObject""","clear == ""none""","size_p == ""0""",No
5896,1607885829935:b31b45bc-38d0-4483-9bdc-436730bcf65a,1607885829935:8626181e-73db-41e6-bf23-e12df1723bed,"size == ""0""","isEmpty == ""True""","peek_obj_type == ""EmptyObject""","push == ""class java.lang.String""","pop == ""none""","clear == ""none""","size_p == ""0""",Yes
5897,1607885829935:b31b45bc-38d0-4483-9bdc-436730bcf65a,1607885829935:8626181e-73db-41e6-bf23-e12df1723bed,"size == ""0""","isEmpty == ""True""","peek_obj_type == ""EmptyObject""","push == ""none""","pop == ""EmptyObject""","clear == ""none""","size_p == ""0""",No
5899,1607885829935:b31b45bc-38d0-4483-9bdc-436730bcf65a,1607885829935:25556e85-c8a1-47ce-8472-ca76c75c1278,"size == ""1""","isEmpty == ""False""","peek_obj_type == ""class java.lang.String""","push == ""none""","pop == ""none""","clear == ""clear""","size_p == ""0""",Yes
5900,1607885829935:b31b45bc-38d0-4483-9bdc-436730bcf65a,1607885829935:25556e85-c8a1-47ce-8472-ca76c75c1278,"size == ""1""","isEmpty == ""False""","peek_obj_type == ""class java.lang.String""","push == ""class java.lang.String""","pop == ""none""","clear == ""none""","size_p == ""1""",Yes
5901,1607885829935:b31b45bc-38d0-4483-9bdc-436730bcf65a,1607885829935:25556e85-c8a1-47ce-8472-ca76c75c1278,"size == ""0""","isEmpty == ""True""","peek_obj_type == ""EmptyObject""","push == ""none""","pop == ""EmptyObject""","clear == ""none""","size_p == ""1""",No
5902,1607885829935:b31b45bc-38d0-4483-9bdc-436730bcf65a,1607885829935:25556e85-c8a1-47ce-8472-ca76c75c1278,"size == ""1""","isEmpty == ""False""","peek_obj_type == ""class java.lang.String""","push == ""none""","pop == ""none""","clear == ""clear""","size_p == ""0""",Yes
5904,1607885829935:99868132-0de3-44e2-ba5e-2149902613a6,1607885829935:c91cdee0-949a-4561-84cb-4d5e281b61d4,"size == ""0""","isEmpty == ""True""","peek_obj_type == ""EmptyObject""","push == ""class java.lang.String""","pop == ""none""","clear == ""none""","size_p == ""0""",Yes
5905,1607885829935:99868132-0de3-44e2-ba5e-2149902613a6,1607885829935:c91cdee0-949a-4561-84cb-4d5e281b61d4,"size == ""0""","isEmpty == ""True""","peek_obj_type == ""EmptyObject""","push == ""none""","pop == ""EmptyObject""","clear == ""none""","size_p == ""0""",No
5907,1607885829935:8e63b033-218c-4a9d-b58a-eb97295bb016,1607885829935:ef88f0b1-7042-4e7d-a1c1-2727a84d974a,"size == ""0""","isEmpty == ""True""","peek_obj_type == ""EmptyObject""","push == ""class java.lang.String""","pop == ""none""","clear == ""none""","size_p == ""0""",Yes
5908,1607885829935:8e63b033-218c-4a9d-b58a-eb97295bb016,1607885829935:ef88f0b1-7042-4e7d-a1c1-2727a84d974a,"size == ""0""","isEmpty == ""True""","peek_obj_type == ""EmptyObject""","push == ""none""","pop == ""EmptyObject""","clear == ""none""","size_p == ""0""",No
5910,1607885829935:8c330fd7-474d-458e-aae6-4e95cf9f5300,1607885829935:0611b057-66d2-45a9-9131-462b77490ab6,"size == ""0""","isEmpty == ""True""","peek_obj_type == ""EmptyObject""","push == ""class java.lang.String""","pop == ""none""","clear == ""none""","size_p == ""0""",Yes
5911,1607885829935:8c330fd7-474d-458e-aae6-4e95cf9f5300,1607885829935:0611b057-66d2-45a9-9131-462b77490ab6,"size == ""0""","isEmpty == ""True""","peek_obj_type == ""EmptyObject""","push == ""none""","pop == ""EmptyObject""","clear == ""none""","size_p == ""0""",No
5913,1607885829934:d12cc7ab-ebf3-4de5-bb83-3ad84fa30024,1607885829934:d73767ce-4ec6-4298-bde7-628d4992d458,"size == ""0""","isEmpty == ""True""","peek_obj_type == ""EmptyObject""","push == ""class java.lang.String""","pop == ""none""","clear == ""none""","size_p == ""0""",Yes
5914,1607885829934:d12cc7ab-ebf3-4de5-bb83-3ad84fa30024,1607885829934:d73767ce-4ec6-4298-bde7-628d4992d458,"size == ""0""","isEmpty == ""True""","peek_obj_type == ""EmptyObject""","push == ""none""","pop == ""EmptyObject""","clear == ""none""","size_p == ""0""",No
5917,1607885829934:8da6691c-6c69-4d7b-9f50-30d07364c938,1607885829934:acc35910-43a6-4fa4-8a24-9a1309908bd3,"size == ""0""","isEmpty == ""True""","peek_obj_type == ""EmptyObject""","push == ""class java.lang.String""","pop == ""none""","clear == ""none""","size_p == ""0""",Yes
5918,1607885829934:8da6691c-6c69-4d7b-9f50-30d07364c938,1607885829934:acc35910-43a6-4fa4-8a24-9a1309908bd3,"size == ""0""","isEmpty == ""True""","peek_obj_type == ""EmptyObject""","push == ""none""","pop == ""EmptyObject""","clear == ""none""","size_p == ""0""",No
5920,1607885829934:8da6691c-6c69-4d7b-9f50-30d07364c938,1607885829934:abeaf6a5-50e4-495e-b42d-f6f600a064a5,"size == ""0""","isEmpty == ""True""","peek_obj_type == ""EmptyObject""","push == ""class java.lang.String""","pop == ""none""","clear == ""none""","size_p == ""0""",Yes
5922,1607885829934:65b52c7c-1e90-44b3-bdab-08d14776238a,1607885829934:9a09d891-e09b-4f7a-937d-bf509bd2b2ef,"size == ""0""","isEmpty == ""True""","peek_obj_type == ""EmptyObject""","push == ""class java.lang.String""","pop == ""none""","clear == ""none""","size_p == ""0""",Yes
5923,1607885829934:65b52c7c-1e90-44b3-bdab-08d14776238a,1607885829934:9a09d891-e09b-4f7a-937d-bf509bd2b2ef,"size == ""0""","isEmpty == ""True""","peek_obj_type == ""EmptyObject""","push == ""none""","pop == ""EmptyObject""","clear == ""none""","size_p == ""0""",No
5925,1607885829934:65b52c7c-1e90-44b3-bdab-08d14776238a,1607885829934:7a024eb3-a8c0-4960-962e-e44a5e4a073c,"size == ""0""","isEmpty == ""True""","peek_obj_type == ""EmptyObject""","push == ""class java.lang.String""","pop == ""none""","clear == ""none""","size_p == ""0""",Yes
5927,1607885829934:017ff7d0-1235-4a7f-987b-0ef3b28a6fab,1607885829935:b764e31f-ae4b-4c09-a3cb-a15d37b0a794,"size == ""0""","isEmpty == ""True""","peek_obj_type == ""EmptyObject""","push == ""class java.lang.String""","pop == ""none""","clear == ""none""","size_p == ""0""",Yes
5928,1607885829934:017ff7d0-1235-4a7f-987b-0ef3b28a6fab,1607885829935:b764e31f-ae4b-4c09-a3cb-a15d37b0a794,"size == ""0""","isEmpty == ""True""","peek_obj_type == ""EmptyObject""","push == ""none""","pop == ""EmptyObject""","clear == ""none""","size_p == ""0""",No
5930,1607885829934:017ff7d0-1235-4a7f-987b-0ef3b28a6fab,1607885829934:45b6d063-2de9-4199-aea6-3b351dbc4549,"size == ""0""","isEmpty == ""True""","peek_obj_type == ""EmptyObject""","push == ""class java.lang.String""","pop == ""none""","clear == ""none""","size_p == ""0""",Yes
5931,1607885829934:017ff7d0-1235-4a7f-987b-0ef3b28a6fab,1607885829934:45b6d063-2de9-4199-aea6-3b351dbc4549,"size == ""0""","isEmpty == ""True""","peek_obj_type == ""EmptyObject""","push == ""class java.lang.String""","pop == ""none""","clear == ""none""","size_p == ""0""",Yes
5932,1607885829934:017ff7d0-1235-4a7f-987b-0ef3b28a6fab,1607885829934:45b6d063-2de9-4199-aea6-3b351dbc4549,"size == ""0""","isEmpty == ""True""","peek_obj_type == ""EmptyObject""","push == ""class java.lang.String""","pop == ""none""","clear == ""none""","size_p == ""0""",Yes
5934,1607885829933:cf323dc6-b4b8-43be-8f3c-5b72ec52d892,1607885829933:9d31f59d-8525-4214-bbf1-7de98fcde3fe,"size == ""0""","isEmpty == ""True""","peek_obj_type == ""EmptyObject""","push == ""class java.lang.String""","pop == ""none""","clear == ""none""","size_p == ""0""",Yes
5936,1607885829933:cf323dc6-b4b8-43be-8f3c-5b72ec52d892,1607885829933:801f1e19-0f5a-40ce-8c98-b5ac3dd1bb28,"size == ""0""","isEmpty == ""True""","peek_obj_type == ""EmptyObject""","push == ""class java.lang.String""","pop == ""none""","clear == ""none""","size_p == ""0""",Yes
5937,1607885829933:cf323dc6-b4b8-43be-8f3c-5b72ec52d892,1607885829933:801f1e19-0f5a-40ce-8c98-b5ac3dd1bb28,"size == ""0""","isEmpty == ""True""","peek_obj_type == ""EmptyObject""","push == ""none""","pop == ""EmptyObject""","clear == ""none""","size_p == ""0""",No
5940,1607885829933:762771e7-bb94-4a2b-a729-496fcb8bbb2f,1607885829933:80e8ab9a-3828-4c96-b016-389ece5bd38e,"size == ""0""","isEmpty == ""True""","peek_obj_type == ""EmptyObject""","push == ""class java.lang.String""","pop == ""none""","clear == ""none""","size_p == ""0""",Yes
5941,1607885829933:762771e7-bb94-4a2b-a729-496fcb8bbb2f,1607885829933:80e8ab9a-3828-4c96-b016-389ece5bd38e,"size == ""0""","isEmpty == ""True""","peek_obj_type == ""EmptyObject""","push == ""none""","pop == ""EmptyObject""","clear == ""none""","size_p == ""0""",No
5943,1607885829933:5a613d69-1073-45e0-9ff6-5483f0113416,1607885829933:77ee36c8-b5ef-431c-9766-0f482988e37e,"size == ""0""","isEmpty == ""True""","peek_obj_type == ""EmptyObject""","push == ""class java.lang.String""","pop == ""none""","clear == ""none""","size_p == ""0""",Yes
5945,1607885829933:5a613d69-1073-45e0-9ff6-5483f0113416,1607885829933:70597a62-0a00-4a8a-bfd0-f235ba7b714e,"size == ""0""","isEmpty == ""True""","peek_obj_type == ""EmptyObject""","push == ""class java.lang.String""","pop == ""none""","clear == ""none""","size_p == ""0""",Yes
5946,1607885829933:5a613d69-1073-45e0-9ff6-5483f0113416,1607885829933:70597a62-0a00-4a8a-bfd0-f235ba7b714e,"size == ""0""","isEmpty == ""True""","peek_obj_type == ""EmptyObject""","push == ""none""","pop == ""EmptyObject""","clear == ""none""","size_p == ""0""",No
5948,1607885829933:56b781b1-0d62-4307-9157-63f44db80ea1,1607885829933:7801c398-4dcd-459a-a8eb-1b791cbcae7e,"size == ""1""","isEmpty == ""False""","peek_obj_type == ""class java.lang.String""","push == ""none""","pop == ""none""","clear == ""clear""","size_p == ""0""",Yes
5949,1607885829933:56b781b1-0d62-4307-9157-63f44db80ea1,1607885829933:7801c398-4dcd-459a-a8eb-1b791cbcae7e,"size == ""1""","isEmpty == ""False""","peek_obj_type == ""class java.lang.String""","push == ""class java.lang.String""","pop == ""none""","clear == ""none""","size_p == ""1""",Yes
5950,1607885829933:56b781b1-0d62-4307-9157-63f44db80ea1,1607885829933:7801c398-4dcd-459a-a8eb-1b791cbcae7e,"size == ""2""","isEmpty == ""False""","peek_obj_type == ""class java.lang.String""","push == ""none""","pop == ""none""","clear == ""clear""","size_p == ""1""",Yes
5952,1607885829933:56b781b1-0d62-4307-9157-63f44db80ea1,1607885829933:11283e04-dbab-4d02-9650-b9883c7ea61d,"size == ""0""","isEmpty == ""True""","peek_obj_type == ""EmptyObject""","push == ""class java.lang.String""","pop == ""none""","clear == ""none""","size_p == ""0""",Yes
5953,1607885829933:56b781b1-0d62-4307-9157-63f44db80ea1,1607885829933:11283e04-dbab-4d02-9650-b9883c7ea61d,"size == ""0""","isEmpty == ""True""","peek_obj_type == ""EmptyObject""","push == ""none""","pop == ""EmptyObject""","clear == ""none""","size_p == ""0""",No
5955,1607885829932:fec3d68a-ffb8-4972-a376-a3880fd0b7ad,1607885829932:1477f052-a8b2-4646-9a80-3696088b9d6b,"size == ""0""","isEmpty == ""True""","peek_obj_type == ""EmptyObject""","push == ""class java.lang.String""","pop == ""none""","clear == ""none""","size_p == ""0""",Yes
5956,1607885829932:fec3d68a-ffb8-4972-a376-a3880fd0b7ad,1607885829932:1477f052-a8b2-4646-9a80-3696088b9d6b,"size == ""0""","isEmpty == ""True""","peek_obj_type == ""EmptyObject""","push == ""none""","pop == ""EmptyObject""","clear == ""none""","size_p == ""0""",No
5958,1607885829932:ae4c985d-8bbc-4502-8597-018a096d3b40,1607885829932:fce804d4-51ad-4e70-9f85-5409011e8885,"size == ""0""","isEmpty == ""True""","peek_obj_type == ""EmptyObject""","push == ""class java.lang.String""","pop == ""none""","clear == ""none""","size_p == ""0""",Yes
5960,1607885829932:ae4c985d-8bbc-4502-8597-018a096d3b40,1607885829932:afa5ff91-3ad3-441e-9d7a-56331089a280,"size == ""0""","isEmpty == ""True""","peek_obj_type == ""EmptyObject""","push == ""class java.lang.String""","pop == ""none""","clear == ""none""","size_p == ""0""",Yes
5961,1607885829932:ae4c985d-8bbc-4502-8597-018a096d3b40,1607885829932:afa5ff91-3ad3-441e-9d7a-56331089a280,"size == ""0""","isEmpty == ""True""","peek_obj_type == ""EmptyObject""","push == ""none""","pop == ""EmptyObject""","clear == ""none""","size_p == ""0""",No
5963,1607885829932:84b06a4f-a612-40ee-97cc-a02b838d88b8,1607885829932:d3fa6af3-4281-4a24-9279-c30c46234ba0,"size == ""0""","isEmpty == ""True""","peek_obj_type == ""EmptyObject""","push == ""class java.lang.String""","pop == ""none""","clear == ""none""","size_p == ""0""",Yes
5964,1607885829932:84b06a4f-a612-40ee-97cc-a02b838d88b8,1607885829932:d3fa6af3-4281-4a24-9279-c30c46234ba0,"size == ""0""","isEmpty == ""True""","peek_obj_type == ""EmptyObject""","push == ""none""","pop == ""EmptyObject""","clear == ""none""","size_p == ""0""",No
5966,1607885829932:84b06a4f-a612-40ee-97cc-a02b838d88b8,1607885829932:33c1e94d-5532-4aab-9f87-2d7d3e6d64f0,"size == ""0""","isEmpty == ""True""","peek_obj_type == ""EmptyObject""","push == ""class java.lang.String""","pop == ""none""","clear == ""none""","size_p == ""0""",Yes
5967,1607885829932:84b06a4f-a612-40ee-97cc-a02b838d88b8,1607885829932:33c1e94d-5532-4aab-9f87-2d7d3e6d64f0,"size == ""0""","isEmpty == ""True""","peek_obj_type == ""EmptyObject""","push == ""class java.lang.String""","pop == ""none""","clear == ""none""","size_p == ""0""",Yes
5969,1607885829932:06e03e03-3d1a-435a-a897-b59ad151576f,1607885829932:99ce56ae-89ee-4b1b-bbf6-ab7d6aa48a71,"size == ""0""","isEmpty == ""True""","peek_obj_type == ""EmptyObject""","push == ""class java.lang.String""","pop == ""none""","clear == ""none""","size_p == ""0""",Yes
5970,1607885829932:06e03e03-3d1a-435a-a897-b59ad151576f,1607885829932:99ce56ae-89ee-4b1b-bbf6-ab7d6aa48a71,"size == ""0""","isEmpty == ""True""","peek_obj_type == ""EmptyObject""","push == ""none""","pop == ""EmptyObject""","clear == ""none""","size_p == ""0""",No
5972,1607885829931:f69911cc-8914-44b3-a0cc-786727084a92,1607885829931:b4fdf32b-48f2-41e0-b0b2-329242a430ab,"size == ""0""","isEmpty == ""True""","peek_obj_type == ""EmptyObject""","push == ""class java.lang.String""","pop == ""none""","clear == ""none""","size_p == ""0""",Yes
5973,1607885829931:f69911cc-8914-44b3-a0cc-786727084a92,1607885829931:b4fdf32b-48f2-41e0-b0b2-329242a430ab,"size == ""0""","isEmpty == ""True""","peek_obj_type == ""EmptyObject""","push == ""class java.lang.String""","pop == ""none""","clear == ""none""","size_p == ""0""",Yes
5975,1607885829931:f69911cc-8914-44b3-a0cc-786727084a92,1607885829931:32439f89-3962-4ddf-b1f2-d22f91113650,"size == ""0""","isEmpty == ""True""","peek_obj_type == ""EmptyObject""","push == ""class java.lang.String""","pop == ""none""","clear == ""none""","size_p == ""0""",Yes
5976,1607885829931:f69911cc-8914-44b3-a0cc-786727084a92,1607885829931:32439f89-3962-4ddf-b1f2-d22f91113650,"size == ""0""","isEmpty == ""True""","peek_obj_type == ""EmptyObject""","push == ""none""","pop == ""EmptyObject""","clear == ""none""","size_p == ""0""",No
5978,1607885829931:c507b024-5417-4a02-93db-1f9c2af31bb3,1607885829931:a729deaf-0454-40d6-b370-20f8ff91951b,"size == ""0""","isEmpty == ""True""","peek_obj_type == ""EmptyObject""","push == ""class java.lang.String""","pop == ""none""","clear == ""none""","size_p == ""0""",Yes
5979,1607885829931:c507b024-5417-4a02-93db-1f9c2af31bb3,1607885829931:a729deaf-0454-40d6-b370-20f8ff91951b,"size == ""0""","isEmpty == ""True""","peek_obj_type == ""EmptyObject""","push == ""none""","pop == ""EmptyObject""","clear == ""none""","size_p == ""0""",No
5981,1607885829931:5c85f278-e068-4155-b5f9-69e90d287538,1607885829931:68144fbf-20d0-4194-a76c-4e11f4606155,"size == ""0""","isEmpty == ""True""","peek_obj_type == ""EmptyObject""","push == ""class java.lang.String""","pop == ""none""","clear == ""none""","size_p == ""0""",Yes
5983,1607885829931:5c85f278-e068-4155-b5f9-69e90d287538,1607885829931:250f0c89-a912-4ed2-bd28-278b092d7024,"size == ""0""","isEmpty == ""True""","peek_obj_type == ""EmptyObject""","push == ""class java.lang.String""","pop == ""none""","clear == ""none""","size_p == ""0""",Yes
5984,1607885829931:5c85f278-e068-4155-b5f9-69e90d287538,1607885829931:250f0c89-a912-4ed2-bd28-278b092d7024,"size == ""0""","isEmpty == ""True""","peek_obj_type == ""EmptyObject""","push == ""none""","pop == ""EmptyObject""","clear == ""none""","size_p == ""0""",No
5986,1607885829930:fafaa991-ba42-42a9-aa80-13b624875f01,1607885829930:9af8d50f-d511-488d-a1d5-58a4c4d44d13,"size == ""0""","isEmpty == ""True""","peek_obj_type == ""EmptyObject""","push == ""class java.lang.String""","pop == ""none""","clear == ""none""","size_p == ""0""",Yes
5987,1607885829930:fafaa991-ba42-42a9-aa80-13b624875f01,1607885829930:9af8d50f-d511-488d-a1d5-58a4c4d44d13,"size == ""0""","isEmpty == ""True""","peek_obj_type == ""EmptyObject""","push == ""none""","pop == ""EmptyObject""","clear == ""none""","size_p == ""0""",No
5989,1607885829930:fafaa991-ba42-42a9-aa80-13b624875f01,1607885829930:7d1462e1-0423-4e39-a219-85c51e944e67,"size == ""0""","isEmpty == ""True""","peek_obj_type == ""EmptyObject""","push == ""class java.lang.String""","pop == ""none""","clear == ""none""","size_p == ""0""",Yes
5992,1607885829930:ef3de0c1-300b-465e-a2e2-e5f40ede169c,1607885829930:362ecad2-293b-4e2e-8190-a8b5fca6f770,"size == ""0""","isEmpty == ""True""","peek_obj_type == ""EmptyObject""","push == ""class java.lang.String""","pop == ""none""","clear == ""none""","size_p == ""0""",Yes
5993,1607885829930:ef3de0c1-300b-465e-a2e2-e5f40ede169c,1607885829930:362ecad2-293b-4e2e-8190-a8b5fca6f770,"size == ""0""","isEmpty == ""True""","peek_obj_type == ""EmptyObject""","push == ""none""","pop == ""EmptyObject""","clear == ""none""","size_p == ""0""",No
5995,1607885829930:84686600-4d4c-4f00-8def-e03cbef9d7c9,1607885829931:8600a8b2-def0-47d7-9f5c-63ad30f702e2,"size == ""1""","isEmpty == ""False""","peek_obj_type == ""class java.lang.String""","push == ""none""","pop == ""none""","clear == ""clear""","size_p == ""0""",Yes
5996,1607885829930:84686600-4d4c-4f00-8def-e03cbef9d7c9,1607885829931:8600a8b2-def0-47d7-9f5c-63ad30f702e2,"size == ""1""","isEmpty == ""False""","peek_obj_type == ""class java.lang.String""","push == ""class java.lang.String""","pop == ""none""","clear == ""none""","size_p == ""1""",Yes
5997,1607885829930:84686600-4d4c-4f00-8def-e03cbef9d7c9,1607885829931:8600a8b2-def0-47d7-9f5c-63ad30f702e2,"size == ""2""","isEmpty == ""False""","peek_obj_type == ""class java.lang.String""","push == ""none""","pop == ""none""","clear == ""clear""","size_p == ""1""",Yes
5998,1607885829930:84686600-4d4c-4f00-8def-e03cbef9d7c9,1607885829931:8600a8b2-def0-47d7-9f5c-63ad30f702e2,"size == ""3""","isEmpty == ""False""","peek_obj_type == ""class java.lang.String""","push == ""none""","pop == ""none""","clear == ""clear""","size_p == ""2""",Yes
5999,1607885829930:84686600-4d4c-4f00-8def-e03cbef9d7c9,1607885829931:8600a8b2-def0-47d7-9f5c-63ad30f702e2,"size == ""4""","isEmpty == ""False""","peek_obj_type == ""class java.lang.String""","push == ""none""","pop == ""none""","clear == ""clear""","size_p == ""3""",Yes
6001,1607885829930:84686600-4d4c-4f00-8def-e03cbef9d7c9,1607885829931:611341aa-99aa-4034-a9f6-dfd0129c060c,"size == ""0""","isEmpty == ""True""","peek_obj_type == ""EmptyObject""","push == ""class java.lang.String""","pop == ""none""","clear == ""none""","size_p == ""0""",Yes
6002,1607885829930:84686600-4d4c-4f00-8def-e03cbef9d7c9,1607885829931:611341aa-99aa-4034-a9f6-dfd0129c060c,"size == ""0""","isEmpty == ""True""","peek_obj_type == ""EmptyObject""","push == ""none""","pop == ""EmptyObject""","clear == ""none""","size_p == ""0""",No
6004,1607885829930:84686600-4d4c-4f00-8def-e03cbef9d7c9,1607885829930:204bb33b-2a15-46f0-b667-e96126a947ce,"size == ""0""","isEmpty == ""True""","peek_obj_type == ""EmptyObject""","push == ""class java.lang.String""","pop == ""none""","clear == ""none""","size_p == ""0""",Yes
6006,1607885829930:622dacfa-7fc3-46e8-9a46-edda83734040,1607885829930:c4b71ece-7f27-48f0-9448-07d4663ae88f,"size == ""0""","isEmpty == ""True""","peek_obj_type == ""EmptyObject""","push == ""class java.lang.String""","pop == ""none""","clear == ""none""","size_p == ""0""",Yes
6007,1607885829930:622dacfa-7fc3-46e8-9a46-edda83734040,1607885829930:c4b71ece-7f27-48f0-9448-07d4663ae88f,"size == ""0""","isEmpty == ""True""","peek_obj_type == ""EmptyObject""","push == ""none""","pop == ""EmptyObject""","clear == ""none""","size_p == ""0""",No
6009,1607885829930:622dacfa-7fc3-46e8-9a46-edda83734040,1607885829930:91ae16ea-8d02-4d29-aaca-afd842aff567,"size == ""0""","isEmpty == ""True""","peek_obj_type == ""EmptyObject""","push == ""class java.lang.String""","pop == ""none""","clear == ""none""","size_p == ""0""",Yes
6010,1607885829930:622dacfa-7fc3-46e8-9a46-edda83734040,1607885829930:91ae16ea-8d02-4d29-aaca-afd842aff567,"size == ""0""","isEmpty == ""True""","peek_obj_type == ""EmptyObject""","push == ""class java.lang.String""","pop == ""none""","clear == ""none""","size_p == ""0""",Yes
6012,1607885829929:f6608672-ec3b-4634-a05b-38bd2190a1ff,1607885829929:686449a3-0cf5-40fa-af75-36d741409604,"size == ""0""","isEmpty == ""True""","peek_obj_type == ""EmptyObject""","push == ""class java.lang.String""","pop == ""none""","clear == ""none""","size_p == ""0""",Yes
6013,1607885829929:f6608672-ec3b-4634-a05b-38bd2190a1ff,1607885829929:686449a3-0cf5-40fa-af75-36d741409604,"size == ""0""","isEmpty == ""True""","peek_obj_type == ""EmptyObject""","push == ""class java.lang.String""","pop == ""none""","clear == ""none""","size_p == ""0""",Yes
6014,1607885829929:f6608672-ec3b-4634-a05b-38bd2190a1ff,1607885829929:686449a3-0cf5-40fa-af75-36d741409604,"size == ""0""","isEmpty == ""True""","peek_obj_type == ""EmptyObject""","push == ""class java.lang.String""","pop == ""none""","clear == ""none""","size_p == ""0""",Yes
6015,1607885829929:f6608672-ec3b-4634-a05b-38bd2190a1ff,1607885829929:686449a3-0cf5-40fa-af75-36d741409604,"size == ""0""","isEmpty == ""True""","peek_obj_type == ""EmptyObject""","push == ""none""","pop == ""EmptyObject""","clear == ""none""","size_p == ""0""",Yes
6017,1607885829929:dd47b241-ec7e-4fc9-958c-296b890abfcc,1607885829929:d68342ff-6425-4591-947d-edc711378595,"size == ""0""","isEmpty == ""True""","peek_obj_type == ""EmptyObject""","push == ""class java.lang.String""","pop == ""none""","clear == ""none""","size_p == ""0""",Yes
6018,1607885829929:dd47b241-ec7e-4fc9-958c-296b890abfcc,1607885829929:d68342ff-6425-4591-947d-edc711378595,"size == ""0""","isEmpty == ""True""","peek_obj_type == ""EmptyObject""","push == ""class java.lang.String""","pop == ""none""","clear == ""none""","size_p == ""0""",Yes
6019,1607885829929:dd47b241-ec7e-4fc9-958c-296b890abfcc,1607885829929:d68342ff-6425-4591-947d-edc711378595,"size == ""0""","isEmpty == ""True""","peek_obj_type == ""EmptyObject""","push == ""class java.lang.String""","pop == ""none""","clear == ""none""","size_p == ""0""",Yes
6020,1607885829929:dd47b241-ec7e-4fc9-958c-296b890abfcc,1607885829929:d68342ff-6425-4591-947d-edc711378595,"size == ""0""","isEmpty == ""True""","peek_obj_type == ""EmptyObject""","push == ""none""","pop == ""EmptyObject""","clear == ""none""","size_p == ""0""",Yes
6022,1607885829929:55609512-3ead-4570-b870-f10f1921b6b9,1607885829929:f22b9ff7-c58b-4319-aefb-eb67c93dd182,"size == ""0""","isEmpty == ""True""","peek_obj_type == ""EmptyObject""","push == ""class java.lang.String""","pop == ""none""","clear == ""none""","size_p == ""0""",Yes
6023,1607885829929:55609512-3ead-4570-b870-f10f1921b6b9,1607885829929:f22b9ff7-c58b-4319-aefb-eb67c93dd182,"size == ""0""","isEmpty == ""True""","peek_obj_type == ""EmptyObject""","push == ""none""","pop == ""EmptyObject""","clear == ""none""","size_p == ""0""",No
6025,1607885829929:55609512-3ead-4570-b870-f10f1921b6b9,1607885829929:e2e48af3-58d1-4636-873e-f6934fe430fb,"size == ""0""","isEmpty == ""True""","peek_obj_type == ""EmptyObject""","push == ""class java.lang.String""","pop == ""none""","clear == ""none""","size_p == ""0""",Yes
6027,1607885829928:f10f125a-9ead-49ea-990e-20ebe6107bb1,1607885829928:c3ce2b22-bedf-47dc-a524-fe7f4c567a18,"size == ""0""","isEmpty == ""True""","peek_obj_type == ""EmptyObject""","push == ""class java.lang.String""","pop == ""none""","clear == ""none""","size_p == ""0""",Yes
6028,1607885829928:f10f125a-9ead-49ea-990e-20ebe6107bb1,1607885829928:c3ce2b22-bedf-47dc-a524-fe7f4c567a18,"size == ""0""","isEmpty == ""True""","peek_obj_type == ""EmptyObject""","push == ""none""","pop == ""EmptyObject""","clear == ""none""","size_p == ""0""",No
6030,1607885829928:d0284a5e-374a-4858-96d8-8570b6a8bb22,1607885829928:e9e5a729-165a-41c5-811f-4786b77e9a5e,"size == ""0""","isEmpty == ""True""","peek_obj_type == ""EmptyObject""","push == ""class java.lang.String""","pop == ""none""","clear == ""none""","size_p == ""0""",Yes
6032,1607885829928:d0284a5e-374a-4858-96d8-8570b6a8bb22,1607885829928:0cc2990f-882e-4fe7-a59b-8e56499e5ad6,"size == ""0""","isEmpty == ""True""","peek_obj_type == ""EmptyObject""","push == ""class java.lang.String""","pop == ""none""","clear == ""none""","size_p == ""0""",Yes
6033,1607885829928:d0284a5e-374a-4858-96d8-8570b6a8bb22,1607885829928:0cc2990f-882e-4fe7-a59b-8e56499e5ad6,"size == ""0""","isEmpty == ""True""","peek_obj_type == ""EmptyObject""","push == ""none""","pop == ""EmptyObject""","clear == ""none""","size_p == ""0""",No
6035,1607885829928:5af5d903-8349-45bd-8dd2-d023258224ff,1607885829928:dbc183d3-10df-4815-a76b-e8579224e5b9,"size == ""0""","isEmpty == ""True""","peek_obj_type == ""EmptyObject""","push == ""class java.lang.String""","pop == ""none""","clear == ""none""","size_p == ""0""",Yes
6036,1607885829928:5af5d903-8349-45bd-8dd2-d023258224ff,1607885829928:dbc183d3-10df-4815-a76b-e8579224e5b9,"size == ""0""","isEmpty == ""True""","peek_obj_type == ""EmptyObject""","push == ""none""","pop == ""EmptyObject""","clear == ""none""","size_p == ""0""",No
6038,1607885829928:54c9e89d-2806-4e03-b7d5-7a42ec193e6e,1607885829929:e1c6d4b2-1dc7-44c1-b254-224618288a8f,"size == ""0""","isEmpty == ""True""","peek_obj_type == ""EmptyObject""","push == ""class java.lang.String""","pop == ""none""","clear == ""none""","size_p == ""0""",Yes
6039,1607885829928:54c9e89d-2806-4e03-b7d5-7a42ec193e6e,1607885829929:e1c6d4b2-1dc7-44c1-b254-224618288a8f,"size == ""0""","isEmpty == ""True""","peek_obj_type == ""EmptyObject""","push == ""none""","pop == ""EmptyObject""","clear == ""none""","size_p == ""0""",No
6041,1607885829928:54c9e89d-2806-4e03-b7d5-7a42ec193e6e,1607885829928:a88848fd-1d23-47d6-9125-4c9249efac28,"size == ""0""","isEmpty == ""True""","peek_obj_type == ""EmptyObject""","push == ""class java.lang.String""","pop == ""none""","clear == ""none""","size_p == ""0""",Yes
6042,1607885829928:54c9e89d-2806-4e03-b7d5-7a42ec193e6e,1607885829928:a88848fd-1d23-47d6-9125-4c9249efac28,"size == ""0""","isEmpty == ""True""","peek_obj_type == ""EmptyObject""","push == ""class java.lang.String""","pop == ""none""","clear == ""none""","size_p == ""0""",Yes
6044,1607885829928:4b0ab1fa-ae59-4a9a-a76e-42bf6471631d,1607885829928:5e0d0b8e-8ef8-4eaf-a38d-5f258c0d66fc,"size == ""0""","isEmpty == ""True""","peek_obj_type == ""EmptyObject""","push == ""class java.lang.String""","pop == ""none""","clear == ""none""","size_p == ""0""",Yes
6045,1607885829928:4b0ab1fa-ae59-4a9a-a76e-42bf6471631d,1607885829928:5e0d0b8e-8ef8-4eaf-a38d-5f258c0d66fc,"size == ""0""","isEmpty == ""True""","peek_obj_type == ""EmptyObject""","push == ""none""","pop == ""EmptyObject""","clear == ""none""","size_p == ""0""",No
6047,1607885829927:fe7ab9c1-56d8-4997-8cca-59f6cc963251,1607885829927:094ba338-13cb-4f3a-8227-f7e107e1bd3d,"size == ""0""","isEmpty == ""True""","peek_obj_type == ""EmptyObject""","push == ""class java.lang.String""","pop == ""none""","clear == ""none""","size_p == ""0""",Yes
6048,1607885829927:fe7ab9c1-56d8-4997-8cca-59f6cc963251,1607885829927:094ba338-13cb-4f3a-8227-f7e107e1bd3d,"size == ""0""","isEmpty == ""True""","peek_obj_type == ""EmptyObject""","push == ""none""","pop == ""EmptyObject""","clear == ""none""","size_p == ""0""",No
6050,1607885829927:dd950249-1950-4668-9925-dcdc1b000b1c,1607885829927:438bee0a-cedf-469f-b8ea-aa8252f0d746,"size == ""0""","isEmpty == ""True""","peek_obj_type == ""EmptyObject""","push == ""class java.lang.String""","pop == ""none""","clear == ""none""","size_p == ""0""",Yes
6051,1607885829927:dd950249-1950-4668-9925-dcdc1b000b1c,1607885829927:438bee0a-cedf-469f-b8ea-aa8252f0d746,"size == ""0""","isEmpty == ""True""","peek_obj_type == ""EmptyObject""","push == ""none""","pop == ""EmptyObject""","clear == ""none""","size_p == ""0""",No
6053,1607885829927:b7d09892-47a2-4ed2-b3b7-f7be39fc8405,1607885829927:b2e60aae-e4c4-4012-b713-b9baf2006e1d,"size == ""0""","isEmpty == ""True""","peek_obj_type == ""EmptyObject""","push == ""class java.lang.String""","pop == ""none""","clear == ""none""","size_p == ""0""",Yes
6054,1607885829927:b7d09892-47a2-4ed2-b3b7-f7be39fc8405,1607885829927:b2e60aae-e4c4-4012-b713-b9baf2006e1d,"size == ""0""","isEmpty == ""True""","peek_obj_type == ""EmptyObject""","push == ""none""","pop == ""EmptyObject""","clear == ""none""","size_p == ""0""",No
6056,1607885829927:a08f7fa8-516f-4669-bbf3-770489fd6476,1607885829927:6f607445-8b8b-44fa-8db7-c2a6ff2c76e8,"size == ""0""","isEmpty == ""True""","peek_obj_type == ""EmptyObject""","push == ""class java.lang.String""","pop == ""none""","clear == ""none""","size_p == ""0""",Yes
6057,1607885829927:a08f7fa8-516f-4669-bbf3-770489fd6476,1607885829927:6f607445-8b8b-44fa-8db7-c2a6ff2c76e8,"size == ""0""","isEmpty == ""True""","peek_obj_type == ""EmptyObject""","push == ""none""","pop == ""EmptyObject""","clear == ""none""","size_p == ""0""",No
6059,1607885829927:a08f7fa8-516f-4669-bbf3-770489fd6476,1607885829927:698ff1f4-8d64-45c9-aee6-0ef062d1dfeb,"size == ""0""","isEmpty == ""True""","peek_obj_type == ""EmptyObject""","push == ""class java.lang.String""","pop == ""none""","clear == ""none""","size_p == ""0""",Yes
6060,1607885829927:a08f7fa8-516f-4669-bbf3-770489fd6476,1607885829927:698ff1f4-8d64-45c9-aee6-0ef062d1dfeb,"size == ""0""","isEmpty == ""True""","peek_obj_type == ""EmptyObject""","push == ""class java.lang.String""","pop == ""none""","clear == ""none""","size_p == ""0""",Yes
6062,1607885829927:4edb107d-1d5c-4738-889f-4e2ce7f9c6b9,1607885829927:0c8a35f4-5c42-44a3-96f3-56b790406ce2,"size == ""0""","isEmpty == ""True""","peek_obj_type == ""EmptyObject""","push == ""class java.lang.String""","pop == ""none""","clear == ""none""","size_p == ""0""",Yes
6063,1607885829927:4edb107d-1d5c-4738-889f-4e2ce7f9c6b9,1607885829927:0c8a35f4-5c42-44a3-96f3-56b790406ce2,"size == ""0""","isEmpty == ""True""","peek_obj_type == ""EmptyObject""","push == ""none""","pop == ""EmptyObject""","clear == ""none""","size_p == ""0""",No
6065,1607885829926:ead8d7cf-29aa-4ea5-bf51-583c59fd55f3,1607885829926:2756f31d-9e04-4a79-9907-1525b467c573,"size == ""0""","isEmpty == ""True""","peek_obj_type == ""EmptyObject""","push == ""class java.lang.String""","pop == ""none""","clear == ""none""","size_p == ""0""",Yes
6066,1607885829926:ead8d7cf-29aa-4ea5-bf51-583c59fd55f3,1607885829926:2756f31d-9e04-4a79-9907-1525b467c573,"size == ""0""","isEmpty == ""True""","peek_obj_type == ""EmptyObject""","push == ""none""","pop == ""EmptyObject""","clear == ""none""","size_p == ""0""",No
6068,1607885829926:9b35f833-f338-4144-9d92-87e841060ac1,1607885829926:d990c7f4-30cb-4f97-86d8-c0b7a298f31a,"size == ""0""","isEmpty == ""True""","peek_obj_type == ""EmptyObject""","push == ""class java.lang.String""","pop == ""none""","clear == ""none""","size_p == ""0""",Yes
6069,1607885829926:9b35f833-f338-4144-9d92-87e841060ac1,1607885829926:d990c7f4-30cb-4f97-86d8-c0b7a298f31a,"size == ""0""","isEmpty == ""True""","peek_obj_type == ""EmptyObject""","push == ""none""","pop == ""EmptyObject""","clear == ""none""","size_p == ""0""",No
6072,1607885829926:9b35f833-f338-4144-9d92-87e841060ac1,1607885829926:10111272-9b59-48a2-9cc9-cbf44672db4e,"size == ""0""","isEmpty == ""True""","peek_obj_type == ""EmptyObject""","push == ""class java.lang.String""","pop == ""none""","clear == ""none""","size_p == ""0""",Yes
6074,1607885829926:615af64f-a80b-4c85-9351-70ea0d8fe64f,1607885829926:148fa609-1729-443b-b3a1-d75e7f5e5727,"size == ""0""","isEmpty == ""True""","peek_obj_type == ""EmptyObject""","push == ""class java.lang.String""","pop == ""none""","clear == ""none""","size_p == ""0""",Yes
6075,1607885829926:615af64f-a80b-4c85-9351-70ea0d8fe64f,1607885829926:148fa609-1729-443b-b3a1-d75e7f5e5727,"size == ""0""","isEmpty == ""True""","peek_obj_type == ""EmptyObject""","push == ""none""","pop == ""EmptyObject""","clear == ""none""","size_p == ""0""",No
6077,1607885829926:615af64f-a80b-4c85-9351-70ea0d8fe64f,1607885829926:13bda3a5-6507-437c-a279-293da2af8d3e,"size == ""0""","isEmpty == ""True""","peek_obj_type == ""EmptyObject""","push == ""class java.lang.String""","pop == ""none""","clear == ""none""","size_p == ""0""",Yes
6078,1607885829926:615af64f-a80b-4c85-9351-70ea0d8fe64f,1607885829926:13bda3a5-6507-437c-a279-293da2af8d3e,"size == ""0""","isEmpty == ""True""","peek_obj_type == ""EmptyObject""","push == ""class java.lang.String""","pop == ""none""","clear == ""none""","size_p == ""0""",Yes
6080,1607885829925:ee539903-9f4f-448a-8917-b0fe8425b64d,1607885829925:a1e89123-1c20-4b10-827a-a664b888b43c,"size == ""0""","isEmpty == ""True""","peek_obj_type == ""EmptyObject""","push == ""class java.lang.String""","pop == ""none""","clear == ""none""","size_p == ""0""",Yes
6081,1607885829925:ee539903-9f4f-448a-8917-b0fe8425b64d,1607885829925:a1e89123-1c20-4b10-827a-a664b888b43c,"size == ""0""","isEmpty == ""True""","peek_obj_type == ""EmptyObject""","push == ""none""","pop == ""EmptyObject""","clear == ""none""","size_p == ""0""",No
6083,1607885829925:6a09f325-cae3-40a9-85fc-c2c0e22ab683,1607885829925:fc84ba1d-0f01-4b01-bab3-d59ab04bc496,"size == ""0""","isEmpty == ""True""","peek_obj_type == ""EmptyObject""","push == ""class java.lang.String""","pop == ""none""","clear == ""none""","size_p == ""0""",Yes
6084,1607885829925:6a09f325-cae3-40a9-85fc-c2c0e22ab683,1607885829925:fc84ba1d-0f01-4b01-bab3-d59ab04bc496,"size == ""0""","isEmpty == ""True""","peek_obj_type == ""EmptyObject""","push == ""none""","pop == ""EmptyObject""","clear == ""none""","size_p == ""0""",No
6086,1607885829925:6a09f325-cae3-40a9-85fc-c2c0e22ab683,1607885829925:ee8946b8-5343-47d2-9f7a-b0de37f04a1b,"size == ""0""","isEmpty == ""True""","peek_obj_type == ""EmptyObject""","push == ""class java.lang.String""","pop == ""none""","clear == ""none""","size_p == ""0""",Yes
6088,1607885829925:5d9a8851-5bf1-4136-a22a-7f6be2cc0cb7,1607885829925:8fe51585-6db3-47e6-9cda-560fa3d16c2c,"size == ""0""","isEmpty == ""True""","peek_obj_type == ""EmptyObject""","push == ""class java.lang.String""","pop == ""none""","clear == ""none""","size_p == ""0""",Yes
6089,1607885829925:5d9a8851-5bf1-4136-a22a-7f6be2cc0cb7,1607885829925:8fe51585-6db3-47e6-9cda-560fa3d16c2c,"size == ""0""","isEmpty == ""True""","peek_obj_type == ""EmptyObject""","push == ""none""","pop == ""EmptyObject""","clear == ""none""","size_p == ""0""",No
6091,1607885829925:5d9a8851-5bf1-4136-a22a-7f6be2cc0cb7,1607885829925:0f35f6ff-9cb3-41f6-aaf4-7217872d9e73,"size == ""0""","isEmpty == ""True""","peek_obj_type == ""EmptyObject""","push == ""class java.lang.String""","pop == ""none""","clear == ""none""","size_p == ""0""",Yes
6092,1607885829925:5d9a8851-5bf1-4136-a22a-7f6be2cc0cb7,1607885829925:0f35f6ff-9cb3-41f6-aaf4-7217872d9e73,"size == ""0""","isEmpty == ""True""","peek_obj_type == ""EmptyObject""","push == ""class java.lang.String""","pop == ""none""","clear == ""none""","size_p == ""0""",Yes
6094,1607885829925:5aec42d8-030e-4158-b2a6-d2fac5a69e89,1607885829925:d2783ce0-8374-4d06-9bc8-f34315ae5168,"size == ""0""","isEmpty == ""True""","peek_obj_type == ""EmptyObject""","push == ""class java.lang.String""","pop == ""none""","clear == ""none""","size_p == ""0""",Yes
6096,1607885829925:5aec42d8-030e-4158-b2a6-d2fac5a69e89,1607885829925:118c8feb-bfbb-4f95-b93d-b1e211416872,"size == ""0""","isEmpty == ""True""","peek_obj_type == ""EmptyObject""","push == ""class java.lang.String""","pop == ""none""","clear == ""none""","size_p == ""0""",Yes
6097,1607885829925:5aec42d8-030e-4158-b2a6-d2fac5a69e89,1607885829925:118c8feb-bfbb-4f95-b93d-b1e211416872,"size == ""0""","isEmpty == ""True""","peek_obj_type == ""EmptyObject""","push == ""none""","pop == ""EmptyObject""","clear == ""none""","size_p == ""0""",No
6099,1607885829924:8c5d1fd7-1ace-4a07-8709-b6fb9aaf7ad8,1607885829924:cc980b32-45dc-43a5-9bc3-f82aa86926ba,"size == ""0""","isEmpty == ""True""","peek_obj_type == ""EmptyObject""","push == ""class java.lang.String""","pop == ""none""","clear == ""none""","size_p == ""0""",Yes
6100,1607885829924:8c5d1fd7-1ace-4a07-8709-b6fb9aaf7ad8,1607885829924:cc980b32-45dc-43a5-9bc3-f82aa86926ba,"size == ""0""","isEmpty == ""True""","peek_obj_type == ""EmptyObject""","push == ""none""","pop == ""EmptyObject""","clear == ""none""","size_p == ""0""",No
6102,1607885829924:8c5d1fd7-1ace-4a07-8709-b6fb9aaf7ad8,1607885829924:2e080a52-8079-468e-a834-5f9ba8d2e07e,"size == ""0""","isEmpty == ""True""","peek_obj_type == ""EmptyObject""","push == ""class java.lang.String""","pop == ""none""","clear == ""none""","size_p == ""0""",Yes
6104,1607885829924:77010d26-fb4f-4626-952c-ca6bb4c185d8,1607885829924:aa851468-a335-41e8-94e0-5460e3a8c5d6,"size == ""0""","isEmpty == ""True""","peek_obj_type == ""EmptyObject""","push == ""class java.lang.String""","pop == ""none""","clear == ""none""","size_p == ""0""",Yes
6106,1607885829924:77010d26-fb4f-4626-952c-ca6bb4c185d8,1607885829924:6f1c8be5-aae8-478b-bb2d-e632377504e7,"size == ""0""","isEmpty == ""True""","peek_obj_type == ""EmptyObject""","push == ""class java.lang.String""","pop == ""none""","clear == ""none""","size_p == ""0""",Yes
6107,1607885829924:77010d26-fb4f-4626-952c-ca6bb4c185d8,1607885829924:6f1c8be5-aae8-478b-bb2d-e632377504e7,"size == ""0""","isEmpty == ""True""","peek_obj_type == ""EmptyObject""","push == ""none""","pop == ""EmptyObject""","clear == ""none""","size_p == ""0""",No
6109,1607885829924:2eb5dc51-b172-4b9a-885d-a3f3f70f6105,1607885829924:d91f8893-53e5-4b55-856f-aa2b96dd7648,"size == ""0""","isEmpty == ""True""","peek_obj_type == ""EmptyObject""","push == ""class java.lang.String""","pop == ""none""","clear == ""none""","size_p == ""0""",Yes
6110,1607885829924:2eb5dc51-b172-4b9a-885d-a3f3f70f6105,1607885829924:d91f8893-53e5-4b55-856f-aa2b96dd7648,"size == ""0""","isEmpty == ""True""","peek_obj_type == ""EmptyObject""","push == ""none""","pop == ""EmptyObject""","clear == ""none""","size_p == ""0""",No
6112,1607885829924:2eb5dc51-b172-4b9a-885d-a3f3f70f6105,1607885829924:1e6c0089-aea8-47b8-a2cf-912600544236,"size == ""1""","isEmpty == ""False""","peek_obj_type == ""class java.lang.String""","push == ""none""","pop == ""none""","clear == ""clear""","size_p == ""0""",Yes
6113,1607885829924:2eb5dc51-b172-4b9a-885d-a3f3f70f6105,1607885829924:1e6c0089-aea8-47b8-a2cf-912600544236,"size == ""1""","isEmpty == ""False""","peek_obj_type == ""class java.lang.String""","push == ""class java.lang.String""","pop == ""none""","clear == ""none""","size_p == ""1""",Yes
6114,1607885829924:2eb5dc51-b172-4b9a-885d-a3f3f70f6105,1607885829924:1e6c0089-aea8-47b8-a2cf-912600544236,"size == ""2""","isEmpty == ""False""","peek_obj_type == ""class java.lang.String""","push == ""none""","pop == ""none""","clear == ""clear""","size_p == ""1""",Yes
6115,1607885829924:2eb5dc51-b172-4b9a-885d-a3f3f70f6105,1607885829924:1e6c0089-aea8-47b8-a2cf-912600544236,"size == ""3""","isEmpty == ""False""","peek_obj_type == ""class java.lang.String""","push == ""none""","pop == ""none""","clear == ""clear""","size_p == ""2""",Yes
6116,1607885829924:2eb5dc51-b172-4b9a-885d-a3f3f70f6105,1607885829924:1e6c0089-aea8-47b8-a2cf-912600544236,"size == ""4""","isEmpty == ""False""","peek_obj_type == ""class java.lang.String""","push == ""none""","pop == ""none""","clear == ""clear""","size_p == ""3""",Yes
6118,1607885829923:ea117a4f-ee08-464f-92f4-57198e2045b0,1607885829924:ed9e6ceb-9854-4267-90f3-ec66c3231233,"size == ""0""","isEmpty == ""True""","peek_obj_type == ""EmptyObject""","push == ""class java.lang.String""","pop == ""none""","clear == ""none""","size_p == ""0""",Yes
6119,1607885829923:ea117a4f-ee08-464f-92f4-57198e2045b0,1607885829924:ed9e6ceb-9854-4267-90f3-ec66c3231233,"size == ""0""","isEmpty == ""True""","peek_obj_type == ""EmptyObject""","push == ""none""","pop == ""EmptyObject""","clear == ""none""","size_p == ""0""",No
6121,1607885829923:dbfe8bb0-f2dc-415a-9064-0e84f2ab3db6,1607885829923:aa0e95f4-53ce-437a-8ff9-f04f2afbb98d,"size == ""0""","isEmpty == ""True""","peek_obj_type == ""EmptyObject""","push == ""class java.lang.String""","pop == ""none""","clear == ""none""","size_p == ""0""",Yes
6122,1607885829923:dbfe8bb0-f2dc-415a-9064-0e84f2ab3db6,1607885829923:aa0e95f4-53ce-437a-8ff9-f04f2afbb98d,"size == ""0""","isEmpty == ""True""","peek_obj_type == ""EmptyObject""","push == ""none""","pop == ""EmptyObject""","clear == ""none""","size_p == ""0""",No
6124,1607885829923:d4f944fb-63e6-4670-a589-3ebdd9875177,1607885829923:c6281609-d092-4608-a9eb-8eae28518b71,"size == ""0""","isEmpty == ""True""","peek_obj_type == ""EmptyObject""","push == ""class java.lang.String""","pop == ""none""","clear == ""none""","size_p == ""0""",Yes
6125,1607885829923:d4f944fb-63e6-4670-a589-3ebdd9875177,1607885829923:c6281609-d092-4608-a9eb-8eae28518b71,"size == ""0""","isEmpty == ""True""","peek_obj_type == ""EmptyObject""","push == ""none""","pop == ""EmptyObject""","clear == ""none""","size_p == ""0""",No
6127,1607885829923:d4f944fb-63e6-4670-a589-3ebdd9875177,1607885829923:a00d2285-c002-4a8d-bfef-ff270b267c49,"size == ""0""","isEmpty == ""True""","peek_obj_type == ""EmptyObject""","push == ""class java.lang.String""","pop == ""none""","clear == ""none""","size_p == ""0""",Yes
6128,1607885829923:d4f944fb-63e6-4670-a589-3ebdd9875177,1607885829923:a00d2285-c002-4a8d-bfef-ff270b267c49,"size == ""0""","isEmpty == ""True""","peek_obj_type == ""EmptyObject""","push == ""class java.lang.String""","pop == ""none""","clear == ""none""","size_p == ""0""",Yes
6130,1607885829923:aabe61c8-2070-4922-8756-931b541432e4,1607885829923:239772d7-4a34-412b-9392-4e92995e00a2,"size == ""1""","isEmpty == ""False""","peek_obj_type == ""class java.lang.String""","push == ""none""","pop == ""none""","clear == ""clear""","size_p == ""0""",Yes
6131,1607885829923:aabe61c8-2070-4922-8756-931b541432e4,1607885829923:239772d7-4a34-412b-9392-4e92995e00a2,"size == ""1""","isEmpty == ""False""","peek_obj_type == ""class java.lang.String""","push == ""class java.lang.String""","pop == ""none""","clear == ""none""","size_p == ""1""",Yes
6132,1607885829923:aabe61c8-2070-4922-8756-931b541432e4,1607885829923:239772d7-4a34-412b-9392-4e92995e00a2,"size == ""0""","isEmpty == ""True""","peek_obj_type == ""EmptyObject""","push == ""none""","pop == ""EmptyObject""","clear == ""none""","size_p == ""1""",No
6133,1607885829923:aabe61c8-2070-4922-8756-931b541432e4,1607885829923:239772d7-4a34-412b-9392-4e92995e00a2,"size == ""0""","isEmpty == ""True""","peek_obj_type == ""EmptyObject""","push == ""class java.lang.String""","pop == ""none""","clear == ""none""","size_p == ""0""",Yes
6134,1607885829923:aabe61c8-2070-4922-8756-931b541432e4,1607885829923:239772d7-4a34-412b-9392-4e92995e00a2,"size == ""1""","isEmpty == ""False""","peek_obj_type == ""class java.lang.String""","push == ""none""","pop == ""none""","clear == ""clear""","size_p == ""0""",Yes
6135,1607885829923:aabe61c8-2070-4922-8756-931b541432e4,1607885829923:239772d7-4a34-412b-9392-4e92995e00a2,"size == ""2""","isEmpty == ""False""","peek_obj_type == ""class java.lang.String""","push == ""none""","pop == ""none""","clear == ""clear""","size_p == ""1""",Yes
6137,1607885829923:7b3c31ef-9b77-4bd1-b701-adffa3cf2959,1607885829923:ecc2ab74-bae9-47b3-b891-ac36c097bc00,"size == ""0""","isEmpty == ""True""","peek_obj_type == ""EmptyObject""","push == ""class java.lang.String""","pop == ""none""","clear == ""none""","size_p == ""0""",Yes
6138,1607885829923:7b3c31ef-9b77-4bd1-b701-adffa3cf2959,1607885829923:ecc2ab74-bae9-47b3-b891-ac36c097bc00,"size == ""0""","isEmpty == ""True""","peek_obj_type == ""EmptyObject""","push == ""class java.lang.String""","pop == ""none""","clear == ""none""","size_p == ""0""",Yes
6140,1607885829923:7b3c31ef-9b77-4bd1-b701-adffa3cf2959,1607885829923:d4144621-bfc3-42e3-9c52-1288b5a2bea9,"size == ""0""","isEmpty == ""True""","peek_obj_type == ""EmptyObject""","push == ""class java.lang.String""","pop == ""none""","clear == ""none""","size_p == ""0""",Yes
6141,1607885829923:7b3c31ef-9b77-4bd1-b701-adffa3cf2959,1607885829923:d4144621-bfc3-42e3-9c52-1288b5a2bea9,"size == ""0""","isEmpty == ""True""","peek_obj_type == ""EmptyObject""","push == ""none""","pop == ""EmptyObject""","clear == ""none""","size_p == ""0""",No
6143,1607885829923:2b67c59e-2a42-411a-8675-ca684ca3b268,1607885829923:0f95e3c2-d153-46cc-b817-8e4a2cc075f1,"size == ""0""","isEmpty == ""True""","peek_obj_type == ""EmptyObject""","push == ""class java.lang.String""","pop == ""none""","clear == ""none""","size_p == ""0""",Yes
6144,1607885829923:2b67c59e-2a42-411a-8675-ca684ca3b268,1607885829923:0f95e3c2-d153-46cc-b817-8e4a2cc075f1,"size == ""0""","isEmpty == ""True""","peek_obj_type == ""EmptyObject""","push == ""none""","pop == ""EmptyObject""","clear == ""none""","size_p == ""0""",No
6146,1607885829923:11e72ef4-3bcb-482d-b1e2-08bb1e2b599b,1607885829923:8d711196-490b-4859-b7ad-6db470dc675b,"size == ""0""","isEmpty == ""True""","peek_obj_type == ""EmptyObject""","push == ""class java.lang.String""","pop == ""none""","clear == ""none""","size_p == ""0""",Yes
6147,1607885829923:11e72ef4-3bcb-482d-b1e2-08bb1e2b599b,1607885829923:8d711196-490b-4859-b7ad-6db470dc675b,"size == ""0""","isEmpty == ""True""","peek_obj_type == ""EmptyObject""","push == ""none""","pop == ""EmptyObject""","clear == ""none""","size_p == ""0""",No
6149,1607885829922:f5bcbb65-fd1e-47f4-9faf-520d75a836de,1607885829922:ce975858-10c7-4177-ad01-aba9f4124bf8,"size == ""0""","isEmpty == ""True""","peek_obj_type == ""EmptyObject""","push == ""class java.lang.String""","pop == ""none""","clear == ""none""","size_p == ""0""",Yes
6150,1607885829922:f5bcbb65-fd1e-47f4-9faf-520d75a836de,1607885829922:ce975858-10c7-4177-ad01-aba9f4124bf8,"size == ""0""","isEmpty == ""True""","peek_obj_type == ""EmptyObject""","push == ""none""","pop == ""EmptyObject""","clear == ""none""","size_p == ""0""",No
6152,1607885829922:f5bcbb65-fd1e-47f4-9faf-520d75a836de,1607885829922:50f1d0f2-e0ec-4a35-ad21-65aa52412367,"size == ""0""","isEmpty == ""True""","peek_obj_type == ""EmptyObject""","push == ""class java.lang.String""","pop == ""none""","clear == ""none""","size_p == ""0""",Yes
6153,1607885829922:f5bcbb65-fd1e-47f4-9faf-520d75a836de,1607885829922:50f1d0f2-e0ec-4a35-ad21-65aa52412367,"size == ""0""","isEmpty == ""True""","peek_obj_type == ""EmptyObject""","push == ""class java.lang.String""","pop == ""none""","clear == ""none""","size_p == ""0""",Yes
6155,1607885829922:e0ec8da8-9af3-4471-aaf0-d8664520cc1a,1607885829922:33c81291-d369-44f0-9710-668192281c0b,"size == ""0""","isEmpty == ""True""","peek_obj_type == ""EmptyObject""","push == ""class java.lang.String""","pop == ""none""","clear == ""none""","size_p == ""0""",Yes
6156,1607885829922:e0ec8da8-9af3-4471-aaf0-d8664520cc1a,1607885829922:33c81291-d369-44f0-9710-668192281c0b,"size == ""0""","isEmpty == ""True""","peek_obj_type == ""EmptyObject""","push == ""none""","pop == ""EmptyObject""","clear == ""none""","size_p == ""0""",No
6158,1607885829922:ba8b99b8-5359-467d-9bd2-62ff6bf16472,1607885829922:8a2ff318-cdd5-401a-a253-aebfd334a5ad,"size == ""0""","isEmpty == ""True""","peek_obj_type == ""EmptyObject""","push == ""class java.lang.String""","pop == ""none""","clear == ""none""","size_p == ""0""",Yes
6159,1607885829922:ba8b99b8-5359-467d-9bd2-62ff6bf16472,1607885829922:8a2ff318-cdd5-401a-a253-aebfd334a5ad,"size == ""0""","isEmpty == ""True""","peek_obj_type == ""EmptyObject""","push == ""class java.lang.String""","pop == ""none""","clear == ""none""","size_p == ""0""",Yes
6161,1607885829922:ba8b99b8-5359-467d-9bd2-62ff6bf16472,1607885829922:2a47a779-51c6-4090-9cea-b036957d38b2,"size == ""0""","isEmpty == ""True""","peek_obj_type == ""EmptyObject""","push == ""class java.lang.String""","pop == ""none""","clear == ""none""","size_p == ""0""",Yes
6162,1607885829922:ba8b99b8-5359-467d-9bd2-62ff6bf16472,1607885829922:2a47a779-51c6-4090-9cea-b036957d38b2,"size == ""0""","isEmpty == ""True""","peek_obj_type == ""EmptyObject""","push == ""none""","pop == ""EmptyObject""","clear == ""none""","size_p == ""0""",No
6164,1607885829922:b4399a67-c65b-4f61-a07e-9f1465d4cffc,1607885829922:b41740de-6102-40dc-af58-6c635b30980b,"size == ""0""","isEmpty == ""True""","peek_obj_type == ""EmptyObject""","push == ""class java.lang.String""","pop == ""none""","clear == ""none""","size_p == ""0""",Yes
6166,1607885829922:b4399a67-c65b-4f61-a07e-9f1465d4cffc,1607885829922:678773d6-e15a-4f66-8550-88a65a808cde,"size == ""0""","isEmpty == ""True""","peek_obj_type == ""EmptyObject""","push == ""class java.lang.String""","pop == ""none""","clear == ""none""","size_p == ""0""",Yes
6167,1607885829922:b4399a67-c65b-4f61-a07e-9f1465d4cffc,1607885829922:678773d6-e15a-4f66-8550-88a65a808cde,"size == ""0""","isEmpty == ""True""","peek_obj_type == ""EmptyObject""","push == ""class java.lang.String""","pop == ""none""","clear == ""none""","size_p == ""0""",Yes
6169,1607885829922:b4399a67-c65b-4f61-a07e-9f1465d4cffc,1607885829922:49f4dac5-3458-4dcd-b01d-5419fb1d1eff,"size == ""0""","isEmpty == ""True""","peek_obj_type == ""EmptyObject""","push == ""class java.lang.String""","pop == ""none""","clear == ""none""","size_p == ""0""",Yes
6170,1607885829922:b4399a67-c65b-4f61-a07e-9f1465d4cffc,1607885829922:49f4dac5-3458-4dcd-b01d-5419fb1d1eff,"size == ""0""","isEmpty == ""True""","peek_obj_type == ""EmptyObject""","push == ""none""","pop == ""EmptyObject""","clear == ""none""","size_p == ""0""",No
6172,1607885829922:a44ad1d2-5b34-404e-a68a-d25c39d4e7c8,1607885829922:a64f000a-44b1-4c2e-a528-c9276118b7f3,"size == ""0""","isEmpty == ""True""","peek_obj_type == ""EmptyObject""","push == ""class java.lang.String""","pop == ""none""","clear == ""none""","size_p == ""0""",Yes
6173,1607885829922:a44ad1d2-5b34-404e-a68a-d25c39d4e7c8,1607885829922:a64f000a-44b1-4c2e-a528-c9276118b7f3,"size == ""0""","isEmpty == ""True""","peek_obj_type == ""EmptyObject""","push == ""none""","pop == ""EmptyObject""","clear == ""none""","size_p == ""0""",No
6175,1607885829922:2696c1cf-db81-47a8-b297-a06a8aeccdf3,1607885829922:38617aeb-e37d-49b2-86fc-b25033b55ffc,"size == ""0""","isEmpty == ""True""","peek_obj_type == ""EmptyObject""","push == ""class java.lang.String""","pop == ""none""","clear == ""none""","size_p == ""0""",Yes
6176,1607885829922:2696c1cf-db81-47a8-b297-a06a8aeccdf3,1607885829922:38617aeb-e37d-49b2-86fc-b25033b55ffc,"size == ""0""","isEmpty == ""True""","peek_obj_type == ""EmptyObject""","push == ""none""","pop == ""EmptyObject""","clear == ""none""","size_p == ""0""",No
6178,1607885829921:b51c78a5-4c3e-4415-8536-91d3d4007f14,1607885829921:59c0f65d-79ed-495e-b975-6450bc1faf37,"size == ""1""","isEmpty == ""False""","peek_obj_type == ""class java.lang.String""","push == ""none""","pop == ""none""","clear == ""clear""","size_p == ""0""",Yes
6179,1607885829921:b51c78a5-4c3e-4415-8536-91d3d4007f14,1607885829921:59c0f65d-79ed-495e-b975-6450bc1faf37,"size == ""1""","isEmpty == ""False""","peek_obj_type == ""class java.lang.String""","push == ""class java.lang.String""","pop == ""none""","clear == ""none""","size_p == ""1""",Yes
6180,1607885829921:b51c78a5-4c3e-4415-8536-91d3d4007f14,1607885829921:59c0f65d-79ed-495e-b975-6450bc1faf37,"size == ""0""","isEmpty == ""True""","peek_obj_type == ""EmptyObject""","push == ""none""","pop == ""EmptyObject""","clear == ""none""","size_p == ""1""",No
6181,1607885829921:b51c78a5-4c3e-4415-8536-91d3d4007f14,1607885829921:59c0f65d-79ed-495e-b975-6450bc1faf37,"size == ""1""","isEmpty == ""False""","peek_obj_type == ""class java.lang.String""","push == ""none""","pop == ""none""","clear == ""clear""","size_p == ""0""",Yes
6183,1607885829921:b51c78a5-4c3e-4415-8536-91d3d4007f14,1607885829921:303f26a7-bc74-40cb-b01d-3f4e85e4c7a6,"size == ""0""","isEmpty == ""True""","peek_obj_type == ""EmptyObject""","push == ""class java.lang.String""","pop == ""none""","clear == ""none""","size_p == ""0""",Yes
6184,1607885829921:b51c78a5-4c3e-4415-8536-91d3d4007f14,1607885829921:303f26a7-bc74-40cb-b01d-3f4e85e4c7a6,"size == ""0""","isEmpty == ""True""","peek_obj_type == ""EmptyObject""","push == ""none""","pop == ""EmptyObject""","clear == ""none""","size_p == ""0""",No
6186,1607885829921:af527c0a-e9a4-42ce-a579-6e758f9ff0de,1607885829921:12572664-535a-40b2-af4b-302811377e91,"size == ""0""","isEmpty == ""True""","peek_obj_type == ""EmptyObject""","push == ""class java.lang.String""","pop == ""none""","clear == ""none""","size_p == ""0""",Yes
6187,1607885829921:af527c0a-e9a4-42ce-a579-6e758f9ff0de,1607885829921:12572664-535a-40b2-af4b-302811377e91,"size == ""0""","isEmpty == ""True""","peek_obj_type == ""EmptyObject""","push == ""none""","pop == ""EmptyObject""","clear == ""none""","size_p == ""0""",No
6189,1607885829921:975b3b0c-f81e-499d-adfe-65a1dad68387,1607885829921:e588d851-29fb-4a36-a35f-f028effcd33a,"size == ""0""","isEmpty == ""True""","peek_obj_type == ""EmptyObject""","push == ""class java.lang.String""","pop == ""none""","clear == ""none""","size_p == ""0""",Yes
6190,1607885829921:975b3b0c-f81e-499d-adfe-65a1dad68387,1607885829921:e588d851-29fb-4a36-a35f-f028effcd33a,"size == ""0""","isEmpty == ""True""","peek_obj_type == ""EmptyObject""","push == ""class java.lang.String""","pop == ""none""","clear == ""none""","size_p == ""0""",Yes
6191,1607885829921:975b3b0c-f81e-499d-adfe-65a1dad68387,1607885829921:e588d851-29fb-4a36-a35f-f028effcd33a,"size == ""0""","isEmpty == ""True""","peek_obj_type == ""EmptyObject""","push == ""class java.lang.String""","pop == ""none""","clear == ""none""","size_p == ""0""",Yes
6192,1607885829921:975b3b0c-f81e-499d-adfe-65a1dad68387,1607885829921:e588d851-29fb-4a36-a35f-f028effcd33a,"size == ""1""","isEmpty == ""False""","peek_obj_type == ""class java.lang.String""","push == ""none""","pop == ""none""","clear == ""clear""","size_p == ""0""",Yes
6194,1607885829921:975b3b0c-f81e-499d-adfe-65a1dad68387,1607885829921:d014354b-fcda-4420-a734-054c74539e04,"size == ""0""","isEmpty == ""True""","peek_obj_type == ""EmptyObject""","push == ""class java.lang.String""","pop == ""none""","clear == ""none""","size_p == ""0""",Yes
6195,1607885829921:975b3b0c-f81e-499d-adfe-65a1dad68387,1607885829921:d014354b-fcda-4420-a734-054c74539e04,"size == ""0""","isEmpty == ""True""","peek_obj_type == ""EmptyObject""","push == ""none""","pop == ""EmptyObject""","clear == ""none""","size_p == ""0""",No
6197,1607885829921:975b3b0c-f81e-499d-adfe-65a1dad68387,1607885829921:a2ab572f-53c7-458e-b6d3-1f78d7db4c38,"size == ""0""","isEmpty == ""True""","peek_obj_type == ""EmptyObject""","push == ""class java.lang.String""","pop == ""none""","clear == ""none""","size_p == ""0""",Yes
6199,1607885829921:797092ea-9944-42d6-89d0-8a93da5de2d0,1607885829921:6945045c-9d37-41da-8a0a-4725f857676c,"size == ""1""","isEmpty == ""False""","peek_obj_type == ""class java.lang.String""","push == ""none""","pop == ""none""","clear == ""clear""","size_p == ""0""",Yes
6200,1607885829921:797092ea-9944-42d6-89d0-8a93da5de2d0,1607885829921:6945045c-9d37-41da-8a0a-4725f857676c,"size == ""1""","isEmpty == ""False""","peek_obj_type == ""class java.lang.String""","push == ""class java.lang.String""","pop == ""none""","clear == ""none""","size_p == ""1""",Yes
6201,1607885829921:797092ea-9944-42d6-89d0-8a93da5de2d0,1607885829921:6945045c-9d37-41da-8a0a-4725f857676c,"size == ""2""","isEmpty == ""False""","peek_obj_type == ""class java.lang.String""","push == ""none""","pop == ""none""","clear == ""clear""","size_p == ""1""",Yes
6202,1607885829921:797092ea-9944-42d6-89d0-8a93da5de2d0,1607885829921:6945045c-9d37-41da-8a0a-4725f857676c,"size == ""3""","isEmpty == ""False""","peek_obj_type == ""class java.lang.String""","push == ""none""","pop == ""none""","clear == ""clear""","size_p == ""2""",Yes
6203,1607885829921:797092ea-9944-42d6-89d0-8a93da5de2d0,1607885829921:6945045c-9d37-41da-8a0a-4725f857676c,"size == ""4""","isEmpty == ""False""","peek_obj_type == ""class java.lang.String""","push == ""none""","pop == ""none""","clear == ""clear""","size_p == ""3""",Yes
6205,1607885829921:797092ea-9944-42d6-89d0-8a93da5de2d0,1607885829921:45cb23af-3b39-4e62-8da6-420bbe8bbad2,"size == ""1""","isEmpty == ""False""","peek_obj_type == ""class java.lang.String""","push == ""none""","pop == ""none""","clear == ""clear""","size_p == ""0""",Yes
6206,1607885829921:797092ea-9944-42d6-89d0-8a93da5de2d0,1607885829921:45cb23af-3b39-4e62-8da6-420bbe8bbad2,"size == ""1""","isEmpty == ""False""","peek_obj_type == ""class java.lang.String""","push == ""class java.lang.String""","pop == ""none""","clear == ""none""","size_p == ""1""",Yes
6207,1607885829921:797092ea-9944-42d6-89d0-8a93da5de2d0,1607885829921:45cb23af-3b39-4e62-8da6-420bbe8bbad2,"size == ""2""","isEmpty == ""False""","peek_obj_type == ""class java.lang.String""","push == ""none""","pop == ""none""","clear == ""clear""","size_p == ""1""",Yes
6208,1607885829921:797092ea-9944-42d6-89d0-8a93da5de2d0,1607885829921:45cb23af-3b39-4e62-8da6-420bbe8bbad2,"size == ""3""","isEmpty == ""False""","peek_obj_type == ""class java.lang.String""","push == ""none""","pop == ""none""","clear == ""clear""","size_p == ""2""",Yes
6209,1607885829921:797092ea-9944-42d6-89d0-8a93da5de2d0,1607885829921:45cb23af-3b39-4e62-8da6-420bbe8bbad2,"size == ""4""","isEmpty == ""False""","peek_obj_type == ""class java.lang.String""","push == ""none""","pop == ""none""","clear == ""clear""","size_p == ""3""",Yes
6210,1607885829921:797092ea-9944-42d6-89d0-8a93da5de2d0,1607885829921:45cb23af-3b39-4e62-8da6-420bbe8bbad2,"size == ""5""","isEmpty == ""False""","peek_obj_type == ""class java.lang.String""","push == ""none""","pop == ""none""","clear == ""clear""","size_p == ""4""",Yes
6211,1607885829921:797092ea-9944-42d6-89d0-8a93da5de2d0,1607885829921:45cb23af-3b39-4e62-8da6-420bbe8bbad2,"size == ""6""","isEmpty == ""False""","peek_obj_type == ""class java.lang.String""","push == ""none""","pop == ""none""","clear == ""clear""","size_p == ""5""",Yes
6213,1607885829921:797092ea-9944-42d6-89d0-8a93da5de2d0,1607885829921:01f0bf6f-ca9c-40d7-a9c1-0ab8bc39de6b,"size == ""0""","isEmpty == ""True""","peek_obj_type == ""EmptyObject""","push == ""class java.lang.String""","pop == ""none""","clear == ""none""","size_p == ""0""",Yes
6214,1607885829921:797092ea-9944-42d6-89d0-8a93da5de2d0,1607885829921:01f0bf6f-ca9c-40d7-a9c1-0ab8bc39de6b,"size == ""0""","isEmpty == ""True""","peek_obj_type == ""EmptyObject""","push == ""none""","pop == ""EmptyObject""","clear == ""none""","size_p == ""0""",No
6216,1607885829921:1552839a-089b-4ec4-838a-5643223fb466,1607885829921:efe41b9c-5daa-44b6-bd5f-ff628ac1d665,"size == ""0""","isEmpty == ""True""","peek_obj_type == ""EmptyObject""","push == ""class java.lang.String""","pop == ""none""","clear == ""none""","size_p == ""0""",Yes
6217,1607885829921:1552839a-089b-4ec4-838a-5643223fb466,1607885829921:efe41b9c-5daa-44b6-bd5f-ff628ac1d665,"size == ""0""","isEmpty == ""True""","peek_obj_type == ""EmptyObject""","push == ""none""","pop == ""EmptyObject""","clear == ""none""","size_p == ""0""",No
6219,1607885829921:1552839a-089b-4ec4-838a-5643223fb466,1607885829921:9ecc89e0-a786-492e-9aa3-e4102e631d80,"size == ""0""","isEmpty == ""True""","peek_obj_type == ""EmptyObject""","push == ""class java.lang.String""","pop == ""none""","clear == ""none""","size_p == ""0""",Yes
6222,1607885829920:f0e15135-84d1-48e8-92ff-bd06a0cd1730,1607885829920:fd1d4257-3ae6-4996-abef-c0d0fddea559,"size == ""0""","isEmpty == ""True""","peek_obj_type == ""EmptyObject""","push == ""class java.lang.String""","pop == ""none""","clear == ""none""","size_p == ""0""",Yes
6223,1607885829920:f0e15135-84d1-48e8-92ff-bd06a0cd1730,1607885829920:fd1d4257-3ae6-4996-abef-c0d0fddea559,"size == ""0""","isEmpty == ""True""","peek_obj_type == ""EmptyObject""","push == ""none""","pop == ""EmptyObject""","clear == ""none""","size_p == ""0""",No
6225,1607885829920:ec36ad4e-cb00-4cf9-b7c0-da97065e9d80,1607885829920:8c8ad484-d115-49e8-888b-d996dcaf1dd4,"size == ""0""","isEmpty == ""True""","peek_obj_type == ""EmptyObject""","push == ""class java.lang.String""","pop == ""none""","clear == ""none""","size_p == ""0""",Yes
6227,1607885829920:ec36ad4e-cb00-4cf9-b7c0-da97065e9d80,1607885829920:64208dc8-3074-44c1-abdd-78032ea0615a,"size == ""0""","isEmpty == ""True""","peek_obj_type == ""EmptyObject""","push == ""class java.lang.String""","pop == ""none""","clear == ""none""","size_p == ""0""",Yes
6228,1607885829920:ec36ad4e-cb00-4cf9-b7c0-da97065e9d80,1607885829920:64208dc8-3074-44c1-abdd-78032ea0615a,"size == ""0""","isEmpty == ""True""","peek_obj_type == ""EmptyObject""","push == ""none""","pop == ""EmptyObject""","clear == ""none""","size_p == ""0""",No
6231,1607885829920:e52593a3-83df-45dd-8be1-0116f36ce259,1607885829920:5111350b-42ec-41e4-9193-22c94e5efce0,"size == ""0""","isEmpty == ""True""","peek_obj_type == ""EmptyObject""","push == ""class java.lang.String""","pop == ""none""","clear == ""none""","size_p == ""0""",Yes
6232,1607885829920:e52593a3-83df-45dd-8be1-0116f36ce259,1607885829920:5111350b-42ec-41e4-9193-22c94e5efce0,"size == ""0""","isEmpty == ""True""","peek_obj_type == ""EmptyObject""","push == ""none""","pop == ""EmptyObject""","clear == ""none""","size_p == ""0""",No
6234,1607885829920:7d93b171-eba1-4e4c-a659-2c810b02adee,1607885829920:cbe6ab16-22f5-407c-beef-125ae95f5a28,"size == ""1""","isEmpty == ""False""","peek_obj_type == ""class java.lang.String""","push == ""none""","pop == ""none""","clear == ""clear""","size_p == ""0""",Yes
6235,1607885829920:7d93b171-eba1-4e4c-a659-2c810b02adee,1607885829920:cbe6ab16-22f5-407c-beef-125ae95f5a28,"size == ""1""","isEmpty == ""False""","peek_obj_type == ""class java.lang.String""","push == ""class java.lang.String""","pop == ""none""","clear == ""none""","size_p == ""1""",Yes
6236,1607885829920:7d93b171-eba1-4e4c-a659-2c810b02adee,1607885829920:cbe6ab16-22f5-407c-beef-125ae95f5a28,"size == ""0""","isEmpty == ""True""","peek_obj_type == ""EmptyObject""","push == ""none""","pop == ""EmptyObject""","clear == ""none""","size_p == ""1""",No
6237,1607885829920:7d93b171-eba1-4e4c-a659-2c810b02adee,1607885829920:cbe6ab16-22f5-407c-beef-125ae95f5a28,"size == ""1""","isEmpty == ""False""","peek_obj_type == ""class java.lang.String""","push == ""none""","pop == ""none""","clear == ""clear""","size_p == ""0""",Yes
6239,1607885829920:7d93b171-eba1-4e4c-a659-2c810b02adee,1607885829920:3d493e5c-d703-4824-ab57-694550ab0850,"size == ""0""","isEmpty == ""True""","peek_obj_type == ""EmptyObject""","push == ""class java.lang.String""","pop == ""none""","clear == ""none""","size_p == ""0""",Yes
6240,1607885829920:7d93b171-eba1-4e4c-a659-2c810b02adee,1607885829920:3d493e5c-d703-4824-ab57-694550ab0850,"size == ""0""","isEmpty == ""True""","peek_obj_type == ""EmptyObject""","push == ""none""","pop == ""EmptyObject""","clear == ""none""","size_p == ""0""",No
6242,1607885829920:22c37134-877b-4a5d-ba11-e65e4fb58f8b,1607885829920:c8c0e6c9-9cbb-429e-bc8d-606f2a535534,"size == ""0""","isEmpty == ""True""","peek_obj_type == ""EmptyObject""","push == ""class java.lang.String""","pop == ""none""","clear == ""none""","size_p == ""0""",Yes
6243,1607885829920:22c37134-877b-4a5d-ba11-e65e4fb58f8b,1607885829920:c8c0e6c9-9cbb-429e-bc8d-606f2a535534,"size == ""0""","isEmpty == ""True""","peek_obj_type == ""EmptyObject""","push == ""none""","pop == ""EmptyObject""","clear == ""none""","size_p == ""0""",No
6245,1607885829920:0199eaa6-31de-401f-8a2d-60456d48bb2c,1607885829920:456e0756-f951-4f78-aaf1-c00197c209a2,"size == ""0""","isEmpty == ""True""","peek_obj_type == ""EmptyObject""","push == ""class java.lang.String""","pop == ""none""","clear == ""none""","size_p == ""0""",Yes
6246,1607885829920:0199eaa6-31de-401f-8a2d-60456d48bb2c,1607885829920:456e0756-f951-4f78-aaf1-c00197c209a2,"size == ""0""","isEmpty == ""True""","peek_obj_type == ""EmptyObject""","push == ""class java.lang.String""","pop == ""none""","clear == ""none""","size_p == ""0""",Yes
6248,1607885829920:0199eaa6-31de-401f-8a2d-60456d48bb2c,1607885829920:03394053-5e77-40ca-bec0-999a49227e0d,"size == ""0""","isEmpty == ""True""","peek_obj_type == ""EmptyObject""","push == ""class java.lang.String""","pop == ""none""","clear == ""none""","size_p == ""0""",Yes
6249,1607885829920:0199eaa6-31de-401f-8a2d-60456d48bb2c,1607885829920:03394053-5e77-40ca-bec0-999a49227e0d,"size == ""0""","isEmpty == ""True""","peek_obj_type == ""EmptyObject""","push == ""none""","pop == ""EmptyObject""","clear == ""none""","size_p == ""0""",No
6251,1607885829919:d7be2ef9-55d4-49f7-88f3-0d3a56a4cf74,1607885829919:cc930e0d-7bf9-40d1-b5b0-b3da12c46b59,"size == ""0""","isEmpty == ""True""","peek_obj_type == ""EmptyObject""","push == ""class java.lang.String""","pop == ""none""","clear == ""none""","size_p == ""0""",Yes
6252,1607885829919:d7be2ef9-55d4-49f7-88f3-0d3a56a4cf74,1607885829919:cc930e0d-7bf9-40d1-b5b0-b3da12c46b59,"size == ""0""","isEmpty == ""True""","peek_obj_type == ""EmptyObject""","push == ""none""","pop == ""EmptyObject""","clear == ""none""","size_p == ""0""",No
6254,1607885829919:ce16ffd7-cb25-47bb-893c-d71d6220f903,1607885829919:748de10e-f33e-4529-94ef-ddf921926fea,"size == ""0""","isEmpty == ""True""","peek_obj_type == ""EmptyObject""","push == ""class java.lang.String""","pop == ""none""","clear == ""none""","size_p == ""0""",Yes
6255,1607885829919:ce16ffd7-cb25-47bb-893c-d71d6220f903,1607885829919:748de10e-f33e-4529-94ef-ddf921926fea,"size == ""0""","isEmpty == ""True""","peek_obj_type == ""EmptyObject""","push == ""none""","pop == ""EmptyObject""","clear == ""none""","size_p == ""0""",No
6257,1607885829919:75035f3b-555d-41d4-ab07-06d6a2bff41b,1607885829920:830df640-21e8-421f-84fa-05771d5945cb,"size == ""0""","isEmpty == ""True""","peek_obj_type == ""EmptyObject""","push == ""class java.lang.String""","pop == ""none""","clear == ""none""","size_p == ""0""",Yes
6258,1607885829919:75035f3b-555d-41d4-ab07-06d6a2bff41b,1607885829920:830df640-21e8-421f-84fa-05771d5945cb,"size == ""0""","isEmpty == ""True""","peek_obj_type == ""EmptyObject""","push == ""none""","pop == ""EmptyObject""","clear == ""none""","size_p == ""0""",No
6260,1607885829919:742c5189-7276-4b5e-9631-ff5bcca12687,1607885829919:32e0f10e-9669-4ec0-a9e8-c8defb92fa63,"size == ""0""","isEmpty == ""True""","peek_obj_type == ""EmptyObject""","push == ""class java.lang.String""","pop == ""none""","clear == ""none""","size_p == ""0""",Yes
6261,1607885829919:742c5189-7276-4b5e-9631-ff5bcca12687,1607885829919:32e0f10e-9669-4ec0-a9e8-c8defb92fa63,"size == ""0""","isEmpty == ""True""","peek_obj_type == ""EmptyObject""","push == ""none""","pop == ""EmptyObject""","clear == ""none""","size_p == ""0""",No
6263,1607885829919:45078f28-af60-4d1b-acd3-f0beafe59b45,1607885829919:eed85237-5e03-4df9-bacd-d827bd8bdc33,"size == ""0""","isEmpty == ""True""","peek_obj_type == ""EmptyObject""","push == ""class java.lang.String""","pop == ""none""","clear == ""none""","size_p == ""0""",Yes
6264,1607885829919:45078f28-af60-4d1b-acd3-f0beafe59b45,1607885829919:eed85237-5e03-4df9-bacd-d827bd8bdc33,"size == ""0""","isEmpty == ""True""","peek_obj_type == ""EmptyObject""","push == ""none""","pop == ""EmptyObject""","clear == ""none""","size_p == ""0""",No
6266,1607885829919:45078f28-af60-4d1b-acd3-f0beafe59b45,1607885829919:28342e21-a6ed-4274-a388-34ff7e349a26,"size == ""1""","isEmpty == ""False""","peek_obj_type == ""class java.lang.String""","push == ""none""","pop == ""none""","clear == ""clear""","size_p == ""0""",Yes
6267,1607885829919:45078f28-af60-4d1b-acd3-f0beafe59b45,1607885829919:28342e21-a6ed-4274-a388-34ff7e349a26,"size == ""1""","isEmpty == ""False""","peek_obj_type == ""class java.lang.String""","push == ""class java.lang.String""","pop == ""none""","clear == ""none""","size_p == ""1""",Yes
6268,1607885829919:45078f28-af60-4d1b-acd3-f0beafe59b45,1607885829919:28342e21-a6ed-4274-a388-34ff7e349a26,"size == ""0""","isEmpty == ""True""","peek_obj_type == ""EmptyObject""","push == ""none""","pop == ""EmptyObject""","clear == ""none""","size_p == ""1""",No
6269,1607885829919:45078f28-af60-4d1b-acd3-f0beafe59b45,1607885829919:28342e21-a6ed-4274-a388-34ff7e349a26,"size == ""1""","isEmpty == ""False""","peek_obj_type == ""class java.lang.String""","push == ""none""","pop == ""none""","clear == ""clear""","size_p == ""0""",Yes
6271,1607885829919:1edabbaa-5486-44ce-8447-ff318d85e2c2,1607885829919:7febbfbe-6dc4-451d-a37e-14289cb41c2a,"size == ""0""","isEmpty == ""True""","peek_obj_type == ""EmptyObject""","push == ""class java.lang.String""","pop == ""none""","clear == ""none""","size_p == ""0""",Yes
6272,1607885829919:1edabbaa-5486-44ce-8447-ff318d85e2c2,1607885829919:7febbfbe-6dc4-451d-a37e-14289cb41c2a,"size == ""0""","isEmpty == ""True""","peek_obj_type == ""EmptyObject""","push == ""none""","pop == ""EmptyObject""","clear == ""none""","size_p == ""0""",No
6274,1607885829919:1edabbaa-5486-44ce-8447-ff318d85e2c2,1607885829919:19bce7b5-9843-4f74-859d-6e476864f4b8,"size == ""0""","isEmpty == ""True""","peek_obj_type == ""EmptyObject""","push == ""class java.lang.String""","pop == ""none""","clear == ""none""","size_p == ""0""",Yes
6275,1607885829919:1edabbaa-5486-44ce-8447-ff318d85e2c2,1607885829919:19bce7b5-9843-4f74-859d-6e476864f4b8,"size == ""0""","isEmpty == ""True""","peek_obj_type == ""EmptyObject""","push == ""class java.lang.String""","pop == ""none""","clear == ""none""","size_p == ""0""",Yes
6277,1607885829918:eda50e4b-2940-4c17-907d-22a2f3dd2152,1607885829918:11b74a5c-2d59-43ab-8c03-7d6de1ca841e,"size == ""0""","isEmpty == ""True""","peek_obj_type == ""EmptyObject""","push == ""class java.lang.String""","pop == ""none""","clear == ""none""","size_p == ""0""",Yes
6278,1607885829918:eda50e4b-2940-4c17-907d-22a2f3dd2152,1607885829918:11b74a5c-2d59-43ab-8c03-7d6de1ca841e,"size == ""0""","isEmpty == ""True""","peek_obj_type == ""EmptyObject""","push == ""none""","pop == ""EmptyObject""","clear == ""none""","size_p == ""0""",No
6280,1607885829918:dbbfc96c-61b6-4069-92f0-76767fe8aff1,1607885829918:ccbc9d73-f8ba-4c38-ac7e-dfe82b2ad184,"size == ""0""","isEmpty == ""True""","peek_obj_type == ""EmptyObject""","push == ""class java.lang.String""","pop == ""none""","clear == ""none""","size_p == ""0""",Yes
6281,1607885829918:dbbfc96c-61b6-4069-92f0-76767fe8aff1,1607885829918:ccbc9d73-f8ba-4c38-ac7e-dfe82b2ad184,"size == ""0""","isEmpty == ""True""","peek_obj_type == ""EmptyObject""","push == ""none""","pop == ""EmptyObject""","clear == ""none""","size_p == ""0""",No
6283,1607885829918:afe83ace-7c4c-4a08-b982-f42badd3f22f,1607885829919:5c1ddeb5-5a25-4f21-ad03-b939234e8a96,"size == ""0""","isEmpty == ""True""","peek_obj_type == ""EmptyObject""","push == ""class java.lang.String""","pop == ""none""","clear == ""none""","size_p == ""0""",Yes
6284,1607885829918:afe83ace-7c4c-4a08-b982-f42badd3f22f,1607885829919:5c1ddeb5-5a25-4f21-ad03-b939234e8a96,"size == ""0""","isEmpty == ""True""","peek_obj_type == ""EmptyObject""","push == ""none""","pop == ""EmptyObject""","clear == ""none""","size_p == ""0""",No
6286,1607885829918:afe83ace-7c4c-4a08-b982-f42badd3f22f,1607885829919:32119e4e-1a14-4dd9-9647-ffc6b0677527,"size == ""1""","isEmpty == ""False""","peek_obj_type == ""class java.lang.String""","push == ""none""","pop == ""none""","clear == ""clear""","size_p == ""0""",Yes
6287,1607885829918:afe83ace-7c4c-4a08-b982-f42badd3f22f,1607885829919:32119e4e-1a14-4dd9-9647-ffc6b0677527,"size == ""1""","isEmpty == ""False""","peek_obj_type == ""class java.lang.String""","push == ""class java.lang.String""","pop == ""none""","clear == ""none""","size_p == ""1""",Yes
6288,1607885829918:afe83ace-7c4c-4a08-b982-f42badd3f22f,1607885829919:32119e4e-1a14-4dd9-9647-ffc6b0677527,"size == ""2""","isEmpty == ""False""","peek_obj_type == ""class java.lang.String""","push == ""none""","pop == ""none""","clear == ""clear""","size_p == ""1""",Yes
6289,1607885829918:afe83ace-7c4c-4a08-b982-f42badd3f22f,1607885829919:32119e4e-1a14-4dd9-9647-ffc6b0677527,"size == ""3""","isEmpty == ""False""","peek_obj_type == ""class java.lang.String""","push == ""none""","pop == ""none""","clear == ""clear""","size_p == ""2""",Yes
6290,1607885829918:afe83ace-7c4c-4a08-b982-f42badd3f22f,1607885829919:32119e4e-1a14-4dd9-9647-ffc6b0677527,"size == ""4""","isEmpty == ""False""","peek_obj_type == ""class java.lang.String""","push == ""none""","pop == ""none""","clear == ""clear""","size_p == ""3""",Yes
6292,1607885829918:acd60758-f7b3-4eff-aadf-645fde3dda9e,1607885829918:45e73873-d166-47c2-9742-1c45f62085e0,"size == ""0""","isEmpty == ""True""","peek_obj_type == ""EmptyObject""","push == ""class java.lang.String""","pop == ""none""","clear == ""none""","size_p == ""0""",Yes
6293,1607885829918:acd60758-f7b3-4eff-aadf-645fde3dda9e,1607885829918:45e73873-d166-47c2-9742-1c45f62085e0,"size == ""0""","isEmpty == ""True""","peek_obj_type == ""EmptyObject""","push == ""none""","pop == ""EmptyObject""","clear == ""none""","size_p == ""0""",No
6295,1607885829918:4b9f8b8e-6929-4f02-83db-cb1cce0fec04,1607885829918:5145b124-6a28-4270-9c2a-67ee0240ef8a,"size == ""0""","isEmpty == ""True""","peek_obj_type == ""EmptyObject""","push == ""class java.lang.String""","pop == ""none""","clear == ""none""","size_p == ""0""",Yes
6296,1607885829918:4b9f8b8e-6929-4f02-83db-cb1cce0fec04,1607885829918:5145b124-6a28-4270-9c2a-67ee0240ef8a,"size == ""0""","isEmpty == ""True""","peek_obj_type == ""EmptyObject""","push == ""none""","pop == ""EmptyObject""","clear == ""none""","size_p == ""0""",No
6298,1607885829918:3a1eabe2-2b65-48b2-97ce-9f0f6f7ae7ff,1607885829918:7e3564cc-2903-416a-a0bd-b6167b1d1348,"size == ""0""","isEmpty == ""True""","peek_obj_type == ""EmptyObject""","push == ""class java.lang.String""","pop == ""none""","clear == ""none""","size_p == ""0""",Yes
6299,1607885829918:3a1eabe2-2b65-48b2-97ce-9f0f6f7ae7ff,1607885829918:7e3564cc-2903-416a-a0bd-b6167b1d1348,"size == ""0""","isEmpty == ""True""","peek_obj_type == ""EmptyObject""","push == ""none""","pop == ""EmptyObject""","clear == ""none""","size_p == ""0""",No
6301,1607885829918:3a1eabe2-2b65-48b2-97ce-9f0f6f7ae7ff,1607885829918:5ebd03f9-3390-428a-8469-dc5d338e597e,"size == ""0""","isEmpty == ""True""","peek_obj_type == ""EmptyObject""","push == ""class java.lang.String""","pop == ""none""","clear == ""none""","size_p == ""0""",Yes
6303,1607885829918:3711e245-4a09-4a17-b730-46fbfd8748eb,1607885829918:ce200942-fe03-451c-9b00-38ed658edbc8,"size == ""0""","isEmpty == ""True""","peek_obj_type == ""EmptyObject""","push == ""class java.lang.String""","pop == ""none""","clear == ""none""","size_p == ""0""",Yes
6304,1607885829918:3711e245-4a09-4a17-b730-46fbfd8748eb,1607885829918:ce200942-fe03-451c-9b00-38ed658edbc8,"size == ""0""","isEmpty == ""True""","peek_obj_type == ""EmptyObject""","push == ""none""","pop == ""EmptyObject""","clear == ""none""","size_p == ""0""",No
6306,1607885829918:17801dd8-df7f-4332-88cb-4e6bb613bb52,1607885829918:12bf1110-2161-49af-9100-d6f0b78fccfd,"size == ""0""","isEmpty == ""True""","peek_obj_type == ""EmptyObject""","push == ""class java.lang.String""","pop == ""none""","clear == ""none""","size_p == ""0""",Yes
6307,1607885829918:17801dd8-df7f-4332-88cb-4e6bb613bb52,1607885829918:12bf1110-2161-49af-9100-d6f0b78fccfd,"size == ""0""","isEmpty == ""True""","peek_obj_type == ""EmptyObject""","push == ""none""","pop == ""EmptyObject""","clear == ""none""","size_p == ""0""",No
6309,1607885829917:f0bdfc16-1964-49fe-9b75-770a1bd7c13d,1607885829917:53602176-6b66-423f-bc87-9158a3c12fdd,"size == ""0""","isEmpty == ""True""","peek_obj_type == ""EmptyObject""","push == ""class java.lang.String""","pop == ""none""","clear == ""none""","size_p == ""0""",Yes
6310,1607885829917:f0bdfc16-1964-49fe-9b75-770a1bd7c13d,1607885829917:53602176-6b66-423f-bc87-9158a3c12fdd,"size == ""0""","isEmpty == ""True""","peek_obj_type == ""EmptyObject""","push == ""none""","pop == ""EmptyObject""","clear == ""none""","size_p == ""0""",No
6312,1607885829917:e55fdf7c-fcc9-423b-876a-54154f69c3de,1607885829917:cbdfec59-8551-4d1b-a038-8c0e733a568a,"size == ""1""","isEmpty == ""False""","peek_obj_type == ""class java.lang.String""","push == ""none""","pop == ""none""","clear == ""clear""","size_p == ""0""",Yes
6313,1607885829917:e55fdf7c-fcc9-423b-876a-54154f69c3de,1607885829917:cbdfec59-8551-4d1b-a038-8c0e733a568a,"size == ""1""","isEmpty == ""False""","peek_obj_type == ""class java.lang.String""","push == ""class java.lang.String""","pop == ""none""","clear == ""none""","size_p == ""1""",Yes
6314,1607885829917:e55fdf7c-fcc9-423b-876a-54154f69c3de,1607885829917:cbdfec59-8551-4d1b-a038-8c0e733a568a,"size == ""2""","isEmpty == ""False""","peek_obj_type == ""class java.lang.String""","push == ""none""","pop == ""none""","clear == ""clear""","size_p == ""1""",Yes
6315,1607885829917:e55fdf7c-fcc9-423b-876a-54154f69c3de,1607885829917:cbdfec59-8551-4d1b-a038-8c0e733a568a,"size == ""3""","isEmpty == ""False""","peek_obj_type == ""class java.lang.String""","push == ""none""","pop == ""none""","clear == ""clear""","size_p == ""2""",Yes
6316,1607885829917:e55fdf7c-fcc9-423b-876a-54154f69c3de,1607885829917:cbdfec59-8551-4d1b-a038-8c0e733a568a,"size == ""4""","isEmpty == ""False""","peek_obj_type == ""class java.lang.String""","push == ""none""","pop == ""none""","clear == ""clear""","size_p == ""3""",Yes
6318,1607885829917:e55fdf7c-fcc9-423b-876a-54154f69c3de,1607885829917:4656cc04-94aa-4976-ac74-cfa90b40aaee,"size == ""0""","isEmpty == ""True""","peek_obj_type == ""EmptyObject""","push == ""class java.lang.String""","pop == ""none""","clear == ""none""","size_p == ""0""",Yes
6319,1607885829917:e55fdf7c-fcc9-423b-876a-54154f69c3de,1607885829917:4656cc04-94aa-4976-ac74-cfa90b40aaee,"size == ""0""","isEmpty == ""True""","peek_obj_type == ""EmptyObject""","push == ""none""","pop == ""EmptyObject""","clear == ""none""","size_p == ""0""",No
6321,1607885829917:df03a75d-1249-429b-8939-b13168b3505f,1607885829917:dcc80bba-0084-46c5-9e83-ed257a32a7ea,"size == ""0""","isEmpty == ""True""","peek_obj_type == ""EmptyObject""","push == ""class java.lang.String""","pop == ""none""","clear == ""none""","size_p == ""0""",Yes
6322,1607885829917:df03a75d-1249-429b-8939-b13168b3505f,1607885829917:dcc80bba-0084-46c5-9e83-ed257a32a7ea,"size == ""0""","isEmpty == ""True""","peek_obj_type == ""EmptyObject""","push == ""none""","pop == ""EmptyObject""","clear == ""none""","size_p == ""0""",No
6324,1607885829917:df03a75d-1249-429b-8939-b13168b3505f,1607885829917:a5dff23a-78cf-44b5-bf9c-fd2950a8fadd,"size == ""0""","isEmpty == ""True""","peek_obj_type == ""EmptyObject""","push == ""class java.lang.String""","pop == ""none""","clear == ""none""","size_p == ""0""",Yes
6326,1607885829917:9a21ce1c-6c12-41f6-b3c9-58a45f34e0f8,1607885829917:72fbb96f-f935-4771-98af-e26236b6f26c,"size == ""0""","isEmpty == ""True""","peek_obj_type == ""EmptyObject""","push == ""class java.lang.String""","pop == ""none""","clear == ""none""","size_p == ""0""",Yes
6327,1607885829917:9a21ce1c-6c12-41f6-b3c9-58a45f34e0f8,1607885829917:72fbb96f-f935-4771-98af-e26236b6f26c,"size == ""0""","isEmpty == ""True""","peek_obj_type == ""EmptyObject""","push == ""none""","pop == ""EmptyObject""","clear == ""none""","size_p == ""0""",No
6329,1607885829917:543b656b-d81e-4dca-8d32-ad871b8dbd69,1607885829917:902528c5-563e-41d2-b296-53341a6d177b,"size == ""0""","isEmpty == ""True""","peek_obj_type == ""EmptyObject""","push == ""class java.lang.String""","pop == ""none""","clear == ""none""","size_p == ""0""",Yes
6330,1607885829917:543b656b-d81e-4dca-8d32-ad871b8dbd69,1607885829917:902528c5-563e-41d2-b296-53341a6d177b,"size == ""0""","isEmpty == ""True""","peek_obj_type == ""EmptyObject""","push == ""none""","pop == ""EmptyObject""","clear == ""none""","size_p == ""0""",No
6332,1607885829917:3b8fb156-d83f-41b8-9f9f-817230907653,1607885829917:f172b1a1-d08f-47af-81a7-6e1a40dbb717,"size == ""1""","isEmpty == ""False""","peek_obj_type == ""class java.lang.String""","push == ""none""","pop == ""none""","clear == ""clear""","size_p == ""0""",Yes
6333,1607885829917:3b8fb156-d83f-41b8-9f9f-817230907653,1607885829917:f172b1a1-d08f-47af-81a7-6e1a40dbb717,"size == ""1""","isEmpty == ""False""","peek_obj_type == ""class java.lang.String""","push == ""class java.lang.String""","pop == ""none""","clear == ""none""","size_p == ""1""",Yes
6334,1607885829917:3b8fb156-d83f-41b8-9f9f-817230907653,1607885829917:f172b1a1-d08f-47af-81a7-6e1a40dbb717,"size == ""2""","isEmpty == ""False""","peek_obj_type == ""class java.lang.String""","push == ""none""","pop == ""none""","clear == ""clear""","size_p == ""1""",Yes
6335,1607885829917:3b8fb156-d83f-41b8-9f9f-817230907653,1607885829917:f172b1a1-d08f-47af-81a7-6e1a40dbb717,"size == ""3""","isEmpty == ""False""","peek_obj_type == ""class java.lang.String""","push == ""none""","pop == ""none""","clear == ""clear""","size_p == ""2""",Yes
6336,1607885829917:3b8fb156-d83f-41b8-9f9f-817230907653,1607885829917:f172b1a1-d08f-47af-81a7-6e1a40dbb717,"size == ""4""","isEmpty == ""False""","peek_obj_type == ""class java.lang.String""","push == ""none""","pop == ""none""","clear == ""clear""","size_p == ""3""",Yes
6338,1607885829917:3b8fb156-d83f-41b8-9f9f-817230907653,1607885829917:f0c797d8-2fe6-4464-b36a-7f9efa6251eb,"size == ""0""","isEmpty == ""True""","peek_obj_type == ""EmptyObject""","push == ""class java.lang.String""","pop == ""none""","clear == ""none""","size_p == ""0""",Yes
6339,1607885829917:3b8fb156-d83f-41b8-9f9f-817230907653,1607885829917:f0c797d8-2fe6-4464-b36a-7f9efa6251eb,"size == ""0""","isEmpty == ""True""","peek_obj_type == ""EmptyObject""","push == ""none""","pop == ""EmptyObject""","clear == ""none""","size_p == ""0""",No
6341,1607885829916:f7c4c762-9321-4449-ac36-024aa2950251,1607885829916:9c172dec-3e6e-4151-bdbd-4f1fb723d7f2,"size == ""0""","isEmpty == ""True""","peek_obj_type == ""EmptyObject""","push == ""class java.lang.String""","pop == ""none""","clear == ""none""","size_p == ""0""",Yes
6342,1607885829916:f7c4c762-9321-4449-ac36-024aa2950251,1607885829916:9c172dec-3e6e-4151-bdbd-4f1fb723d7f2,"size == ""0""","isEmpty == ""True""","peek_obj_type == ""EmptyObject""","push == ""class java.lang.String""","pop == ""none""","clear == ""none""","size_p == ""0""",Yes
6343,1607885829916:f7c4c762-9321-4449-ac36-024aa2950251,1607885829916:9c172dec-3e6e-4151-bdbd-4f1fb723d7f2,"size == ""1""","isEmpty == ""False""","peek_obj_type == ""class java.lang.String""","push == ""none""","pop == ""none""","clear == ""clear""","size_p == ""0""",Yes
6344,1607885829916:f7c4c762-9321-4449-ac36-024aa2950251,1607885829916:9c172dec-3e6e-4151-bdbd-4f1fb723d7f2,"size == ""2""","isEmpty == ""False""","peek_obj_type == ""class java.lang.String""","push == ""none""","pop == ""none""","clear == ""clear""","size_p == ""1""",Yes
6346,1607885829916:f7c4c762-9321-4449-ac36-024aa2950251,1607885829916:5ed205e2-b17d-4d02-819e-c0ac2fe6fe4b,"size == ""0""","isEmpty == ""True""","peek_obj_type == ""EmptyObject""","push == ""class java.lang.String""","pop == ""none""","clear == ""none""","size_p == ""0""",Yes
6347,1607885829916:f7c4c762-9321-4449-ac36-024aa2950251,1607885829916:5ed205e2-b17d-4d02-819e-c0ac2fe6fe4b,"size == ""0""","isEmpty == ""True""","peek_obj_type == ""EmptyObject""","push == ""none""","pop == ""EmptyObject""","clear == ""none""","size_p == ""0""",No
6349,1607885829916:f7c4c762-9321-4449-ac36-024aa2950251,1607885829916:41b24998-fd9a-465e-a6e3-8c74c22ad5ae,"size == ""1""","isEmpty == ""False""","peek_obj_type == ""class java.lang.String""","push == ""none""","pop == ""none""","clear == ""clear""","size_p == ""0""",Yes
6350,1607885829916:f7c4c762-9321-4449-ac36-024aa2950251,1607885829916:41b24998-fd9a-465e-a6e3-8c74c22ad5ae,"size == ""1""","isEmpty == ""False""","peek_obj_type == ""class java.lang.String""","push == ""class java.lang.String""","pop == ""none""","clear == ""none""","size_p == ""1""",Yes
6351,1607885829916:f7c4c762-9321-4449-ac36-024aa2950251,1607885829916:41b24998-fd9a-465e-a6e3-8c74c22ad5ae,"size == ""0""","isEmpty == ""True""","peek_obj_type == ""EmptyObject""","push == ""none""","pop == ""EmptyObject""","clear == ""none""","size_p == ""1""",No
6352,1607885829916:f7c4c762-9321-4449-ac36-024aa2950251,1607885829916:41b24998-fd9a-465e-a6e3-8c74c22ad5ae,"size == ""1""","isEmpty == ""False""","peek_obj_type == ""class java.lang.String""","push == ""none""","pop == ""none""","clear == ""clear""","size_p == ""0""",Yes
6354,1607885829916:d0bb93ea-db05-484a-9508-775fdb7bf3e8,1607885829916:987b31fa-7481-4033-8f96-f219dfb9d2b2,"size == ""0""","isEmpty == ""True""","peek_obj_type == ""EmptyObject""","push == ""class java.lang.String""","pop == ""none""","clear == ""none""","size_p == ""0""",Yes
6355,1607885829916:d0bb93ea-db05-484a-9508-775fdb7bf3e8,1607885829916:987b31fa-7481-4033-8f96-f219dfb9d2b2,"size == ""0""","isEmpty == ""True""","peek_obj_type == ""EmptyObject""","push == ""none""","pop == ""EmptyObject""","clear == ""none""","size_p == ""0""",No
6357,1607885829916:d0bb93ea-db05-484a-9508-775fdb7bf3e8,1607885829916:05401856-c910-4548-9e74-e0001d445da8,"size == ""0""","isEmpty == ""True""","peek_obj_type == ""EmptyObject""","push == ""class java.lang.String""","pop == ""none""","clear == ""none""","size_p == ""0""",Yes
6359,1607885829916:8f300e56-ff3e-4e3d-b5f9-eaf82fbbd943,1607885829916:e7aea4a7-0e18-4ba2-8de2-3be7a8f767b9,"size == ""0""","isEmpty == ""True""","peek_obj_type == ""EmptyObject""","push == ""class java.lang.String""","pop == ""none""","clear == ""none""","size_p == ""0""",Yes
6360,1607885829916:8f300e56-ff3e-4e3d-b5f9-eaf82fbbd943,1607885829916:e7aea4a7-0e18-4ba2-8de2-3be7a8f767b9,"size == ""0""","isEmpty == ""True""","peek_obj_type == ""EmptyObject""","push == ""none""","pop == ""EmptyObject""","clear == ""none""","size_p == ""0""",No
6362,1607885829916:8f300e56-ff3e-4e3d-b5f9-eaf82fbbd943,1607885829916:6d8f1f2a-84b5-4801-a765-75cfa86e70b5,"size == ""0""","isEmpty == ""True""","peek_obj_type == ""EmptyObject""","push == ""class java.lang.String""","pop == ""none""","clear == ""none""","size_p == ""0""",Yes
6364,1607885829916:7adea07c-7b37-4beb-bb2a-60e3f3c00155,1607885829917:c455fc1a-a062-4fde-9c1f-4ccaae6f7256,"size == ""1""","isEmpty == ""False""","peek_obj_type == ""class java.lang.String""","push == ""none""","pop == ""none""","clear == ""clear""","size_p == ""0""",Yes
6365,1607885829916:7adea07c-7b37-4beb-bb2a-60e3f3c00155,1607885829917:c455fc1a-a062-4fde-9c1f-4ccaae6f7256,"size == ""1""","isEmpty == ""False""","peek_obj_type == ""class java.lang.String""","push == ""class java.lang.String""","pop == ""none""","clear == ""none""","size_p == ""1""",Yes
6366,1607885829916:7adea07c-7b37-4beb-bb2a-60e3f3c00155,1607885829917:c455fc1a-a062-4fde-9c1f-4ccaae6f7256,"size == ""2""","isEmpty == ""False""","peek_obj_type == ""class java.lang.String""","push == ""none""","pop == ""none""","clear == ""clear""","size_p == ""1""",Yes
6367,1607885829916:7adea07c-7b37-4beb-bb2a-60e3f3c00155,1607885829917:c455fc1a-a062-4fde-9c1f-4ccaae6f7256,"size == ""3""","isEmpty == ""False""","peek_obj_type == ""class java.lang.String""","push == ""none""","pop == ""none""","clear == ""clear""","size_p == ""2""",Yes
6368,1607885829916:7adea07c-7b37-4beb-bb2a-60e3f3c00155,1607885829917:c455fc1a-a062-4fde-9c1f-4ccaae6f7256,"size == ""4""","isEmpty == ""False""","peek_obj_type == ""class java.lang.String""","push == ""none""","pop == ""none""","clear == ""clear""","size_p == ""3""",Yes
6370,1607885829916:7adea07c-7b37-4beb-bb2a-60e3f3c00155,1607885829917:bdb35a08-76d4-4435-8695-4f2bad145352,"size == ""0""","isEmpty == ""True""","peek_obj_type == ""EmptyObject""","push == ""class java.lang.String""","pop == ""none""","clear == ""none""","size_p == ""0""",Yes
6371,1607885829916:7adea07c-7b37-4beb-bb2a-60e3f3c00155,1607885829917:bdb35a08-76d4-4435-8695-4f2bad145352,"size == ""0""","isEmpty == ""True""","peek_obj_type == ""EmptyObject""","push == ""none""","pop == ""EmptyObject""","clear == ""none""","size_p == ""0""",No
6373,1607885829916:70bf82da-e411-4d78-bdda-a61abac4dea8,1607885829916:d9b31782-6804-4dd9-b6aa-e87591ee0dfe,"size == ""1""","isEmpty == ""False""","peek_obj_type == ""class java.lang.String""","push == ""none""","pop == ""none""","clear == ""clear""","size_p == ""0""",Yes
6374,1607885829916:70bf82da-e411-4d78-bdda-a61abac4dea8,1607885829916:d9b31782-6804-4dd9-b6aa-e87591ee0dfe,"size == ""1""","isEmpty == ""False""","peek_obj_type == ""class java.lang.String""","push == ""class java.lang.String""","pop == ""none""","clear == ""none""","size_p == ""1""",Yes
6375,1607885829916:70bf82da-e411-4d78-bdda-a61abac4dea8,1607885829916:d9b31782-6804-4dd9-b6aa-e87591ee0dfe,"size == ""2""","isEmpty == ""False""","peek_obj_type == ""class java.lang.String""","push == ""none""","pop == ""none""","clear == ""clear""","size_p == ""1""",Yes
6377,1607885829916:70bf82da-e411-4d78-bdda-a61abac4dea8,1607885829916:58c0c450-2b79-4593-9440-3f7c754544cb,"size == ""0""","isEmpty == ""True""","peek_obj_type == ""EmptyObject""","push == ""class java.lang.String""","pop == ""none""","clear == ""none""","size_p == ""0""",Yes
6378,1607885829916:70bf82da-e411-4d78-bdda-a61abac4dea8,1607885829916:58c0c450-2b79-4593-9440-3f7c754544cb,"size == ""0""","isEmpty == ""True""","peek_obj_type == ""EmptyObject""","push == ""none""","pop == ""EmptyObject""","clear == ""none""","size_p == ""0""",No
6380,1607885829915:d84c8f5e-14c4-4c40-a002-2c8fd78fd493,1607885829915:cf855fb9-4f47-4133-9e97-ca34f012b3c2,"size == ""1""","isEmpty == ""False""","peek_obj_type == ""class java.lang.String""","push == ""none""","pop == ""none""","clear == ""clear""","size_p == ""0""",Yes
6381,1607885829915:d84c8f5e-14c4-4c40-a002-2c8fd78fd493,1607885829915:cf855fb9-4f47-4133-9e97-ca34f012b3c2,"size == ""1""","isEmpty == ""False""","peek_obj_type == ""class java.lang.String""","push == ""class java.lang.String""","pop == ""none""","clear == ""none""","size_p == ""1""",Yes
6382,1607885829915:d84c8f5e-14c4-4c40-a002-2c8fd78fd493,1607885829915:cf855fb9-4f47-4133-9e97-ca34f012b3c2,"size == ""0""","isEmpty == ""True""","peek_obj_type == ""EmptyObject""","push == ""none""","pop == ""EmptyObject""","clear == ""none""","size_p == ""1""",No
6383,1607885829915:d84c8f5e-14c4-4c40-a002-2c8fd78fd493,1607885829915:cf855fb9-4f47-4133-9e97-ca34f012b3c2,"size == ""1""","isEmpty == ""False""","peek_obj_type == ""class java.lang.String""","push == ""none""","pop == ""none""","clear == ""clear""","size_p == ""0""",Yes
6385,1607885829915:d84c8f5e-14c4-4c40-a002-2c8fd78fd493,1607885829915:95b6e361-2495-4dee-8a39-277ed72e7dc2,"size == ""0""","isEmpty == ""True""","peek_obj_type == ""EmptyObject""","push == ""class java.lang.String""","pop == ""none""","clear == ""none""","size_p == ""0""",Yes
6386,1607885829915:d84c8f5e-14c4-4c40-a002-2c8fd78fd493,1607885829915:95b6e361-2495-4dee-8a39-277ed72e7dc2,"size == ""0""","isEmpty == ""True""","peek_obj_type == ""EmptyObject""","push == ""none""","pop == ""EmptyObject""","clear == ""none""","size_p == ""0""",No
6388,1607885829915:ab4da336-3fe8-4483-a7a1-b8f0c86f9c9d,1607885829915:37f657a9-3d71-497a-956b-ccb6ede64a7d,"size == ""0""","isEmpty == ""True""","peek_obj_type == ""EmptyObject""","push == ""class java.lang.String""","pop == ""none""","clear == ""none""","size_p == ""0""",Yes
6389,1607885829915:ab4da336-3fe8-4483-a7a1-b8f0c86f9c9d,1607885829915:37f657a9-3d71-497a-956b-ccb6ede64a7d,"size == ""0""","isEmpty == ""True""","peek_obj_type == ""EmptyObject""","push == ""none""","pop == ""EmptyObject""","clear == ""none""","size_p == ""0""",No
6391,1607885829915:aab1ece7-0656-4f18-9c70-20ea4a6122c9,1607885829915:404b6e74-9d57-4742-be70-eeb3bba73b35,"size == ""0""","isEmpty == ""True""","peek_obj_type == ""EmptyObject""","push == ""class java.lang.String""","pop == ""none""","clear == ""none""","size_p == ""0""",Yes
6392,1607885829915:aab1ece7-0656-4f18-9c70-20ea4a6122c9,1607885829915:404b6e74-9d57-4742-be70-eeb3bba73b35,"size == ""0""","isEmpty == ""True""","peek_obj_type == ""EmptyObject""","push == ""none""","pop == ""EmptyObject""","clear == ""none""","size_p == ""0""",No
6394,1607885829915:815cec7f-0c95-4f3c-8c82-aeef079a443c,1607885829915:cd776d3f-e618-4e37-af6d-455352309d16,"size == ""0""","isEmpty == ""True""","peek_obj_type == ""EmptyObject""","push == ""class java.lang.String""","pop == ""none""","clear == ""none""","size_p == ""0""",Yes
6395,1607885829915:815cec7f-0c95-4f3c-8c82-aeef079a443c,1607885829915:cd776d3f-e618-4e37-af6d-455352309d16,"size == ""0""","isEmpty == ""True""","peek_obj_type == ""EmptyObject""","push == ""none""","pop == ""EmptyObject""","clear == ""none""","size_p == ""0""",No
6397,1607885829915:815cec7f-0c95-4f3c-8c82-aeef079a443c,1607885829915:ae604374-2406-4440-bcbc-93f0eff426f6,"size == ""0""","isEmpty == ""True""","peek_obj_type == ""EmptyObject""","push == ""class java.lang.String""","pop == ""none""","clear == ""none""","size_p == ""0""",Yes
6399,1607885829915:703a4ddc-e11f-4847-85a2-3e8ec8f5b5a7,1607885829915:e155df3c-bbf6-4395-9f58-f910b347982d,"size == ""0""","isEmpty == ""True""","peek_obj_type == ""EmptyObject""","push == ""class java.lang.String""","pop == ""none""","clear == ""none""","size_p == ""0""",Yes
6400,1607885829915:703a4ddc-e11f-4847-85a2-3e8ec8f5b5a7,1607885829915:e155df3c-bbf6-4395-9f58-f910b347982d,"size == ""0""","isEmpty == ""True""","peek_obj_type == ""EmptyObject""","push == ""none""","pop == ""EmptyObject""","clear == ""none""","size_p == ""0""",No
6402,1607885829914:dc04ecea-a23f-49bb-af27-9deec43e4e37,1607885829915:75faca02-569b-4295-a412-45046d417551,"size == ""0""","isEmpty == ""True""","peek_obj_type == ""EmptyObject""","push == ""class java.lang.String""","pop == ""none""","clear == ""none""","size_p == ""0""",Yes
6403,1607885829914:dc04ecea-a23f-49bb-af27-9deec43e4e37,1607885829915:75faca02-569b-4295-a412-45046d417551,"size == ""0""","isEmpty == ""True""","peek_obj_type == ""EmptyObject""","push == ""none""","pop == ""EmptyObject""","clear == ""none""","size_p == ""0""",No
6405,1607885829914:dc04ecea-a23f-49bb-af27-9deec43e4e37,1607885829914:1d9b904d-934a-462f-a2a3-1d79c40484dd,"size == ""1""","isEmpty == ""False""","peek_obj_type == ""class java.lang.String""","push == ""none""","pop == ""none""","clear == ""clear""","size_p == ""0""",Yes
6406,1607885829914:dc04ecea-a23f-49bb-af27-9deec43e4e37,1607885829914:1d9b904d-934a-462f-a2a3-1d79c40484dd,"size == ""1""","isEmpty == ""False""","peek_obj_type == ""class java.lang.String""","push == ""class java.lang.String""","pop == ""none""","clear == ""none""","size_p == ""1""",Yes
6407,1607885829914:dc04ecea-a23f-49bb-af27-9deec43e4e37,1607885829914:1d9b904d-934a-462f-a2a3-1d79c40484dd,"size == ""0""","isEmpty == ""True""","peek_obj_type == ""EmptyObject""","push == ""none""","pop == ""EmptyObject""","clear == ""none""","size_p == ""1""",No
6408,1607885829914:dc04ecea-a23f-49bb-af27-9deec43e4e37,1607885829914:1d9b904d-934a-462f-a2a3-1d79c40484dd,"size == ""1""","isEmpty == ""False""","peek_obj_type == ""class java.lang.String""","push == ""none""","pop == ""none""","clear == ""clear""","size_p == ""0""",Yes
6410,1607885829914:9dc9708d-86e0-47f6-9663-23f10c72a07e,1607885829914:40ff1f7b-9836-4288-b8e0-3bef64615487,"size == ""0""","isEmpty == ""True""","peek_obj_type == ""EmptyObject""","push == ""class java.lang.String""","pop == ""none""","clear == ""none""","size_p == ""0""",Yes
6411,1607885829914:9dc9708d-86e0-47f6-9663-23f10c72a07e,1607885829914:40ff1f7b-9836-4288-b8e0-3bef64615487,"size == ""0""","isEmpty == ""True""","peek_obj_type == ""EmptyObject""","push == ""none""","pop == ""EmptyObject""","clear == ""none""","size_p == ""0""",No
6413,1607885829914:99ace775-2f5f-40fd-9ab7-a829371fb655,1607885829914:9a8496a6-fcde-4eb9-9b43-8b690c9f8084,"size == ""0""","isEmpty == ""True""","peek_obj_type == ""EmptyObject""","push == ""class java.lang.String""","pop == ""none""","clear == ""none""","size_p == ""0""",Yes
6414,1607885829914:99ace775-2f5f-40fd-9ab7-a829371fb655,1607885829914:9a8496a6-fcde-4eb9-9b43-8b690c9f8084,"size == ""0""","isEmpty == ""True""","peek_obj_type == ""EmptyObject""","push == ""none""","pop == ""EmptyObject""","clear == ""none""","size_p == ""0""",No
6416,1607885829914:99ace775-2f5f-40fd-9ab7-a829371fb655,1607885829914:251b3ab4-bcb1-4153-a540-0228f027d3ef,"size == ""0""","isEmpty == ""True""","peek_obj_type == ""EmptyObject""","push == ""class java.lang.String""","pop == ""none""","clear == ""none""","size_p == ""0""",Yes
6417,1607885829914:99ace775-2f5f-40fd-9ab7-a829371fb655,1607885829914:251b3ab4-bcb1-4153-a540-0228f027d3ef,"size == ""0""","isEmpty == ""True""","peek_obj_type == ""EmptyObject""","push == ""class java.lang.String""","pop == ""none""","clear == ""none""","size_p == ""0""",Yes
6419,1607885829914:81cf223e-e41f-4c62-9b07-53b084fa8258,1607885829914:a31fe1a8-4e90-4e88-b8e1-b5958ff365ba,"size == ""0""","isEmpty == ""True""","peek_obj_type == ""EmptyObject""","push == ""class java.lang.String""","pop == ""none""","clear == ""none""","size_p == ""0""",Yes
6420,1607885829914:81cf223e-e41f-4c62-9b07-53b084fa8258,1607885829914:a31fe1a8-4e90-4e88-b8e1-b5958ff365ba,"size == ""0""","isEmpty == ""True""","peek_obj_type == ""EmptyObject""","push == ""none""","pop == ""EmptyObject""","clear == ""none""","size_p == ""0""",No
6422,1607885829914:81cf223e-e41f-4c62-9b07-53b084fa8258,1607885829914:7474c33f-cc37-4e97-a3e5-4a5e1c95b3f2,"size == ""1""","isEmpty == ""False""","peek_obj_type == ""class java.lang.String""","push == ""none""","pop == ""none""","clear == ""clear""","size_p == ""0""",Yes
6423,1607885829914:81cf223e-e41f-4c62-9b07-53b084fa8258,1607885829914:7474c33f-cc37-4e97-a3e5-4a5e1c95b3f2,"size == ""1""","isEmpty == ""False""","peek_obj_type == ""class java.lang.String""","push == ""class java.lang.String""","pop == ""none""","clear == ""none""","size_p == ""1""",Yes
6424,1607885829914:81cf223e-e41f-4c62-9b07-53b084fa8258,1607885829914:7474c33f-cc37-4e97-a3e5-4a5e1c95b3f2,"size == ""2""","isEmpty == ""False""","peek_obj_type == ""class java.lang.String""","push == ""none""","pop == ""none""","clear == ""clear""","size_p == ""1""",Yes
6425,1607885829914:81cf223e-e41f-4c62-9b07-53b084fa8258,1607885829914:7474c33f-cc37-4e97-a3e5-4a5e1c95b3f2,"size == ""3""","isEmpty == ""False""","peek_obj_type == ""class java.lang.String""","push == ""none""","pop == ""none""","clear == ""clear""","size_p == ""2""",Yes
6426,1607885829914:81cf223e-e41f-4c62-9b07-53b084fa8258,1607885829914:7474c33f-cc37-4e97-a3e5-4a5e1c95b3f2,"size == ""4""","isEmpty == ""False""","peek_obj_type == ""class java.lang.String""","push == ""none""","pop == ""none""","clear == ""clear""","size_p == ""3""",Yes
6428,1607885829914:7ebe94ee-0356-4a89-9400-bf600034a117,1607885829914:f52b51f9-f715-40a6-b573-42eaa6ce508c,"size == ""0""","isEmpty == ""True""","peek_obj_type == ""EmptyObject""","push == ""class java.lang.String""","pop == ""none""","clear == ""none""","size_p == ""0""",Yes
6429,1607885829914:7ebe94ee-0356-4a89-9400-bf600034a117,1607885829914:f52b51f9-f715-40a6-b573-42eaa6ce508c,"size == ""0""","isEmpty == ""True""","peek_obj_type == ""EmptyObject""","push == ""class java.lang.String""","pop == ""none""","clear == ""none""","size_p == ""0""",Yes
6430,1607885829914:7ebe94ee-0356-4a89-9400-bf600034a117,1607885829914:f52b51f9-f715-40a6-b573-42eaa6ce508c,"size == ""0""","isEmpty == ""True""","peek_obj_type == ""EmptyObject""","push == ""class java.lang.String""","pop == ""none""","clear == ""none""","size_p == ""0""",Yes
6432,1607885829914:7ebe94ee-0356-4a89-9400-bf600034a117,1607885829914:66efdacb-9fea-400a-a2c7-09a55d50c938,"size == ""1""","isEmpty == ""False""","peek_obj_type == ""class java.lang.String""","push == ""none""","pop == ""none""","clear == ""clear""","size_p == ""0""",Yes
6433,1607885829914:7ebe94ee-0356-4a89-9400-bf600034a117,1607885829914:66efdacb-9fea-400a-a2c7-09a55d50c938,"size == ""1""","isEmpty == ""False""","peek_obj_type == ""class java.lang.String""","push == ""class java.lang.String""","pop == ""none""","clear == ""none""","size_p == ""1""",Yes
6434,1607885829914:7ebe94ee-0356-4a89-9400-bf600034a117,1607885829914:66efdacb-9fea-400a-a2c7-09a55d50c938,"size == ""0""","isEmpty == ""True""","peek_obj_type == ""EmptyObject""","push == ""none""","pop == ""EmptyObject""","clear == ""none""","size_p == ""1""",No
6435,1607885829914:7ebe94ee-0356-4a89-9400-bf600034a117,1607885829914:66efdacb-9fea-400a-a2c7-09a55d50c938,"size == ""1""","isEmpty == ""False""","peek_obj_type == ""class java.lang.String""","push == ""none""","pop == ""none""","clear == ""clear""","size_p == ""0""",Yes
6437,1607885829914:7ebe94ee-0356-4a89-9400-bf600034a117,1607885829914:3e9add6b-7919-406c-8fa0-25715d381832,"size == ""0""","isEmpty == ""True""","peek_obj_type == ""EmptyObject""","push == ""class java.lang.String""","pop == ""none""","clear == ""none""","size_p == ""0""",Yes
6438,1607885829914:7ebe94ee-0356-4a89-9400-bf600034a117,1607885829914:3e9add6b-7919-406c-8fa0-25715d381832,"size == ""0""","isEmpty == ""True""","peek_obj_type == ""EmptyObject""","push == ""none""","pop == ""EmptyObject""","clear == ""none""","size_p == ""0""",No
6440,1607885829913:af614a8b-5f68-4396-a300-42f24ca70768,1607885829913:2aa0a71e-4a05-426f-8a69-0c6793482a04,"size == ""1""","isEmpty == ""False""","peek_obj_type == ""class java.lang.String""","push == ""none""","pop == ""none""","clear == ""clear""","size_p == ""0""",Yes
6441,1607885829913:af614a8b-5f68-4396-a300-42f24ca70768,1607885829913:2aa0a71e-4a05-426f-8a69-0c6793482a04,"size == ""1""","isEmpty == ""False""","peek_obj_type == ""class java.lang.String""","push == ""class java.lang.String""","pop == ""none""","clear == ""none""","size_p == ""1""",Yes
6442,1607885829913:af614a8b-5f68-4396-a300-42f24ca70768,1607885829913:2aa0a71e-4a05-426f-8a69-0c6793482a04,"size == ""2""","isEmpty == ""False""","peek_obj_type == ""class java.lang.String""","push == ""none""","pop == ""none""","clear == ""clear""","size_p == ""1""",Yes
6443,1607885829913:af614a8b-5f68-4396-a300-42f24ca70768,1607885829913:2aa0a71e-4a05-426f-8a69-0c6793482a04,"size == ""3""","isEmpty == ""False""","peek_obj_type == ""class java.lang.String""","push == ""none""","pop == ""none""","clear == ""clear""","size_p == ""2""",Yes
6444,1607885829913:af614a8b-5f68-4396-a300-42f24ca70768,1607885829913:2aa0a71e-4a05-426f-8a69-0c6793482a04,"size == ""4""","isEmpty == ""False""","peek_obj_type == ""class java.lang.String""","push == ""none""","pop == ""none""","clear == ""clear""","size_p == ""3""",Yes
6446,1607885829913:af614a8b-5f68-4396-a300-42f24ca70768,1607885829913:06e54f03-b9ec-4563-943c-64ddb9a7cc3d,"size == ""0""","isEmpty == ""True""","peek_obj_type == ""EmptyObject""","push == ""class java.lang.String""","pop == ""none""","clear == ""none""","size_p == ""0""",Yes
6447,1607885829913:af614a8b-5f68-4396-a300-42f24ca70768,1607885829913:06e54f03-b9ec-4563-943c-64ddb9a7cc3d,"size == ""0""","isEmpty == ""True""","peek_obj_type == ""EmptyObject""","push == ""none""","pop == ""EmptyObject""","clear == ""none""","size_p == ""0""",No
6449,1607885829913:8f2b5f12-727d-4686-8049-e17845f0a53c,1607885829913:46e16f51-778d-49c1-8708-2c9334e9d623,"size == ""0""","isEmpty == ""True""","peek_obj_type == ""EmptyObject""","push == ""class java.lang.String""","pop == ""none""","clear == ""none""","size_p == ""0""",Yes
6450,1607885829913:8f2b5f12-727d-4686-8049-e17845f0a53c,1607885829913:46e16f51-778d-49c1-8708-2c9334e9d623,"size == ""0""","isEmpty == ""True""","peek_obj_type == ""EmptyObject""","push == ""none""","pop == ""EmptyObject""","clear == ""none""","size_p == ""0""",No
6452,1607885829913:83188051-8439-4050-b5df-7d9330b3bb64,1607885829913:850937de-37c9-4fca-9c1a-9faf9dba2b3b,"size == ""0""","isEmpty == ""True""","peek_obj_type == ""EmptyObject""","push == ""class java.lang.String""","pop == ""none""","clear == ""none""","size_p == ""0""",Yes
6453,1607885829913:83188051-8439-4050-b5df-7d9330b3bb64,1607885829913:850937de-37c9-4fca-9c1a-9faf9dba2b3b,"size == ""0""","isEmpty == ""True""","peek_obj_type == ""EmptyObject""","push == ""none""","pop == ""EmptyObject""","clear == ""none""","size_p == ""0""",No
6455,1607885829913:83188051-8439-4050-b5df-7d9330b3bb64,1607885829913:313714aa-068a-405b-be6b-b197cef9fe78,"size == ""1""","isEmpty == ""False""","peek_obj_type == ""class java.lang.String""","push == ""none""","pop == ""none""","clear == ""clear""","size_p == ""0""",Yes
6456,1607885829913:83188051-8439-4050-b5df-7d9330b3bb64,1607885829913:313714aa-068a-405b-be6b-b197cef9fe78,"size == ""1""","isEmpty == ""False""","peek_obj_type == ""class java.lang.String""","push == ""class java.lang.String""","pop == ""none""","clear == ""none""","size_p == ""1""",Yes
6457,1607885829913:83188051-8439-4050-b5df-7d9330b3bb64,1607885829913:313714aa-068a-405b-be6b-b197cef9fe78,"size == ""2""","isEmpty == ""False""","peek_obj_type == ""class java.lang.String""","push == ""none""","pop == ""none""","clear == ""clear""","size_p == ""1""",Yes
6459,1607885829913:78f2a853-0edd-4cb2-9c95-022f3b1f6918,1607885829913:978468f4-cc5c-480e-82f9-f0bd964ac8d6,"size == ""0""","isEmpty == ""True""","peek_obj_type == ""EmptyObject""","push == ""class java.lang.String""","pop == ""none""","clear == ""none""","size_p == ""0""",Yes
6460,1607885829913:78f2a853-0edd-4cb2-9c95-022f3b1f6918,1607885829913:978468f4-cc5c-480e-82f9-f0bd964ac8d6,"size == ""0""","isEmpty == ""True""","peek_obj_type == ""EmptyObject""","push == ""none""","pop == ""EmptyObject""","clear == ""none""","size_p == ""0""",No
6462,1607885829913:78f2a853-0edd-4cb2-9c95-022f3b1f6918,1607885829913:4fc0e67d-9976-4e2a-8034-0d74492acba8,"size == ""1""","isEmpty == ""False""","peek_obj_type == ""class java.lang.String""","push == ""none""","pop == ""none""","clear == ""clear""","size_p == ""0""",Yes
6463,1607885829913:78f2a853-0edd-4cb2-9c95-022f3b1f6918,1607885829913:4fc0e67d-9976-4e2a-8034-0d74492acba8,"size == ""1""","isEmpty == ""False""","peek_obj_type == ""class java.lang.String""","push == ""class java.lang.String""","pop == ""none""","clear == ""none""","size_p == ""1""",Yes
6464,1607885829913:78f2a853-0edd-4cb2-9c95-022f3b1f6918,1607885829913:4fc0e67d-9976-4e2a-8034-0d74492acba8,"size == ""0""","isEmpty == ""True""","peek_obj_type == ""EmptyObject""","push == ""none""","pop == ""EmptyObject""","clear == ""none""","size_p == ""1""",No
6465,1607885829913:78f2a853-0edd-4cb2-9c95-022f3b1f6918,1607885829913:4fc0e67d-9976-4e2a-8034-0d74492acba8,"size == ""1""","isEmpty == ""False""","peek_obj_type == ""class java.lang.String""","push == ""none""","pop == ""none""","clear == ""clear""","size_p == ""0""",Yes
6467,1607885829913:295b9c07-c8e4-408c-9b57-6570e3db8213,1607885829913:bf4e748e-9837-4971-b347-606dfaea5df2,"size == ""0""","isEmpty == ""True""","peek_obj_type == ""EmptyObject""","push == ""class java.lang.String""","pop == ""none""","clear == ""none""","size_p == ""0""",Yes
6468,1607885829913:295b9c07-c8e4-408c-9b57-6570e3db8213,1607885829913:bf4e748e-9837-4971-b347-606dfaea5df2,"size == ""0""","isEmpty == ""True""","peek_obj_type == ""EmptyObject""","push == ""class java.lang.String""","pop == ""none""","clear == ""none""","size_p == ""0""",Yes
6469,1607885829913:295b9c07-c8e4-408c-9b57-6570e3db8213,1607885829913:bf4e748e-9837-4971-b347-606dfaea5df2,"size == ""0""","isEmpty == ""True""","peek_obj_type == ""EmptyObject""","push == ""class java.lang.String""","pop == ""none""","clear == ""none""","size_p == ""0""",Yes
6471,1607885829913:295b9c07-c8e4-408c-9b57-6570e3db8213,1607885829913:443e55a6-b6ad-4f79-bba1-01b55fe0646c,"size == ""0""","isEmpty == ""True""","peek_obj_type == ""EmptyObject""","push == ""class java.lang.String""","pop == ""none""","clear == ""none""","size_p == ""0""",Yes
6472,1607885829913:295b9c07-c8e4-408c-9b57-6570e3db8213,1607885829913:443e55a6-b6ad-4f79-bba1-01b55fe0646c,"size == ""0""","isEmpty == ""True""","peek_obj_type == ""EmptyObject""","push == ""none""","pop == ""EmptyObject""","clear == ""none""","size_p == ""0""",No
6474,1607885829913:1e349b82-6417-4a73-aade-ee4f16c20648,1607885829913:02582271-64af-4320-ba8b-54494544dad6,"size == ""0""","isEmpty == ""True""","peek_obj_type == ""EmptyObject""","push == ""class java.lang.String""","pop == ""none""","clear == ""none""","size_p == ""0""",Yes
6475,1607885829913:1e349b82-6417-4a73-aade-ee4f16c20648,1607885829913:02582271-64af-4320-ba8b-54494544dad6,"size == ""0""","isEmpty == ""True""","peek_obj_type == ""EmptyObject""","push == ""none""","pop == ""EmptyObject""","clear == ""none""","size_p == ""0""",No
6477,1607885829912:fdedd8c9-f88c-4543-b480-ca6337b38305,1607885829912:34a21986-bea3-4419-a6fe-4baa1bb9b737,"size == ""0""","isEmpty == ""True""","peek_obj_type == ""EmptyObject""","push == ""class java.lang.String""","pop == ""none""","clear == ""none""","size_p == ""0""",Yes
6478,1607885829912:fdedd8c9-f88c-4543-b480-ca6337b38305,1607885829912:34a21986-bea3-4419-a6fe-4baa1bb9b737,"size == ""0""","isEmpty == ""True""","peek_obj_type == ""EmptyObject""","push == ""class java.lang.String""","pop == ""none""","clear == ""none""","size_p == ""0""",Yes
6479,1607885829912:fdedd8c9-f88c-4543-b480-ca6337b38305,1607885829912:34a21986-bea3-4419-a6fe-4baa1bb9b737,"size == ""0""","isEmpty == ""True""","peek_obj_type == ""EmptyObject""","push == ""class java.lang.String""","pop == ""none""","clear == ""none""","size_p == ""0""",Yes
6480,1607885829912:fdedd8c9-f88c-4543-b480-ca6337b38305,1607885829912:34a21986-bea3-4419-a6fe-4baa1bb9b737,"size == ""1""","isEmpty == ""False""","peek_obj_type == ""class java.lang.String""","push == ""none""","pop == ""none""","clear == ""clear""","size_p == ""0""",Yes
6482,1607885829912:fdedd8c9-f88c-4543-b480-ca6337b38305,1607885829912:143689cc-47f1-4692-9347-129323ca99d6,"size == ""0""","isEmpty == ""True""","peek_obj_type == ""EmptyObject""","push == ""class java.lang.String""","pop == ""none""","clear == ""none""","size_p == ""0""",Yes
6484,1607885829912:fdedd8c9-f88c-4543-b480-ca6337b38305,1607885829912:0351bffe-52cf-432e-89a4-448da4e891c9,"size == ""0""","isEmpty == ""True""","peek_obj_type == ""EmptyObject""","push == ""class java.lang.String""","pop == ""none""","clear == ""none""","size_p == ""0""",Yes
6485,1607885829912:fdedd8c9-f88c-4543-b480-ca6337b38305,1607885829912:0351bffe-52cf-432e-89a4-448da4e891c9,"size == ""0""","isEmpty == ""True""","peek_obj_type == ""EmptyObject""","push == ""none""","pop == ""EmptyObject""","clear == ""none""","size_p == ""0""",No
6487,1607885829912:fc8e809c-20b2-475e-8cc2-0c3f017275bc,1607885829912:d6ae0020-9a4c-4dfa-bea8-e7aefa73ac38,"size == ""0""","isEmpty == ""True""","peek_obj_type == ""EmptyObject""","push == ""class java.lang.String""","pop == ""none""","clear == ""none""","size_p == ""0""",Yes
6488,1607885829912:fc8e809c-20b2-475e-8cc2-0c3f017275bc,1607885829912:d6ae0020-9a4c-4dfa-bea8-e7aefa73ac38,"size == ""0""","isEmpty == ""True""","peek_obj_type == ""EmptyObject""","push == ""none""","pop == ""EmptyObject""","clear == ""none""","size_p == ""0""",No
6490,1607885829912:f2c67434-3ec8-496f-a642-207cb3856f4d,1607885829912:fc0367b8-7c8a-4b5f-9122-caedc3618f1f,"size == ""0""","isEmpty == ""True""","peek_obj_type == ""EmptyObject""","push == ""class java.lang.String""","pop == ""none""","clear == ""none""","size_p == ""0""",Yes
6491,1607885829912:f2c67434-3ec8-496f-a642-207cb3856f4d,1607885829912:fc0367b8-7c8a-4b5f-9122-caedc3618f1f,"size == ""0""","isEmpty == ""True""","peek_obj_type == ""EmptyObject""","push == ""none""","pop == ""EmptyObject""","clear == ""none""","size_p == ""0""",No
6493,1607885829912:bcb1670a-ba4e-4453-a429-c3fda8fc651b,1607885829912:0196f517-616e-4ef1-822d-ae14056960a8,"size == ""0""","isEmpty == ""True""","peek_obj_type == ""EmptyObject""","push == ""class java.lang.String""","pop == ""none""","clear == ""none""","size_p == ""0""",Yes
6494,1607885829912:bcb1670a-ba4e-4453-a429-c3fda8fc651b,1607885829912:0196f517-616e-4ef1-822d-ae14056960a8,"size == ""0""","isEmpty == ""True""","peek_obj_type == ""EmptyObject""","push == ""none""","pop == ""EmptyObject""","clear == ""none""","size_p == ""0""",No
6496,1607885829912:a335c8fe-634c-421c-826e-f31d175d6352,1607885829912:6b5485de-aa76-4042-8aa2-83c35d89f328,"size == ""0""","isEmpty == ""True""","peek_obj_type == ""EmptyObject""","push == ""class java.lang.String""","pop == ""none""","clear == ""none""","size_p == ""0""",Yes
6497,1607885829912:a335c8fe-634c-421c-826e-f31d175d6352,1607885829912:6b5485de-aa76-4042-8aa2-83c35d89f328,"size == ""0""","isEmpty == ""True""","peek_obj_type == ""EmptyObject""","push == ""none""","pop == ""EmptyObject""","clear == ""none""","size_p == ""0""",No
6499,1607885829912:a335c8fe-634c-421c-826e-f31d175d6352,1607885829912:0ab338cf-3790-4eef-98c4-f2acbaae9869,"size == ""0""","isEmpty == ""True""","peek_obj_type == ""EmptyObject""","push == ""class java.lang.String""","pop == ""none""","clear == ""none""","size_p == ""0""",Yes
6500,1607885829912:a335c8fe-634c-421c-826e-f31d175d6352,1607885829912:0ab338cf-3790-4eef-98c4-f2acbaae9869,"size == ""0""","isEmpty == ""True""","peek_obj_type == ""EmptyObject""","push == ""class java.lang.String""","pop == ""none""","clear == ""none""","size_p == ""0""",Yes
6502,1607885829912:8969e743-c7fa-4dbd-81e3-98787554c56a,1607885829912:c564e8c0-d515-4777-ba4d-4c1ae47f1cb7,"size == ""0""","isEmpty == ""True""","peek_obj_type == ""EmptyObject""","push == ""class java.lang.String""","pop == ""none""","clear == ""none""","size_p == ""0""",Yes
6503,1607885829912:8969e743-c7fa-4dbd-81e3-98787554c56a,1607885829912:c564e8c0-d515-4777-ba4d-4c1ae47f1cb7,"size == ""0""","isEmpty == ""True""","peek_obj_type == ""EmptyObject""","push == ""none""","pop == ""EmptyObject""","clear == ""none""","size_p == ""0""",No
6505,1607885829912:8969e743-c7fa-4dbd-81e3-98787554c56a,1607885829912:76d0cab4-0f8c-479b-a26f-d1ffea0c83c1,"size == ""1""","isEmpty == ""False""","peek_obj_type == ""class java.lang.String""","push == ""none""","pop == ""none""","clear == ""clear""","size_p == ""0""",Yes
6506,1607885829912:8969e743-c7fa-4dbd-81e3-98787554c56a,1607885829912:76d0cab4-0f8c-479b-a26f-d1ffea0c83c1,"size == ""1""","isEmpty == ""False""","peek_obj_type == ""class java.lang.String""","push == ""class java.lang.String""","pop == ""none""","clear == ""none""","size_p == ""1""",Yes
6507,1607885829912:8969e743-c7fa-4dbd-81e3-98787554c56a,1607885829912:76d0cab4-0f8c-479b-a26f-d1ffea0c83c1,"size == ""2""","isEmpty == ""False""","peek_obj_type == ""class java.lang.String""","push == ""none""","pop == ""none""","clear == ""clear""","size_p == ""1""",Yes
6508,1607885829912:8969e743-c7fa-4dbd-81e3-98787554c56a,1607885829912:76d0cab4-0f8c-479b-a26f-d1ffea0c83c1,"size == ""3""","isEmpty == ""False""","peek_obj_type == ""class java.lang.String""","push == ""none""","pop == ""none""","clear == ""clear""","size_p == ""2""",Yes
6509,1607885829912:8969e743-c7fa-4dbd-81e3-98787554c56a,1607885829912:76d0cab4-0f8c-479b-a26f-d1ffea0c83c1,"size == ""4""","isEmpty == ""False""","peek_obj_type == ""class java.lang.String""","push == ""none""","pop == ""none""","clear == ""clear""","size_p == ""3""",Yes
6511,1607885829911:bfabe2a0-5fa9-4d13-9470-94f6d25345df,1607885829911:ed5e519d-3491-4c09-abb5-d3aa5b8705c7,"size == ""0""","isEmpty == ""True""","peek_obj_type == ""EmptyObject""","push == ""class java.lang.String""","pop == ""none""","clear == ""none""","size_p == ""0""",Yes
6512,1607885829911:bfabe2a0-5fa9-4d13-9470-94f6d25345df,1607885829911:ed5e519d-3491-4c09-abb5-d3aa5b8705c7,"size == ""0""","isEmpty == ""True""","peek_obj_type == ""EmptyObject""","push == ""none""","pop == ""EmptyObject""","clear == ""none""","size_p == ""0""",No
6514,1607885829911:70104ebc-7dbb-4e89-8072-96d28359fbb5,1607885829911:fa14bbda-d512-4f63-8474-f4b4c7948922,"size == ""0""","isEmpty == ""True""","peek_obj_type == ""EmptyObject""","push == ""class java.lang.String""","pop == ""none""","clear == ""none""","size_p == ""0""",Yes
6515,1607885829911:70104ebc-7dbb-4e89-8072-96d28359fbb5,1607885829911:fa14bbda-d512-4f63-8474-f4b4c7948922,"size == ""0""","isEmpty == ""True""","peek_obj_type == ""EmptyObject""","push == ""none""","pop == ""EmptyObject""","clear == ""none""","size_p == ""0""",No
6517,1607885829911:70104ebc-7dbb-4e89-8072-96d28359fbb5,1607885829911:0262ffb8-032a-4557-9522-93b6bdabeb07,"size == ""1""","isEmpty == ""False""","peek_obj_type == ""class java.lang.String""","push == ""none""","pop == ""none""","clear == ""clear""","size_p == ""0""",Yes
6518,1607885829911:70104ebc-7dbb-4e89-8072-96d28359fbb5,1607885829911:0262ffb8-032a-4557-9522-93b6bdabeb07,"size == ""1""","isEmpty == ""False""","peek_obj_type == ""class java.lang.String""","push == ""class java.lang.String""","pop == ""none""","clear == ""none""","size_p == ""1""",Yes
6519,1607885829911:70104ebc-7dbb-4e89-8072-96d28359fbb5,1607885829911:0262ffb8-032a-4557-9522-93b6bdabeb07,"size == ""0""","isEmpty == ""True""","peek_obj_type == ""EmptyObject""","push == ""none""","pop == ""EmptyObject""","clear == ""none""","size_p == ""1""",No
6520,1607885829911:70104ebc-7dbb-4e89-8072-96d28359fbb5,1607885829911:0262ffb8-032a-4557-9522-93b6bdabeb07,"size == ""1""","isEmpty == ""False""","peek_obj_type == ""class java.lang.String""","push == ""none""","pop == ""none""","clear == ""clear""","size_p == ""0""",Yes
6522,1607885829911:3b3424a8-40d7-4b68-9866-1e492bc3e1db,1607885829911:610fd3f0-24ef-422a-8426-bfeb296615d5,"size == ""0""","isEmpty == ""True""","peek_obj_type == ""EmptyObject""","push == ""class java.lang.String""","pop == ""none""","clear == ""none""","size_p == ""0""",Yes
6523,1607885829911:3b3424a8-40d7-4b68-9866-1e492bc3e1db,1607885829911:610fd3f0-24ef-422a-8426-bfeb296615d5,"size == ""0""","isEmpty == ""True""","peek_obj_type == ""EmptyObject""","push == ""none""","pop == ""EmptyObject""","clear == ""none""","size_p == ""0""",No
6525,1607885829911:066fe661-ce0e-499a-862d-fef58be33c81,1607885829911:c4a688a6-8337-45ac-9d4c-05e6442c9a0b,"size == ""0""","isEmpty == ""True""","peek_obj_type == ""EmptyObject""","push == ""class java.lang.String""","pop == ""none""","clear == ""none""","size_p == ""0""",Yes
6526,1607885829911:066fe661-ce0e-499a-862d-fef58be33c81,1607885829911:c4a688a6-8337-45ac-9d4c-05e6442c9a0b,"size == ""0""","isEmpty == ""True""","peek_obj_type == ""EmptyObject""","push == ""none""","pop == ""EmptyObject""","clear == ""none""","size_p == ""0""",No
6528,1607885829910:f35ebd5d-4a40-47af-a6e6-238094dc9c3c,1607885829910:41635633-1042-46f6-9832-eee3c8489333,"size == ""1""","isEmpty == ""False""","peek_obj_type == ""class java.lang.String""","push == ""none""","pop == ""none""","clear == ""clear""","size_p == ""0""",Yes
6529,1607885829910:f35ebd5d-4a40-47af-a6e6-238094dc9c3c,1607885829910:41635633-1042-46f6-9832-eee3c8489333,"size == ""1""","isEmpty == ""False""","peek_obj_type == ""class java.lang.String""","push == ""class java.lang.String""","pop == ""none""","clear == ""none""","size_p == ""1""",Yes
6530,1607885829910:f35ebd5d-4a40-47af-a6e6-238094dc9c3c,1607885829910:41635633-1042-46f6-9832-eee3c8489333,"size == ""0""","isEmpty == ""True""","peek_obj_type == ""EmptyObject""","push == ""none""","pop == ""EmptyObject""","clear == ""none""","size_p == ""1""",No
6531,1607885829910:f35ebd5d-4a40-47af-a6e6-238094dc9c3c,1607885829910:41635633-1042-46f6-9832-eee3c8489333,"size == ""1""","isEmpty == ""False""","peek_obj_type == ""class java.lang.String""","push == ""none""","pop == ""none""","clear == ""clear""","size_p == ""0""",Yes
6533,1607885829910:f35ebd5d-4a40-47af-a6e6-238094dc9c3c,1607885829910:183a1b88-3436-49e2-97c7-02fce4d15c20,"size == ""0""","isEmpty == ""True""","peek_obj_type == ""EmptyObject""","push == ""class java.lang.String""","pop == ""none""","clear == ""none""","size_p == ""0""",Yes
6534,1607885829910:f35ebd5d-4a40-47af-a6e6-238094dc9c3c,1607885829910:183a1b88-3436-49e2-97c7-02fce4d15c20,"size == ""0""","isEmpty == ""True""","peek_obj_type == ""EmptyObject""","push == ""none""","pop == ""EmptyObject""","clear == ""none""","size_p == ""0""",No
6536,1607885829910:db866ed0-d588-4d67-8529-b88beb8017f4,1607885829910:dbc9265a-7c4c-4a1b-a6de-825def5827fa,"size == ""0""","isEmpty == ""True""","peek_obj_type == ""EmptyObject""","push == ""class java.lang.String""","pop == ""none""","clear == ""none""","size_p == ""0""",Yes
6537,1607885829910:db866ed0-d588-4d67-8529-b88beb8017f4,1607885829910:dbc9265a-7c4c-4a1b-a6de-825def5827fa,"size == ""0""","isEmpty == ""True""","peek_obj_type == ""EmptyObject""","push == ""class java.lang.String""","pop == ""none""","clear == ""none""","size_p == ""0""",Yes
6539,1607885829910:db866ed0-d588-4d67-8529-b88beb8017f4,1607885829910:0214b200-998d-4a84-b55f-61808a8ea212,"size == ""0""","isEmpty == ""True""","peek_obj_type == ""EmptyObject""","push == ""class java.lang.String""","pop == ""none""","clear == ""none""","size_p == ""0""",Yes
6540,1607885829910:db866ed0-d588-4d67-8529-b88beb8017f4,1607885829910:0214b200-998d-4a84-b55f-61808a8ea212,"size == ""0""","isEmpty == ""True""","peek_obj_type == ""EmptyObject""","push == ""none""","pop == ""EmptyObject""","clear == ""none""","size_p == ""0""",No
6542,1607885829910:b7b7e7af-3c01-44d3-a5ae-def3636e8de1,1607885829910:24950083-6e94-43a2-aa32-762b72ced50d,"size == ""0""","isEmpty == ""True""","peek_obj_type == ""EmptyObject""","push == ""class java.lang.String""","pop == ""none""","clear == ""none""","size_p == ""0""",Yes
6543,1607885829910:b7b7e7af-3c01-44d3-a5ae-def3636e8de1,1607885829910:24950083-6e94-43a2-aa32-762b72ced50d,"size == ""0""","isEmpty == ""True""","peek_obj_type == ""EmptyObject""","push == ""none""","pop == ""EmptyObject""","clear == ""none""","size_p == ""0""",No
6545,1607885829910:4cb6d5cb-0874-49e8-988e-23000589c168,1607885829910:b1923827-f8e1-40ca-95b5-953163d1b12e,"size == ""0""","isEmpty == ""True""","peek_obj_type == ""EmptyObject""","push == ""class java.lang.String""","pop == ""none""","clear == ""none""","size_p == ""0""",Yes
6546,1607885829910:4cb6d5cb-0874-49e8-988e-23000589c168,1607885829910:b1923827-f8e1-40ca-95b5-953163d1b12e,"size == ""0""","isEmpty == ""True""","peek_obj_type == ""EmptyObject""","push == ""none""","pop == ""EmptyObject""","clear == ""none""","size_p == ""0""",No
6548,1607885829910:415e6815-039a-4810-a636-3095b9819b40,1607885829910:edf24624-38b4-4150-8ad5-133293a857a1,"size == ""1""","isEmpty == ""False""","peek_obj_type == ""class java.lang.String""","push == ""none""","pop == ""none""","clear == ""clear""","size_p == ""0""",Yes
6549,1607885829910:415e6815-039a-4810-a636-3095b9819b40,1607885829910:edf24624-38b4-4150-8ad5-133293a857a1,"size == ""1""","isEmpty == ""False""","peek_obj_type == ""class java.lang.String""","push == ""class java.lang.String""","pop == ""none""","clear == ""none""","size_p == ""1""",Yes
6550,1607885829910:415e6815-039a-4810-a636-3095b9819b40,1607885829910:edf24624-38b4-4150-8ad5-133293a857a1,"size == ""2""","isEmpty == ""False""","peek_obj_type == ""class java.lang.String""","push == ""none""","pop == ""none""","clear == ""clear""","size_p == ""1""",Yes
6551,1607885829910:415e6815-039a-4810-a636-3095b9819b40,1607885829910:edf24624-38b4-4150-8ad5-133293a857a1,"size == ""3""","isEmpty == ""False""","peek_obj_type == ""class java.lang.String""","push == ""none""","pop == ""none""","clear == ""clear""","size_p == ""2""",Yes
6552,1607885829910:415e6815-039a-4810-a636-3095b9819b40,1607885829910:edf24624-38b4-4150-8ad5-133293a857a1,"size == ""4""","isEmpty == ""False""","peek_obj_type == ""class java.lang.String""","push == ""none""","pop == ""none""","clear == ""clear""","size_p == ""3""",Yes
6554,1607885829910:415e6815-039a-4810-a636-3095b9819b40,1607885829910:d7d165f4-cbec-4340-ab81-4a5cc7bcae79,"size == ""0""","isEmpty == ""True""","peek_obj_type == ""EmptyObject""","push == ""class java.lang.String""","pop == ""none""","clear == ""none""","size_p == ""0""",Yes
6555,1607885829910:415e6815-039a-4810-a636-3095b9819b40,1607885829910:d7d165f4-cbec-4340-ab81-4a5cc7bcae79,"size == ""0""","isEmpty == ""True""","peek_obj_type == ""EmptyObject""","push == ""none""","pop == ""EmptyObject""","clear == ""none""","size_p == ""0""",No
6557,1607885829910:415e6815-039a-4810-a636-3095b9819b40,1607885829910:3125aa56-e575-4a0e-a353-aa62de795f63,"size == ""1""","isEmpty == ""False""","peek_obj_type == ""class java.lang.String""","push == ""none""","pop == ""none""","clear == ""clear""","size_p == ""0""",Yes
6558,1607885829910:415e6815-039a-4810-a636-3095b9819b40,1607885829910:3125aa56-e575-4a0e-a353-aa62de795f63,"size == ""1""","isEmpty == ""False""","peek_obj_type == ""class java.lang.String""","push == ""class java.lang.String""","pop == ""none""","clear == ""none""","size_p == ""1""",Yes
6559,1607885829910:415e6815-039a-4810-a636-3095b9819b40,1607885829910:3125aa56-e575-4a0e-a353-aa62de795f63,"size == ""2""","isEmpty == ""False""","peek_obj_type == ""class java.lang.String""","push == ""none""","pop == ""none""","clear == ""clear""","size_p == ""1""",Yes
6560,1607885829910:415e6815-039a-4810-a636-3095b9819b40,1607885829910:3125aa56-e575-4a0e-a353-aa62de795f63,"size == ""3""","isEmpty == ""False""","peek_obj_type == ""class java.lang.String""","push == ""none""","pop == ""none""","clear == ""clear""","size_p == ""2""",Yes
6561,1607885829910:415e6815-039a-4810-a636-3095b9819b40,1607885829910:3125aa56-e575-4a0e-a353-aa62de795f63,"size == ""4""","isEmpty == ""False""","peek_obj_type == ""class java.lang.String""","push == ""none""","pop == ""none""","clear == ""clear""","size_p == ""3""",Yes
6563,1607885829909:cf323f38-15d4-4aaa-a384-f19944f73210,1607885829909:b6f78bd0-0523-42bd-b972-d6774a9d593f,"size == ""0""","isEmpty == ""True""","peek_obj_type == ""EmptyObject""","push == ""class java.lang.String""","pop == ""none""","clear == ""none""","size_p == ""0""",Yes
6564,1607885829909:cf323f38-15d4-4aaa-a384-f19944f73210,1607885829909:b6f78bd0-0523-42bd-b972-d6774a9d593f,"size == ""0""","isEmpty == ""True""","peek_obj_type == ""EmptyObject""","push == ""class java.lang.String""","pop == ""none""","clear == ""none""","size_p == ""0""",Yes
6565,1607885829909:cf323f38-15d4-4aaa-a384-f19944f73210,1607885829909:b6f78bd0-0523-42bd-b972-d6774a9d593f,"size == ""1""","isEmpty == ""False""","peek_obj_type == ""class java.lang.String""","push == ""none""","pop == ""none""","clear == ""clear""","size_p == ""0""",Yes
6566,1607885829909:cf323f38-15d4-4aaa-a384-f19944f73210,1607885829909:b6f78bd0-0523-42bd-b972-d6774a9d593f,"size == ""2""","isEmpty == ""False""","peek_obj_type == ""class java.lang.String""","push == ""none""","pop == ""none""","clear == ""clear""","size_p == ""1""",Yes
6567,1607885829909:cf323f38-15d4-4aaa-a384-f19944f73210,1607885829909:b6f78bd0-0523-42bd-b972-d6774a9d593f,"size == ""3""","isEmpty == ""False""","peek_obj_type == ""class java.lang.String""","push == ""none""","pop == ""none""","clear == ""clear""","size_p == ""2""",Yes
6569,1607885829909:cf1de836-ee2e-47b3-b5a1-d266a0013f1b,1607885829909:eafc7598-102a-449f-890c-c431cd1d8d84,"size == ""1""","isEmpty == ""False""","peek_obj_type == ""class java.lang.String""","push == ""none""","pop == ""none""","clear == ""clear""","size_p == ""0""",Yes
6570,1607885829909:cf1de836-ee2e-47b3-b5a1-d266a0013f1b,1607885829909:eafc7598-102a-449f-890c-c431cd1d8d84,"size == ""1""","isEmpty == ""False""","peek_obj_type == ""class java.lang.String""","push == ""class java.lang.String""","pop == ""none""","clear == ""none""","size_p == ""1""",Yes
6571,1607885829909:cf1de836-ee2e-47b3-b5a1-d266a0013f1b,1607885829909:eafc7598-102a-449f-890c-c431cd1d8d84,"size == ""2""","isEmpty == ""False""","peek_obj_type == ""class java.lang.String""","push == ""none""","pop == ""none""","clear == ""clear""","size_p == ""1""",Yes
6572,1607885829909:cf1de836-ee2e-47b3-b5a1-d266a0013f1b,1607885829909:eafc7598-102a-449f-890c-c431cd1d8d84,"size == ""3""","isEmpty == ""False""","peek_obj_type == ""class java.lang.String""","push == ""none""","pop == ""none""","clear == ""clear""","size_p == ""2""",Yes
6573,1607885829909:cf1de836-ee2e-47b3-b5a1-d266a0013f1b,1607885829909:eafc7598-102a-449f-890c-c431cd1d8d84,"size == ""4""","isEmpty == ""False""","peek_obj_type == ""class java.lang.String""","push == ""none""","pop == ""none""","clear == ""clear""","size_p == ""3""",Yes
6575,1607885829909:cf1de836-ee2e-47b3-b5a1-d266a0013f1b,1607885829909:77430cf6-c626-4d35-ae45-b84d64b3df17,"size == ""0""","isEmpty == ""True""","peek_obj_type == ""EmptyObject""","push == ""class java.lang.String""","pop == ""none""","clear == ""none""","size_p == ""0""",Yes
6576,1607885829909:cf1de836-ee2e-47b3-b5a1-d266a0013f1b,1607885829909:77430cf6-c626-4d35-ae45-b84d64b3df17,"size == ""0""","isEmpty == ""True""","peek_obj_type == ""EmptyObject""","push == ""none""","pop == ""EmptyObject""","clear == ""none""","size_p == ""0""",No
6578,1607885829909:8d57369a-9b3e-43d5-a368-214305a85175,1607885829909:a7f97f00-8c5b-43f5-b630-e1fbca9611a2,"size == ""1""","isEmpty == ""False""","peek_obj_type == ""class java.lang.String""","push == ""none""","pop == ""none""","clear == ""clear""","size_p == ""0""",Yes
6579,1607885829909:8d57369a-9b3e-43d5-a368-214305a85175,1607885829909:a7f97f00-8c5b-43f5-b630-e1fbca9611a2,"size == ""1""","isEmpty == ""False""","peek_obj_type == ""class java.lang.String""","push == ""class java.lang.String""","pop == ""none""","clear == ""none""","size_p == ""1""",No
6581,1607885829909:43a5a2c1-1b6c-464f-8e37-5e5d75d8c3e8,1607885829909:d0441323-773d-417d-8229-78282b1632ae,"size == ""0""","isEmpty == ""True""","peek_obj_type == ""EmptyObject""","push == ""class java.lang.String""","pop == ""none""","clear == ""none""","size_p == ""0""",Yes
6582,1607885829909:43a5a2c1-1b6c-464f-8e37-5e5d75d8c3e8,1607885829909:d0441323-773d-417d-8229-78282b1632ae,"size == ""0""","isEmpty == ""True""","peek_obj_type == ""EmptyObject""","push == ""none""","pop == ""EmptyObject""","clear == ""none""","size_p == ""0""",No
6584,1607885829909:43a5a2c1-1b6c-464f-8e37-5e5d75d8c3e8,1607885829909:9842cb9f-0828-49bb-b4fb-5a5d1b7ba091,"size == ""1""","isEmpty == ""False""","peek_obj_type == ""class java.lang.String""","push == ""none""","pop == ""none""","clear == ""clear""","size_p == ""0""",Yes
6585,1607885829909:43a5a2c1-1b6c-464f-8e37-5e5d75d8c3e8,1607885829909:9842cb9f-0828-49bb-b4fb-5a5d1b7ba091,"size == ""1""","isEmpty == ""False""","peek_obj_type == ""class java.lang.String""","push == ""class java.lang.String""","pop == ""none""","clear == ""none""","size_p == ""1""",Yes
6586,1607885829909:43a5a2c1-1b6c-464f-8e37-5e5d75d8c3e8,1607885829909:9842cb9f-0828-49bb-b4fb-5a5d1b7ba091,"size == ""2""","isEmpty == ""False""","peek_obj_type == ""class java.lang.String""","push == ""none""","pop == ""none""","clear == ""clear""","size_p == ""1""",Yes
6588,1607885829909:135a8c7f-6052-4b96-9e4c-ba0ebba8d523,1607885829909:f9f61d36-048f-4f1e-9845-0bb24e14183c,"size == ""0""","isEmpty == ""True""","peek_obj_type == ""EmptyObject""","push == ""class java.lang.String""","pop == ""none""","clear == ""none""","size_p == ""0""",Yes
6589,1607885829909:135a8c7f-6052-4b96-9e4c-ba0ebba8d523,1607885829909:f9f61d36-048f-4f1e-9845-0bb24e14183c,"size == ""0""","isEmpty == ""True""","peek_obj_type == ""EmptyObject""","push == ""none""","pop == ""EmptyObject""","clear == ""none""","size_p == ""0""",No
6592,1607885829909:135a8c7f-6052-4b96-9e4c-ba0ebba8d523,1607885829909:3eae90e7-0d4e-4d37-ad8e-6a1771dd86fc,"size == ""0""","isEmpty == ""True""","peek_obj_type == ""EmptyObject""","push == ""class java.lang.String""","pop == ""none""","clear == ""none""","size_p == ""0""",Yes
6594,1607885829909:07f88615-65db-433a-ac04-dd615ff5fe8b,1607885829909:aefd75b7-55a6-424f-ac24-0827a94e7755,"size == ""0""","isEmpty == ""True""","peek_obj_type == ""EmptyObject""","push == ""class java.lang.String""","pop == ""none""","clear == ""none""","size_p == ""0""",Yes
6595,1607885829909:07f88615-65db-433a-ac04-dd615ff5fe8b,1607885829909:aefd75b7-55a6-424f-ac24-0827a94e7755,"size == ""0""","isEmpty == ""True""","peek_obj_type == ""EmptyObject""","push == ""none""","pop == ""EmptyObject""","clear == ""none""","size_p == ""0""",No
6597,1607885829909:07f88615-65db-433a-ac04-dd615ff5fe8b,1607885829909:6237230a-111d-47dc-88f9-fce898329873,"size == ""1""","isEmpty == ""False""","peek_obj_type == ""class java.lang.String""","push == ""none""","pop == ""none""","clear == ""clear""","size_p == ""0""",Yes
6598,1607885829909:07f88615-65db-433a-ac04-dd615ff5fe8b,1607885829909:6237230a-111d-47dc-88f9-fce898329873,"size == ""1""","isEmpty == ""False""","peek_obj_type == ""class java.lang.String""","push == ""class java.lang.String""","pop == ""none""","clear == ""none""","size_p == ""1""",Yes
6599,1607885829909:07f88615-65db-433a-ac04-dd615ff5fe8b,1607885829909:6237230a-111d-47dc-88f9-fce898329873,"size == ""0""","isEmpty == ""True""","peek_obj_type == ""EmptyObject""","push == ""none""","pop == ""EmptyObject""","clear == ""none""","size_p == ""1""",No
6600,1607885829909:07f88615-65db-433a-ac04-dd615ff5fe8b,1607885829909:6237230a-111d-47dc-88f9-fce898329873,"size == ""1""","isEmpty == ""False""","peek_obj_type == ""class java.lang.String""","push == ""none""","pop == ""none""","clear == ""clear""","size_p == ""0""",Yes
6602,1607885829908:fb8b8d7e-3183-4562-aa4e-71ffda9f4985,1607885829908:f0434845-50e9-44fd-a266-7bcaecc1a0d5,"size == ""0""","isEmpty == ""True""","peek_obj_type == ""EmptyObject""","push == ""class java.lang.String""","pop == ""none""","clear == ""none""","size_p == ""0""",Yes
6603,1607885829908:fb8b8d7e-3183-4562-aa4e-71ffda9f4985,1607885829908:f0434845-50e9-44fd-a266-7bcaecc1a0d5,"size == ""0""","isEmpty == ""True""","peek_obj_type == ""EmptyObject""","push == ""class java.lang.String""","pop == ""none""","clear == ""none""","size_p == ""0""",Yes
6605,1607885829908:fb8b8d7e-3183-4562-aa4e-71ffda9f4985,1607885829908:a6850d31-cb40-48d0-b93b-9b9856a6d91e,"size == ""0""","isEmpty == ""True""","peek_obj_type == ""EmptyObject""","push == ""class java.lang.String""","pop == ""none""","clear == ""none""","size_p == ""0""",Yes
6606,1607885829908:fb8b8d7e-3183-4562-aa4e-71ffda9f4985,1607885829908:a6850d31-cb40-48d0-b93b-9b9856a6d91e,"size == ""0""","isEmpty == ""True""","peek_obj_type == ""EmptyObject""","push == ""none""","pop == ""EmptyObject""","clear == ""none""","size_p == ""0""",No
6608,1607885829908:d1806ecc-6569-4154-886d-13a8cf39c669,1607885829908:f8dbaf5c-5544-400e-be36-6692ad8f7de0,"size == ""0""","isEmpty == ""True""","peek_obj_type == ""EmptyObject""","push == ""class java.lang.String""","pop == ""none""","clear == ""none""","size_p == ""0""",Yes
6610,1607885829908:d1806ecc-6569-4154-886d-13a8cf39c669,1607885829908:bc972185-e880-455b-adb7-725b5d895815,"size == ""0""","isEmpty == ""True""","peek_obj_type == ""EmptyObject""","push == ""class java.lang.String""","pop == ""none""","clear == ""none""","size_p == ""0""",Yes
6611,1607885829908:d1806ecc-6569-4154-886d-13a8cf39c669,1607885829908:bc972185-e880-455b-adb7-725b5d895815,"size == ""0""","isEmpty == ""True""","peek_obj_type == ""EmptyObject""","push == ""none""","pop == ""EmptyObject""","clear == ""none""","size_p == ""0""",No
6613,1607885829908:9544c04a-0d15-4b03-add1-77d9533a31af,1607885829908:da4d1179-9e50-48af-9e3e-41c0b09b66f7,"size == ""0""","isEmpty == ""True""","peek_obj_type == ""EmptyObject""","push == ""class java.lang.String""","pop == ""none""","clear == ""none""","size_p == ""0""",Yes
6614,1607885829908:9544c04a-0d15-4b03-add1-77d9533a31af,1607885829908:da4d1179-9e50-48af-9e3e-41c0b09b66f7,"size == ""0""","isEmpty == ""True""","peek_obj_type == ""EmptyObject""","push == ""none""","pop == ""EmptyObject""","clear == ""none""","size_p == ""0""",No
6616,1607885829908:9544c04a-0d15-4b03-add1-77d9533a31af,1607885829908:a5ac5383-baca-4b89-8e3c-86ce741e1f6e,"size == ""1""","isEmpty == ""False""","peek_obj_type == ""class java.lang.String""","push == ""none""","pop == ""none""","clear == ""clear""","size_p == ""0""",Yes
6617,1607885829908:9544c04a-0d15-4b03-add1-77d9533a31af,1607885829908:a5ac5383-baca-4b89-8e3c-86ce741e1f6e,"size == ""1""","isEmpty == ""False""","peek_obj_type == ""class java.lang.String""","push == ""class java.lang.String""","pop == ""none""","clear == ""none""","size_p == ""1""",Yes
6618,1607885829908:9544c04a-0d15-4b03-add1-77d9533a31af,1607885829908:a5ac5383-baca-4b89-8e3c-86ce741e1f6e,"size == ""2""","isEmpty == ""False""","peek_obj_type == ""class java.lang.String""","push == ""none""","pop == ""none""","clear == ""clear""","size_p == ""1""",Yes
6619,1607885829908:9544c04a-0d15-4b03-add1-77d9533a31af,1607885829908:a5ac5383-baca-4b89-8e3c-86ce741e1f6e,"size == ""3""","isEmpty == ""False""","peek_obj_type == ""class java.lang.String""","push == ""none""","pop == ""none""","clear == ""clear""","size_p == ""2""",Yes
6620,1607885829908:9544c04a-0d15-4b03-add1-77d9533a31af,1607885829908:a5ac5383-baca-4b89-8e3c-86ce741e1f6e,"size == ""4""","isEmpty == ""False""","peek_obj_type == ""class java.lang.String""","push == ""none""","pop == ""none""","clear == ""clear""","size_p == ""3""",Yes
6622,1607885829908:33edf6ba-7980-493b-bdba-6da6f295e12a,1607885829909:88a6bcd6-3069-472a-a3db-846323021fdb,"size == ""0""","isEmpty == ""True""","peek_obj_type == ""EmptyObject""","push == ""class java.lang.String""","pop == ""none""","clear == ""none""","size_p == ""0""",Yes
6623,1607885829908:33edf6ba-7980-493b-bdba-6da6f295e12a,1607885829909:88a6bcd6-3069-472a-a3db-846323021fdb,"size == ""0""","isEmpty == ""True""","peek_obj_type == ""EmptyObject""","push == ""none""","pop == ""EmptyObject""","clear == ""none""","size_p == ""0""",No
6625,1607885829908:33edf6ba-7980-493b-bdba-6da6f295e12a,1607885829908:e24ea94e-1175-4426-802e-41286c7b17b2,"size == ""0""","isEmpty == ""True""","peek_obj_type == ""EmptyObject""","push == ""class java.lang.String""","pop == ""none""","clear == ""none""","size_p == ""0""",Yes
6627,1607885829908:31e1dd3d-7dd7-4e9c-ae0c-984adc86f012,1607885829908:5ba6943e-d1a7-4866-b2ec-e9adbe2ef460,"size == ""0""","isEmpty == ""True""","peek_obj_type == ""EmptyObject""","push == ""class java.lang.String""","pop == ""none""","clear == ""none""","size_p == ""0""",Yes
6628,1607885829908:31e1dd3d-7dd7-4e9c-ae0c-984adc86f012,1607885829908:5ba6943e-d1a7-4866-b2ec-e9adbe2ef460,"size == ""0""","isEmpty == ""True""","peek_obj_type == ""EmptyObject""","push == ""none""","pop == ""EmptyObject""","clear == ""none""","size_p == ""0""",No
6630,1607885829908:2b83e9f2-81eb-4260-94f4-004a136dfa75,1607885829908:5d6f8305-a114-4f6b-8a2c-0d529599969f,"size == ""0""","isEmpty == ""True""","peek_obj_type == ""EmptyObject""","push == ""class java.lang.String""","pop == ""none""","clear == ""none""","size_p == ""0""",Yes
6631,1607885829908:2b83e9f2-81eb-4260-94f4-004a136dfa75,1607885829908:5d6f8305-a114-4f6b-8a2c-0d529599969f,"size == ""0""","isEmpty == ""True""","peek_obj_type == ""EmptyObject""","push == ""none""","pop == ""EmptyObject""","clear == ""none""","size_p == ""0""",No
6633,1607885829908:2b83e9f2-81eb-4260-94f4-004a136dfa75,1607885829908:34b356e6-d37e-40ca-a963-8cba68136c75,"size == ""1""","isEmpty == ""False""","peek_obj_type == ""class java.lang.String""","push == ""none""","pop == ""none""","clear == ""clear""","size_p == ""0""",Yes
6634,1607885829908:2b83e9f2-81eb-4260-94f4-004a136dfa75,1607885829908:34b356e6-d37e-40ca-a963-8cba68136c75,"size == ""1""","isEmpty == ""False""","peek_obj_type == ""class java.lang.String""","push == ""class java.lang.String""","pop == ""none""","clear == ""none""","size_p == ""1""",Yes
6635,1607885829908:2b83e9f2-81eb-4260-94f4-004a136dfa75,1607885829908:34b356e6-d37e-40ca-a963-8cba68136c75,"size == ""0""","isEmpty == ""True""","peek_obj_type == ""EmptyObject""","push == ""none""","pop == ""EmptyObject""","clear == ""none""","size_p == ""1""",No
6636,1607885829908:2b83e9f2-81eb-4260-94f4-004a136dfa75,1607885829908:34b356e6-d37e-40ca-a963-8cba68136c75,"size == ""1""","isEmpty == ""False""","peek_obj_type == ""class java.lang.String""","push == ""none""","pop == ""none""","clear == ""clear""","size_p == ""0""",Yes
6638,1607885829908:2b83e9f2-81eb-4260-94f4-004a136dfa75,1607885829908:1fa35579-e923-4785-9d13-f6cce91cba5c,"size == ""0""","isEmpty == ""True""","peek_obj_type == ""EmptyObject""","push == ""class java.lang.String""","pop == ""none""","clear == ""none""","size_p == ""0""",Yes
6639,1607885829908:2b83e9f2-81eb-4260-94f4-004a136dfa75,1607885829908:1fa35579-e923-4785-9d13-f6cce91cba5c,"size == ""0""","isEmpty == ""True""","peek_obj_type == ""EmptyObject""","push == ""class java.lang.String""","pop == ""none""","clear == ""none""","size_p == ""0""",Yes
6640,1607885829908:2b83e9f2-81eb-4260-94f4-004a136dfa75,1607885829908:1fa35579-e923-4785-9d13-f6cce91cba5c,"size == ""0""","isEmpty == ""True""","peek_obj_type == ""EmptyObject""","push == ""class java.lang.String""","pop == ""none""","clear == ""none""","size_p == ""0""",Yes
6642,1607885829907:e54a7a54-c1b0-47a0-9347-e4170bef21fc,1607885829907:4e35a684-0f8a-4c74-919b-5ac261922689,"size == ""0""","isEmpty == ""True""","peek_obj_type == ""EmptyObject""","push == ""class java.lang.String""","pop == ""none""","clear == ""none""","size_p == ""0""",Yes
6643,1607885829907:e54a7a54-c1b0-47a0-9347-e4170bef21fc,1607885829907:4e35a684-0f8a-4c74-919b-5ac261922689,"size == ""0""","isEmpty == ""True""","peek_obj_type == ""EmptyObject""","push == ""none""","pop == ""EmptyObject""","clear == ""none""","size_p == ""0""",No
6645,1607885829907:af38dd28-b519-49ec-9cd9-3846792b3746,1607885829907:c8912789-e61c-42da-bca6-41c4e7d6b210,"size == ""0""","isEmpty == ""True""","peek_obj_type == ""EmptyObject""","push == ""class java.lang.String""","pop == ""none""","clear == ""none""","size_p == ""0""",Yes
6646,1607885829907:af38dd28-b519-49ec-9cd9-3846792b3746,1607885829907:c8912789-e61c-42da-bca6-41c4e7d6b210,"size == ""0""","isEmpty == ""True""","peek_obj_type == ""EmptyObject""","push == ""none""","pop == ""EmptyObject""","clear == ""none""","size_p == ""0""",No
6648,1607885829907:92f4ee2d-517d-493e-899a-bc418b4523aa,1607885829907:153e1f66-d0e5-4e4e-83dd-9641b44670cd,"size == ""0""","isEmpty == ""True""","peek_obj_type == ""EmptyObject""","push == ""class java.lang.String""","pop == ""none""","clear == ""none""","size_p == ""0""",Yes
6649,1607885829907:92f4ee2d-517d-493e-899a-bc418b4523aa,1607885829907:153e1f66-d0e5-4e4e-83dd-9641b44670cd,"size == ""0""","isEmpty == ""True""","peek_obj_type == ""EmptyObject""","push == ""none""","pop == ""EmptyObject""","clear == ""none""","size_p == ""0""",No
6651,1607885829907:83ccebef-9ea7-456a-9647-35c3e9ac8f7a,1607885829907:d45ff70f-d51d-4efd-bf0d-a71d5af4d1c1,"size == ""0""","isEmpty == ""True""","peek_obj_type == ""EmptyObject""","push == ""class java.lang.String""","pop == ""none""","clear == ""none""","size_p == ""0""",Yes
6652,1607885829907:83ccebef-9ea7-456a-9647-35c3e9ac8f7a,1607885829907:d45ff70f-d51d-4efd-bf0d-a71d5af4d1c1,"size == ""0""","isEmpty == ""True""","peek_obj_type == ""EmptyObject""","push == ""none""","pop == ""EmptyObject""","clear == ""none""","size_p == ""0""",No
6654,1607885829907:564327bc-cd1a-4914-a8a1-985067f0c970,1607885829907:6eb1678d-c3cd-4585-98de-07ca41904b13,"size == ""0""","isEmpty == ""True""","peek_obj_type == ""EmptyObject""","push == ""class java.lang.String""","pop == ""none""","clear == ""none""","size_p == ""0""",Yes
6656,1607885829907:564327bc-cd1a-4914-a8a1-985067f0c970,1607885829907:1c8dc493-edca-4e6a-b2f7-434e3b3dd3d9,"size == ""0""","isEmpty == ""True""","peek_obj_type == ""EmptyObject""","push == ""class java.lang.String""","pop == ""none""","clear == ""none""","size_p == ""0""",Yes
6657,1607885829907:564327bc-cd1a-4914-a8a1-985067f0c970,1607885829907:1c8dc493-edca-4e6a-b2f7-434e3b3dd3d9,"size == ""0""","isEmpty == ""True""","peek_obj_type == ""EmptyObject""","push == ""none""","pop == ""EmptyObject""","clear == ""none""","size_p == ""0""",No
6660,1607885829907:10e17c38-948a-4c32-b64f-986d0479f0f7,1607885829907:f2be5b2e-2334-4fa4-9e2d-9eb2752f7689,"size == ""0""","isEmpty == ""True""","peek_obj_type == ""EmptyObject""","push == ""class java.lang.String""","pop == ""none""","clear == ""none""","size_p == ""0""",Yes
6663,1607885829907:10e17c38-948a-4c32-b64f-986d0479f0f7,1607885829907:725dd6dd-4c70-413d-a920-deb9d6ac9be7,"size == ""0""","isEmpty == ""True""","peek_obj_type == ""EmptyObject""","push == ""class java.lang.String""","pop == ""none""","clear == ""none""","size_p == ""0""",Yes
6664,1607885829907:10e17c38-948a-4c32-b64f-986d0479f0f7,1607885829907:725dd6dd-4c70-413d-a920-deb9d6ac9be7,"size == ""0""","isEmpty == ""True""","peek_obj_type == ""EmptyObject""","push == ""none""","pop == ""EmptyObject""","clear == ""none""","size_p == ""0""",No
6666,1607885829907:0911626e-db94-42b9-91a3-e700be822158,1607885829907:99b8b6e9-9792-43e7-bde5-6d586a49c6b6,"size == ""0""","isEmpty == ""True""","peek_obj_type == ""EmptyObject""","push == ""class java.lang.String""","pop == ""none""","clear == ""none""","size_p == ""0""",Yes
6667,1607885829907:0911626e-db94-42b9-91a3-e700be822158,1607885829907:99b8b6e9-9792-43e7-bde5-6d586a49c6b6,"size == ""0""","isEmpty == ""True""","peek_obj_type == ""EmptyObject""","push == ""none""","pop == ""EmptyObject""","clear == ""none""","size_p == ""0""",No
6669,1607885829906:ec6a6229-ab35-41c5-b991-9d50e6cd6151,1607885829907:3517e484-d2b0-44ae-ac43-a1f3fa17f6f0,"size == ""0""","isEmpty == ""True""","peek_obj_type == ""EmptyObject""","push == ""class java.lang.String""","pop == ""none""","clear == ""none""","size_p == ""0""",Yes
6670,1607885829906:ec6a6229-ab35-41c5-b991-9d50e6cd6151,1607885829907:3517e484-d2b0-44ae-ac43-a1f3fa17f6f0,"size == ""0""","isEmpty == ""True""","peek_obj_type == ""EmptyObject""","push == ""none""","pop == ""EmptyObject""","clear == ""none""","size_p == ""0""",No
6673,1607885829906:ec6a6229-ab35-41c5-b991-9d50e6cd6151,1607885829906:0de49cc7-acd6-4aa5-bef1-e1fe8e87dd42,"size == ""0""","isEmpty == ""True""","peek_obj_type == ""EmptyObject""","push == ""class java.lang.String""","pop == ""none""","clear == ""none""","size_p == ""0""",Yes
6675,1607885829906:e2378ead-8f17-4b37-8fd4-a1f6bbfb1e9e,1607885829906:db48540e-ca6e-42dd-837d-c527d56f04a2,"size == ""0""","isEmpty == ""True""","peek_obj_type == ""EmptyObject""","push == ""class java.lang.String""","pop == ""none""","clear == ""none""","size_p == ""0""",Yes
6676,1607885829906:e2378ead-8f17-4b37-8fd4-a1f6bbfb1e9e,1607885829906:db48540e-ca6e-42dd-837d-c527d56f04a2,"size == ""0""","isEmpty == ""True""","peek_obj_type == ""EmptyObject""","push == ""none""","pop == ""EmptyObject""","clear == ""none""","size_p == ""0""",No
6678,1607885829906:c0663cba-4409-443f-bcad-c00c8a7df66d,1607885829906:cf65e0bf-3691-4c5d-875e-ede026ecb631,"size == ""0""","isEmpty == ""True""","peek_obj_type == ""EmptyObject""","push == ""class java.lang.String""","pop == ""none""","clear == ""none""","size_p == ""0""",Yes
6679,1607885829906:c0663cba-4409-443f-bcad-c00c8a7df66d,1607885829906:cf65e0bf-3691-4c5d-875e-ede026ecb631,"size == ""0""","isEmpty == ""True""","peek_obj_type == ""EmptyObject""","push == ""none""","pop == ""EmptyObject""","clear == ""none""","size_p == ""0""",No
6681,1607885829906:9c07fbc2-3ba6-4d65-8125-21051ff17f1a,1607885829906:8da723dc-1d14-49c7-9780-b3c19d2d1068,"size == ""0""","isEmpty == ""True""","peek_obj_type == ""EmptyObject""","push == ""class java.lang.String""","pop == ""none""","clear == ""none""","size_p == ""0""",Yes
6682,1607885829906:9c07fbc2-3ba6-4d65-8125-21051ff17f1a,1607885829906:8da723dc-1d14-49c7-9780-b3c19d2d1068,"size == ""0""","isEmpty == ""True""","peek_obj_type == ""EmptyObject""","push == ""none""","pop == ""EmptyObject""","clear == ""none""","size_p == ""0""",No
6684,1607885829906:75095711-891e-4491-a70e-1a1d3a58c3f3,1607885829906:d699690e-e1ba-4553-a3ca-d3e149f08e4f,"size == ""0""","isEmpty == ""True""","peek_obj_type == ""EmptyObject""","push == ""class java.lang.String""","pop == ""none""","clear == ""none""","size_p == ""0""",Yes
6685,1607885829906:75095711-891e-4491-a70e-1a1d3a58c3f3,1607885829906:d699690e-e1ba-4553-a3ca-d3e149f08e4f,"size == ""0""","isEmpty == ""True""","peek_obj_type == ""EmptyObject""","push == ""none""","pop == ""EmptyObject""","clear == ""none""","size_p == ""0""",No
6687,1607885829906:75095711-891e-4491-a70e-1a1d3a58c3f3,1607885829906:48d9f812-b93c-495d-bc68-29c79b79f36b,"size == ""0""","isEmpty == ""True""","peek_obj_type == ""EmptyObject""","push == ""class java.lang.String""","pop == ""none""","clear == ""none""","size_p == ""0""",Yes
6688,1607885829906:75095711-891e-4491-a70e-1a1d3a58c3f3,1607885829906:48d9f812-b93c-495d-bc68-29c79b79f36b,"size == ""0""","isEmpty == ""True""","peek_obj_type == ""EmptyObject""","push == ""class java.lang.String""","pop == ""none""","clear == ""none""","size_p == ""0""",Yes
6690,1607885829906:4803c892-a2de-43d3-b4ef-87c332d9ea29,1607885829906:0055b4ad-4f4c-441a-941b-6a8defe24884,"size == ""0""","isEmpty == ""True""","peek_obj_type == ""EmptyObject""","push == ""class java.lang.String""","pop == ""none""","clear == ""none""","size_p == ""0""",Yes
6691,1607885829906:4803c892-a2de-43d3-b4ef-87c332d9ea29,1607885829906:0055b4ad-4f4c-441a-941b-6a8defe24884,"size == ""0""","isEmpty == ""True""","peek_obj_type == ""EmptyObject""","push == ""none""","pop == ""EmptyObject""","clear == ""none""","size_p == ""0""",No
6694,1607885829906:44deab55-ee99-4d0b-a6ef-9a09c1d62a2e,1607885829906:9021a050-06c7-4cb9-8e34-206c8033caaf,"size == ""0""","isEmpty == ""True""","peek_obj_type == ""EmptyObject""","push == ""class java.lang.String""","pop == ""none""","clear == ""none""","size_p == ""0""",Yes
6696,1607885829906:44deab55-ee99-4d0b-a6ef-9a09c1d62a2e,1607885829906:5ebc9f48-773e-43d9-8889-ce0ee037077d,"size == ""0""","isEmpty == ""True""","peek_obj_type == ""EmptyObject""","push == ""class java.lang.String""","pop == ""none""","clear == ""none""","size_p == ""0""",Yes
6697,1607885829906:44deab55-ee99-4d0b-a6ef-9a09c1d62a2e,1607885829906:5ebc9f48-773e-43d9-8889-ce0ee037077d,"size == ""0""","isEmpty == ""True""","peek_obj_type == ""EmptyObject""","push == ""none""","pop == ""EmptyObject""","clear == ""none""","size_p == ""0""",No
6699,1607885829905:e1df41ce-c4aa-40be-b0ae-568336e69929,1607885829905:2b386494-5f32-440d-839d-4f26bc4266d2,"size == ""0""","isEmpty == ""True""","peek_obj_type == ""EmptyObject""","push == ""class java.lang.String""","pop == ""none""","clear == ""none""","size_p == ""0""",Yes
6700,1607885829905:e1df41ce-c4aa-40be-b0ae-568336e69929,1607885829905:2b386494-5f32-440d-839d-4f26bc4266d2,"size == ""0""","isEmpty == ""True""","peek_obj_type == ""EmptyObject""","push == ""none""","pop == ""EmptyObject""","clear == ""none""","size_p == ""0""",No
6702,1607885829905:e1df41ce-c4aa-40be-b0ae-568336e69929,1607885829905:1b0c762e-b761-4264-923b-a8f96b05e43f,"size == ""1""","isEmpty == ""False""","peek_obj_type == ""class java.lang.String""","push == ""none""","pop == ""none""","clear == ""clear""","size_p == ""0""",Yes
6703,1607885829905:e1df41ce-c4aa-40be-b0ae-568336e69929,1607885829905:1b0c762e-b761-4264-923b-a8f96b05e43f,"size == ""1""","isEmpty == ""False""","peek_obj_type == ""class java.lang.String""","push == ""class java.lang.String""","pop == ""none""","clear == ""none""","size_p == ""1""",Yes
6704,1607885829905:e1df41ce-c4aa-40be-b0ae-568336e69929,1607885829905:1b0c762e-b761-4264-923b-a8f96b05e43f,"size == ""2""","isEmpty == ""False""","peek_obj_type == ""class java.lang.String""","push == ""none""","pop == ""none""","clear == ""clear""","size_p == ""1""",Yes
6705,1607885829905:e1df41ce-c4aa-40be-b0ae-568336e69929,1607885829905:1b0c762e-b761-4264-923b-a8f96b05e43f,"size == ""3""","isEmpty == ""False""","peek_obj_type == ""class java.lang.String""","push == ""none""","pop == ""none""","clear == ""clear""","size_p == ""2""",Yes
6706,1607885829905:e1df41ce-c4aa-40be-b0ae-568336e69929,1607885829905:1b0c762e-b761-4264-923b-a8f96b05e43f,"size == ""4""","isEmpty == ""False""","peek_obj_type == ""class java.lang.String""","push == ""none""","pop == ""none""","clear == ""clear""","size_p == ""3""",Yes
6708,1607885829905:afec8693-f94f-4151-a0dc-fbc098d9de1a,1607885829905:bdfd9614-1920-4164-9f8e-f6ba36151f46,"size == ""0""","isEmpty == ""True""","peek_obj_type == ""EmptyObject""","push == ""class java.lang.String""","pop == ""none""","clear == ""none""","size_p == ""0""",Yes
6709,1607885829905:afec8693-f94f-4151-a0dc-fbc098d9de1a,1607885829905:bdfd9614-1920-4164-9f8e-f6ba36151f46,"size == ""0""","isEmpty == ""True""","peek_obj_type == ""EmptyObject""","push == ""none""","pop == ""EmptyObject""","clear == ""none""","size_p == ""0""",No
6711,1607885829905:afec8693-f94f-4151-a0dc-fbc098d9de1a,1607885829905:1743df20-4756-4e45-89ff-9e2b68063798,"size == ""0""","isEmpty == ""True""","peek_obj_type == ""EmptyObject""","push == ""class java.lang.String""","pop == ""none""","clear == ""none""","size_p == ""0""",Yes
6713,1607885829905:8f613ec0-7b82-4f95-8278-779e176d125b,1607885829905:4db86197-7e85-4e7a-b8ad-48cbf54e3dcd,"size == ""0""","isEmpty == ""True""","peek_obj_type == ""EmptyObject""","push == ""class java.lang.String""","pop == ""none""","clear == ""none""","size_p == ""0""",Yes
6714,1607885829905:8f613ec0-7b82-4f95-8278-779e176d125b,1607885829905:4db86197-7e85-4e7a-b8ad-48cbf54e3dcd,"size == ""0""","isEmpty == ""True""","peek_obj_type == ""EmptyObject""","push == ""none""","pop == ""EmptyObject""","clear == ""none""","size_p == ""0""",No
6716,1607885829905:8f613ec0-7b82-4f95-8278-779e176d125b,1607885829905:25846e6f-39b1-4894-99fd-072db1bf14f1,"size == ""0""","isEmpty == ""True""","peek_obj_type == ""EmptyObject""","push == ""class java.lang.String""","pop == ""none""","clear == ""none""","size_p == ""0""",Yes
6717,1607885829905:8f613ec0-7b82-4f95-8278-779e176d125b,1607885829905:25846e6f-39b1-4894-99fd-072db1bf14f1,"size == ""0""","isEmpty == ""True""","peek_obj_type == ""EmptyObject""","push == ""class java.lang.String""","pop == ""none""","clear == ""none""","size_p == ""0""",Yes
6719,1607885829905:68ffc481-04e7-4cd9-84a7-021f9a2261db,1607885829905:4a3da40c-f8af-4320-a709-3ef0c716e645,"size == ""0""","isEmpty == ""True""","peek_obj_type == ""EmptyObject""","push == ""class java.lang.String""","pop == ""none""","clear == ""none""","size_p == ""0""",Yes
6720,1607885829905:68ffc481-04e7-4cd9-84a7-021f9a2261db,1607885829905:4a3da40c-f8af-4320-a709-3ef0c716e645,"size == ""0""","isEmpty == ""True""","peek_obj_type == ""EmptyObject""","push == ""none""","pop == ""EmptyObject""","clear == ""none""","size_p == ""0""",No
6722,1607885829905:0d0fa187-c4bc-4965-9594-b0bb45fd49ce,1607885829905:13c623bd-ce40-49d9-976a-edac3a9f8040,"size == ""0""","isEmpty == ""True""","peek_obj_type == ""EmptyObject""","push == ""class java.lang.String""","pop == ""none""","clear == ""none""","size_p == ""0""",Yes
6723,1607885829905:0d0fa187-c4bc-4965-9594-b0bb45fd49ce,1607885829905:13c623bd-ce40-49d9-976a-edac3a9f8040,"size == ""0""","isEmpty == ""True""","peek_obj_type == ""EmptyObject""","push == ""none""","pop == ""EmptyObject""","clear == ""none""","size_p == ""0""",No
6725,1607885829904:fb0242db-4489-4327-ac81-dce6fcf6adc7,1607885829904:a83e681d-9553-4a0f-9ec2-80c8813ea4c7,"size == ""0""","isEmpty == ""True""","peek_obj_type == ""EmptyObject""","push == ""class java.lang.String""","pop == ""none""","clear == ""none""","size_p == ""0""",Yes
6726,1607885829904:fb0242db-4489-4327-ac81-dce6fcf6adc7,1607885829904:a83e681d-9553-4a0f-9ec2-80c8813ea4c7,"size == ""0""","isEmpty == ""True""","peek_obj_type == ""EmptyObject""","push == ""none""","pop == ""EmptyObject""","clear == ""none""","size_p == ""0""",No
6728,1607885829904:fb0242db-4489-4327-ac81-dce6fcf6adc7,1607885829904:0c751802-6ad6-46d9-87b8-bea7de66cb5d,"size == ""1""","isEmpty == ""False""","peek_obj_type == ""class java.lang.String""","push == ""none""","pop == ""none""","clear == ""clear""","size_p == ""0""",Yes
6729,1607885829904:fb0242db-4489-4327-ac81-dce6fcf6adc7,1607885829904:0c751802-6ad6-46d9-87b8-bea7de66cb5d,"size == ""1""","isEmpty == ""False""","peek_obj_type == ""class java.lang.String""","push == ""class java.lang.String""","pop == ""none""","clear == ""none""","size_p == ""1""",Yes
6730,1607885829904:fb0242db-4489-4327-ac81-dce6fcf6adc7,1607885829904:0c751802-6ad6-46d9-87b8-bea7de66cb5d,"size == ""2""","isEmpty == ""False""","peek_obj_type == ""class java.lang.String""","push == ""none""","pop == ""none""","clear == ""clear""","size_p == ""1""",Yes
6732,1607885829904:e43f40af-bf2c-435b-b0e7-33091425d1cb,1607885829904:8981d3f3-9d6c-4623-a046-a867b1261505,"size == ""0""","isEmpty == ""True""","peek_obj_type == ""EmptyObject""","push == ""class java.lang.String""","pop == ""none""","clear == ""none""","size_p == ""0""",Yes
6733,1607885829904:e43f40af-bf2c-435b-b0e7-33091425d1cb,1607885829904:8981d3f3-9d6c-4623-a046-a867b1261505,"size == ""0""","isEmpty == ""True""","peek_obj_type == ""EmptyObject""","push == ""none""","pop == ""EmptyObject""","clear == ""none""","size_p == ""0""",No
6735,1607885829904:e3d561c9-293b-481e-9ac7-4c7f2cc85b24,1607885829904:b71cf878-9813-4542-8d31-bbb79559cab3,"size == ""0""","isEmpty == ""True""","peek_obj_type == ""EmptyObject""","push == ""class java.lang.String""","pop == ""none""","clear == ""none""","size_p == ""0""",Yes
6736,1607885829904:e3d561c9-293b-481e-9ac7-4c7f2cc85b24,1607885829904:b71cf878-9813-4542-8d31-bbb79559cab3,"size == ""0""","isEmpty == ""True""","peek_obj_type == ""EmptyObject""","push == ""none""","pop == ""EmptyObject""","clear == ""none""","size_p == ""0""",No
6738,1607885829904:e3d561c9-293b-481e-9ac7-4c7f2cc85b24,1607885829904:28ecfb5d-3bf5-44e0-ae4a-38f990490239,"size == ""0""","isEmpty == ""True""","peek_obj_type == ""EmptyObject""","push == ""class java.lang.String""","pop == ""none""","clear == ""none""","size_p == ""0""",Yes
6740,1607885829904:d453b63a-d855-4f66-ac5b-e6db1a079ae1,1607885829904:3164d2dd-8751-4bec-8c15-410d6d8c6afb,"size == ""0""","isEmpty == ""True""","peek_obj_type == ""EmptyObject""","push == ""class java.lang.String""","pop == ""none""","clear == ""none""","size_p == ""0""",Yes
6741,1607885829904:d453b63a-d855-4f66-ac5b-e6db1a079ae1,1607885829904:3164d2dd-8751-4bec-8c15-410d6d8c6afb,"size == ""0""","isEmpty == ""True""","peek_obj_type == ""EmptyObject""","push == ""none""","pop == ""EmptyObject""","clear == ""none""","size_p == ""0""",No
6743,1607885829904:ace81c98-27b0-42cd-bf6f-9b05f430acf8,1607885829904:7b884b9a-4f36-43ad-acd2-c241049adf38,"size == ""0""","isEmpty == ""True""","peek_obj_type == ""EmptyObject""","push == ""class java.lang.String""","pop == ""none""","clear == ""none""","size_p == ""0""",Yes
6744,1607885829904:ace81c98-27b0-42cd-bf6f-9b05f430acf8,1607885829904:7b884b9a-4f36-43ad-acd2-c241049adf38,"size == ""0""","isEmpty == ""True""","peek_obj_type == ""EmptyObject""","push == ""none""","pop == ""EmptyObject""","clear == ""none""","size_p == ""0""",No
6746,1607885829904:33a80d66-6bc3-4b90-8f8f-067c390524aa,1607885829905:e51e198a-2f35-4a86-a931-3b339d75472a,"size == ""0""","isEmpty == ""True""","peek_obj_type == ""EmptyObject""","push == ""class java.lang.String""","pop == ""none""","clear == ""none""","size_p == ""0""",Yes
6747,1607885829904:33a80d66-6bc3-4b90-8f8f-067c390524aa,1607885829905:e51e198a-2f35-4a86-a931-3b339d75472a,"size == ""0""","isEmpty == ""True""","peek_obj_type == ""EmptyObject""","push == ""none""","pop == ""EmptyObject""","clear == ""none""","size_p == ""0""",No
6749,1607885829904:33a80d66-6bc3-4b90-8f8f-067c390524aa,1607885829904:49db4c6b-6486-482e-afa6-f578f667a382,"size == ""0""","isEmpty == ""True""","peek_obj_type == ""EmptyObject""","push == ""class java.lang.String""","pop == ""none""","clear == ""none""","size_p == ""0""",Yes
6750,1607885829904:33a80d66-6bc3-4b90-8f8f-067c390524aa,1607885829904:49db4c6b-6486-482e-afa6-f578f667a382,"size == ""0""","isEmpty == ""True""","peek_obj_type == ""EmptyObject""","push == ""class java.lang.String""","pop == ""none""","clear == ""none""","size_p == ""0""",Yes
6752,1607885829904:0e796628-97c6-4d15-a81d-0c87afa13d9a,1607885829904:26630afd-0bb5-46a3-beb6-60ce3d2db1c8,"size == ""0""","isEmpty == ""True""","peek_obj_type == ""EmptyObject""","push == ""class java.lang.String""","pop == ""none""","clear == ""none""","size_p == ""0""",Yes
6753,1607885829904:0e796628-97c6-4d15-a81d-0c87afa13d9a,1607885829904:26630afd-0bb5-46a3-beb6-60ce3d2db1c8,"size == ""0""","isEmpty == ""True""","peek_obj_type == ""EmptyObject""","push == ""none""","pop == ""EmptyObject""","clear == ""none""","size_p == ""0""",No
6755,1607885829903:b75728c0-4cef-40d2-9dc4-dbbb589fc3d4,1607885829903:51f464d1-89df-4381-b99b-4b3940ca5a58,"size == ""0""","isEmpty == ""True""","peek_obj_type == ""EmptyObject""","push == ""class java.lang.String""","pop == ""none""","clear == ""none""","size_p == ""0""",Yes
6756,1607885829903:b75728c0-4cef-40d2-9dc4-dbbb589fc3d4,1607885829903:51f464d1-89df-4381-b99b-4b3940ca5a58,"size == ""0""","isEmpty == ""True""","peek_obj_type == ""EmptyObject""","push == ""class java.lang.String""","pop == ""none""","clear == ""none""","size_p == ""0""",Yes
6758,1607885829903:b75728c0-4cef-40d2-9dc4-dbbb589fc3d4,1607885829903:26b6c457-0ee7-4d0b-a4f0-aed7aa37a2ea,"size == ""0""","isEmpty == ""True""","peek_obj_type == ""EmptyObject""","push == ""class java.lang.String""","pop == ""none""","clear == ""none""","size_p == ""0""",Yes
6759,1607885829903:b75728c0-4cef-40d2-9dc4-dbbb589fc3d4,1607885829903:26b6c457-0ee7-4d0b-a4f0-aed7aa37a2ea,"size == ""0""","isEmpty == ""True""","peek_obj_type == ""EmptyObject""","push == ""none""","pop == ""EmptyObject""","clear == ""none""","size_p == ""0""",No
6761,1607885829903:86a1852a-948c-4094-9263-d9bef337692c,1607885829903:b4c56c0b-06f8-4ee8-999b-d4b37599cd54,"size == ""0""","isEmpty == ""True""","peek_obj_type == ""EmptyObject""","push == ""class java.lang.String""","pop == ""none""","clear == ""none""","size_p == ""0""",Yes
6762,1607885829903:86a1852a-948c-4094-9263-d9bef337692c,1607885829903:b4c56c0b-06f8-4ee8-999b-d4b37599cd54,"size == ""0""","isEmpty == ""True""","peek_obj_type == ""EmptyObject""","push == ""none""","pop == ""EmptyObject""","clear == ""none""","size_p == ""0""",No
6764,1607885829903:86a1852a-948c-4094-9263-d9bef337692c,1607885829903:9e50921a-f630-4881-ba45-992a51949a22,"size == ""0""","isEmpty == ""True""","peek_obj_type == ""EmptyObject""","push == ""class java.lang.String""","pop == ""none""","clear == ""none""","size_p == ""0""",Yes
6765,1607885829903:86a1852a-948c-4094-9263-d9bef337692c,1607885829903:9e50921a-f630-4881-ba45-992a51949a22,"size == ""0""","isEmpty == ""True""","peek_obj_type == ""EmptyObject""","push == ""class java.lang.String""","pop == ""none""","clear == ""none""","size_p == ""0""",Yes
6767,1607885829903:79d43394-0b0e-460a-b052-0981e8bcafb2,1607885829903:27640a1d-b17d-42d6-a3cb-bab6b783c158,"size == ""0""","isEmpty == ""True""","peek_obj_type == ""EmptyObject""","push == ""class java.lang.String""","pop == ""none""","clear == ""none""","size_p == ""0""",Yes
6768,1607885829903:79d43394-0b0e-460a-b052-0981e8bcafb2,1607885829903:27640a1d-b17d-42d6-a3cb-bab6b783c158,"size == ""0""","isEmpty == ""True""","peek_obj_type == ""EmptyObject""","push == ""class java.lang.String""","pop == ""none""","clear == ""none""","size_p == ""0""",Yes
6769,1607885829903:79d43394-0b0e-460a-b052-0981e8bcafb2,1607885829903:27640a1d-b17d-42d6-a3cb-bab6b783c158,"size == ""0""","isEmpty == ""True""","peek_obj_type == ""EmptyObject""","push == ""class java.lang.String""","pop == ""none""","clear == ""none""","size_p == ""0""",Yes
6770,1607885829903:79d43394-0b0e-460a-b052-0981e8bcafb2,1607885829903:27640a1d-b17d-42d6-a3cb-bab6b783c158,"size == ""0""","isEmpty == ""True""","peek_obj_type == ""EmptyObject""","push == ""none""","pop == ""EmptyObject""","clear == ""none""","size_p == ""0""",Yes
6772,1607885829903:504f8d65-15ca-41f2-90d6-2e3d7a616bf7,1607885829903:ba3df659-984a-4ba3-8881-460c50bc63a4,"size == ""0""","isEmpty == ""True""","peek_obj_type == ""EmptyObject""","push == ""class java.lang.String""","pop == ""none""","clear == ""none""","size_p == ""0""",Yes
6773,1607885829903:504f8d65-15ca-41f2-90d6-2e3d7a616bf7,1607885829903:ba3df659-984a-4ba3-8881-460c50bc63a4,"size == ""0""","isEmpty == ""True""","peek_obj_type == ""EmptyObject""","push == ""none""","pop == ""EmptyObject""","clear == ""none""","size_p == ""0""",No
6775,1607885829903:504f8d65-15ca-41f2-90d6-2e3d7a616bf7,1607885829903:98a2a207-3584-4beb-a4f7-0b459dc0dc0e,"size == ""0""","isEmpty == ""True""","peek_obj_type == ""EmptyObject""","push == ""class java.lang.String""","pop == ""none""","clear == ""none""","size_p == ""0""",Yes
6776,1607885829903:504f8d65-15ca-41f2-90d6-2e3d7a616bf7,1607885829903:98a2a207-3584-4beb-a4f7-0b459dc0dc0e,"size == ""0""","isEmpty == ""True""","peek_obj_type == ""EmptyObject""","push == ""class java.lang.String""","pop == ""none""","clear == ""none""","size_p == ""0""",Yes
6778,1607885829903:504f8d65-15ca-41f2-90d6-2e3d7a616bf7,1607885829903:1a3d33c7-b670-49fc-9b3f-7be267b27317,"size == ""1""","isEmpty == ""False""","peek_obj_type == ""class java.lang.String""","push == ""none""","pop == ""none""","clear == ""clear""","size_p == ""0""",Yes
6779,1607885829903:504f8d65-15ca-41f2-90d6-2e3d7a616bf7,1607885829903:1a3d33c7-b670-49fc-9b3f-7be267b27317,"size == ""1""","isEmpty == ""False""","peek_obj_type == ""class java.lang.String""","push == ""class java.lang.String""","pop == ""none""","clear == ""none""","size_p == ""1""",Yes
6780,1607885829903:504f8d65-15ca-41f2-90d6-2e3d7a616bf7,1607885829903:1a3d33c7-b670-49fc-9b3f-7be267b27317,"size == ""0""","isEmpty == ""True""","peek_obj_type == ""EmptyObject""","push == ""none""","pop == ""EmptyObject""","clear == ""none""","size_p == ""1""",No
6782,1607885829903:1b7ec11e-eb9a-442a-b73a-d93c84412167,1607885829903:b3ba365a-98f8-4b8a-9931-92a8b27f8cd0,"size == ""0""","isEmpty == ""True""","peek_obj_type == ""EmptyObject""","push == ""class java.lang.String""","pop == ""none""","clear == ""none""","size_p == ""0""",Yes
6783,1607885829903:1b7ec11e-eb9a-442a-b73a-d93c84412167,1607885829903:b3ba365a-98f8-4b8a-9931-92a8b27f8cd0,"size == ""0""","isEmpty == ""True""","peek_obj_type == ""EmptyObject""","push == ""none""","pop == ""EmptyObject""","clear == ""none""","size_p == ""0""",No
6785,1607885829902:fa5bece0-093e-4ca2-bd85-efba0220c918,1607885829902:2b104720-fa05-4aeb-89c9-53eed7ab9e2a,"size == ""0""","isEmpty == ""True""","peek_obj_type == ""EmptyObject""","push == ""class java.lang.String""","pop == ""none""","clear == ""none""","size_p == ""0""",Yes
6786,1607885829902:fa5bece0-093e-4ca2-bd85-efba0220c918,1607885829902:2b104720-fa05-4aeb-89c9-53eed7ab9e2a,"size == ""0""","isEmpty == ""True""","peek_obj_type == ""EmptyObject""","push == ""none""","pop == ""EmptyObject""","clear == ""none""","size_p == ""0""",No
6788,1607885829902:f735f03e-c115-4c75-9cca-e130bb77e9f9,1607885829902:28b166ef-bad5-40f1-8b94-5a85494e525e,"size == ""0""","isEmpty == ""True""","peek_obj_type == ""EmptyObject""","push == ""class java.lang.String""","pop == ""none""","clear == ""none""","size_p == ""0""",Yes
6789,1607885829902:f735f03e-c115-4c75-9cca-e130bb77e9f9,1607885829902:28b166ef-bad5-40f1-8b94-5a85494e525e,"size == ""0""","isEmpty == ""True""","peek_obj_type == ""EmptyObject""","push == ""none""","pop == ""EmptyObject""","clear == ""none""","size_p == ""0""",No
6791,1607885829902:a5fafec0-3f1a-41f9-b9c2-3a1c1753ff3f,1607885829903:9715fbc2-e8ba-4a92-b0e3-b4803df0878f,"size == ""0""","isEmpty == ""True""","peek_obj_type == ""EmptyObject""","push == ""class java.lang.String""","pop == ""none""","clear == ""none""","size_p == ""0""",Yes
6792,1607885829902:a5fafec0-3f1a-41f9-b9c2-3a1c1753ff3f,1607885829903:9715fbc2-e8ba-4a92-b0e3-b4803df0878f,"size == ""0""","isEmpty == ""True""","peek_obj_type == ""EmptyObject""","push == ""none""","pop == ""EmptyObject""","clear == ""none""","size_p == ""0""",No
6794,1607885829902:a5fafec0-3f1a-41f9-b9c2-3a1c1753ff3f,1607885829902:f4ae9d76-e25c-44fb-ab69-1cce2bfe07aa,"size == ""1""","isEmpty == ""False""","peek_obj_type == ""class java.lang.String""","push == ""none""","pop == ""none""","clear == ""clear""","size_p == ""0""",Yes
6795,1607885829902:a5fafec0-3f1a-41f9-b9c2-3a1c1753ff3f,1607885829902:f4ae9d76-e25c-44fb-ab69-1cce2bfe07aa,"size == ""1""","isEmpty == ""False""","peek_obj_type == ""class java.lang.String""","push == ""class java.lang.String""","pop == ""none""","clear == ""none""","size_p == ""1""",Yes
6796,1607885829902:a5fafec0-3f1a-41f9-b9c2-3a1c1753ff3f,1607885829902:f4ae9d76-e25c-44fb-ab69-1cce2bfe07aa,"size == ""2""","isEmpty == ""False""","peek_obj_type == ""class java.lang.String""","push == ""none""","pop == ""none""","clear == ""clear""","size_p == ""1""",Yes
6797,1607885829902:a5fafec0-3f1a-41f9-b9c2-3a1c1753ff3f,1607885829902:f4ae9d76-e25c-44fb-ab69-1cce2bfe07aa,"size == ""3""","isEmpty == ""False""","peek_obj_type == ""class java.lang.String""","push == ""none""","pop == ""none""","clear == ""clear""","size_p == ""2""",Yes
6798,1607885829902:a5fafec0-3f1a-41f9-b9c2-3a1c1753ff3f,1607885829902:f4ae9d76-e25c-44fb-ab69-1cce2bfe07aa,"size == ""4""","isEmpty == ""False""","peek_obj_type == ""class java.lang.String""","push == ""none""","pop == ""none""","clear == ""clear""","size_p == ""3""",Yes
6800,1607885829902:a5a276d9-3817-43d6-a83e-ffcad0e0d016,1607885829902:50c31ff5-46e2-4c77-8d64-8d62786e1891,"size == ""0""","isEmpty == ""True""","peek_obj_type == ""EmptyObject""","push == ""class java.lang.String""","pop == ""none""","clear == ""none""","size_p == ""0""",Yes
6801,1607885829902:a5a276d9-3817-43d6-a83e-ffcad0e0d016,1607885829902:50c31ff5-46e2-4c77-8d64-8d62786e1891,"size == ""0""","isEmpty == ""True""","peek_obj_type == ""EmptyObject""","push == ""none""","pop == ""EmptyObject""","clear == ""none""","size_p == ""0""",No
6803,1607885829902:96159fa9-8a2e-4895-99e6-2a1d7168909a,1607885829902:6d7394c1-31c5-4e0f-b35d-e7ee3d863102,"size == ""0""","isEmpty == ""True""","peek_obj_type == ""EmptyObject""","push == ""class java.lang.String""","pop == ""none""","clear == ""none""","size_p == ""0""",Yes
6804,1607885829902:96159fa9-8a2e-4895-99e6-2a1d7168909a,1607885829902:6d7394c1-31c5-4e0f-b35d-e7ee3d863102,"size == ""0""","isEmpty == ""True""","peek_obj_type == ""EmptyObject""","push == ""none""","pop == ""EmptyObject""","clear == ""none""","size_p == ""0""",No
6806,1607885829902:6505ae74-393f-412b-8a2a-cf0179b56b19,1607885829902:c1ad70d1-050d-4fea-9280-d4e2e3bf896f,"size == ""0""","isEmpty == ""True""","peek_obj_type == ""EmptyObject""","push == ""class java.lang.String""","pop == ""none""","clear == ""none""","size_p == ""0""",Yes
6808,1607885829902:6505ae74-393f-412b-8a2a-cf0179b56b19,1607885829902:9600f5ed-f9bc-49a8-9e59-ca1736afa1cd,"size == ""0""","isEmpty == ""True""","peek_obj_type == ""EmptyObject""","push == ""class java.lang.String""","pop == ""none""","clear == ""none""","size_p == ""0""",Yes
6809,1607885829902:6505ae74-393f-412b-8a2a-cf0179b56b19,1607885829902:9600f5ed-f9bc-49a8-9e59-ca1736afa1cd,"size == ""0""","isEmpty == ""True""","peek_obj_type == ""EmptyObject""","push == ""none""","pop == ""EmptyObject""","clear == ""none""","size_p == ""0""",No
6811,1607885829902:341bb650-b857-4b37-b080-6c570c16edfe,1607885829902:0ebc9765-1fdb-4e1d-becd-6ca1612ff11b,"size == ""0""","isEmpty == ""True""","peek_obj_type == ""EmptyObject""","push == ""class java.lang.String""","pop == ""none""","clear == ""none""","size_p == ""0""",Yes
6812,1607885829902:341bb650-b857-4b37-b080-6c570c16edfe,1607885829902:0ebc9765-1fdb-4e1d-becd-6ca1612ff11b,"size == ""0""","isEmpty == ""True""","peek_obj_type == ""EmptyObject""","push == ""none""","pop == ""EmptyObject""","clear == ""none""","size_p == ""0""",No
6814,1607885829901:e6d8f4ab-b9d0-4f1e-a467-3bcc2fd12615,1607885829901:ff4896fe-7f69-415e-832d-0399656d0f30,"size == ""1""","isEmpty == ""False""","peek_obj_type == ""class java.lang.String""","push == ""none""","pop == ""none""","clear == ""clear""","size_p == ""0""",Yes
6815,1607885829901:e6d8f4ab-b9d0-4f1e-a467-3bcc2fd12615,1607885829901:ff4896fe-7f69-415e-832d-0399656d0f30,"size == ""1""","isEmpty == ""False""","peek_obj_type == ""class java.lang.String""","push == ""class java.lang.String""","pop == ""none""","clear == ""none""","size_p == ""1""",Yes
6816,1607885829901:e6d8f4ab-b9d0-4f1e-a467-3bcc2fd12615,1607885829901:ff4896fe-7f69-415e-832d-0399656d0f30,"size == ""2""","isEmpty == ""False""","peek_obj_type == ""class java.lang.String""","push == ""none""","pop == ""none""","clear == ""clear""","size_p == ""1""",Yes
6817,1607885829901:e6d8f4ab-b9d0-4f1e-a467-3bcc2fd12615,1607885829901:ff4896fe-7f69-415e-832d-0399656d0f30,"size == ""3""","isEmpty == ""False""","peek_obj_type == ""class java.lang.String""","push == ""none""","pop == ""none""","clear == ""clear""","size_p == ""2""",Yes
6818,1607885829901:e6d8f4ab-b9d0-4f1e-a467-3bcc2fd12615,1607885829901:ff4896fe-7f69-415e-832d-0399656d0f30,"size == ""4""","isEmpty == ""False""","peek_obj_type == ""class java.lang.String""","push == ""none""","pop == ""none""","clear == ""clear""","size_p == ""3""",Yes
6820,1607885829901:e6d8f4ab-b9d0-4f1e-a467-3bcc2fd12615,1607885829901:cfaa1de7-79d8-4c7f-a6f2-a0142fd244f2,"size == ""0""","isEmpty == ""True""","peek_obj_type == ""EmptyObject""","push == ""class java.lang.String""","pop == ""none""","clear == ""none""","size_p == ""0""",Yes
6821,1607885829901:e6d8f4ab-b9d0-4f1e-a467-3bcc2fd12615,1607885829901:cfaa1de7-79d8-4c7f-a6f2-a0142fd244f2,"size == ""0""","isEmpty == ""True""","peek_obj_type == ""EmptyObject""","push == ""none""","pop == ""EmptyObject""","clear == ""none""","size_p == ""0""",No
6823,1607885829901:d22996f0-ece4-4941-b40e-4a99d2d4feba,1607885829901:cc2289e7-da40-449c-a424-94634aa7e909,"size == ""0""","isEmpty == ""True""","peek_obj_type == ""EmptyObject""","push == ""class java.lang.String""","pop == ""none""","clear == ""none""","size_p == ""0""",Yes
6825,1607885829901:d22996f0-ece4-4941-b40e-4a99d2d4feba,1607885829901:62997c73-85dd-4f14-997b-aaa21c3ab36e,"size == ""0""","isEmpty == ""True""","peek_obj_type == ""EmptyObject""","push == ""class java.lang.String""","pop == ""none""","clear == ""none""","size_p == ""0""",Yes
6826,1607885829901:d22996f0-ece4-4941-b40e-4a99d2d4feba,1607885829901:62997c73-85dd-4f14-997b-aaa21c3ab36e,"size == ""0""","isEmpty == ""True""","peek_obj_type == ""EmptyObject""","push == ""none""","pop == ""EmptyObject""","clear == ""none""","size_p == ""0""",No
6828,1607885829901:5be67b1d-60e8-4a36-a908-9412145b7dea,1607885829901:3bf974ec-1667-4636-8752-96f1027c9d79,"size == ""0""","isEmpty == ""True""","peek_obj_type == ""EmptyObject""","push == ""class java.lang.String""","pop == ""none""","clear == ""none""","size_p == ""0""",Yes
6829,1607885829901:5be67b1d-60e8-4a36-a908-9412145b7dea,1607885829901:3bf974ec-1667-4636-8752-96f1027c9d79,"size == ""0""","isEmpty == ""True""","peek_obj_type == ""EmptyObject""","push == ""none""","pop == ""EmptyObject""","clear == ""none""","size_p == ""0""",No
6831,1607885829901:5be67b1d-60e8-4a36-a908-9412145b7dea,1607885829901:32a685b7-8e9c-4cb0-90ee-1fa158207183,"size == ""0""","isEmpty == ""True""","peek_obj_type == ""EmptyObject""","push == ""class java.lang.String""","pop == ""none""","clear == ""none""","size_p == ""0""",Yes
6832,1607885829901:5be67b1d-60e8-4a36-a908-9412145b7dea,1607885829901:32a685b7-8e9c-4cb0-90ee-1fa158207183,"size == ""0""","isEmpty == ""True""","peek_obj_type == ""EmptyObject""","push == ""class java.lang.String""","pop == ""none""","clear == ""none""","size_p == ""0""",Yes
6834,1607885829901:5b4de2dc-c3f5-4899-b81a-3f11ee30b6f1,1607885829901:c6d410d2-d6b5-4263-b2ab-cdace4d0c227,"size == ""0""","isEmpty == ""True""","peek_obj_type == ""EmptyObject""","push == ""class java.lang.String""","pop == ""none""","clear == ""none""","size_p == ""0""",Yes
6835,1607885829901:5b4de2dc-c3f5-4899-b81a-3f11ee30b6f1,1607885829901:c6d410d2-d6b5-4263-b2ab-cdace4d0c227,"size == ""0""","isEmpty == ""True""","peek_obj_type == ""EmptyObject""","push == ""none""","pop == ""EmptyObject""","clear == ""none""","size_p == ""0""",No
6837,1607885829901:5b4de2dc-c3f5-4899-b81a-3f11ee30b6f1,1607885829901:69992a69-2881-4dee-af2a-d52ad0017e6b,"size == ""1""","isEmpty == ""False""","peek_obj_type == ""class java.lang.String""","push == ""none""","pop == ""none""","clear == ""clear""","size_p == ""0""",Yes
6838,1607885829901:5b4de2dc-c3f5-4899-b81a-3f11ee30b6f1,1607885829901:69992a69-2881-4dee-af2a-d52ad0017e6b,"size == ""1""","isEmpty == ""False""","peek_obj_type == ""class java.lang.String""","push == ""class java.lang.String""","pop == ""none""","clear == ""none""","size_p == ""1""",Yes
6839,1607885829901:5b4de2dc-c3f5-4899-b81a-3f11ee30b6f1,1607885829901:69992a69-2881-4dee-af2a-d52ad0017e6b,"size == ""2""","isEmpty == ""False""","peek_obj_type == ""class java.lang.String""","push == ""none""","pop == ""none""","clear == ""clear""","size_p == ""1""",Yes
6840,1607885829901:5b4de2dc-c3f5-4899-b81a-3f11ee30b6f1,1607885829901:69992a69-2881-4dee-af2a-d52ad0017e6b,"size == ""3""","isEmpty == ""False""","peek_obj_type == ""class java.lang.String""","push == ""none""","pop == ""none""","clear == ""clear""","size_p == ""2""",Yes
6841,1607885829901:5b4de2dc-c3f5-4899-b81a-3f11ee30b6f1,1607885829901:69992a69-2881-4dee-af2a-d52ad0017e6b,"size == ""4""","isEmpty == ""False""","peek_obj_type == ""class java.lang.String""","push == ""none""","pop == ""none""","clear == ""clear""","size_p == ""3""",Yes
6843,1607885829901:232af384-4eee-42ce-a6fa-8b5d33dc4bd1,1607885829901:3b033f8d-c16e-4b89-9722-78857e65ffa0,"size == ""0""","isEmpty == ""True""","peek_obj_type == ""EmptyObject""","push == ""class java.lang.String""","pop == ""none""","clear == ""none""","size_p == ""0""",Yes
6844,1607885829901:232af384-4eee-42ce-a6fa-8b5d33dc4bd1,1607885829901:3b033f8d-c16e-4b89-9722-78857e65ffa0,"size == ""0""","isEmpty == ""True""","peek_obj_type == ""EmptyObject""","push == ""none""","pop == ""EmptyObject""","clear == ""none""","size_p == ""0""",No
6846,1607885829901:1717ba1f-b56c-45cf-9d6e-efa4f70d2c32,1607885829901:f27184a3-70be-4658-b5cf-37e0c4ccfa58,"size == ""0""","isEmpty == ""True""","peek_obj_type == ""EmptyObject""","push == ""class java.lang.String""","pop == ""none""","clear == ""none""","size_p == ""0""",Yes
6847,1607885829901:1717ba1f-b56c-45cf-9d6e-efa4f70d2c32,1607885829901:f27184a3-70be-4658-b5cf-37e0c4ccfa58,"size == ""0""","isEmpty == ""True""","peek_obj_type == ""EmptyObject""","push == ""none""","pop == ""EmptyObject""","clear == ""none""","size_p == ""0""",No
6849,1607885829900:e204f571-8355-4f49-aa8d-244a8d2da45f,1607885829900:da16d380-6e43-4c42-b1c9-1a6279672532,"size == ""1""","isEmpty == ""False""","peek_obj_type == ""class java.lang.String""","push == ""none""","pop == ""none""","clear == ""clear""","size_p == ""0""",Yes
6850,1607885829900:e204f571-8355-4f49-aa8d-244a8d2da45f,1607885829900:da16d380-6e43-4c42-b1c9-1a6279672532,"size == ""1""","isEmpty == ""False""","peek_obj_type == ""class java.lang.String""","push == ""class java.lang.String""","pop == ""none""","clear == ""none""","size_p == ""1""",Yes
6851,1607885829900:e204f571-8355-4f49-aa8d-244a8d2da45f,1607885829900:da16d380-6e43-4c42-b1c9-1a6279672532,"size == ""0""","isEmpty == ""True""","peek_obj_type == ""EmptyObject""","push == ""none""","pop == ""EmptyObject""","clear == ""none""","size_p == ""1""",No
6852,1607885829900:e204f571-8355-4f49-aa8d-244a8d2da45f,1607885829900:da16d380-6e43-4c42-b1c9-1a6279672532,"size == ""1""","isEmpty == ""False""","peek_obj_type == ""class java.lang.String""","push == ""none""","pop == ""none""","clear == ""clear""","size_p == ""0""",Yes
6854,1607885829900:e204f571-8355-4f49-aa8d-244a8d2da45f,1607885829900:46fe0c4c-da51-4c86-90ad-8907f24384d1,"size == ""0""","isEmpty == ""True""","peek_obj_type == ""EmptyObject""","push == ""class java.lang.String""","pop == ""none""","clear == ""none""","size_p == ""0""",Yes
6855,1607885829900:e204f571-8355-4f49-aa8d-244a8d2da45f,1607885829900:46fe0c4c-da51-4c86-90ad-8907f24384d1,"size == ""0""","isEmpty == ""True""","peek_obj_type == ""EmptyObject""","push == ""none""","pop == ""EmptyObject""","clear == ""none""","size_p == ""0""",No
6857,1607885829900:a4dae771-4ed6-4bec-99b3-d8c1720ecfbb,1607885829900:9ca7e111-7405-4f32-a171-f77529678857,"size == ""0""","isEmpty == ""True""","peek_obj_type == ""EmptyObject""","push == ""class java.lang.String""","pop == ""none""","clear == ""none""","size_p == ""0""",Yes
6858,1607885829900:a4dae771-4ed6-4bec-99b3-d8c1720ecfbb,1607885829900:9ca7e111-7405-4f32-a171-f77529678857,"size == ""0""","isEmpty == ""True""","peek_obj_type == ""EmptyObject""","push == ""none""","pop == ""EmptyObject""","clear == ""none""","size_p == ""0""",No
6860,1607885829900:a4dae771-4ed6-4bec-99b3-d8c1720ecfbb,1607885829900:176ba5af-b3ae-4649-a4dc-6a81b75fb8af,"size == ""1""","isEmpty == ""False""","peek_obj_type == ""class java.lang.String""","push == ""none""","pop == ""none""","clear == ""clear""","size_p == ""0""",Yes
6861,1607885829900:a4dae771-4ed6-4bec-99b3-d8c1720ecfbb,1607885829900:176ba5af-b3ae-4649-a4dc-6a81b75fb8af,"size == ""1""","isEmpty == ""False""","peek_obj_type == ""class java.lang.String""","push == ""class java.lang.String""","pop == ""none""","clear == ""none""","size_p == ""1""",Yes
6862,1607885829900:a4dae771-4ed6-4bec-99b3-d8c1720ecfbb,1607885829900:176ba5af-b3ae-4649-a4dc-6a81b75fb8af,"size == ""0""","isEmpty == ""True""","peek_obj_type == ""EmptyObject""","push == ""none""","pop == ""EmptyObject""","clear == ""none""","size_p == ""1""",No
6863,1607885829900:a4dae771-4ed6-4bec-99b3-d8c1720ecfbb,1607885829900:176ba5af-b3ae-4649-a4dc-6a81b75fb8af,"size == ""1""","isEmpty == ""False""","peek_obj_type == ""class java.lang.String""","push == ""none""","pop == ""none""","clear == ""clear""","size_p == ""0""",Yes
6865,1607885829900:941d4108-444c-4264-9cec-c2b0cd80f0ae,1607885829900:d583c421-1a8e-4b5b-ae57-90f96d3a6235,"size == ""0""","isEmpty == ""True""","peek_obj_type == ""EmptyObject""","push == ""class java.lang.String""","pop == ""none""","clear == ""none""","size_p == ""0""",Yes
6866,1607885829900:941d4108-444c-4264-9cec-c2b0cd80f0ae,1607885829900:d583c421-1a8e-4b5b-ae57-90f96d3a6235,"size == ""0""","isEmpty == ""True""","peek_obj_type == ""EmptyObject""","push == ""class java.lang.String""","pop == ""none""","clear == ""none""","size_p == ""0""",Yes
6867,1607885829900:941d4108-444c-4264-9cec-c2b0cd80f0ae,1607885829900:d583c421-1a8e-4b5b-ae57-90f96d3a6235,"size == ""0""","isEmpty == ""True""","peek_obj_type == ""EmptyObject""","push == ""class java.lang.String""","pop == ""none""","clear == ""none""","size_p == ""0""",Yes
6868,1607885829900:941d4108-444c-4264-9cec-c2b0cd80f0ae,1607885829900:d583c421-1a8e-4b5b-ae57-90f96d3a6235,"size == ""1""","isEmpty == ""False""","peek_obj_type == ""class java.lang.String""","push == ""none""","pop == ""none""","clear == ""clear""","size_p == ""0""",Yes
6870,1607885829900:941d4108-444c-4264-9cec-c2b0cd80f0ae,1607885829900:4a122f53-b433-49b2-b8b2-3f6ad82d9c25,"size == ""1""","isEmpty == ""False""","peek_obj_type == ""class java.lang.String""","push == ""none""","pop == ""none""","clear == ""clear""","size_p == ""0""",Yes
6871,1607885829900:941d4108-444c-4264-9cec-c2b0cd80f0ae,1607885829900:4a122f53-b433-49b2-b8b2-3f6ad82d9c25,"size == ""1""","isEmpty == ""False""","peek_obj_type == ""class java.lang.String""","push == ""class java.lang.String""","pop == ""none""","clear == ""none""","size_p == ""1""",Yes
6872,1607885829900:941d4108-444c-4264-9cec-c2b0cd80f0ae,1607885829900:4a122f53-b433-49b2-b8b2-3f6ad82d9c25,"size == ""0""","isEmpty == ""True""","peek_obj_type == ""EmptyObject""","push == ""none""","pop == ""EmptyObject""","clear == ""none""","size_p == ""1""",No
6873,1607885829900:941d4108-444c-4264-9cec-c2b0cd80f0ae,1607885829900:4a122f53-b433-49b2-b8b2-3f6ad82d9c25,"size == ""1""","isEmpty == ""False""","peek_obj_type == ""class java.lang.String""","push == ""none""","pop == ""none""","clear == ""clear""","size_p == ""0""",Yes
6875,1607885829900:941d4108-444c-4264-9cec-c2b0cd80f0ae,1607885829900:227b45dc-d7dc-4a2d-94f2-45c8e9e98f9b,"size == ""0""","isEmpty == ""True""","peek_obj_type == ""EmptyObject""","push == ""class java.lang.String""","pop == ""none""","clear == ""none""","size_p == ""0""",Yes
6876,1607885829900:941d4108-444c-4264-9cec-c2b0cd80f0ae,1607885829900:227b45dc-d7dc-4a2d-94f2-45c8e9e98f9b,"size == ""0""","isEmpty == ""True""","peek_obj_type == ""EmptyObject""","push == ""none""","pop == ""EmptyObject""","clear == ""none""","size_p == ""0""",No
6878,1607885829900:58a345d7-bdea-46c6-9d93-e216ac943cea,1607885829900:cd7c55ba-2e68-4886-951d-5d1ffbde100b,"size == ""0""","isEmpty == ""True""","peek_obj_type == ""EmptyObject""","push == ""class java.lang.String""","pop == ""none""","clear == ""none""","size_p == ""0""",Yes
6879,1607885829900:58a345d7-bdea-46c6-9d93-e216ac943cea,1607885829900:cd7c55ba-2e68-4886-951d-5d1ffbde100b,"size == ""0""","isEmpty == ""True""","peek_obj_type == ""EmptyObject""","push == ""none""","pop == ""EmptyObject""","clear == ""none""","size_p == ""0""",No
6882,1607885829900:58a345d7-bdea-46c6-9d93-e216ac943cea,1607885829900:36697a63-18e7-4414-bc4e-c1d675491030,"size == ""0""","isEmpty == ""True""","peek_obj_type == ""EmptyObject""","push == ""class java.lang.String""","pop == ""none""","clear == ""none""","size_p == ""0""",Yes
6884,1607885829899:8ef8dfbb-4cfc-4bce-8644-3d2b3ab0f33a,1607885829899:df571da2-356c-421d-9bc0-c8f3d487c2f5,"size == ""0""","isEmpty == ""True""","peek_obj_type == ""EmptyObject""","push == ""class java.lang.String""","pop == ""none""","clear == ""none""","size_p == ""0""",Yes
6885,1607885829899:8ef8dfbb-4cfc-4bce-8644-3d2b3ab0f33a,1607885829899:df571da2-356c-421d-9bc0-c8f3d487c2f5,"size == ""0""","isEmpty == ""True""","peek_obj_type == ""EmptyObject""","push == ""none""","pop == ""EmptyObject""","clear == ""none""","size_p == ""0""",No
6887,1607885829899:665ee479-9371-42fa-b786-301170a45f07,1607885829899:be489040-b715-4a85-b8e9-b6edc51e9f29,"size == ""0""","isEmpty == ""True""","peek_obj_type == ""EmptyObject""","push == ""class java.lang.String""","pop == ""none""","clear == ""none""","size_p == ""0""",Yes
6888,1607885829899:665ee479-9371-42fa-b786-301170a45f07,1607885829899:be489040-b715-4a85-b8e9-b6edc51e9f29,"size == ""0""","isEmpty == ""True""","peek_obj_type == ""EmptyObject""","push == ""none""","pop == ""EmptyObject""","clear == ""none""","size_p == ""0""",No
6890,1607885829899:665ee479-9371-42fa-b786-301170a45f07,1607885829899:1d21dd44-c506-43d5-b2ba-ca61f10fe5e0,"size == ""0""","isEmpty == ""True""","peek_obj_type == ""EmptyObject""","push == ""class java.lang.String""","pop == ""none""","clear == ""none""","size_p == ""0""",Yes
6891,1607885829899:665ee479-9371-42fa-b786-301170a45f07,1607885829899:1d21dd44-c506-43d5-b2ba-ca61f10fe5e0,"size == ""0""","isEmpty == ""True""","peek_obj_type == ""EmptyObject""","push == ""class java.lang.String""","pop == ""none""","clear == ""none""","size_p == ""0""",Yes
6893,1607885829899:3bfabcf6-01ba-4213-be62-5337ee083c61,1607885829900:1accbc0b-fcd5-4bdd-a743-79401239dd05,"size == ""0""","isEmpty == ""True""","peek_obj_type == ""EmptyObject""","push == ""class java.lang.String""","pop == ""none""","clear == ""none""","size_p == ""0""",Yes
6894,1607885829899:3bfabcf6-01ba-4213-be62-5337ee083c61,1607885829900:1accbc0b-fcd5-4bdd-a743-79401239dd05,"size == ""0""","isEmpty == ""True""","peek_obj_type == ""EmptyObject""","push == ""none""","pop == ""EmptyObject""","clear == ""none""","size_p == ""0""",No
6896,1607885829899:3bfabcf6-01ba-4213-be62-5337ee083c61,1607885829899:ae469c25-acc1-40c7-9606-2eff1605b079,"size == ""1""","isEmpty == ""False""","peek_obj_type == ""class java.lang.String""","push == ""none""","pop == ""none""","clear == ""clear""","size_p == ""0""",Yes
6897,1607885829899:3bfabcf6-01ba-4213-be62-5337ee083c61,1607885829899:ae469c25-acc1-40c7-9606-2eff1605b079,"size == ""1""","isEmpty == ""False""","peek_obj_type == ""class java.lang.String""","push == ""class java.lang.String""","pop == ""none""","clear == ""none""","size_p == ""1""",Yes
6898,1607885829899:3bfabcf6-01ba-4213-be62-5337ee083c61,1607885829899:ae469c25-acc1-40c7-9606-2eff1605b079,"size == ""2""","isEmpty == ""False""","peek_obj_type == ""class java.lang.String""","push == ""none""","pop == ""none""","clear == ""clear""","size_p == ""1""",Yes
6899,1607885829899:3bfabcf6-01ba-4213-be62-5337ee083c61,1607885829899:ae469c25-acc1-40c7-9606-2eff1605b079,"size == ""3""","isEmpty == ""False""","peek_obj_type == ""class java.lang.String""","push == ""none""","pop == ""none""","clear == ""clear""","size_p == ""2""",Yes
6900,1607885829899:3bfabcf6-01ba-4213-be62-5337ee083c61,1607885829899:ae469c25-acc1-40c7-9606-2eff1605b079,"size == ""4""","isEmpty == ""False""","peek_obj_type == ""class java.lang.String""","push == ""none""","pop == ""none""","clear == ""clear""","size_p == ""3""",Yes
6902,1607885829898:ab9fae21-4e51-4494-96f1-fb6d3cedea71,1607885829898:0d54c937-64f3-4d91-9d29-234db2d3f6f4,"size == ""0""","isEmpty == ""True""","peek_obj_type == ""EmptyObject""","push == ""class java.lang.String""","pop == ""none""","clear == ""none""","size_p == ""0""",Yes
6903,1607885829898:ab9fae21-4e51-4494-96f1-fb6d3cedea71,1607885829898:0d54c937-64f3-4d91-9d29-234db2d3f6f4,"size == ""0""","isEmpty == ""True""","peek_obj_type == ""EmptyObject""","push == ""none""","pop == ""EmptyObject""","clear == ""none""","size_p == ""0""",No
6905,1607885829898:a573b21c-1e6c-43ef-a937-51fcdc94e32a,1607885829898:0ebd695b-8295-48f2-b36f-5314e7b812d0,"size == ""0""","isEmpty == ""True""","peek_obj_type == ""EmptyObject""","push == ""class java.lang.String""","pop == ""none""","clear == ""none""","size_p == ""0""",Yes
6906,1607885829898:a573b21c-1e6c-43ef-a937-51fcdc94e32a,1607885829898:0ebd695b-8295-48f2-b36f-5314e7b812d0,"size == ""0""","isEmpty == ""True""","peek_obj_type == ""EmptyObject""","push == ""none""","pop == ""EmptyObject""","clear == ""none""","size_p == ""0""",No
6908,1607885829898:a44430b3-2d56-42a3-a52e-3dcec043d851,1607885829898:87de87a4-957d-4e51-978d-db95dbce7fb8,"size == ""1""","isEmpty == ""False""","peek_obj_type == ""class java.lang.String""","push == ""none""","pop == ""none""","clear == ""clear""","size_p == ""0""",Yes
6909,1607885829898:a44430b3-2d56-42a3-a52e-3dcec043d851,1607885829898:87de87a4-957d-4e51-978d-db95dbce7fb8,"size == ""1""","isEmpty == ""False""","peek_obj_type == ""class java.lang.String""","push == ""class java.lang.String""","pop == ""none""","clear == ""none""","size_p == ""1""",Yes
6910,1607885829898:a44430b3-2d56-42a3-a52e-3dcec043d851,1607885829898:87de87a4-957d-4e51-978d-db95dbce7fb8,"size == ""2""","isEmpty == ""False""","peek_obj_type == ""class java.lang.String""","push == ""none""","pop == ""none""","clear == ""clear""","size_p == ""1""",Yes
6911,1607885829898:a44430b3-2d56-42a3-a52e-3dcec043d851,1607885829898:87de87a4-957d-4e51-978d-db95dbce7fb8,"size == ""3""","isEmpty == ""False""","peek_obj_type == ""class java.lang.String""","push == ""none""","pop == ""none""","clear == ""clear""","size_p == ""2""",Yes
6912,1607885829898:a44430b3-2d56-42a3-a52e-3dcec043d851,1607885829898:87de87a4-957d-4e51-978d-db95dbce7fb8,"size == ""4""","isEmpty == ""False""","peek_obj_type == ""class java.lang.String""","push == ""none""","pop == ""none""","clear == ""clear""","size_p == ""3""",Yes
6914,1607885829898:a44430b3-2d56-42a3-a52e-3dcec043d851,1607885829898:42ca36c3-f584-4a82-9f8d-a41fa030dacb,"size == ""0""","isEmpty == ""True""","peek_obj_type == ""EmptyObject""","push == ""class java.lang.String""","pop == ""none""","clear == ""none""","size_p == ""0""",Yes
6915,1607885829898:a44430b3-2d56-42a3-a52e-3dcec043d851,1607885829898:42ca36c3-f584-4a82-9f8d-a41fa030dacb,"size == ""0""","isEmpty == ""True""","peek_obj_type == ""EmptyObject""","push == ""none""","pop == ""EmptyObject""","clear == ""none""","size_p == ""0""",No
6917,1607885829898:4a7226e7-4f75-4e99-a7b6-7d04b7c470a3,1607885829898:dd529d59-b643-4f65-b00a-1863a949741b,"size == ""1""","isEmpty == ""False""","peek_obj_type == ""class java.lang.String""","push == ""none""","pop == ""none""","clear == ""clear""","size_p == ""0""",Yes
6918,1607885829898:4a7226e7-4f75-4e99-a7b6-7d04b7c470a3,1607885829898:dd529d59-b643-4f65-b00a-1863a949741b,"size == ""1""","isEmpty == ""False""","peek_obj_type == ""class java.lang.String""","push == ""class java.lang.String""","pop == ""none""","clear == ""none""","size_p == ""1""",Yes
6920,1607885829898:4a7226e7-4f75-4e99-a7b6-7d04b7c470a3,1607885829898:d3a126d7-3c42-4444-a909-34829dcedccd,"size == ""0""","isEmpty == ""True""","peek_obj_type == ""EmptyObject""","push == ""class java.lang.String""","pop == ""none""","clear == ""none""","size_p == ""0""",Yes
6921,1607885829898:4a7226e7-4f75-4e99-a7b6-7d04b7c470a3,1607885829898:d3a126d7-3c42-4444-a909-34829dcedccd,"size == ""0""","isEmpty == ""True""","peek_obj_type == ""EmptyObject""","push == ""none""","pop == ""EmptyObject""","clear == ""none""","size_p == ""0""",No
6923,1607885829897:de95b983-5f0b-4f69-96b9-a8621c708e96,1607885829897:d54123be-058e-40ac-86f1-9070d7f0423f,"size == ""0""","isEmpty == ""True""","peek_obj_type == ""EmptyObject""","push == ""class java.lang.String""","pop == ""none""","clear == ""none""","size_p == ""0""",Yes
6924,1607885829897:de95b983-5f0b-4f69-96b9-a8621c708e96,1607885829897:d54123be-058e-40ac-86f1-9070d7f0423f,"size == ""0""","isEmpty == ""True""","peek_obj_type == ""EmptyObject""","push == ""none""","pop == ""EmptyObject""","clear == ""none""","size_p == ""0""",No
6926,1607885829897:de95b983-5f0b-4f69-96b9-a8621c708e96,1607885829897:ba37e408-7c07-4320-a26a-2c98dc4b59be,"size == ""0""","isEmpty == ""True""","peek_obj_type == ""EmptyObject""","push == ""class java.lang.String""","pop == ""none""","clear == ""none""","size_p == ""0""",Yes
6929,1607885829897:acc0f685-dc5f-41e3-94de-cd8591675450,1607885829897:446fbe27-aae4-44c5-85bd-ee4ef21295cc,"size == ""1""","isEmpty == ""False""","peek_obj_type == ""class java.lang.String""","push == ""none""","pop == ""none""","clear == ""clear""","size_p == ""0""",Yes
6930,1607885829897:acc0f685-dc5f-41e3-94de-cd8591675450,1607885829897:446fbe27-aae4-44c5-85bd-ee4ef21295cc,"size == ""1""","isEmpty == ""False""","peek_obj_type == ""class java.lang.String""","push == ""class java.lang.String""","pop == ""none""","clear == ""none""","size_p == ""1""",Yes
6931,1607885829897:acc0f685-dc5f-41e3-94de-cd8591675450,1607885829897:446fbe27-aae4-44c5-85bd-ee4ef21295cc,"size == ""0""","isEmpty == ""True""","peek_obj_type == ""EmptyObject""","push == ""none""","pop == ""EmptyObject""","clear == ""none""","size_p == ""1""",No
6932,1607885829897:acc0f685-dc5f-41e3-94de-cd8591675450,1607885829897:446fbe27-aae4-44c5-85bd-ee4ef21295cc,"size == ""1""","isEmpty == ""False""","peek_obj_type == ""class java.lang.String""","push == ""none""","pop == ""none""","clear == ""clear""","size_p == ""0""",Yes
6934,1607885829897:acc0f685-dc5f-41e3-94de-cd8591675450,1607885829897:3445411b-d7b9-4b94-96da-01a05993d153,"size == ""0""","isEmpty == ""True""","peek_obj_type == ""EmptyObject""","push == ""class java.lang.String""","pop == ""none""","clear == ""none""","size_p == ""0""",Yes
6935,1607885829897:acc0f685-dc5f-41e3-94de-cd8591675450,1607885829897:3445411b-d7b9-4b94-96da-01a05993d153,"size == ""0""","isEmpty == ""True""","peek_obj_type == ""EmptyObject""","push == ""none""","pop == ""EmptyObject""","clear == ""none""","size_p == ""0""",No
6937,1607885829897:6e6f6f90-c44c-4cec-88d5-0beae3d59000,1607885829897:99e67cb5-d18e-4a08-bf99-538725da1f9a,"size == ""1""","isEmpty == ""False""","peek_obj_type == ""class java.lang.String""","push == ""none""","pop == ""none""","clear == ""clear""","size_p == ""0""",Yes
6938,1607885829897:6e6f6f90-c44c-4cec-88d5-0beae3d59000,1607885829897:99e67cb5-d18e-4a08-bf99-538725da1f9a,"size == ""1""","isEmpty == ""False""","peek_obj_type == ""class java.lang.String""","push == ""class java.lang.String""","pop == ""none""","clear == ""none""","size_p == ""1""",Yes
6939,1607885829897:6e6f6f90-c44c-4cec-88d5-0beae3d59000,1607885829897:99e67cb5-d18e-4a08-bf99-538725da1f9a,"size == ""0""","isEmpty == ""True""","peek_obj_type == ""EmptyObject""","push == ""none""","pop == ""EmptyObject""","clear == ""none""","size_p == ""1""",No
6940,1607885829897:6e6f6f90-c44c-4cec-88d5-0beae3d59000,1607885829897:99e67cb5-d18e-4a08-bf99-538725da1f9a,"size == ""1""","isEmpty == ""False""","peek_obj_type == ""class java.lang.String""","push == ""none""","pop == ""none""","clear == ""clear""","size_p == ""0""",Yes
6942,1607885829897:6e6f6f90-c44c-4cec-88d5-0beae3d59000,1607885829897:1e62c448-cfb5-471a-b0fd-6377a99ae026,"size == ""0""","isEmpty == ""True""","peek_obj_type == ""EmptyObject""","push == ""class java.lang.String""","pop == ""none""","clear == ""none""","size_p == ""0""",Yes
6943,1607885829897:6e6f6f90-c44c-4cec-88d5-0beae3d59000,1607885829897:1e62c448-cfb5-471a-b0fd-6377a99ae026,"size == ""0""","isEmpty == ""True""","peek_obj_type == ""EmptyObject""","push == ""none""","pop == ""EmptyObject""","clear == ""none""","size_p == ""0""",No
6945,1607885829896:bc829c19-a5d3-4ee2-868f-a765270f41ad,1607885829896:c4d0e987-fcd7-4f8c-88dd-c9faaa1d5497,"size == ""0""","isEmpty == ""True""","peek_obj_type == ""EmptyObject""","push == ""class java.lang.String""","pop == ""none""","clear == ""none""","size_p == ""0""",Yes
6946,1607885829896:bc829c19-a5d3-4ee2-868f-a765270f41ad,1607885829896:c4d0e987-fcd7-4f8c-88dd-c9faaa1d5497,"size == ""0""","isEmpty == ""True""","peek_obj_type == ""EmptyObject""","push == ""none""","pop == ""EmptyObject""","clear == ""none""","size_p == ""0""",No
6948,1607885829896:679d270f-9670-4e1b-85a3-199c32bf5739,1607885829896:41ef63b8-48c3-46e8-812b-0b7224707f92,"size == ""0""","isEmpty == ""True""","peek_obj_type == ""EmptyObject""","push == ""class java.lang.String""","pop == ""none""","clear == ""none""","size_p == ""0""",Yes
6949,1607885829896:679d270f-9670-4e1b-85a3-199c32bf5739,1607885829896:41ef63b8-48c3-46e8-812b-0b7224707f92,"size == ""0""","isEmpty == ""True""","peek_obj_type == ""EmptyObject""","push == ""none""","pop == ""EmptyObject""","clear == ""none""","size_p == ""0""",No
6951,1607885829896:62890b89-8414-4679-9d3f-61b2b260778d,1607885829896:a741472d-ee44-4000-97f8-4858179fc509,"size == ""1""","isEmpty == ""False""","peek_obj_type == ""class java.lang.String""","push == ""none""","pop == ""none""","clear == ""clear""","size_p == ""0""",Yes
6952,1607885829896:62890b89-8414-4679-9d3f-61b2b260778d,1607885829896:a741472d-ee44-4000-97f8-4858179fc509,"size == ""1""","isEmpty == ""False""","peek_obj_type == ""class java.lang.String""","push == ""class java.lang.String""","pop == ""none""","clear == ""none""","size_p == ""1""",Yes
6953,1607885829896:62890b89-8414-4679-9d3f-61b2b260778d,1607885829896:a741472d-ee44-4000-97f8-4858179fc509,"size == ""2""","isEmpty == ""False""","peek_obj_type == ""class java.lang.String""","push == ""none""","pop == ""none""","clear == ""clear""","size_p == ""1""",Yes
6955,1607885829896:62890b89-8414-4679-9d3f-61b2b260778d,1607885829896:76757706-0674-4b47-8f82-bdf851cefef8,"size == ""0""","isEmpty == ""True""","peek_obj_type == ""EmptyObject""","push == ""class java.lang.String""","pop == ""none""","clear == ""none""","size_p == ""0""",Yes
6956,1607885829896:62890b89-8414-4679-9d3f-61b2b260778d,1607885829896:76757706-0674-4b47-8f82-bdf851cefef8,"size == ""0""","isEmpty == ""True""","peek_obj_type == ""EmptyObject""","push == ""none""","pop == ""EmptyObject""","clear == ""none""","size_p == ""0""",No
6958,1607885829896:62890b89-8414-4679-9d3f-61b2b260778d,1607885829896:6bd04641-9348-455d-b455-865dc6deea0e,"size == ""1""","isEmpty == ""False""","peek_obj_type == ""class java.lang.String""","push == ""none""","pop == ""none""","clear == ""clear""","size_p == ""0""",Yes
6959,1607885829896:62890b89-8414-4679-9d3f-61b2b260778d,1607885829896:6bd04641-9348-455d-b455-865dc6deea0e,"size == ""1""","isEmpty == ""False""","peek_obj_type == ""class java.lang.String""","push == ""class java.lang.String""","pop == ""none""","clear == ""none""","size_p == ""1""",Yes
6960,1607885829896:62890b89-8414-4679-9d3f-61b2b260778d,1607885829896:6bd04641-9348-455d-b455-865dc6deea0e,"size == ""2""","isEmpty == ""False""","peek_obj_type == ""class java.lang.String""","push == ""none""","pop == ""none""","clear == ""clear""","size_p == ""1""",Yes
6961,1607885829896:62890b89-8414-4679-9d3f-61b2b260778d,1607885829896:6bd04641-9348-455d-b455-865dc6deea0e,"size == ""3""","isEmpty == ""False""","peek_obj_type == ""class java.lang.String""","push == ""none""","pop == ""none""","clear == ""clear""","size_p == ""2""",Yes
6962,1607885829896:62890b89-8414-4679-9d3f-61b2b260778d,1607885829896:6bd04641-9348-455d-b455-865dc6deea0e,"size == ""4""","isEmpty == ""False""","peek_obj_type == ""class java.lang.String""","push == ""none""","pop == ""none""","clear == ""clear""","size_p == ""3""",Yes
6964,1607885829896:61a214f3-4f32-4890-8acd-c64f6fc1a975,1607885829896:263c1036-740b-41b9-9e97-df10c2cde2af,"size == ""0""","isEmpty == ""True""","peek_obj_type == ""EmptyObject""","push == ""class java.lang.String""","pop == ""none""","clear == ""none""","size_p == ""0""",Yes
6965,1607885829896:61a214f3-4f32-4890-8acd-c64f6fc1a975,1607885829896:263c1036-740b-41b9-9e97-df10c2cde2af,"size == ""0""","isEmpty == ""True""","peek_obj_type == ""EmptyObject""","push == ""none""","pop == ""EmptyObject""","clear == ""none""","size_p == ""0""",No
6968,1607885829895:c87e27cd-e183-4e69-a796-76bd8fef2199,1607885829895:e3e8a3aa-4fe2-4132-a00f-f1ba05bad470,"size == ""0""","isEmpty == ""True""","peek_obj_type == ""EmptyObject""","push == ""class java.lang.String""","pop == ""none""","clear == ""none""","size_p == ""0""",Yes
6969,1607885829895:c87e27cd-e183-4e69-a796-76bd8fef2199,1607885829895:e3e8a3aa-4fe2-4132-a00f-f1ba05bad470,"size == ""0""","isEmpty == ""True""","peek_obj_type == ""EmptyObject""","push == ""none""","pop == ""EmptyObject""","clear == ""none""","size_p == ""0""",No
6971,1607885829895:c87e27cd-e183-4e69-a796-76bd8fef2199,1607885829895:d427e1f1-79c5-4aa3-9c87-7df06b2a6e17,"size == ""0""","isEmpty == ""True""","peek_obj_type == ""EmptyObject""","push == ""class java.lang.String""","pop == ""none""","clear == ""none""","size_p == ""0""",Yes
6973,1607885829895:9753f0a1-21f5-409a-a589-ca902d6f7d17,1607885829895:2bfc3e3c-1cba-470d-8573-7d4bb93ec1fb,"size == ""0""","isEmpty == ""True""","peek_obj_type == ""EmptyObject""","push == ""class java.lang.String""","pop == ""none""","clear == ""none""","size_p == ""0""",Yes
6974,1607885829895:9753f0a1-21f5-409a-a589-ca902d6f7d17,1607885829895:2bfc3e3c-1cba-470d-8573-7d4bb93ec1fb,"size == ""0""","isEmpty == ""True""","peek_obj_type == ""EmptyObject""","push == ""none""","pop == ""EmptyObject""","clear == ""none""","size_p == ""0""",No
6976,1607885829895:2ec3b7d9-3d5d-4b88-afb3-7f3f07199ba4,1607885829895:f52737c1-df28-4c49-831d-e734bea364d1,"size == ""0""","isEmpty == ""True""","peek_obj_type == ""EmptyObject""","push == ""class java.lang.String""","pop == ""none""","clear == ""none""","size_p == ""0""",Yes
6977,1607885829895:2ec3b7d9-3d5d-4b88-afb3-7f3f07199ba4,1607885829895:f52737c1-df28-4c49-831d-e734bea364d1,"size == ""0""","isEmpty == ""True""","peek_obj_type == ""EmptyObject""","push == ""none""","pop == ""EmptyObject""","clear == ""none""","size_p == ""0""",No
6979,1607885829894:ee3e46e6-4c5a-49a1-9651-6183458282ba,1607885829894:fc3085f4-7cb9-4703-b17d-51169dde1080,"size == ""0""","isEmpty == ""True""","peek_obj_type == ""EmptyObject""","push == ""class java.lang.String""","pop == ""none""","clear == ""none""","size_p == ""0""",Yes
6980,1607885829894:ee3e46e6-4c5a-49a1-9651-6183458282ba,1607885829894:fc3085f4-7cb9-4703-b17d-51169dde1080,"size == ""0""","isEmpty == ""True""","peek_obj_type == ""EmptyObject""","push == ""none""","pop == ""EmptyObject""","clear == ""none""","size_p == ""0""",No
6982,1607885829894:ee3e46e6-4c5a-49a1-9651-6183458282ba,1607885829894:67940512-690d-45f6-ae17-1cdc91008eb5,"size == ""1""","isEmpty == ""False""","peek_obj_type == ""class java.lang.String""","push == ""none""","pop == ""none""","clear == ""clear""","size_p == ""0""",Yes
6983,1607885829894:ee3e46e6-4c5a-49a1-9651-6183458282ba,1607885829894:67940512-690d-45f6-ae17-1cdc91008eb5,"size == ""1""","isEmpty == ""False""","peek_obj_type == ""class java.lang.String""","push == ""class java.lang.String""","pop == ""none""","clear == ""none""","size_p == ""1""",Yes
6984,1607885829894:ee3e46e6-4c5a-49a1-9651-6183458282ba,1607885829894:67940512-690d-45f6-ae17-1cdc91008eb5,"size == ""2""","isEmpty == ""False""","peek_obj_type == ""class java.lang.String""","push == ""none""","pop == ""none""","clear == ""clear""","size_p == ""1""",Yes
6985,1607885829894:ee3e46e6-4c5a-49a1-9651-6183458282ba,1607885829894:67940512-690d-45f6-ae17-1cdc91008eb5,"size == ""3""","isEmpty == ""False""","peek_obj_type == ""class java.lang.String""","push == ""none""","pop == ""none""","clear == ""clear""","size_p == ""2""",Yes
6986,1607885829894:ee3e46e6-4c5a-49a1-9651-6183458282ba,1607885829894:67940512-690d-45f6-ae17-1cdc91008eb5,"size == ""4""","isEmpty == ""False""","peek_obj_type == ""class java.lang.String""","push == ""none""","pop == ""none""","clear == ""clear""","size_p == ""3""",Yes
6988,1607885829894:e791ebe1-4caa-4c3d-9290-92d08d5edc60,1607885829894:821af835-5ba4-4300-8eed-bbf2972c671d,"size == ""0""","isEmpty == ""True""","peek_obj_type == ""EmptyObject""","push == ""class java.lang.String""","pop == ""none""","clear == ""none""","size_p == ""0""",Yes
6989,1607885829894:e791ebe1-4caa-4c3d-9290-92d08d5edc60,1607885829894:821af835-5ba4-4300-8eed-bbf2972c671d,"size == ""0""","isEmpty == ""True""","peek_obj_type == ""EmptyObject""","push == ""class java.lang.String""","pop == ""none""","clear == ""none""","size_p == ""0""",Yes
6990,1607885829894:e791ebe1-4caa-4c3d-9290-92d08d5edc60,1607885829894:821af835-5ba4-4300-8eed-bbf2972c671d,"size == ""0""","isEmpty == ""True""","peek_obj_type == ""EmptyObject""","push == ""class java.lang.String""","pop == ""none""","clear == ""none""","size_p == ""0""",Yes
6991,1607885829894:e791ebe1-4caa-4c3d-9290-92d08d5edc60,1607885829894:821af835-5ba4-4300-8eed-bbf2972c671d,"size == ""0""","isEmpty == ""True""","peek_obj_type == ""EmptyObject""","push == ""none""","pop == ""EmptyObject""","clear == ""none""","size_p == ""0""",Yes
6993,1607885829894:9acbab85-32a2-48c9-90ad-5afa4a4d5d3e,1607885829894:a25ccad2-b8fe-43b7-a170-6fecde506600,"size == ""0""","isEmpty == ""True""","peek_obj_type == ""EmptyObject""","push == ""class java.lang.String""","pop == ""none""","clear == ""none""","size_p == ""0""",Yes
6994,1607885829894:9acbab85-32a2-48c9-90ad-5afa4a4d5d3e,1607885829894:a25ccad2-b8fe-43b7-a170-6fecde506600,"size == ""0""","isEmpty == ""True""","peek_obj_type == ""EmptyObject""","push == ""none""","pop == ""EmptyObject""","clear == ""none""","size_p == ""0""",No
6996,1607885829894:9acbab85-32a2-48c9-90ad-5afa4a4d5d3e,1607885829894:6957e9b3-8ad6-442f-b385-87e36c7617b8,"size == ""0""","isEmpty == ""True""","peek_obj_type == ""EmptyObject""","push == ""class java.lang.String""","pop == ""none""","clear == ""none""","size_p == ""0""",Yes
6999,1607885829894:8a8e4a64-be34-4ec0-aae7-297eb771a44a,1607885829894:e6e7b827-a85d-41ad-bddc-95110fb296ff,"size == ""1""","isEmpty == ""False""","peek_obj_type == ""class java.lang.String""","push == ""none""","pop == ""none""","clear == ""clear""","size_p == ""0""",Yes
7000,1607885829894:8a8e4a64-be34-4ec0-aae7-297eb771a44a,1607885829894:e6e7b827-a85d-41ad-bddc-95110fb296ff,"size == ""1""","isEmpty == ""False""","peek_obj_type == ""class java.lang.String""","push == ""class java.lang.String""","pop == ""none""","clear == ""none""","size_p == ""1""",Yes
7001,1607885829894:8a8e4a64-be34-4ec0-aae7-297eb771a44a,1607885829894:e6e7b827-a85d-41ad-bddc-95110fb296ff,"size == ""2""","isEmpty == ""False""","peek_obj_type == ""class java.lang.String""","push == ""none""","pop == ""none""","clear == ""clear""","size_p == ""1""",Yes
7003,1607885829894:8a8e4a64-be34-4ec0-aae7-297eb771a44a,1607885829894:87eac203-110d-4301-add1-0cfb8ad5c73c,"size == ""0""","isEmpty == ""True""","peek_obj_type == ""EmptyObject""","push == ""class java.lang.String""","pop == ""none""","clear == ""none""","size_p == ""0""",Yes
7004,1607885829894:8a8e4a64-be34-4ec0-aae7-297eb771a44a,1607885829894:87eac203-110d-4301-add1-0cfb8ad5c73c,"size == ""0""","isEmpty == ""True""","peek_obj_type == ""EmptyObject""","push == ""none""","pop == ""EmptyObject""","clear == ""none""","size_p == ""0""",No
7006,1607885829894:3a52590e-f72f-453b-8546-37ed9160e130,1607885829894:d3ee325c-15bd-45a7-b7c9-dabd8cea0b17,"size == ""0""","isEmpty == ""True""","peek_obj_type == ""EmptyObject""","push == ""class java.lang.String""","pop == ""none""","clear == ""none""","size_p == ""0""",Yes
7007,1607885829894:3a52590e-f72f-453b-8546-37ed9160e130,1607885829894:d3ee325c-15bd-45a7-b7c9-dabd8cea0b17,"size == ""0""","isEmpty == ""True""","peek_obj_type == ""EmptyObject""","push == ""class java.lang.String""","pop == ""none""","clear == ""none""","size_p == ""0""",Yes
7009,1607885829894:3a52590e-f72f-453b-8546-37ed9160e130,1607885829894:d2c32e09-726a-4b13-8ead-fb63b3047737,"size == ""0""","isEmpty == ""True""","peek_obj_type == ""EmptyObject""","push == ""class java.lang.String""","pop == ""none""","clear == ""none""","size_p == ""0""",Yes
7010,1607885829894:3a52590e-f72f-453b-8546-37ed9160e130,1607885829894:d2c32e09-726a-4b13-8ead-fb63b3047737,"size == ""0""","isEmpty == ""True""","peek_obj_type == ""EmptyObject""","push == ""none""","pop == ""EmptyObject""","clear == ""none""","size_p == ""0""",No
7012,1607885829893:d50f58d8-199c-41b9-8b4f-62e4923caaaa,1607885829893:900e33ed-4aec-42c4-8b25-4be88cf95edd,"size == ""0""","isEmpty == ""True""","peek_obj_type == ""EmptyObject""","push == ""class java.lang.String""","pop == ""none""","clear == ""none""","size_p == ""0""",Yes
7013,1607885829893:d50f58d8-199c-41b9-8b4f-62e4923caaaa,1607885829893:900e33ed-4aec-42c4-8b25-4be88cf95edd,"size == ""0""","isEmpty == ""True""","peek_obj_type == ""EmptyObject""","push == ""none""","pop == ""EmptyObject""","clear == ""none""","size_p == ""0""",No
7015,1607885829893:cda14780-d934-4d64-ba41-310c6a519fe8,1607885829893:eab76d03-86aa-4711-820e-6df53f6cbf84,"size == ""0""","isEmpty == ""True""","peek_obj_type == ""EmptyObject""","push == ""class java.lang.String""","pop == ""none""","clear == ""none""","size_p == ""0""",Yes
7016,1607885829893:cda14780-d934-4d64-ba41-310c6a519fe8,1607885829893:eab76d03-86aa-4711-820e-6df53f6cbf84,"size == ""0""","isEmpty == ""True""","peek_obj_type == ""EmptyObject""","push == ""none""","pop == ""EmptyObject""","clear == ""none""","size_p == ""0""",No
7018,1607885829893:cda14780-d934-4d64-ba41-310c6a519fe8,1607885829893:a5614d5e-cfbc-499a-92dc-e09bc6abea88,"size == ""1""","isEmpty == ""False""","peek_obj_type == ""class java.lang.String""","push == ""none""","pop == ""none""","clear == ""clear""","size_p == ""0""",Yes
7019,1607885829893:cda14780-d934-4d64-ba41-310c6a519fe8,1607885829893:a5614d5e-cfbc-499a-92dc-e09bc6abea88,"size == ""1""","isEmpty == ""False""","peek_obj_type == ""class java.lang.String""","push == ""class java.lang.String""","pop == ""none""","clear == ""none""","size_p == ""1""",Yes
7020,1607885829893:cda14780-d934-4d64-ba41-310c6a519fe8,1607885829893:a5614d5e-cfbc-499a-92dc-e09bc6abea88,"size == ""2""","isEmpty == ""False""","peek_obj_type == ""class java.lang.String""","push == ""none""","pop == ""none""","clear == ""clear""","size_p == ""1""",Yes
7021,1607885829893:cda14780-d934-4d64-ba41-310c6a519fe8,1607885829893:a5614d5e-cfbc-499a-92dc-e09bc6abea88,"size == ""3""","isEmpty == ""False""","peek_obj_type == ""class java.lang.String""","push == ""none""","pop == ""none""","clear == ""clear""","size_p == ""2""",Yes
7022,1607885829893:cda14780-d934-4d64-ba41-310c6a519fe8,1607885829893:a5614d5e-cfbc-499a-92dc-e09bc6abea88,"size == ""4""","isEmpty == ""False""","peek_obj_type == ""class java.lang.String""","push == ""none""","pop == ""none""","clear == ""clear""","size_p == ""3""",Yes
7024,1607885829893:c462f19a-b005-4b83-88c6-bd48c599996b,1607885829893:0b82eb27-b3db-4eed-8425-d8ffe00005c2,"size == ""0""","isEmpty == ""True""","peek_obj_type == ""EmptyObject""","push == ""class java.lang.String""","pop == ""none""","clear == ""none""","size_p == ""0""",Yes
7025,1607885829893:c462f19a-b005-4b83-88c6-bd48c599996b,1607885829893:0b82eb27-b3db-4eed-8425-d8ffe00005c2,"size == ""0""","isEmpty == ""True""","peek_obj_type == ""EmptyObject""","push == ""none""","pop == ""EmptyObject""","clear == ""none""","size_p == ""0""",No
7027,1607885829893:523e7f44-8cce-4933-87d2-a1308e694f4d,1607885829893:bdd3c09e-74a3-4f75-ad51-1c67890ff992,"size == ""0""","isEmpty == ""True""","peek_obj_type == ""EmptyObject""","push == ""class java.lang.String""","pop == ""none""","clear == ""none""","size_p == ""0""",Yes
7028,1607885829893:523e7f44-8cce-4933-87d2-a1308e694f4d,1607885829893:bdd3c09e-74a3-4f75-ad51-1c67890ff992,"size == ""0""","isEmpty == ""True""","peek_obj_type == ""EmptyObject""","push == ""none""","pop == ""EmptyObject""","clear == ""none""","size_p == ""0""",No
7030,1607885829893:523e7f44-8cce-4933-87d2-a1308e694f4d,1607885829893:147243b2-d67e-4f13-a5e9-ca4fdf60837b,"size == ""1""","isEmpty == ""False""","peek_obj_type == ""class java.lang.String""","push == ""none""","pop == ""none""","clear == ""clear""","size_p == ""0""",Yes
7031,1607885829893:523e7f44-8cce-4933-87d2-a1308e694f4d,1607885829893:147243b2-d67e-4f13-a5e9-ca4fdf60837b,"size == ""1""","isEmpty == ""False""","peek_obj_type == ""class java.lang.String""","push == ""class java.lang.String""","pop == ""none""","clear == ""none""","size_p == ""1""",Yes
7032,1607885829893:523e7f44-8cce-4933-87d2-a1308e694f4d,1607885829893:147243b2-d67e-4f13-a5e9-ca4fdf60837b,"size == ""0""","isEmpty == ""True""","peek_obj_type == ""EmptyObject""","push == ""none""","pop == ""EmptyObject""","clear == ""none""","size_p == ""1""",No
7034,1607885829893:4ebeae92-cf25-495c-b6f5-90adf1015b51,1607885829893:b90c7a6e-60ff-4288-b888-0d455e9433b7,"size == ""0""","isEmpty == ""True""","peek_obj_type == ""EmptyObject""","push == ""class java.lang.String""","pop == ""none""","clear == ""none""","size_p == ""0""",Yes
7036,1607885829893:4ebeae92-cf25-495c-b6f5-90adf1015b51,1607885829893:adeb6dba-f7ba-469e-9f44-3b918788f51c,"size == ""0""","isEmpty == ""True""","peek_obj_type == ""EmptyObject""","push == ""class java.lang.String""","pop == ""none""","clear == ""none""","size_p == ""0""",Yes
7037,1607885829893:4ebeae92-cf25-495c-b6f5-90adf1015b51,1607885829893:adeb6dba-f7ba-469e-9f44-3b918788f51c,"size == ""0""","isEmpty == ""True""","peek_obj_type == ""EmptyObject""","push == ""none""","pop == ""EmptyObject""","clear == ""none""","size_p == ""0""",No
7040,1607885829893:36996db0-0bed-49a3-9529-eaa460fca681,1607885829893:f4397ca1-2a74-47b6-91b2-26bca8c072f7,"size == ""0""","isEmpty == ""True""","peek_obj_type == ""EmptyObject""","push == ""class java.lang.String""","pop == ""none""","clear == ""none""","size_p == ""0""",Yes
7041,1607885829893:36996db0-0bed-49a3-9529-eaa460fca681,1607885829893:f4397ca1-2a74-47b6-91b2-26bca8c072f7,"size == ""0""","isEmpty == ""True""","peek_obj_type == ""EmptyObject""","push == ""none""","pop == ""EmptyObject""","clear == ""none""","size_p == ""0""",No
7043,1607885829893:36996db0-0bed-49a3-9529-eaa460fca681,1607885829893:c81ae701-5cd5-409a-87a2-e86fb8120d33,"size == ""1""","isEmpty == ""False""","peek_obj_type == ""class java.lang.String""","push == ""none""","pop == ""none""","clear == ""clear""","size_p == ""0""",Yes
7044,1607885829893:36996db0-0bed-49a3-9529-eaa460fca681,1607885829893:c81ae701-5cd5-409a-87a2-e86fb8120d33,"size == ""1""","isEmpty == ""False""","peek_obj_type == ""class java.lang.String""","push == ""class java.lang.String""","pop == ""none""","clear == ""none""","size_p == ""1""",Yes
7045,1607885829893:36996db0-0bed-49a3-9529-eaa460fca681,1607885829893:c81ae701-5cd5-409a-87a2-e86fb8120d33,"size == ""2""","isEmpty == ""False""","peek_obj_type == ""class java.lang.String""","push == ""none""","pop == ""none""","clear == ""clear""","size_p == ""1""",Yes
7046,1607885829893:36996db0-0bed-49a3-9529-eaa460fca681,1607885829893:c81ae701-5cd5-409a-87a2-e86fb8120d33,"size == ""3""","isEmpty == ""False""","peek_obj_type == ""class java.lang.String""","push == ""none""","pop == ""none""","clear == ""clear""","size_p == ""2""",Yes
7047,1607885829893:36996db0-0bed-49a3-9529-eaa460fca681,1607885829893:c81ae701-5cd5-409a-87a2-e86fb8120d33,"size == ""4""","isEmpty == ""False""","peek_obj_type == ""class java.lang.String""","push == ""none""","pop == ""none""","clear == ""clear""","size_p == ""3""",Yes
7049,1607885829892:d5f2a024-fcd7-49af-9cc5-a288001d22b9,1607885829892:b2956b50-8143-4ae3-99e4-dbfe0f600393,"size == ""0""","isEmpty == ""True""","peek_obj_type == ""EmptyObject""","push == ""class java.lang.String""","pop == ""none""","clear == ""none""","size_p == ""0""",Yes
7050,1607885829892:d5f2a024-fcd7-49af-9cc5-a288001d22b9,1607885829892:b2956b50-8143-4ae3-99e4-dbfe0f600393,"size == ""0""","isEmpty == ""True""","peek_obj_type == ""EmptyObject""","push == ""none""","pop == ""EmptyObject""","clear == ""none""","size_p == ""0""",No
7052,1607885829892:d5f2a024-fcd7-49af-9cc5-a288001d22b9,1607885829892:70a10e3d-af91-41ec-a51c-202d8fc86832,"size == ""0""","isEmpty == ""True""","peek_obj_type == ""EmptyObject""","push == ""class java.lang.String""","pop == ""none""","clear == ""none""","size_p == ""0""",Yes
7054,1607885829892:abbedbcc-c470-4946-a2a6-c1b3bf7c2e79,1607885829892:6bd0a9b0-0dde-4c69-882f-e7aacda60d7b,"size == ""0""","isEmpty == ""True""","peek_obj_type == ""EmptyObject""","push == ""class java.lang.String""","pop == ""none""","clear == ""none""","size_p == ""0""",Yes
7055,1607885829892:abbedbcc-c470-4946-a2a6-c1b3bf7c2e79,1607885829892:6bd0a9b0-0dde-4c69-882f-e7aacda60d7b,"size == ""0""","isEmpty == ""True""","peek_obj_type == ""EmptyObject""","push == ""none""","pop == ""EmptyObject""","clear == ""none""","size_p == ""0""",No
7057,1607885829892:abbedbcc-c470-4946-a2a6-c1b3bf7c2e79,1607885829892:5fb673a3-6b4c-4d5c-8bfe-51475ab24c9c,"size == ""1""","isEmpty == ""False""","peek_obj_type == ""class java.lang.String""","push == ""none""","pop == ""none""","clear == ""clear""","size_p == ""0""",Yes
7058,1607885829892:abbedbcc-c470-4946-a2a6-c1b3bf7c2e79,1607885829892:5fb673a3-6b4c-4d5c-8bfe-51475ab24c9c,"size == ""1""","isEmpty == ""False""","peek_obj_type == ""class java.lang.String""","push == ""class java.lang.String""","pop == ""none""","clear == ""none""","size_p == ""1""",Yes
7059,1607885829892:abbedbcc-c470-4946-a2a6-c1b3bf7c2e79,1607885829892:5fb673a3-6b4c-4d5c-8bfe-51475ab24c9c,"size == ""2""","isEmpty == ""False""","peek_obj_type == ""class java.lang.String""","push == ""none""","pop == ""none""","clear == ""clear""","size_p == ""1""",Yes
7060,1607885829892:abbedbcc-c470-4946-a2a6-c1b3bf7c2e79,1607885829892:5fb673a3-6b4c-4d5c-8bfe-51475ab24c9c,"size == ""3""","isEmpty == ""False""","peek_obj_type == ""class java.lang.String""","push == ""none""","pop == ""none""","clear == ""clear""","size_p == ""2""",Yes
7061,1607885829892:abbedbcc-c470-4946-a2a6-c1b3bf7c2e79,1607885829892:5fb673a3-6b4c-4d5c-8bfe-51475ab24c9c,"size == ""4""","isEmpty == ""False""","peek_obj_type == ""class java.lang.String""","push == ""none""","pop == ""none""","clear == ""clear""","size_p == ""3""",Yes
7063,1607885829892:9f2ec005-0294-4bc0-b879-9e040bfb1060,1607885829892:0b86067e-f18d-40df-93ea-4d9504612cc9,"size == ""0""","isEmpty == ""True""","peek_obj_type == ""EmptyObject""","push == ""class java.lang.String""","pop == ""none""","clear == ""none""","size_p == ""0""",Yes
7064,1607885829892:9f2ec005-0294-4bc0-b879-9e040bfb1060,1607885829892:0b86067e-f18d-40df-93ea-4d9504612cc9,"size == ""0""","isEmpty == ""True""","peek_obj_type == ""EmptyObject""","push == ""none""","pop == ""EmptyObject""","clear == ""none""","size_p == ""0""",No
7066,1607885829892:7cdfef5f-b30e-44cd-8179-28e8c1b5616b,1607885829892:e73b8210-aa4d-40e9-87f9-e335c0d2e605,"size == ""0""","isEmpty == ""True""","peek_obj_type == ""EmptyObject""","push == ""class java.lang.String""","pop == ""none""","clear == ""none""","size_p == ""0""",Yes
7067,1607885829892:7cdfef5f-b30e-44cd-8179-28e8c1b5616b,1607885829892:e73b8210-aa4d-40e9-87f9-e335c0d2e605,"size == ""0""","isEmpty == ""True""","peek_obj_type == ""EmptyObject""","push == ""none""","pop == ""EmptyObject""","clear == ""none""","size_p == ""0""",No
7069,1607885829892:0729f515-35e9-4857-a3ed-45145927c502,1607885829892:ee9bd0df-f686-48aa-bf3c-c79bb9a3786f,"size == ""1""","isEmpty == ""False""","peek_obj_type == ""class java.lang.String""","push == ""none""","pop == ""none""","clear == ""clear""","size_p == ""0""",Yes
7070,1607885829892:0729f515-35e9-4857-a3ed-45145927c502,1607885829892:ee9bd0df-f686-48aa-bf3c-c79bb9a3786f,"size == ""1""","isEmpty == ""False""","peek_obj_type == ""class java.lang.String""","push == ""class java.lang.String""","pop == ""none""","clear == ""none""","size_p == ""1""",Yes
7071,1607885829892:0729f515-35e9-4857-a3ed-45145927c502,1607885829892:ee9bd0df-f686-48aa-bf3c-c79bb9a3786f,"size == ""2""","isEmpty == ""False""","peek_obj_type == ""class java.lang.String""","push == ""none""","pop == ""none""","clear == ""clear""","size_p == ""1""",Yes
7072,1607885829892:0729f515-35e9-4857-a3ed-45145927c502,1607885829892:ee9bd0df-f686-48aa-bf3c-c79bb9a3786f,"size == ""3""","isEmpty == ""False""","peek_obj_type == ""class java.lang.String""","push == ""none""","pop == ""none""","clear == ""clear""","size_p == ""2""",Yes
7073,1607885829892:0729f515-35e9-4857-a3ed-45145927c502,1607885829892:ee9bd0df-f686-48aa-bf3c-c79bb9a3786f,"size == ""4""","isEmpty == ""False""","peek_obj_type == ""class java.lang.String""","push == ""none""","pop == ""none""","clear == ""clear""","size_p == ""3""",Yes
7075,1607885829892:0729f515-35e9-4857-a3ed-45145927c502,1607885829892:42e73ae1-4df8-4ab3-bbc5-da495f6761c8,"size == ""0""","isEmpty == ""True""","peek_obj_type == ""EmptyObject""","push == ""class java.lang.String""","pop == ""none""","clear == ""none""","size_p == ""0""",Yes
7076,1607885829892:0729f515-35e9-4857-a3ed-45145927c502,1607885829892:42e73ae1-4df8-4ab3-bbc5-da495f6761c8,"size == ""0""","isEmpty == ""True""","peek_obj_type == ""EmptyObject""","push == ""none""","pop == ""EmptyObject""","clear == ""none""","size_p == ""0""",No
7078,1607885829891:df698847-d351-4043-8793-69c3e9720bfe,1607885829891:90ec8dd5-59c0-4fe4-a42b-a8079be5c23d,"size == ""0""","isEmpty == ""True""","peek_obj_type == ""EmptyObject""","push == ""class java.lang.String""","pop == ""none""","clear == ""none""","size_p == ""0""",Yes
7079,1607885829891:df698847-d351-4043-8793-69c3e9720bfe,1607885829891:90ec8dd5-59c0-4fe4-a42b-a8079be5c23d,"size == ""0""","isEmpty == ""True""","peek_obj_type == ""EmptyObject""","push == ""none""","pop == ""EmptyObject""","clear == ""none""","size_p == ""0""",No
7081,1607885829891:a8f1da6b-66fe-4b2b-b588-3ffca5255ab3,1607885829891:f84c5c84-6577-478f-8847-81770eb39f72,"size == ""0""","isEmpty == ""True""","peek_obj_type == ""EmptyObject""","push == ""class java.lang.String""","pop == ""none""","clear == ""none""","size_p == ""0""",Yes
7082,1607885829891:a8f1da6b-66fe-4b2b-b588-3ffca5255ab3,1607885829891:f84c5c84-6577-478f-8847-81770eb39f72,"size == ""0""","isEmpty == ""True""","peek_obj_type == ""EmptyObject""","push == ""none""","pop == ""EmptyObject""","clear == ""none""","size_p == ""0""",No
7084,1607885829891:a847df36-d0ee-4736-ab9d-c5dc549eeb72,1607885829891:52f70f0b-67ce-4ff6-b121-780f67b6fe8a,"size == ""0""","isEmpty == ""True""","peek_obj_type == ""EmptyObject""","push == ""class java.lang.String""","pop == ""none""","clear == ""none""","size_p == ""0""",Yes
7085,1607885829891:a847df36-d0ee-4736-ab9d-c5dc549eeb72,1607885829891:52f70f0b-67ce-4ff6-b121-780f67b6fe8a,"size == ""0""","isEmpty == ""True""","peek_obj_type == ""EmptyObject""","push == ""none""","pop == ""EmptyObject""","clear == ""none""","size_p == ""0""",No
7087,1607885829891:844540ec-61a5-4d55-aeb4-d108d5d8c3e7,1607885829891:555f136a-3876-4d0b-8ab8-7d421659db76,"size == ""0""","isEmpty == ""True""","peek_obj_type == ""EmptyObject""","push == ""class java.lang.String""","pop == ""none""","clear == ""none""","size_p == ""0""",Yes
7088,1607885829891:844540ec-61a5-4d55-aeb4-d108d5d8c3e7,1607885829891:555f136a-3876-4d0b-8ab8-7d421659db76,"size == ""0""","isEmpty == ""True""","peek_obj_type == ""EmptyObject""","push == ""none""","pop == ""EmptyObject""","clear == ""none""","size_p == ""0""",No
7090,1607885829891:5dfd6fa7-9673-4761-9a2b-0cfe961671f3,1607885829891:9e5e24a0-0b53-4287-921f-8f0fd269f7bc,"size == ""0""","isEmpty == ""True""","peek_obj_type == ""EmptyObject""","push == ""class java.lang.String""","pop == ""none""","clear == ""none""","size_p == ""0""",Yes
7092,1607885829891:5dfd6fa7-9673-4761-9a2b-0cfe961671f3,1607885829891:685c7a0d-47fc-48f2-be13-e4bcbcd6246a,"size == ""0""","isEmpty == ""True""","peek_obj_type == ""EmptyObject""","push == ""class java.lang.String""","pop == ""none""","clear == ""none""","size_p == ""0""",Yes
7093,1607885829891:5dfd6fa7-9673-4761-9a2b-0cfe961671f3,1607885829891:685c7a0d-47fc-48f2-be13-e4bcbcd6246a,"size == ""0""","isEmpty == ""True""","peek_obj_type == ""EmptyObject""","push == ""none""","pop == ""EmptyObject""","clear == ""none""","size_p == ""0""",No
7095,1607885829890:f3a87f6d-c3fe-402f-9636-a61d000ecb48,1607885829890:9dc239b3-5595-452d-925c-f65f6a9cc4fc,"size == ""0""","isEmpty == ""True""","peek_obj_type == ""EmptyObject""","push == ""class java.lang.String""","pop == ""none""","clear == ""none""","size_p == ""0""",Yes
7096,1607885829890:f3a87f6d-c3fe-402f-9636-a61d000ecb48,1607885829890:9dc239b3-5595-452d-925c-f65f6a9cc4fc,"size == ""0""","isEmpty == ""True""","peek_obj_type == ""EmptyObject""","push == ""none""","pop == ""EmptyObject""","clear == ""none""","size_p == ""0""",No
7098,1607885829890:f3a87f6d-c3fe-402f-9636-a61d000ecb48,1607885829890:63deebca-c772-4f3b-81ce-f2afec808ae5,"size == ""1""","isEmpty == ""False""","peek_obj_type == ""class java.lang.String""","push == ""none""","pop == ""none""","clear == ""clear""","size_p == ""0""",Yes
7099,1607885829890:f3a87f6d-c3fe-402f-9636-a61d000ecb48,1607885829890:63deebca-c772-4f3b-81ce-f2afec808ae5,"size == ""1""","isEmpty == ""False""","peek_obj_type == ""class java.lang.String""","push == ""class java.lang.String""","pop == ""none""","clear == ""none""","size_p == ""1""",Yes
7100,1607885829890:f3a87f6d-c3fe-402f-9636-a61d000ecb48,1607885829890:63deebca-c772-4f3b-81ce-f2afec808ae5,"size == ""0""","isEmpty == ""True""","peek_obj_type == ""EmptyObject""","push == ""none""","pop == ""EmptyObject""","clear == ""none""","size_p == ""1""",No
7101,1607885829890:f3a87f6d-c3fe-402f-9636-a61d000ecb48,1607885829890:63deebca-c772-4f3b-81ce-f2afec808ae5,"size == ""1""","isEmpty == ""False""","peek_obj_type == ""class java.lang.String""","push == ""none""","pop == ""none""","clear == ""clear""","size_p == ""0""",Yes
7103,1607885829890:f3a87f6d-c3fe-402f-9636-a61d000ecb48,1607885829890:07a6794d-1d93-4651-a81a-c6e6655a4a33,"size == ""0""","isEmpty == ""True""","peek_obj_type == ""EmptyObject""","push == ""class java.lang.String""","pop == ""none""","clear == ""none""","size_p == ""0""",Yes
7104,1607885829890:f3a87f6d-c3fe-402f-9636-a61d000ecb48,1607885829890:07a6794d-1d93-4651-a81a-c6e6655a4a33,"size == ""0""","isEmpty == ""True""","peek_obj_type == ""EmptyObject""","push == ""class java.lang.String""","pop == ""none""","clear == ""none""","size_p == ""0""",Yes
7105,1607885829890:f3a87f6d-c3fe-402f-9636-a61d000ecb48,1607885829890:07a6794d-1d93-4651-a81a-c6e6655a4a33,"size == ""0""","isEmpty == ""True""","peek_obj_type == ""EmptyObject""","push == ""class java.lang.String""","pop == ""none""","clear == ""none""","size_p == ""0""",Yes
7106,1607885829890:f3a87f6d-c3fe-402f-9636-a61d000ecb48,1607885829890:07a6794d-1d93-4651-a81a-c6e6655a4a33,"size == ""1""","isEmpty == ""False""","peek_obj_type == ""class java.lang.String""","push == ""none""","pop == ""none""","clear == ""clear""","size_p == ""0""",Yes
7108,1607885829890:99778e32-1cac-4c42-8dac-e0fe146badfa,1607885829890:7198ba6d-464c-4d5f-aed6-87494f633991,"size == ""0""","isEmpty == ""True""","peek_obj_type == ""EmptyObject""","push == ""class java.lang.String""","pop == ""none""","clear == ""none""","size_p == ""0""",Yes
7109,1607885829890:99778e32-1cac-4c42-8dac-e0fe146badfa,1607885829890:7198ba6d-464c-4d5f-aed6-87494f633991,"size == ""0""","isEmpty == ""True""","peek_obj_type == ""EmptyObject""","push == ""none""","pop == ""EmptyObject""","clear == ""none""","size_p == ""0""",No
7111,1607885829890:99778e32-1cac-4c42-8dac-e0fe146badfa,1607885829890:0449d761-626a-4432-bc6f-413186a8acd1,"size == ""1""","isEmpty == ""False""","peek_obj_type == ""class java.lang.String""","push == ""none""","pop == ""none""","clear == ""clear""","size_p == ""0""",Yes
7112,1607885829890:99778e32-1cac-4c42-8dac-e0fe146badfa,1607885829890:0449d761-626a-4432-bc6f-413186a8acd1,"size == ""1""","isEmpty == ""False""","peek_obj_type == ""class java.lang.String""","push == ""class java.lang.String""","pop == ""none""","clear == ""none""","size_p == ""1""",Yes
7113,1607885829890:99778e32-1cac-4c42-8dac-e0fe146badfa,1607885829890:0449d761-626a-4432-bc6f-413186a8acd1,"size == ""0""","isEmpty == ""True""","peek_obj_type == ""EmptyObject""","push == ""none""","pop == ""EmptyObject""","clear == ""none""","size_p == ""1""",No
7114,1607885829890:99778e32-1cac-4c42-8dac-e0fe146badfa,1607885829890:0449d761-626a-4432-bc6f-413186a8acd1,"size == ""1""","isEmpty == ""False""","peek_obj_type == ""class java.lang.String""","push == ""none""","pop == ""none""","clear == ""clear""","size_p == ""0""",Yes
7116,1607885829890:50c93342-874c-4cbc-afd7-08012feceb27,1607885829890:9c37205f-7975-43fb-8c94-5a097e450aea,"size == ""0""","isEmpty == ""True""","peek_obj_type == ""EmptyObject""","push == ""class java.lang.String""","pop == ""none""","clear == ""none""","size_p == ""0""",Yes
7117,1607885829890:50c93342-874c-4cbc-afd7-08012feceb27,1607885829890:9c37205f-7975-43fb-8c94-5a097e450aea,"size == ""0""","isEmpty == ""True""","peek_obj_type == ""EmptyObject""","push == ""class java.lang.String""","pop == ""none""","clear == ""none""","size_p == ""0""",Yes
7118,1607885829890:50c93342-874c-4cbc-afd7-08012feceb27,1607885829890:9c37205f-7975-43fb-8c94-5a097e450aea,"size == ""0""","isEmpty == ""True""","peek_obj_type == ""EmptyObject""","push == ""class java.lang.String""","pop == ""none""","clear == ""none""","size_p == ""0""",Yes
7119,1607885829890:50c93342-874c-4cbc-afd7-08012feceb27,1607885829890:9c37205f-7975-43fb-8c94-5a097e450aea,"size == ""0""","isEmpty == ""True""","peek_obj_type == ""EmptyObject""","push == ""none""","pop == ""EmptyObject""","clear == ""none""","size_p == ""0""",Yes
7121,1607885829889:681765d1-866c-4015-ba7b-2c251fa47c55,1607885829889:4556496d-ede3-487c-9b85-2542b6bf0999,"size == ""0""","isEmpty == ""True""","peek_obj_type == ""EmptyObject""","push == ""class java.lang.String""","pop == ""none""","clear == ""none""","size_p == ""0""",Yes
7123,1607885829889:681765d1-866c-4015-ba7b-2c251fa47c55,1607885829889:39278bac-7e8d-4287-b30c-862459f4ae4d,"size == ""0""","isEmpty == ""True""","peek_obj_type == ""EmptyObject""","push == ""class java.lang.String""","pop == ""none""","clear == ""none""","size_p == ""0""",Yes
7124,1607885829889:681765d1-866c-4015-ba7b-2c251fa47c55,1607885829889:39278bac-7e8d-4287-b30c-862459f4ae4d,"size == ""0""","isEmpty == ""True""","peek_obj_type == ""EmptyObject""","push == ""none""","pop == ""EmptyObject""","clear == ""none""","size_p == ""0""",No
7126,1607885829889:406290bc-f0a4-4d84-bdc1-497b94fddf9b,1607885829889:2aaa43c5-ce81-42d4-be97-f81657e69694,"size == ""1""","isEmpty == ""False""","peek_obj_type == ""class java.lang.String""","push == ""none""","pop == ""none""","clear == ""clear""","size_p == ""0""",Yes
7127,1607885829889:406290bc-f0a4-4d84-bdc1-497b94fddf9b,1607885829889:2aaa43c5-ce81-42d4-be97-f81657e69694,"size == ""1""","isEmpty == ""False""","peek_obj_type == ""class java.lang.String""","push == ""class java.lang.String""","pop == ""none""","clear == ""none""","size_p == ""1""",Yes
7128,1607885829889:406290bc-f0a4-4d84-bdc1-497b94fddf9b,1607885829889:2aaa43c5-ce81-42d4-be97-f81657e69694,"size == ""0""","isEmpty == ""True""","peek_obj_type == ""EmptyObject""","push == ""none""","pop == ""EmptyObject""","clear == ""none""","size_p == ""1""",No
7129,1607885829889:406290bc-f0a4-4d84-bdc1-497b94fddf9b,1607885829889:2aaa43c5-ce81-42d4-be97-f81657e69694,"size == ""1""","isEmpty == ""False""","peek_obj_type == ""class java.lang.String""","push == ""none""","pop == ""none""","clear == ""clear""","size_p == ""0""",Yes
7131,1607885829889:406290bc-f0a4-4d84-bdc1-497b94fddf9b,1607885829889:0b2dd7a6-53c4-4866-abae-bb840aad2ff5,"size == ""0""","isEmpty == ""True""","peek_obj_type == ""EmptyObject""","push == ""class java.lang.String""","pop == ""none""","clear == ""none""","size_p == ""0""",Yes
7132,1607885829889:406290bc-f0a4-4d84-bdc1-497b94fddf9b,1607885829889:0b2dd7a6-53c4-4866-abae-bb840aad2ff5,"size == ""0""","isEmpty == ""True""","peek_obj_type == ""EmptyObject""","push == ""none""","pop == ""EmptyObject""","clear == ""none""","size_p == ""0""",No
7134,1607885829889:330147c5-87ff-4665-b548-3877b9408b5c,1607885829889:e30e9bb5-bf66-4414-b9b9-f3fb2120568f,"size == ""0""","isEmpty == ""True""","peek_obj_type == ""EmptyObject""","push == ""class java.lang.String""","pop == ""none""","clear == ""none""","size_p == ""0""",Yes
7135,1607885829889:330147c5-87ff-4665-b548-3877b9408b5c,1607885829889:e30e9bb5-bf66-4414-b9b9-f3fb2120568f,"size == ""0""","isEmpty == ""True""","peek_obj_type == ""EmptyObject""","push == ""class java.lang.String""","pop == ""none""","clear == ""none""","size_p == ""0""",Yes
7137,1607885829889:330147c5-87ff-4665-b548-3877b9408b5c,1607885829889:01ca631c-210c-4339-a9fe-34539b360d48,"size == ""0""","isEmpty == ""True""","peek_obj_type == ""EmptyObject""","push == ""class java.lang.String""","pop == ""none""","clear == ""none""","size_p == ""0""",Yes
7138,1607885829889:330147c5-87ff-4665-b548-3877b9408b5c,1607885829889:01ca631c-210c-4339-a9fe-34539b360d48,"size == ""0""","isEmpty == ""True""","peek_obj_type == ""EmptyObject""","push == ""none""","pop == ""EmptyObject""","clear == ""none""","size_p == ""0""",No
7140,1607885829888:f2a740c9-80e9-4c2c-9dfd-593333931c48,1607885829888:6d9c00f7-f65e-4a96-94ff-6581effa59b0,"size == ""0""","isEmpty == ""True""","peek_obj_type == ""EmptyObject""","push == ""class java.lang.String""","pop == ""none""","clear == ""none""","size_p == ""0""",Yes
7141,1607885829888:f2a740c9-80e9-4c2c-9dfd-593333931c48,1607885829888:6d9c00f7-f65e-4a96-94ff-6581effa59b0,"size == ""0""","isEmpty == ""True""","peek_obj_type == ""EmptyObject""","push == ""none""","pop == ""EmptyObject""","clear == ""none""","size_p == ""0""",No
7143,1607885829888:d933063a-50f0-44f4-b45d-53ecd7ef64f6,1607885829889:7b0c75df-2f95-46fd-8597-c8d1c98a415c,"size == ""0""","isEmpty == ""True""","peek_obj_type == ""EmptyObject""","push == ""class java.lang.String""","pop == ""none""","clear == ""none""","size_p == ""0""",Yes
7144,1607885829888:d933063a-50f0-44f4-b45d-53ecd7ef64f6,1607885829889:7b0c75df-2f95-46fd-8597-c8d1c98a415c,"size == ""0""","isEmpty == ""True""","peek_obj_type == ""EmptyObject""","push == ""none""","pop == ""EmptyObject""","clear == ""none""","size_p == ""0""",No
7146,1607885829888:d933063a-50f0-44f4-b45d-53ecd7ef64f6,1607885829888:cbd03653-8dd8-4522-bdff-b90b297a10f7,"size == ""1""","isEmpty == ""False""","peek_obj_type == ""class java.lang.String""","push == ""none""","pop == ""none""","clear == ""clear""","size_p == ""0""",Yes
7147,1607885829888:d933063a-50f0-44f4-b45d-53ecd7ef64f6,1607885829888:cbd03653-8dd8-4522-bdff-b90b297a10f7,"size == ""1""","isEmpty == ""False""","peek_obj_type == ""class java.lang.String""","push == ""class java.lang.String""","pop == ""none""","clear == ""none""","size_p == ""1""",Yes
7148,1607885829888:d933063a-50f0-44f4-b45d-53ecd7ef64f6,1607885829888:cbd03653-8dd8-4522-bdff-b90b297a10f7,"size == ""0""","isEmpty == ""True""","peek_obj_type == ""EmptyObject""","push == ""none""","pop == ""EmptyObject""","clear == ""none""","size_p == ""1""",No
7149,1607885829888:d933063a-50f0-44f4-b45d-53ecd7ef64f6,1607885829888:cbd03653-8dd8-4522-bdff-b90b297a10f7,"size == ""1""","isEmpty == ""False""","peek_obj_type == ""class java.lang.String""","push == ""none""","pop == ""none""","clear == ""clear""","size_p == ""0""",Yes
7151,1607885829888:d933063a-50f0-44f4-b45d-53ecd7ef64f6,1607885829888:10435935-8954-4b46-aa4e-7a556502bd9a,"size == ""0""","isEmpty == ""True""","peek_obj_type == ""EmptyObject""","push == ""class java.lang.String""","pop == ""none""","clear == ""none""","size_p == ""0""",Yes
7152,1607885829888:d933063a-50f0-44f4-b45d-53ecd7ef64f6,1607885829888:10435935-8954-4b46-aa4e-7a556502bd9a,"size == ""0""","isEmpty == ""True""","peek_obj_type == ""EmptyObject""","push == ""class java.lang.String""","pop == ""none""","clear == ""none""","size_p == ""0""",Yes
7153,1607885829888:d933063a-50f0-44f4-b45d-53ecd7ef64f6,1607885829888:10435935-8954-4b46-aa4e-7a556502bd9a,"size == ""0""","isEmpty == ""True""","peek_obj_type == ""EmptyObject""","push == ""class java.lang.String""","pop == ""none""","clear == ""none""","size_p == ""0""",Yes
7155,1607885829888:c6fe0c06-8201-4036-a637-046e31f52a4b,1607885829888:5134ac4b-1927-4210-a911-2e954c12b951,"size == ""1""","isEmpty == ""False""","peek_obj_type == ""class java.lang.String""","push == ""none""","pop == ""none""","clear == ""clear""","size_p == ""0""",Yes
7156,1607885829888:c6fe0c06-8201-4036-a637-046e31f52a4b,1607885829888:5134ac4b-1927-4210-a911-2e954c12b951,"size == ""1""","isEmpty == ""False""","peek_obj_type == ""class java.lang.String""","push == ""class java.lang.String""","pop == ""none""","clear == ""none""","size_p == ""1""",Yes
7157,1607885829888:c6fe0c06-8201-4036-a637-046e31f52a4b,1607885829888:5134ac4b-1927-4210-a911-2e954c12b951,"size == ""2""","isEmpty == ""False""","peek_obj_type == ""class java.lang.String""","push == ""none""","pop == ""none""","clear == ""clear""","size_p == ""1""",Yes
7158,1607885829888:c6fe0c06-8201-4036-a637-046e31f52a4b,1607885829888:5134ac4b-1927-4210-a911-2e954c12b951,"size == ""3""","isEmpty == ""False""","peek_obj_type == ""class java.lang.String""","push == ""none""","pop == ""none""","clear == ""clear""","size_p == ""2""",Yes
7159,1607885829888:c6fe0c06-8201-4036-a637-046e31f52a4b,1607885829888:5134ac4b-1927-4210-a911-2e954c12b951,"size == ""4""","isEmpty == ""False""","peek_obj_type == ""class java.lang.String""","push == ""none""","pop == ""none""","clear == ""clear""","size_p == ""3""",Yes
7161,1607885829888:c6fe0c06-8201-4036-a637-046e31f52a4b,1607885829888:0590924c-35a0-4118-b00e-d40847bd8e2f,"size == ""0""","isEmpty == ""True""","peek_obj_type == ""EmptyObject""","push == ""class java.lang.String""","pop == ""none""","clear == ""none""","size_p == ""0""",Yes
7162,1607885829888:c6fe0c06-8201-4036-a637-046e31f52a4b,1607885829888:0590924c-35a0-4118-b00e-d40847bd8e2f,"size == ""0""","isEmpty == ""True""","peek_obj_type == ""EmptyObject""","push == ""none""","pop == ""EmptyObject""","clear == ""none""","size_p == ""0""",No
7164,1607885829888:a220eee9-e9bf-4272-8af3-05c4d0843df3,1607885829888:75ac8d05-a9f1-466e-9f05-bc4f7f75bd0a,"size == ""0""","isEmpty == ""True""","peek_obj_type == ""EmptyObject""","push == ""class java.lang.String""","pop == ""none""","clear == ""none""","size_p == ""0""",Yes
7165,1607885829888:a220eee9-e9bf-4272-8af3-05c4d0843df3,1607885829888:75ac8d05-a9f1-466e-9f05-bc4f7f75bd0a,"size == ""0""","isEmpty == ""True""","peek_obj_type == ""EmptyObject""","push == ""none""","pop == ""EmptyObject""","clear == ""none""","size_p == ""0""",No
7167,1607885829887:9f919085-7c9b-4aa2-812f-c470e5e8e093,1607885829887:bb1201cf-3e77-4d7a-8c32-6cff5e5d936f,"size == ""1""","isEmpty == ""False""","peek_obj_type == ""class java.lang.String""","push == ""none""","pop == ""none""","clear == ""clear""","size_p == ""0""",Yes
7168,1607885829887:9f919085-7c9b-4aa2-812f-c470e5e8e093,1607885829887:bb1201cf-3e77-4d7a-8c32-6cff5e5d936f,"size == ""1""","isEmpty == ""False""","peek_obj_type == ""class java.lang.String""","push == ""class java.lang.String""","pop == ""none""","clear == ""none""","size_p == ""1""",Yes
7169,1607885829887:9f919085-7c9b-4aa2-812f-c470e5e8e093,1607885829887:bb1201cf-3e77-4d7a-8c32-6cff5e5d936f,"size == ""2""","isEmpty == ""False""","peek_obj_type == ""class java.lang.String""","push == ""none""","pop == ""none""","clear == ""clear""","size_p == ""1""",Yes
7170,1607885829887:9f919085-7c9b-4aa2-812f-c470e5e8e093,1607885829887:bb1201cf-3e77-4d7a-8c32-6cff5e5d936f,"size == ""3""","isEmpty == ""False""","peek_obj_type == ""class java.lang.String""","push == ""none""","pop == ""none""","clear == ""clear""","size_p == ""2""",Yes
7171,1607885829887:9f919085-7c9b-4aa2-812f-c470e5e8e093,1607885829887:bb1201cf-3e77-4d7a-8c32-6cff5e5d936f,"size == ""4""","isEmpty == ""False""","peek_obj_type == ""class java.lang.String""","push == ""none""","pop == ""none""","clear == ""clear""","size_p == ""3""",Yes
7173,1607885829887:9f919085-7c9b-4aa2-812f-c470e5e8e093,1607885829887:0651e99e-0faf-4f20-9984-b27e27799eab,"size == ""0""","isEmpty == ""True""","peek_obj_type == ""EmptyObject""","push == ""class java.lang.String""","pop == ""none""","clear == ""none""","size_p == ""0""",Yes
7174,1607885829887:9f919085-7c9b-4aa2-812f-c470e5e8e093,1607885829887:0651e99e-0faf-4f20-9984-b27e27799eab,"size == ""0""","isEmpty == ""True""","peek_obj_type == ""EmptyObject""","push == ""none""","pop == ""EmptyObject""","clear == ""none""","size_p == ""0""",No
7176,1607885829887:5c58f180-9700-476c-8196-355aaadfa1aa,1607885829887:1e0a8b14-b38c-4492-a363-7223ca76cfda,"size == ""0""","isEmpty == ""True""","peek_obj_type == ""EmptyObject""","push == ""class java.lang.String""","pop == ""none""","clear == ""none""","size_p == ""0""",Yes
7177,1607885829887:5c58f180-9700-476c-8196-355aaadfa1aa,1607885829887:1e0a8b14-b38c-4492-a363-7223ca76cfda,"size == ""0""","isEmpty == ""True""","peek_obj_type == ""EmptyObject""","push == ""none""","pop == ""EmptyObject""","clear == ""none""","size_p == ""0""",No
7179,1607885829887:55b3757f-f94a-4f0b-8dbf-213af387e544,1607885829887:8eb3218a-fa32-41f3-bd98-1c0340afeb28,"size == ""0""","isEmpty == ""True""","peek_obj_type == ""EmptyObject""","push == ""class java.lang.String""","pop == ""none""","clear == ""none""","size_p == ""0""",Yes
7180,1607885829887:55b3757f-f94a-4f0b-8dbf-213af387e544,1607885829887:8eb3218a-fa32-41f3-bd98-1c0340afeb28,"size == ""0""","isEmpty == ""True""","peek_obj_type == ""EmptyObject""","push == ""none""","pop == ""EmptyObject""","clear == ""none""","size_p == ""0""",No
7182,1607885829887:55b3757f-f94a-4f0b-8dbf-213af387e544,1607885829887:81018a5d-a167-4509-9273-c52d1167e9eb,"size == ""1""","isEmpty == ""False""","peek_obj_type == ""class java.lang.String""","push == ""none""","pop == ""none""","clear == ""clear""","size_p == ""0""",Yes
7183,1607885829887:55b3757f-f94a-4f0b-8dbf-213af387e544,1607885829887:81018a5d-a167-4509-9273-c52d1167e9eb,"size == ""1""","isEmpty == ""False""","peek_obj_type == ""class java.lang.String""","push == ""class java.lang.String""","pop == ""none""","clear == ""none""","size_p == ""1""",Yes
7184,1607885829887:55b3757f-f94a-4f0b-8dbf-213af387e544,1607885829887:81018a5d-a167-4509-9273-c52d1167e9eb,"size == ""0""","isEmpty == ""True""","peek_obj_type == ""EmptyObject""","push == ""none""","pop == ""EmptyObject""","clear == ""none""","size_p == ""1""",No
7185,1607885829887:55b3757f-f94a-4f0b-8dbf-213af387e544,1607885829887:81018a5d-a167-4509-9273-c52d1167e9eb,"size == ""1""","isEmpty == ""False""","peek_obj_type == ""class java.lang.String""","push == ""none""","pop == ""none""","clear == ""clear""","size_p == ""0""",Yes
7187,1607885829886:d1f7321c-513a-4091-86b0-07065ab47d33,1607885829886:bb18524f-0a26-4c2e-a3a4-3af8208a5c2d,"size == ""0""","isEmpty == ""True""","peek_obj_type == ""EmptyObject""","push == ""class java.lang.String""","pop == ""none""","clear == ""none""","size_p == ""0""",Yes
7188,1607885829886:d1f7321c-513a-4091-86b0-07065ab47d33,1607885829886:bb18524f-0a26-4c2e-a3a4-3af8208a5c2d,"size == ""0""","isEmpty == ""True""","peek_obj_type == ""EmptyObject""","push == ""none""","pop == ""EmptyObject""","clear == ""none""","size_p == ""0""",No
7190,1607885829886:d1f7321c-513a-4091-86b0-07065ab47d33,1607885829886:a80fd5b8-a78f-49cd-9c55-f1368f38d0f6,"size == ""0""","isEmpty == ""True""","peek_obj_type == ""EmptyObject""","push == ""class java.lang.String""","pop == ""none""","clear == ""none""","size_p == ""0""",Yes
7192,1607885829886:d1f7321c-513a-4091-86b0-07065ab47d33,1607885829886:a2b29900-10a4-416a-a1b9-533f040fd340,"size == ""0""","isEmpty == ""True""","peek_obj_type == ""EmptyObject""","push == ""class java.lang.String""","pop == ""none""","clear == ""none""","size_p == ""0""",Yes
7193,1607885829886:d1f7321c-513a-4091-86b0-07065ab47d33,1607885829886:a2b29900-10a4-416a-a1b9-533f040fd340,"size == ""0""","isEmpty == ""True""","peek_obj_type == ""EmptyObject""","push == ""class java.lang.String""","pop == ""none""","clear == ""none""","size_p == ""0""",Yes
7194,1607885829886:d1f7321c-513a-4091-86b0-07065ab47d33,1607885829886:a2b29900-10a4-416a-a1b9-533f040fd340,"size == ""0""","isEmpty == ""True""","peek_obj_type == ""EmptyObject""","push == ""class java.lang.String""","pop == ""none""","clear == ""none""","size_p == ""0""",Yes
7195,1607885829886:d1f7321c-513a-4091-86b0-07065ab47d33,1607885829886:a2b29900-10a4-416a-a1b9-533f040fd340,"size == ""1""","isEmpty == ""False""","peek_obj_type == ""class java.lang.String""","push == ""none""","pop == ""none""","clear == ""clear""","size_p == ""0""",Yes
7197,1607885829886:c946de48-2717-4577-86e0-8b735bffb923,1607885829886:f3f982de-0028-45ec-b579-1a5cdbc145be,"size == ""0""","isEmpty == ""True""","peek_obj_type == ""EmptyObject""","push == ""class java.lang.String""","pop == ""none""","clear == ""none""","size_p == ""0""",Yes
7198,1607885829886:c946de48-2717-4577-86e0-8b735bffb923,1607885829886:f3f982de-0028-45ec-b579-1a5cdbc145be,"size == ""0""","isEmpty == ""True""","peek_obj_type == ""EmptyObject""","push == ""class java.lang.String""","pop == ""none""","clear == ""none""","size_p == ""0""",Yes
7199,1607885829886:c946de48-2717-4577-86e0-8b735bffb923,1607885829886:f3f982de-0028-45ec-b579-1a5cdbc145be,"size == ""1""","isEmpty == ""False""","peek_obj_type == ""class java.lang.String""","push == ""none""","pop == ""none""","clear == ""clear""","size_p == ""0""",Yes
7200,1607885829886:c946de48-2717-4577-86e0-8b735bffb923,1607885829886:f3f982de-0028-45ec-b579-1a5cdbc145be,"size == ""2""","isEmpty == ""False""","peek_obj_type == ""class java.lang.String""","push == ""none""","pop == ""none""","clear == ""clear""","size_p == ""1""",Yes
7202,1607885829886:c301d8cf-a121-49cf-b1cb-549829272ab2,1607885829887:25ac83c4-9eec-4948-a9f6-a8b61643a3d9,"size == ""0""","isEmpty == ""True""","peek_obj_type == ""EmptyObject""","push == ""class java.lang.String""","pop == ""none""","clear == ""none""","size_p == ""0""",Yes
7203,1607885829886:c301d8cf-a121-49cf-b1cb-549829272ab2,1607885829887:25ac83c4-9eec-4948-a9f6-a8b61643a3d9,"size == ""0""","isEmpty == ""True""","peek_obj_type == ""EmptyObject""","push == ""none""","pop == ""EmptyObject""","clear == ""none""","size_p == ""0""",No
7205,1607885829886:c301d8cf-a121-49cf-b1cb-549829272ab2,1607885829886:7073b98e-527d-40f6-a616-15f5126038ba,"size == ""1""","isEmpty == ""False""","peek_obj_type == ""class java.lang.String""","push == ""none""","pop == ""none""","clear == ""clear""","size_p == ""0""",Yes
7206,1607885829886:c301d8cf-a121-49cf-b1cb-549829272ab2,1607885829886:7073b98e-527d-40f6-a616-15f5126038ba,"size == ""1""","isEmpty == ""False""","peek_obj_type == ""class java.lang.String""","push == ""class java.lang.String""","pop == ""none""","clear == ""none""","size_p == ""1""",Yes
7207,1607885829886:c301d8cf-a121-49cf-b1cb-549829272ab2,1607885829886:7073b98e-527d-40f6-a616-15f5126038ba,"size == ""0""","isEmpty == ""True""","peek_obj_type == ""EmptyObject""","push == ""none""","pop == ""EmptyObject""","clear == ""none""","size_p == ""1""",No
7208,1607885829886:c301d8cf-a121-49cf-b1cb-549829272ab2,1607885829886:7073b98e-527d-40f6-a616-15f5126038ba,"size == ""1""","isEmpty == ""False""","peek_obj_type == ""class java.lang.String""","push == ""none""","pop == ""none""","clear == ""clear""","size_p == ""0""",Yes
7210,1607885829886:b0ee1ef7-25c6-4d30-97cb-aee340a6df46,1607885829886:6927bd82-dd03-4941-83b4-c30d314a55f7,"size == ""0""","isEmpty == ""True""","peek_obj_type == ""EmptyObject""","push == ""class java.lang.String""","pop == ""none""","clear == ""none""","size_p == ""0""",Yes
7211,1607885829886:b0ee1ef7-25c6-4d30-97cb-aee340a6df46,1607885829886:6927bd82-dd03-4941-83b4-c30d314a55f7,"size == ""0""","isEmpty == ""True""","peek_obj_type == ""EmptyObject""","push == ""none""","pop == ""EmptyObject""","clear == ""none""","size_p == ""0""",No
7213,1607885829885:c9eecf7c-e5a3-4bdc-bb51-60d4d42b3800,1607885829885:a53e75ea-57c4-4c2f-b66c-831a3cfcf91a,"size == ""0""","isEmpty == ""True""","peek_obj_type == ""EmptyObject""","push == ""class java.lang.String""","pop == ""none""","clear == ""none""","size_p == ""0""",Yes
7214,1607885829885:c9eecf7c-e5a3-4bdc-bb51-60d4d42b3800,1607885829885:a53e75ea-57c4-4c2f-b66c-831a3cfcf91a,"size == ""0""","isEmpty == ""True""","peek_obj_type == ""EmptyObject""","push == ""none""","pop == ""EmptyObject""","clear == ""none""","size_p == ""0""",No
7216,1607885829885:a829459e-8fa1-4850-bc23-f16419ed6e71,1607885829885:1965a991-00a3-4da7-b9f2-b720a8cb4185,"size == ""0""","isEmpty == ""True""","peek_obj_type == ""EmptyObject""","push == ""class java.lang.String""","pop == ""none""","clear == ""none""","size_p == ""0""",Yes
7217,1607885829885:a829459e-8fa1-4850-bc23-f16419ed6e71,1607885829885:1965a991-00a3-4da7-b9f2-b720a8cb4185,"size == ""0""","isEmpty == ""True""","peek_obj_type == ""EmptyObject""","push == ""none""","pop == ""EmptyObject""","clear == ""none""","size_p == ""0""",No
7219,1607885829885:8bacab10-560f-4484-be08-6ad85828b146,1607885829885:12320397-68f1-4891-b6f8-a6208329f907,"size == ""0""","isEmpty == ""True""","peek_obj_type == ""EmptyObject""","push == ""class java.lang.String""","pop == ""none""","clear == ""none""","size_p == ""0""",Yes
7220,1607885829885:8bacab10-560f-4484-be08-6ad85828b146,1607885829885:12320397-68f1-4891-b6f8-a6208329f907,"size == ""0""","isEmpty == ""True""","peek_obj_type == ""EmptyObject""","push == ""none""","pop == ""EmptyObject""","clear == ""none""","size_p == ""0""",No
7222,1607885829885:470f3ed9-ce96-4973-8d31-ec304ad26261,1607885829885:e1cc0e9f-db5c-4d9d-8410-9b2fe19e46c5,"size == ""1""","isEmpty == ""False""","peek_obj_type == ""class java.lang.String""","push == ""none""","pop == ""none""","clear == ""clear""","size_p == ""0""",Yes
7223,1607885829885:470f3ed9-ce96-4973-8d31-ec304ad26261,1607885829885:e1cc0e9f-db5c-4d9d-8410-9b2fe19e46c5,"size == ""1""","isEmpty == ""False""","peek_obj_type == ""class java.lang.String""","push == ""class java.lang.String""","pop == ""none""","clear == ""none""","size_p == ""1""",Yes
7224,1607885829885:470f3ed9-ce96-4973-8d31-ec304ad26261,1607885829885:e1cc0e9f-db5c-4d9d-8410-9b2fe19e46c5,"size == ""0""","isEmpty == ""True""","peek_obj_type == ""EmptyObject""","push == ""none""","pop == ""EmptyObject""","clear == ""none""","size_p == ""1""",No
7225,1607885829885:470f3ed9-ce96-4973-8d31-ec304ad26261,1607885829885:e1cc0e9f-db5c-4d9d-8410-9b2fe19e46c5,"size == ""1""","isEmpty == ""False""","peek_obj_type == ""class java.lang.String""","push == ""none""","pop == ""none""","clear == ""clear""","size_p == ""0""",Yes
7227,1607885829885:470f3ed9-ce96-4973-8d31-ec304ad26261,1607885829885:445963ee-b96e-4192-bab2-6a491f9961fb,"size == ""0""","isEmpty == ""True""","peek_obj_type == ""EmptyObject""","push == ""class java.lang.String""","pop == ""none""","clear == ""none""","size_p == ""0""",Yes
7228,1607885829885:470f3ed9-ce96-4973-8d31-ec304ad26261,1607885829885:445963ee-b96e-4192-bab2-6a491f9961fb,"size == ""0""","isEmpty == ""True""","peek_obj_type == ""EmptyObject""","push == ""none""","pop == ""EmptyObject""","clear == ""none""","size_p == ""0""",No
7231,1607885829884:c63639f2-c61d-4f90-999e-80cd97e73be6,1607885829884:929c1bdd-aa35-42e2-8c99-ca190c0c2938,"size == ""0""","isEmpty == ""True""","peek_obj_type == ""EmptyObject""","push == ""class java.lang.String""","pop == ""none""","clear == ""none""","size_p == ""0""",Yes
7233,1607885829884:c63639f2-c61d-4f90-999e-80cd97e73be6,1607885829884:652a3d1b-ab5a-41cb-9c4e-bcbb58a252f0,"size == ""0""","isEmpty == ""True""","peek_obj_type == ""EmptyObject""","push == ""class java.lang.String""","pop == ""none""","clear == ""none""","size_p == ""0""",Yes
7234,1607885829884:c63639f2-c61d-4f90-999e-80cd97e73be6,1607885829884:652a3d1b-ab5a-41cb-9c4e-bcbb58a252f0,"size == ""0""","isEmpty == ""True""","peek_obj_type == ""EmptyObject""","push == ""none""","pop == ""EmptyObject""","clear == ""none""","size_p == ""0""",No
7236,1607885829884:b215f145-1678-4940-9ecd-96f9817d68b9,1607885829884:c52c740e-4102-4658-a4d4-1975336c5682,"size == ""0""","isEmpty == ""True""","peek_obj_type == ""EmptyObject""","push == ""class java.lang.String""","pop == ""none""","clear == ""none""","size_p == ""0""",Yes
7237,1607885829884:b215f145-1678-4940-9ecd-96f9817d68b9,1607885829884:c52c740e-4102-4658-a4d4-1975336c5682,"size == ""0""","isEmpty == ""True""","peek_obj_type == ""EmptyObject""","push == ""none""","pop == ""EmptyObject""","clear == ""none""","size_p == ""0""",No
7239,1607885829884:64ebcd8d-8216-4350-85cc-824f08dc8427,1607885829884:662219e2-fb31-4058-9e17-f12109cfdbae,"size == ""0""","isEmpty == ""True""","peek_obj_type == ""EmptyObject""","push == ""class java.lang.String""","pop == ""none""","clear == ""none""","size_p == ""0""",Yes
7240,1607885829884:64ebcd8d-8216-4350-85cc-824f08dc8427,1607885829884:662219e2-fb31-4058-9e17-f12109cfdbae,"size == ""0""","isEmpty == ""True""","peek_obj_type == ""EmptyObject""","push == ""none""","pop == ""EmptyObject""","clear == ""none""","size_p == ""0""",No
7242,1607885829884:5def05df-ef29-4457-b86b-4acaf838a569,1607885829884:6ad4933e-0cfd-4bbc-8d15-ab5ec72088f8,"size == ""0""","isEmpty == ""True""","peek_obj_type == ""EmptyObject""","push == ""class java.lang.String""","pop == ""none""","clear == ""none""","size_p == ""0""",Yes
7243,1607885829884:5def05df-ef29-4457-b86b-4acaf838a569,1607885829884:6ad4933e-0cfd-4bbc-8d15-ab5ec72088f8,"size == ""0""","isEmpty == ""True""","peek_obj_type == ""EmptyObject""","push == ""none""","pop == ""EmptyObject""","clear == ""none""","size_p == ""0""",No
7245,1607885829884:50540ca9-d081-4191-bdf8-f467c308945d,1607885829884:7e8b300b-56df-48b9-8d65-582f6a5e36e0,"size == ""0""","isEmpty == ""True""","peek_obj_type == ""EmptyObject""","push == ""class java.lang.String""","pop == ""none""","clear == ""none""","size_p == ""0""",Yes
7246,1607885829884:50540ca9-d081-4191-bdf8-f467c308945d,1607885829884:7e8b300b-56df-48b9-8d65-582f6a5e36e0,"size == ""0""","isEmpty == ""True""","peek_obj_type == ""EmptyObject""","push == ""none""","pop == ""EmptyObject""","clear == ""none""","size_p == ""0""",No
7248,1607885829883:7c75a231-b3de-408d-8e6f-f95a84961cec,1607885829883:efafd16c-d21e-4a30-b4a2-3816e649282d,"size == ""0""","isEmpty == ""True""","peek_obj_type == ""EmptyObject""","push == ""class java.lang.String""","pop == ""none""","clear == ""none""","size_p == ""0""",Yes
7249,1607885829883:7c75a231-b3de-408d-8e6f-f95a84961cec,1607885829883:efafd16c-d21e-4a30-b4a2-3816e649282d,"size == ""0""","isEmpty == ""True""","peek_obj_type == ""EmptyObject""","push == ""none""","pop == ""EmptyObject""","clear == ""none""","size_p == ""0""",No
7251,1607885829883:66c2e74b-f404-40a5-973f-6a952e3df53d,1607885829883:e5f496a4-2301-46e1-84db-3fb445b712f7,"size == ""0""","isEmpty == ""True""","peek_obj_type == ""EmptyObject""","push == ""class java.lang.String""","pop == ""none""","clear == ""none""","size_p == ""0""",Yes
7252,1607885829883:66c2e74b-f404-40a5-973f-6a952e3df53d,1607885829883:e5f496a4-2301-46e1-84db-3fb445b712f7,"size == ""0""","isEmpty == ""True""","peek_obj_type == ""EmptyObject""","push == ""none""","pop == ""EmptyObject""","clear == ""none""","size_p == ""0""",No
7254,1607885829883:6492c69e-7060-42f3-ac06-c7d2e0ac9252,1607885829883:379872b0-ae1e-486c-9cb1-22992ee687ed,"size == ""0""","isEmpty == ""True""","peek_obj_type == ""EmptyObject""","push == ""class java.lang.String""","pop == ""none""","clear == ""none""","size_p == ""0""",Yes
7255,1607885829883:6492c69e-7060-42f3-ac06-c7d2e0ac9252,1607885829883:379872b0-ae1e-486c-9cb1-22992ee687ed,"size == ""0""","isEmpty == ""True""","peek_obj_type == ""EmptyObject""","push == ""none""","pop == ""EmptyObject""","clear == ""none""","size_p == ""0""",No
7257,1607885829883:60a91ac8-e335-4b36-bd9a-b5f00be96dac,1607885829883:b05008c8-7d21-4f7f-9c04-4fd96dd7a799,"size == ""0""","isEmpty == ""True""","peek_obj_type == ""EmptyObject""","push == ""class java.lang.String""","pop == ""none""","clear == ""none""","size_p == ""0""",Yes
7258,1607885829883:60a91ac8-e335-4b36-bd9a-b5f00be96dac,1607885829883:b05008c8-7d21-4f7f-9c04-4fd96dd7a799,"size == ""0""","isEmpty == ""True""","peek_obj_type == ""EmptyObject""","push == ""class java.lang.String""","pop == ""none""","clear == ""none""","size_p == ""0""",Yes
7259,1607885829883:60a91ac8-e335-4b36-bd9a-b5f00be96dac,1607885829883:b05008c8-7d21-4f7f-9c04-4fd96dd7a799,"size == ""1""","isEmpty == ""False""","peek_obj_type == ""class java.lang.String""","push == ""none""","pop == ""none""","clear == ""clear""","size_p == ""0""",Yes
7260,1607885829883:60a91ac8-e335-4b36-bd9a-b5f00be96dac,1607885829883:b05008c8-7d21-4f7f-9c04-4fd96dd7a799,"size == ""2""","isEmpty == ""False""","peek_obj_type == ""class java.lang.String""","push == ""none""","pop == ""none""","clear == ""clear""","size_p == ""1""",Yes
7261,1607885829883:60a91ac8-e335-4b36-bd9a-b5f00be96dac,1607885829883:b05008c8-7d21-4f7f-9c04-4fd96dd7a799,"size == ""1""","isEmpty == ""False""","peek_obj_type == ""class java.lang.String""","push == ""none""","pop == ""class java.lang.String""","clear == ""none""","size_p == ""2""",Yes
7264,1607885829882:ec074ad8-a7b3-4448-9a35-7cc1165e9874,1607885829882:375e9268-8ec6-4dc7-9606-84ac38c84325,"size == ""0""","isEmpty == ""True""","peek_obj_type == ""EmptyObject""","push == ""class java.lang.String""","pop == ""none""","clear == ""none""","size_p == ""0""",Yes
7266,1607885829882:ec074ad8-a7b3-4448-9a35-7cc1165e9874,1607885829882:1990ba77-3fc3-4e0e-9b86-3ac7d58afe09,"size == ""0""","isEmpty == ""True""","peek_obj_type == ""EmptyObject""","push == ""class java.lang.String""","pop == ""none""","clear == ""none""","size_p == ""0""",Yes
7267,1607885829882:ec074ad8-a7b3-4448-9a35-7cc1165e9874,1607885829882:1990ba77-3fc3-4e0e-9b86-3ac7d58afe09,"size == ""0""","isEmpty == ""True""","peek_obj_type == ""EmptyObject""","push == ""none""","pop == ""EmptyObject""","clear == ""none""","size_p == ""0""",No
7269,1607885829882:c13660f6-d0d3-42e8-98c3-c2dc4f365a9a,1607885829882:6fdd959a-1bb4-498f-b18b-64872ce54e3d,"size == ""0""","isEmpty == ""True""","peek_obj_type == ""EmptyObject""","push == ""class java.lang.String""","pop == ""none""","clear == ""none""","size_p == ""0""",Yes
7270,1607885829882:c13660f6-d0d3-42e8-98c3-c2dc4f365a9a,1607885829882:6fdd959a-1bb4-498f-b18b-64872ce54e3d,"size == ""0""","isEmpty == ""True""","peek_obj_type == ""EmptyObject""","push == ""none""","pop == ""EmptyObject""","clear == ""none""","size_p == ""0""",No
7272,1607885829882:94809409-ebb9-49f4-acaa-0feea7311e23,1607885829882:6be5d2f1-c101-453b-9767-4a871538d1dc,"size == ""0""","isEmpty == ""True""","peek_obj_type == ""EmptyObject""","push == ""class java.lang.String""","pop == ""none""","clear == ""none""","size_p == ""0""",Yes
7273,1607885829882:94809409-ebb9-49f4-acaa-0feea7311e23,1607885829882:6be5d2f1-c101-453b-9767-4a871538d1dc,"size == ""0""","isEmpty == ""True""","peek_obj_type == ""EmptyObject""","push == ""none""","pop == ""EmptyObject""","clear == ""none""","size_p == ""0""",No
7275,1607885829882:5e341a76-8256-4dc4-9f8d-92117b0f27b8,1607885829882:ebc6079f-b3f1-4c31-bd6b-0e088c4d4640,"size == ""0""","isEmpty == ""True""","peek_obj_type == ""EmptyObject""","push == ""class java.lang.String""","pop == ""none""","clear == ""none""","size_p == ""0""",Yes
7276,1607885829882:5e341a76-8256-4dc4-9f8d-92117b0f27b8,1607885829882:ebc6079f-b3f1-4c31-bd6b-0e088c4d4640,"size == ""0""","isEmpty == ""True""","peek_obj_type == ""EmptyObject""","push == ""none""","pop == ""EmptyObject""","clear == ""none""","size_p == ""0""",No
7278,1607885829882:5e341a76-8256-4dc4-9f8d-92117b0f27b8,1607885829882:5f0ac1b8-e03e-4a0b-b47c-6de372f2650b,"size == ""1""","isEmpty == ""False""","peek_obj_type == ""class java.lang.String""","push == ""none""","pop == ""none""","clear == ""clear""","size_p == ""0""",Yes
7279,1607885829882:5e341a76-8256-4dc4-9f8d-92117b0f27b8,1607885829882:5f0ac1b8-e03e-4a0b-b47c-6de372f2650b,"size == ""1""","isEmpty == ""False""","peek_obj_type == ""class java.lang.String""","push == ""class java.lang.String""","pop == ""none""","clear == ""none""","size_p == ""1""",Yes
7280,1607885829882:5e341a76-8256-4dc4-9f8d-92117b0f27b8,1607885829882:5f0ac1b8-e03e-4a0b-b47c-6de372f2650b,"size == ""2""","isEmpty == ""False""","peek_obj_type == ""class java.lang.String""","push == ""none""","pop == ""none""","clear == ""clear""","size_p == ""1""",Yes
7281,1607885829882:5e341a76-8256-4dc4-9f8d-92117b0f27b8,1607885829882:5f0ac1b8-e03e-4a0b-b47c-6de372f2650b,"size == ""3""","isEmpty == ""False""","peek_obj_type == ""class java.lang.String""","push == ""none""","pop == ""none""","clear == ""clear""","size_p == ""2""",Yes
7282,1607885829882:5e341a76-8256-4dc4-9f8d-92117b0f27b8,1607885829882:5f0ac1b8-e03e-4a0b-b47c-6de372f2650b,"size == ""4""","isEmpty == ""False""","peek_obj_type == ""class java.lang.String""","push == ""none""","pop == ""none""","clear == ""clear""","size_p == ""3""",Yes
7284,1607885829881:c4de81fa-59d0-431b-9b78-b3d7dc34b365,1607885829881:cad675a6-af60-48e6-9fcc-cb7e9b108b31,"size == ""0""","isEmpty == ""True""","peek_obj_type == ""EmptyObject""","push == ""class java.lang.String""","pop == ""none""","clear == ""none""","size_p == ""0""",Yes
7286,1607885829881:c4de81fa-59d0-431b-9b78-b3d7dc34b365,1607885829881:c0d291a2-b9c6-4a36-86aa-e999f8fde1a9,"size == ""0""","isEmpty == ""True""","peek_obj_type == ""EmptyObject""","push == ""class java.lang.String""","pop == ""none""","clear == ""none""","size_p == ""0""",Yes
7287,1607885829881:c4de81fa-59d0-431b-9b78-b3d7dc34b365,1607885829881:c0d291a2-b9c6-4a36-86aa-e999f8fde1a9,"size == ""0""","isEmpty == ""True""","peek_obj_type == ""EmptyObject""","push == ""none""","pop == ""EmptyObject""","clear == ""none""","size_p == ""0""",No
7289,1607885829881:bccd9332-629f-4e70-96e5-56355a9608db,1607885829881:6529ae9b-77ed-44f7-8a91-eca914fe88f6,"size == ""0""","isEmpty == ""True""","peek_obj_type == ""EmptyObject""","push == ""class java.lang.String""","pop == ""none""","clear == ""none""","size_p == ""0""",Yes
7290,1607885829881:bccd9332-629f-4e70-96e5-56355a9608db,1607885829881:6529ae9b-77ed-44f7-8a91-eca914fe88f6,"size == ""0""","isEmpty == ""True""","peek_obj_type == ""EmptyObject""","push == ""none""","pop == ""EmptyObject""","clear == ""none""","size_p == ""0""",No
7292,1607885829881:1b7848d1-4805-4302-a81d-aaf0b91c1198,1607885829881:a0c69154-8d02-4ea2-80d9-9ace66a2ec68,"size == ""0""","isEmpty == ""True""","peek_obj_type == ""EmptyObject""","push == ""class java.lang.String""","pop == ""none""","clear == ""none""","size_p == ""0""",Yes
7293,1607885829881:1b7848d1-4805-4302-a81d-aaf0b91c1198,1607885829881:a0c69154-8d02-4ea2-80d9-9ace66a2ec68,"size == ""0""","isEmpty == ""True""","peek_obj_type == ""EmptyObject""","push == ""none""","pop == ""EmptyObject""","clear == ""none""","size_p == ""0""",No
7295,1607885829881:1485c32f-0221-40c8-a593-93dd2a33f9fb,1607885829881:9b172bfc-d20c-4712-90f7-4cff9091c910,"size == ""0""","isEmpty == ""True""","peek_obj_type == ""EmptyObject""","push == ""class java.lang.String""","pop == ""none""","clear == ""none""","size_p == ""0""",Yes
7297,1607885829881:1485c32f-0221-40c8-a593-93dd2a33f9fb,1607885829881:00131a93-8288-425b-b6f0-ae2efe96cf9b,"size == ""0""","isEmpty == ""True""","peek_obj_type == ""EmptyObject""","push == ""class java.lang.String""","pop == ""none""","clear == ""none""","size_p == ""0""",Yes
7298,1607885829881:1485c32f-0221-40c8-a593-93dd2a33f9fb,1607885829881:00131a93-8288-425b-b6f0-ae2efe96cf9b,"size == ""0""","isEmpty == ""True""","peek_obj_type == ""EmptyObject""","push == ""none""","pop == ""EmptyObject""","clear == ""none""","size_p == ""0""",No
7300,1607885829880:fd930a09-3309-491a-972c-a34805d24e70,1607885829880:cbe6e6c4-5456-4272-b38d-d841222ecdc8,"size == ""0""","isEmpty == ""True""","peek_obj_type == ""EmptyObject""","push == ""class java.lang.String""","pop == ""none""","clear == ""none""","size_p == ""0""",Yes
7301,1607885829880:fd930a09-3309-491a-972c-a34805d24e70,1607885829880:cbe6e6c4-5456-4272-b38d-d841222ecdc8,"size == ""0""","isEmpty == ""True""","peek_obj_type == ""EmptyObject""","push == ""none""","pop == ""EmptyObject""","clear == ""none""","size_p == ""0""",No
7303,1607885829880:64582100-4390-4b5d-bbbd-1747013723d7,1607885829880:483d3d7a-8a75-4a60-8c14-7793c36f4cbe,"size == ""0""","isEmpty == ""True""","peek_obj_type == ""EmptyObject""","push == ""class java.lang.String""","pop == ""none""","clear == ""none""","size_p == ""0""",Yes
7304,1607885829880:64582100-4390-4b5d-bbbd-1747013723d7,1607885829880:483d3d7a-8a75-4a60-8c14-7793c36f4cbe,"size == ""0""","isEmpty == ""True""","peek_obj_type == ""EmptyObject""","push == ""none""","pop == ""EmptyObject""","clear == ""none""","size_p == ""0""",No
7306,1607885829880:64582100-4390-4b5d-bbbd-1747013723d7,1607885829880:21502d96-c0f5-40e4-8541-6866a6fb0b45,"size == ""0""","isEmpty == ""True""","peek_obj_type == ""EmptyObject""","push == ""class java.lang.String""","pop == ""none""","clear == ""none""","size_p == ""0""",Yes
7307,1607885829880:64582100-4390-4b5d-bbbd-1747013723d7,1607885829880:21502d96-c0f5-40e4-8541-6866a6fb0b45,"size == ""0""","isEmpty == ""True""","peek_obj_type == ""EmptyObject""","push == ""class java.lang.String""","pop == ""none""","clear == ""none""","size_p == ""0""",Yes
7309,1607885829880:5b5f8626-5922-43e5-be2f-226bb37db43d,1607885829881:84344bd0-bc64-496a-a3c7-882813ee31fc,"size == ""0""","isEmpty == ""True""","peek_obj_type == ""EmptyObject""","push == ""class java.lang.String""","pop == ""none""","clear == ""none""","size_p == ""0""",Yes
7310,1607885829880:5b5f8626-5922-43e5-be2f-226bb37db43d,1607885829881:84344bd0-bc64-496a-a3c7-882813ee31fc,"size == ""0""","isEmpty == ""True""","peek_obj_type == ""EmptyObject""","push == ""none""","pop == ""EmptyObject""","clear == ""none""","size_p == ""0""",No
7312,1607885829880:5b5f8626-5922-43e5-be2f-226bb37db43d,1607885829880:d14cdbf8-5379-4329-a847-2e92462c82a2,"size == ""1""","isEmpty == ""False""","peek_obj_type == ""class java.lang.String""","push == ""none""","pop == ""none""","clear == ""clear""","size_p == ""0""",Yes
7313,1607885829880:5b5f8626-5922-43e5-be2f-226bb37db43d,1607885829880:d14cdbf8-5379-4329-a847-2e92462c82a2,"size == ""1""","isEmpty == ""False""","peek_obj_type == ""class java.lang.String""","push == ""class java.lang.String""","pop == ""none""","clear == ""none""","size_p == ""1""",Yes
7314,1607885829880:5b5f8626-5922-43e5-be2f-226bb37db43d,1607885829880:d14cdbf8-5379-4329-a847-2e92462c82a2,"size == ""2""","isEmpty == ""False""","peek_obj_type == ""class java.lang.String""","push == ""none""","pop == ""none""","clear == ""clear""","size_p == ""1""",Yes
7315,1607885829880:5b5f8626-5922-43e5-be2f-226bb37db43d,1607885829880:d14cdbf8-5379-4329-a847-2e92462c82a2,"size == ""3""","isEmpty == ""False""","peek_obj_type == ""class java.lang.String""","push == ""none""","pop == ""none""","clear == ""clear""","size_p == ""2""",Yes
7316,1607885829880:5b5f8626-5922-43e5-be2f-226bb37db43d,1607885829880:d14cdbf8-5379-4329-a847-2e92462c82a2,"size == ""4""","isEmpty == ""False""","peek_obj_type == ""class java.lang.String""","push == ""none""","pop == ""none""","clear == ""clear""","size_p == ""3""",Yes
7318,1607885829880:1462414f-5ff2-4841-aae5-a8c4c008c466,1607885829880:d1e614dd-66c2-41ee-a8ce-73aa9d3e17d4,"size == ""1""","isEmpty == ""False""","peek_obj_type == ""class java.lang.String""","push == ""none""","pop == ""none""","clear == ""clear""","size_p == ""0""",Yes
7319,1607885829880:1462414f-5ff2-4841-aae5-a8c4c008c466,1607885829880:d1e614dd-66c2-41ee-a8ce-73aa9d3e17d4,"size == ""1""","isEmpty == ""False""","peek_obj_type == ""class java.lang.String""","push == ""class java.lang.String""","pop == ""none""","clear == ""none""","size_p == ""1""",Yes
7320,1607885829880:1462414f-5ff2-4841-aae5-a8c4c008c466,1607885829880:d1e614dd-66c2-41ee-a8ce-73aa9d3e17d4,"size == ""2""","isEmpty == ""False""","peek_obj_type == ""class java.lang.String""","push == ""none""","pop == ""none""","clear == ""clear""","size_p == ""1""",Yes
7321,1607885829880:1462414f-5ff2-4841-aae5-a8c4c008c466,1607885829880:d1e614dd-66c2-41ee-a8ce-73aa9d3e17d4,"size == ""3""","isEmpty == ""False""","peek_obj_type == ""class java.lang.String""","push == ""none""","pop == ""none""","clear == ""clear""","size_p == ""2""",Yes
7322,1607885829880:1462414f-5ff2-4841-aae5-a8c4c008c466,1607885829880:d1e614dd-66c2-41ee-a8ce-73aa9d3e17d4,"size == ""4""","isEmpty == ""False""","peek_obj_type == ""class java.lang.String""","push == ""none""","pop == ""none""","clear == ""clear""","size_p == ""3""",Yes
7324,1607885829880:1462414f-5ff2-4841-aae5-a8c4c008c466,1607885829880:6809e2f6-7f2e-4577-8ccc-e9e0ab1c3c14,"size == ""0""","isEmpty == ""True""","peek_obj_type == ""EmptyObject""","push == ""class java.lang.String""","pop == ""none""","clear == ""none""","size_p == ""0""",Yes
7325,1607885829880:1462414f-5ff2-4841-aae5-a8c4c008c466,1607885829880:6809e2f6-7f2e-4577-8ccc-e9e0ab1c3c14,"size == ""0""","isEmpty == ""True""","peek_obj_type == ""EmptyObject""","push == ""none""","pop == ""EmptyObject""","clear == ""none""","size_p == ""0""",No
7327,1607885829879:faf4ab00-159c-4a20-9d16-bffd3a9019d1,1607885829879:7cd81070-e834-4cfc-8bb8-5f65936f980e,"size == ""0""","isEmpty == ""True""","peek_obj_type == ""EmptyObject""","push == ""class java.lang.String""","pop == ""none""","clear == ""none""","size_p == ""0""",Yes
7330,1607885829879:faf4ab00-159c-4a20-9d16-bffd3a9019d1,1607885829879:6d666a1e-acee-49e3-9371-6767f623fa26,"size == ""0""","isEmpty == ""True""","peek_obj_type == ""EmptyObject""","push == ""class java.lang.String""","pop == ""none""","clear == ""none""","size_p == ""0""",Yes
7331,1607885829879:faf4ab00-159c-4a20-9d16-bffd3a9019d1,1607885829879:6d666a1e-acee-49e3-9371-6767f623fa26,"size == ""0""","isEmpty == ""True""","peek_obj_type == ""EmptyObject""","push == ""none""","pop == ""EmptyObject""","clear == ""none""","size_p == ""0""",No
7333,1607885829879:a1acff63-3896-47b5-9c80-4170ad0b0cf2,1607885829879:e0f8d840-94f4-4662-a783-66f3e1c927b8,"size == ""0""","isEmpty == ""True""","peek_obj_type == ""EmptyObject""","push == ""class java.lang.String""","pop == ""none""","clear == ""none""","size_p == ""0""",Yes
7334,1607885829879:a1acff63-3896-47b5-9c80-4170ad0b0cf2,1607885829879:e0f8d840-94f4-4662-a783-66f3e1c927b8,"size == ""0""","isEmpty == ""True""","peek_obj_type == ""EmptyObject""","push == ""none""","pop == ""EmptyObject""","clear == ""none""","size_p == ""0""",No
7336,1607885829879:a1acff63-3896-47b5-9c80-4170ad0b0cf2,1607885829879:a68da16a-bd9c-41d1-9b1e-57b79b8e38b8,"size == ""1""","isEmpty == ""False""","peek_obj_type == ""class java.lang.String""","push == ""none""","pop == ""none""","clear == ""clear""","size_p == ""0""",Yes
7337,1607885829879:a1acff63-3896-47b5-9c80-4170ad0b0cf2,1607885829879:a68da16a-bd9c-41d1-9b1e-57b79b8e38b8,"size == ""1""","isEmpty == ""False""","peek_obj_type == ""class java.lang.String""","push == ""class java.lang.String""","pop == ""none""","clear == ""none""","size_p == ""1""",Yes
7338,1607885829879:a1acff63-3896-47b5-9c80-4170ad0b0cf2,1607885829879:a68da16a-bd9c-41d1-9b1e-57b79b8e38b8,"size == ""0""","isEmpty == ""True""","peek_obj_type == ""EmptyObject""","push == ""none""","pop == ""EmptyObject""","clear == ""none""","size_p == ""1""",No
7339,1607885829879:a1acff63-3896-47b5-9c80-4170ad0b0cf2,1607885829879:a68da16a-bd9c-41d1-9b1e-57b79b8e38b8,"size == ""1""","isEmpty == ""False""","peek_obj_type == ""class java.lang.String""","push == ""none""","pop == ""none""","clear == ""clear""","size_p == ""0""",Yes
7341,1607885829879:5d6aaada-ea4a-4593-a2e3-067e7dabf989,1607885829879:cf6ce3d1-a094-44ce-a2dd-cca0d0aae95c,"size == ""1""","isEmpty == ""False""","peek_obj_type == ""class java.lang.String""","push == ""none""","pop == ""none""","clear == ""clear""","size_p == ""0""",Yes
7342,1607885829879:5d6aaada-ea4a-4593-a2e3-067e7dabf989,1607885829879:cf6ce3d1-a094-44ce-a2dd-cca0d0aae95c,"size == ""1""","isEmpty == ""False""","peek_obj_type == ""class java.lang.String""","push == ""class java.lang.String""","pop == ""none""","clear == ""none""","size_p == ""1""",Yes
7343,1607885829879:5d6aaada-ea4a-4593-a2e3-067e7dabf989,1607885829879:cf6ce3d1-a094-44ce-a2dd-cca0d0aae95c,"size == ""0""","isEmpty == ""True""","peek_obj_type == ""EmptyObject""","push == ""none""","pop == ""EmptyObject""","clear == ""none""","size_p == ""1""",No
7344,1607885829879:5d6aaada-ea4a-4593-a2e3-067e7dabf989,1607885829879:cf6ce3d1-a094-44ce-a2dd-cca0d0aae95c,"size == ""1""","isEmpty == ""False""","peek_obj_type == ""class java.lang.String""","push == ""none""","pop == ""none""","clear == ""clear""","size_p == ""0""",Yes
7345,1607885829879:5d6aaada-ea4a-4593-a2e3-067e7dabf989,1607885829879:cf6ce3d1-a094-44ce-a2dd-cca0d0aae95c,"size == ""2""","isEmpty == ""False""","peek_obj_type == ""class java.lang.String""","push == ""none""","pop == ""none""","clear == ""clear""","size_p == ""1""",Yes
7347,1607885829879:43fef32b-0516-4738-9098-ed63e60b0dcb,1607885829879:6007135b-c1cf-4a6a-ba7a-56455f77acbb,"size == ""0""","isEmpty == ""True""","peek_obj_type == ""EmptyObject""","push == ""class java.lang.String""","pop == ""none""","clear == ""none""","size_p == ""0""",Yes
7348,1607885829879:43fef32b-0516-4738-9098-ed63e60b0dcb,1607885829879:6007135b-c1cf-4a6a-ba7a-56455f77acbb,"size == ""0""","isEmpty == ""True""","peek_obj_type == ""EmptyObject""","push == ""none""","pop == ""EmptyObject""","clear == ""none""","size_p == ""0""",No
7350,1607885829878:d983bcab-ed8d-4795-a142-a7192cfb4a89,1607885829878:80d77052-5761-4085-a2ad-1286bb1dbfdb,"size == ""1""","isEmpty == ""False""","peek_obj_type == ""class java.lang.String""","push == ""none""","pop == ""none""","clear == ""clear""","size_p == ""0""",Yes
7351,1607885829878:d983bcab-ed8d-4795-a142-a7192cfb4a89,1607885829878:80d77052-5761-4085-a2ad-1286bb1dbfdb,"size == ""1""","isEmpty == ""False""","peek_obj_type == ""class java.lang.String""","push == ""class java.lang.String""","pop == ""none""","clear == ""none""","size_p == ""1""",Yes
7352,1607885829878:d983bcab-ed8d-4795-a142-a7192cfb4a89,1607885829878:80d77052-5761-4085-a2ad-1286bb1dbfdb,"size == ""0""","isEmpty == ""True""","peek_obj_type == ""EmptyObject""","push == ""none""","pop == ""EmptyObject""","clear == ""none""","size_p == ""1""",No
7353,1607885829878:d983bcab-ed8d-4795-a142-a7192cfb4a89,1607885829878:80d77052-5761-4085-a2ad-1286bb1dbfdb,"size == ""1""","isEmpty == ""False""","peek_obj_type == ""class java.lang.String""","push == ""none""","pop == ""none""","clear == ""clear""","size_p == ""0""",Yes
7355,1607885829878:d983bcab-ed8d-4795-a142-a7192cfb4a89,1607885829878:09eb0f87-1c14-412a-99c7-e30e7f5aec7b,"size == ""0""","isEmpty == ""True""","peek_obj_type == ""EmptyObject""","push == ""class java.lang.String""","pop == ""none""","clear == ""none""","size_p == ""0""",Yes
7356,1607885829878:d983bcab-ed8d-4795-a142-a7192cfb4a89,1607885829878:09eb0f87-1c14-412a-99c7-e30e7f5aec7b,"size == ""0""","isEmpty == ""True""","peek_obj_type == ""EmptyObject""","push == ""none""","pop == ""EmptyObject""","clear == ""none""","size_p == ""0""",No
7358,1607885829878:b4b45986-642d-4cf8-a022-e2ffcd815fe9,1607885829878:f2fa84ae-6cd9-4d28-8cf3-8ae4a80147b6,"size == ""0""","isEmpty == ""True""","peek_obj_type == ""EmptyObject""","push == ""class java.lang.String""","pop == ""none""","clear == ""none""","size_p == ""0""",Yes
7359,1607885829878:b4b45986-642d-4cf8-a022-e2ffcd815fe9,1607885829878:f2fa84ae-6cd9-4d28-8cf3-8ae4a80147b6,"size == ""0""","isEmpty == ""True""","peek_obj_type == ""EmptyObject""","push == ""none""","pop == ""EmptyObject""","clear == ""none""","size_p == ""0""",No
7361,1607885829878:8324ce2a-8c7d-4b91-887c-ff90ce7d0bb7,1607885829878:77db119c-98e8-4baa-9889-9f88a791d810,"size == ""0""","isEmpty == ""True""","peek_obj_type == ""EmptyObject""","push == ""class java.lang.String""","pop == ""none""","clear == ""none""","size_p == ""0""",Yes
7362,1607885829878:8324ce2a-8c7d-4b91-887c-ff90ce7d0bb7,1607885829878:77db119c-98e8-4baa-9889-9f88a791d810,"size == ""0""","isEmpty == ""True""","peek_obj_type == ""EmptyObject""","push == ""class java.lang.String""","pop == ""none""","clear == ""none""","size_p == ""0""",Yes
7364,1607885829878:8324ce2a-8c7d-4b91-887c-ff90ce7d0bb7,1607885829878:75e865ab-f208-42d8-9554-e05f19b12058,"size == ""0""","isEmpty == ""True""","peek_obj_type == ""EmptyObject""","push == ""class java.lang.String""","pop == ""none""","clear == ""none""","size_p == ""0""",Yes
7365,1607885829878:8324ce2a-8c7d-4b91-887c-ff90ce7d0bb7,1607885829878:75e865ab-f208-42d8-9554-e05f19b12058,"size == ""0""","isEmpty == ""True""","peek_obj_type == ""EmptyObject""","push == ""none""","pop == ""EmptyObject""","clear == ""none""","size_p == ""0""",No
7367,1607885829877:c6360abb-ff36-4394-a06b-d4eb4facf207,1607885829877:f38abf12-7909-4e56-aaa7-892e7f06936f,"size == ""0""","isEmpty == ""True""","peek_obj_type == ""EmptyObject""","push == ""class java.lang.String""","pop == ""none""","clear == ""none""","size_p == ""0""",Yes
7368,1607885829877:c6360abb-ff36-4394-a06b-d4eb4facf207,1607885829877:f38abf12-7909-4e56-aaa7-892e7f06936f,"size == ""0""","isEmpty == ""True""","peek_obj_type == ""EmptyObject""","push == ""none""","pop == ""EmptyObject""","clear == ""none""","size_p == ""0""",No
7370,1607885829877:c6360abb-ff36-4394-a06b-d4eb4facf207,1607885829877:87b873af-cc6a-4ba0-a5bd-f8457b5b6710,"size == ""1""","isEmpty == ""False""","peek_obj_type == ""class java.lang.String""","push == ""none""","pop == ""none""","clear == ""clear""","size_p == ""0""",Yes
7371,1607885829877:c6360abb-ff36-4394-a06b-d4eb4facf207,1607885829877:87b873af-cc6a-4ba0-a5bd-f8457b5b6710,"size == ""1""","isEmpty == ""False""","peek_obj_type == ""class java.lang.String""","push == ""class java.lang.String""","pop == ""none""","clear == ""none""","size_p == ""1""",Yes
7372,1607885829877:c6360abb-ff36-4394-a06b-d4eb4facf207,1607885829877:87b873af-cc6a-4ba0-a5bd-f8457b5b6710,"size == ""2""","isEmpty == ""False""","peek_obj_type == ""class java.lang.String""","push == ""none""","pop == ""none""","clear == ""clear""","size_p == ""1""",Yes
7373,1607885829877:c6360abb-ff36-4394-a06b-d4eb4facf207,1607885829877:87b873af-cc6a-4ba0-a5bd-f8457b5b6710,"size == ""3""","isEmpty == ""False""","peek_obj_type == ""class java.lang.String""","push == ""none""","pop == ""none""","clear == ""clear""","size_p == ""2""",Yes
7374,1607885829877:c6360abb-ff36-4394-a06b-d4eb4facf207,1607885829877:87b873af-cc6a-4ba0-a5bd-f8457b5b6710,"size == ""4""","isEmpty == ""False""","peek_obj_type == ""class java.lang.String""","push == ""none""","pop == ""none""","clear == ""clear""","size_p == ""3""",Yes
7376,1607885829877:c2c2f962-4e7d-4380-a148-b847d392a912,1607885829877:1f0afbf8-b684-4a83-a431-9ceed13820a8,"size == ""0""","isEmpty == ""True""","peek_obj_type == ""EmptyObject""","push == ""class java.lang.String""","pop == ""none""","clear == ""none""","size_p == ""0""",Yes
7377,1607885829877:c2c2f962-4e7d-4380-a148-b847d392a912,1607885829877:1f0afbf8-b684-4a83-a431-9ceed13820a8,"size == ""0""","isEmpty == ""True""","peek_obj_type == ""EmptyObject""","push == ""none""","pop == ""EmptyObject""","clear == ""none""","size_p == ""0""",No
7379,1607885829877:7bab1d0e-fe28-42f5-9f35-ccfd2f329721,1607885829878:578c62db-cb73-41ef-bd9d-d6a11660870e,"size == ""0""","isEmpty == ""True""","peek_obj_type == ""EmptyObject""","push == ""class java.lang.String""","pop == ""none""","clear == ""none""","size_p == ""0""",Yes
7380,1607885829877:7bab1d0e-fe28-42f5-9f35-ccfd2f329721,1607885829878:578c62db-cb73-41ef-bd9d-d6a11660870e,"size == ""0""","isEmpty == ""True""","peek_obj_type == ""EmptyObject""","push == ""none""","pop == ""EmptyObject""","clear == ""none""","size_p == ""0""",No
7382,1607885829877:7bab1d0e-fe28-42f5-9f35-ccfd2f329721,1607885829877:081a35d9-8027-437e-9502-5d66f066a1ba,"size == ""0""","isEmpty == ""True""","peek_obj_type == ""EmptyObject""","push == ""class java.lang.String""","pop == ""none""","clear == ""none""","size_p == ""0""",Yes
7384,1607885829877:0f8cf1ce-f9b9-4954-9f14-3bec6a9e7476,1607885829877:e390fd7a-1f90-4eda-a439-37de24585dab,"size == ""0""","isEmpty == ""True""","peek_obj_type == ""EmptyObject""","push == ""class java.lang.String""","pop == ""none""","clear == ""none""","size_p == ""0""",Yes
7385,1607885829877:0f8cf1ce-f9b9-4954-9f14-3bec6a9e7476,1607885829877:e390fd7a-1f90-4eda-a439-37de24585dab,"size == ""0""","isEmpty == ""True""","peek_obj_type == ""EmptyObject""","push == ""none""","pop == ""EmptyObject""","clear == ""none""","size_p == ""0""",No
7387,1607885829877:0f8cf1ce-f9b9-4954-9f14-3bec6a9e7476,1607885829877:58ba6cbe-9767-44f8-a890-67cbff8ff0d1,"size == ""0""","isEmpty == ""True""","peek_obj_type == ""EmptyObject""","push == ""class java.lang.String""","pop == ""none""","clear == ""none""","size_p == ""0""",Yes
7389,1607885829876:daba0fe6-bec4-4a47-8554-2b021653b6a0,1607885829876:e38892d2-3ca8-4296-93cf-f22ea0f68ac0,"size == ""0""","isEmpty == ""True""","peek_obj_type == ""EmptyObject""","push == ""class java.lang.String""","pop == ""none""","clear == ""none""","size_p == ""0""",Yes
7390,1607885829876:daba0fe6-bec4-4a47-8554-2b021653b6a0,1607885829876:e38892d2-3ca8-4296-93cf-f22ea0f68ac0,"size == ""0""","isEmpty == ""True""","peek_obj_type == ""EmptyObject""","push == ""none""","pop == ""EmptyObject""","clear == ""none""","size_p == ""0""",No
7392,1607885829876:96f73bef-f9e8-490f-95b4-6522984f2a74,1607885829876:7be7d2ce-0900-4073-8ea9-4ba280dbcd51,"size == ""0""","isEmpty == ""True""","peek_obj_type == ""EmptyObject""","push == ""class java.lang.String""","pop == ""none""","clear == ""none""","size_p == ""0""",Yes
7394,1607885829876:96f73bef-f9e8-490f-95b4-6522984f2a74,1607885829876:341ca6f0-1ae2-4fc4-adac-0fe3c249e906,"size == ""0""","isEmpty == ""True""","peek_obj_type == ""EmptyObject""","push == ""class java.lang.String""","pop == ""none""","clear == ""none""","size_p == ""0""",Yes
7395,1607885829876:96f73bef-f9e8-490f-95b4-6522984f2a74,1607885829876:341ca6f0-1ae2-4fc4-adac-0fe3c249e906,"size == ""0""","isEmpty == ""True""","peek_obj_type == ""EmptyObject""","push == ""none""","pop == ""EmptyObject""","clear == ""none""","size_p == ""0""",No
7397,1607885829876:5f36dc7a-a66e-45b0-b564-662ce739536e,1607885829876:089c3f44-8872-4cfa-8367-f54a02b2c18c,"size == ""0""","isEmpty == ""True""","peek_obj_type == ""EmptyObject""","push == ""class java.lang.String""","pop == ""none""","clear == ""none""","size_p == ""0""",Yes
7398,1607885829876:5f36dc7a-a66e-45b0-b564-662ce739536e,1607885829876:089c3f44-8872-4cfa-8367-f54a02b2c18c,"size == ""0""","isEmpty == ""True""","peek_obj_type == ""EmptyObject""","push == ""none""","pop == ""EmptyObject""","clear == ""none""","size_p == ""0""",No
7400,1607885829876:56df05d1-cfd1-4f29-8071-8d757c5d198f,1607885829876:d7622059-e36c-4024-b8c5-71212b80003a,"size == ""1""","isEmpty == ""False""","peek_obj_type == ""class java.lang.String""","push == ""none""","pop == ""none""","clear == ""clear""","size_p == ""0""",Yes
7401,1607885829876:56df05d1-cfd1-4f29-8071-8d757c5d198f,1607885829876:d7622059-e36c-4024-b8c5-71212b80003a,"size == ""1""","isEmpty == ""False""","peek_obj_type == ""class java.lang.String""","push == ""class java.lang.String""","pop == ""none""","clear == ""none""","size_p == ""1""",Yes
7402,1607885829876:56df05d1-cfd1-4f29-8071-8d757c5d198f,1607885829876:d7622059-e36c-4024-b8c5-71212b80003a,"size == ""2""","isEmpty == ""False""","peek_obj_type == ""class java.lang.String""","push == ""none""","pop == ""none""","clear == ""clear""","size_p == ""1""",Yes
7403,1607885829876:56df05d1-cfd1-4f29-8071-8d757c5d198f,1607885829876:d7622059-e36c-4024-b8c5-71212b80003a,"size == ""3""","isEmpty == ""False""","peek_obj_type == ""class java.lang.String""","push == ""none""","pop == ""none""","clear == ""clear""","size_p == ""2""",Yes
7404,1607885829876:56df05d1-cfd1-4f29-8071-8d757c5d198f,1607885829876:d7622059-e36c-4024-b8c5-71212b80003a,"size == ""4""","isEmpty == ""False""","peek_obj_type == ""class java.lang.String""","push == ""none""","pop == ""none""","clear == ""clear""","size_p == ""3""",Yes
7406,1607885829876:56df05d1-cfd1-4f29-8071-8d757c5d198f,1607885829876:1b40e54c-ca09-489c-90fb-b5ac57bcb260,"size == ""0""","isEmpty == ""True""","peek_obj_type == ""EmptyObject""","push == ""class java.lang.String""","pop == ""none""","clear == ""none""","size_p == ""0""",Yes
7407,1607885829876:56df05d1-cfd1-4f29-8071-8d757c5d198f,1607885829876:1b40e54c-ca09-489c-90fb-b5ac57bcb260,"size == ""0""","isEmpty == ""True""","peek_obj_type == ""EmptyObject""","push == ""none""","pop == ""EmptyObject""","clear == ""none""","size_p == ""0""",No
7409,1607885829875:eba220c5-c946-42e6-b0fe-661b8cec1b6e,1607885829875:7248314e-2c15-469c-aacd-5be843849189,"size == ""0""","isEmpty == ""True""","peek_obj_type == ""EmptyObject""","push == ""class java.lang.String""","pop == ""none""","clear == ""none""","size_p == ""0""",Yes
7410,1607885829875:eba220c5-c946-42e6-b0fe-661b8cec1b6e,1607885829875:7248314e-2c15-469c-aacd-5be843849189,"size == ""0""","isEmpty == ""True""","peek_obj_type == ""EmptyObject""","push == ""class java.lang.String""","pop == ""none""","clear == ""none""","size_p == ""0""",Yes
7411,1607885829875:eba220c5-c946-42e6-b0fe-661b8cec1b6e,1607885829875:7248314e-2c15-469c-aacd-5be843849189,"size == ""0""","isEmpty == ""True""","peek_obj_type == ""EmptyObject""","push == ""class java.lang.String""","pop == ""none""","clear == ""none""","size_p == ""0""",Yes
7413,1607885829875:eba220c5-c946-42e6-b0fe-661b8cec1b6e,1607885829875:49a8cef6-3c7e-459c-bfd0-91a22a097580,"size == ""0""","isEmpty == ""True""","peek_obj_type == ""EmptyObject""","push == ""class java.lang.String""","pop == ""none""","clear == ""none""","size_p == ""0""",Yes
7414,1607885829875:eba220c5-c946-42e6-b0fe-661b8cec1b6e,1607885829875:49a8cef6-3c7e-459c-bfd0-91a22a097580,"size == ""0""","isEmpty == ""True""","peek_obj_type == ""EmptyObject""","push == ""none""","pop == ""EmptyObject""","clear == ""none""","size_p == ""0""",No
7416,1607885829875:eba220c5-c946-42e6-b0fe-661b8cec1b6e,1607885829875:2f296782-4f7c-43d0-b628-4051e15bcef8,"size == ""0""","isEmpty == ""True""","peek_obj_type == ""EmptyObject""","push == ""class java.lang.String""","pop == ""none""","clear == ""none""","size_p == ""0""",Yes
7417,1607885829875:eba220c5-c946-42e6-b0fe-661b8cec1b6e,1607885829875:2f296782-4f7c-43d0-b628-4051e15bcef8,"size == ""0""","isEmpty == ""True""","peek_obj_type == ""EmptyObject""","push == ""class java.lang.String""","pop == ""none""","clear == ""none""","size_p == ""0""",Yes
7418,1607885829875:eba220c5-c946-42e6-b0fe-661b8cec1b6e,1607885829875:2f296782-4f7c-43d0-b628-4051e15bcef8,"size == ""1""","isEmpty == ""False""","peek_obj_type == ""class java.lang.String""","push == ""none""","pop == ""none""","clear == ""clear""","size_p == ""0""",Yes
7420,1607885829875:12ae7b0c-867c-4657-b42e-5ee58c574fcd,1607885829875:be49a212-6bae-4210-973a-b97e8942cbb5,"size == ""0""","isEmpty == ""True""","peek_obj_type == ""EmptyObject""","push == ""class java.lang.String""","pop == ""none""","clear == ""none""","size_p == ""0""",Yes
7421,1607885829875:12ae7b0c-867c-4657-b42e-5ee58c574fcd,1607885829875:be49a212-6bae-4210-973a-b97e8942cbb5,"size == ""0""","isEmpty == ""True""","peek_obj_type == ""EmptyObject""","push == ""none""","pop == ""EmptyObject""","clear == ""none""","size_p == ""0""",No
7423,1607885829874:9252ad6d-0ecd-4e73-9fb5-fc5a7068ce93,1607885829874:ed9243b2-74b6-4215-8d2f-fe96825aa64e,"size == ""1""","isEmpty == ""False""","peek_obj_type == ""class java.lang.String""","push == ""none""","pop == ""none""","clear == ""clear""","size_p == ""0""",Yes
7424,1607885829874:9252ad6d-0ecd-4e73-9fb5-fc5a7068ce93,1607885829874:ed9243b2-74b6-4215-8d2f-fe96825aa64e,"size == ""1""","isEmpty == ""False""","peek_obj_type == ""class java.lang.String""","push == ""class java.lang.String""","pop == ""none""","clear == ""none""","size_p == ""1""",Yes
7425,1607885829874:9252ad6d-0ecd-4e73-9fb5-fc5a7068ce93,1607885829874:ed9243b2-74b6-4215-8d2f-fe96825aa64e,"size == ""2""","isEmpty == ""False""","peek_obj_type == ""class java.lang.String""","push == ""none""","pop == ""none""","clear == ""clear""","size_p == ""1""",Yes
7426,1607885829874:9252ad6d-0ecd-4e73-9fb5-fc5a7068ce93,1607885829874:ed9243b2-74b6-4215-8d2f-fe96825aa64e,"size == ""3""","isEmpty == ""False""","peek_obj_type == ""class java.lang.String""","push == ""none""","pop == ""none""","clear == ""clear""","size_p == ""2""",Yes
7427,1607885829874:9252ad6d-0ecd-4e73-9fb5-fc5a7068ce93,1607885829874:ed9243b2-74b6-4215-8d2f-fe96825aa64e,"size == ""4""","isEmpty == ""False""","peek_obj_type == ""class java.lang.String""","push == ""none""","pop == ""none""","clear == ""clear""","size_p == ""3""",Yes
7429,1607885829874:9252ad6d-0ecd-4e73-9fb5-fc5a7068ce93,1607885829874:a19ab215-9ef7-47e8-8f0f-350d6b0fbbb3,"size == ""1""","isEmpty == ""False""","peek_obj_type == ""class java.lang.String""","push == ""none""","pop == ""none""","clear == ""clear""","size_p == ""0""",Yes
7430,1607885829874:9252ad6d-0ecd-4e73-9fb5-fc5a7068ce93,1607885829874:a19ab215-9ef7-47e8-8f0f-350d6b0fbbb3,"size == ""1""","isEmpty == ""False""","peek_obj_type == ""class java.lang.String""","push == ""class java.lang.String""","pop == ""none""","clear == ""none""","size_p == ""1""",Yes
7431,1607885829874:9252ad6d-0ecd-4e73-9fb5-fc5a7068ce93,1607885829874:a19ab215-9ef7-47e8-8f0f-350d6b0fbbb3,"size == ""2""","isEmpty == ""False""","peek_obj_type == ""class java.lang.String""","push == ""none""","pop == ""none""","clear == ""clear""","size_p == ""1""",Yes
7432,1607885829874:9252ad6d-0ecd-4e73-9fb5-fc5a7068ce93,1607885829874:a19ab215-9ef7-47e8-8f0f-350d6b0fbbb3,"size == ""3""","isEmpty == ""False""","peek_obj_type == ""class java.lang.String""","push == ""none""","pop == ""none""","clear == ""clear""","size_p == ""2""",Yes
7433,1607885829874:9252ad6d-0ecd-4e73-9fb5-fc5a7068ce93,1607885829874:a19ab215-9ef7-47e8-8f0f-350d6b0fbbb3,"size == ""4""","isEmpty == ""False""","peek_obj_type == ""class java.lang.String""","push == ""none""","pop == ""none""","clear == ""clear""","size_p == ""3""",Yes
7435,1607885829874:9252ad6d-0ecd-4e73-9fb5-fc5a7068ce93,1607885829874:13e4207b-da1f-48bc-8ccf-0d07165f8ff9,"size == ""0""","isEmpty == ""True""","peek_obj_type == ""EmptyObject""","push == ""class java.lang.String""","pop == ""none""","clear == ""none""","size_p == ""0""",Yes
7436,1607885829874:9252ad6d-0ecd-4e73-9fb5-fc5a7068ce93,1607885829874:13e4207b-da1f-48bc-8ccf-0d07165f8ff9,"size == ""0""","isEmpty == ""True""","peek_obj_type == ""EmptyObject""","push == ""none""","pop == ""EmptyObject""","clear == ""none""","size_p == ""0""",No
7438,1607885829874:8d824fa4-8aff-4568-ba70-44c2506f41e9,1607885829875:aa3dbd41-7e23-45ba-a3a0-24ba8c6fd141,"size == ""0""","isEmpty == ""True""","peek_obj_type == ""EmptyObject""","push == ""class java.lang.String""","pop == ""none""","clear == ""none""","size_p == ""0""",Yes
7439,1607885829874:8d824fa4-8aff-4568-ba70-44c2506f41e9,1607885829875:aa3dbd41-7e23-45ba-a3a0-24ba8c6fd141,"size == ""0""","isEmpty == ""True""","peek_obj_type == ""EmptyObject""","push == ""none""","pop == ""EmptyObject""","clear == ""none""","size_p == ""0""",No
7441,1607885829874:8d824fa4-8aff-4568-ba70-44c2506f41e9,1607885829874:79b9fea9-364d-4767-8e18-ad0a74293526,"size == ""1""","isEmpty == ""False""","peek_obj_type == ""class java.lang.String""","push == ""none""","pop == ""none""","clear == ""clear""","size_p == ""0""",Yes
7442,1607885829874:8d824fa4-8aff-4568-ba70-44c2506f41e9,1607885829874:79b9fea9-364d-4767-8e18-ad0a74293526,"size == ""1""","isEmpty == ""False""","peek_obj_type == ""class java.lang.String""","push == ""class java.lang.String""","pop == ""none""","clear == ""none""","size_p == ""1""",Yes
7443,1607885829874:8d824fa4-8aff-4568-ba70-44c2506f41e9,1607885829874:79b9fea9-364d-4767-8e18-ad0a74293526,"size == ""0""","isEmpty == ""True""","peek_obj_type == ""EmptyObject""","push == ""none""","pop == ""EmptyObject""","clear == ""none""","size_p == ""1""",No
7444,1607885829874:8d824fa4-8aff-4568-ba70-44c2506f41e9,1607885829874:79b9fea9-364d-4767-8e18-ad0a74293526,"size == ""1""","isEmpty == ""False""","peek_obj_type == ""class java.lang.String""","push == ""none""","pop == ""none""","clear == ""clear""","size_p == ""0""",Yes
7446,1607885829874:0be3611e-c2ae-4e6a-bc7e-00ea11871073,1607885829874:b193b8a0-0e24-4b80-b64a-92b7527b19fa,"size == ""0""","isEmpty == ""True""","peek_obj_type == ""EmptyObject""","push == ""class java.lang.String""","pop == ""none""","clear == ""none""","size_p == ""0""",Yes
7447,1607885829874:0be3611e-c2ae-4e6a-bc7e-00ea11871073,1607885829874:b193b8a0-0e24-4b80-b64a-92b7527b19fa,"size == ""0""","isEmpty == ""True""","peek_obj_type == ""EmptyObject""","push == ""none""","pop == ""EmptyObject""","clear == ""none""","size_p == ""0""",No
7449,1607885829874:0be3611e-c2ae-4e6a-bc7e-00ea11871073,1607885829874:49da60ce-2473-480c-acff-8b23a6b2c971,"size == ""0""","isEmpty == ""True""","peek_obj_type == ""EmptyObject""","push == ""class java.lang.String""","pop == ""none""","clear == ""none""","size_p == ""0""",Yes
7450,1607885829874:0be3611e-c2ae-4e6a-bc7e-00ea11871073,1607885829874:49da60ce-2473-480c-acff-8b23a6b2c971,"size == ""0""","isEmpty == ""True""","peek_obj_type == ""EmptyObject""","push == ""class java.lang.String""","pop == ""none""","clear == ""none""","size_p == ""0""",Yes
7451,1607885829874:0be3611e-c2ae-4e6a-bc7e-00ea11871073,1607885829874:49da60ce-2473-480c-acff-8b23a6b2c971,"size == ""0""","isEmpty == ""True""","peek_obj_type == ""EmptyObject""","push == ""class java.lang.String""","pop == ""none""","clear == ""none""","size_p == ""0""",Yes
7452,1607885829874:0be3611e-c2ae-4e6a-bc7e-00ea11871073,1607885829874:49da60ce-2473-480c-acff-8b23a6b2c971,"size == ""1""","isEmpty == ""False""","peek_obj_type == ""class java.lang.String""","push == ""none""","pop == ""none""","clear == ""clear""","size_p == ""0""",Yes
7454,1607885829874:0be3611e-c2ae-4e6a-bc7e-00ea11871073,1607885829874:0fc617e8-fa8e-49f8-9ca2-a6808451b3c4,"size == ""1""","isEmpty == ""False""","peek_obj_type == ""class java.lang.String""","push == ""none""","pop == ""none""","clear == ""clear""","size_p == ""0""",Yes
7455,1607885829874:0be3611e-c2ae-4e6a-bc7e-00ea11871073,1607885829874:0fc617e8-fa8e-49f8-9ca2-a6808451b3c4,"size == ""1""","isEmpty == ""False""","peek_obj_type == ""class java.lang.String""","push == ""class java.lang.String""","pop == ""none""","clear == ""none""","size_p == ""1""",Yes
7456,1607885829874:0be3611e-c2ae-4e6a-bc7e-00ea11871073,1607885829874:0fc617e8-fa8e-49f8-9ca2-a6808451b3c4,"size == ""0""","isEmpty == ""True""","peek_obj_type == ""EmptyObject""","push == ""none""","pop == ""EmptyObject""","clear == ""none""","size_p == ""1""",No
7457,1607885829874:0be3611e-c2ae-4e6a-bc7e-00ea11871073,1607885829874:0fc617e8-fa8e-49f8-9ca2-a6808451b3c4,"size == ""1""","isEmpty == ""False""","peek_obj_type == ""class java.lang.String""","push == ""none""","pop == ""none""","clear == ""clear""","size_p == ""0""",Yes
7459,1607885829873:f45871bd-4b92-4b1f-867b-a50e1d6e6477,1607885829873:c91a79e5-aacd-450a-9543-056997d56246,"size == ""0""","isEmpty == ""True""","peek_obj_type == ""EmptyObject""","push == ""class java.lang.String""","pop == ""none""","clear == ""none""","size_p == ""0""",Yes
7460,1607885829873:f45871bd-4b92-4b1f-867b-a50e1d6e6477,1607885829873:c91a79e5-aacd-450a-9543-056997d56246,"size == ""0""","isEmpty == ""True""","peek_obj_type == ""EmptyObject""","push == ""class java.lang.String""","pop == ""none""","clear == ""none""","size_p == ""0""",Yes
7462,1607885829873:f45871bd-4b92-4b1f-867b-a50e1d6e6477,1607885829873:3dc97046-e71e-408f-be54-d97e0f146987,"size == ""0""","isEmpty == ""True""","peek_obj_type == ""EmptyObject""","push == ""class java.lang.String""","pop == ""none""","clear == ""none""","size_p == ""0""",Yes
7463,1607885829873:f45871bd-4b92-4b1f-867b-a50e1d6e6477,1607885829873:3dc97046-e71e-408f-be54-d97e0f146987,"size == ""0""","isEmpty == ""True""","peek_obj_type == ""EmptyObject""","push == ""none""","pop == ""EmptyObject""","clear == ""none""","size_p == ""0""",No
7465,1607885829873:c02c1065-8667-4db7-bb7d-ba6ca7a47633,1607885829873:52d21f46-1469-49ee-9e33-41625e88aebe,"size == ""0""","isEmpty == ""True""","peek_obj_type == ""EmptyObject""","push == ""class java.lang.String""","pop == ""none""","clear == ""none""","size_p == ""0""",Yes
7466,1607885829873:c02c1065-8667-4db7-bb7d-ba6ca7a47633,1607885829873:52d21f46-1469-49ee-9e33-41625e88aebe,"size == ""0""","isEmpty == ""True""","peek_obj_type == ""EmptyObject""","push == ""none""","pop == ""EmptyObject""","clear == ""none""","size_p == ""0""",No
7468,1607885829873:be3c0611-1ccb-4a8b-a55b-d29139d99bb1,1607885829873:5bfb55d7-6196-4aca-abb1-4f7ff9c16ce9,"size == ""0""","isEmpty == ""True""","peek_obj_type == ""EmptyObject""","push == ""class java.lang.String""","pop == ""none""","clear == ""none""","size_p == ""0""",Yes
7469,1607885829873:be3c0611-1ccb-4a8b-a55b-d29139d99bb1,1607885829873:5bfb55d7-6196-4aca-abb1-4f7ff9c16ce9,"size == ""0""","isEmpty == ""True""","peek_obj_type == ""EmptyObject""","push == ""none""","pop == ""EmptyObject""","clear == ""none""","size_p == ""0""",No
7471,1607885829873:2ad2018d-beb3-4fba-9ba2-cb0dc8cef41a,1607885829873:b23a1617-6145-4635-a803-75139901a669,"size == ""0""","isEmpty == ""True""","peek_obj_type == ""EmptyObject""","push == ""class java.lang.String""","pop == ""none""","clear == ""none""","size_p == ""0""",Yes
7472,1607885829873:2ad2018d-beb3-4fba-9ba2-cb0dc8cef41a,1607885829873:b23a1617-6145-4635-a803-75139901a669,"size == ""0""","isEmpty == ""True""","peek_obj_type == ""EmptyObject""","push == ""none""","pop == ""EmptyObject""","clear == ""none""","size_p == ""0""",No
7474,1607885829873:2ad2018d-beb3-4fba-9ba2-cb0dc8cef41a,1607885829873:8dc77b49-a198-4613-b815-f014c10df0d3,"size == ""1""","isEmpty == ""False""","peek_obj_type == ""class java.lang.String""","push == ""none""","pop == ""none""","clear == ""clear""","size_p == ""0""",Yes
7475,1607885829873:2ad2018d-beb3-4fba-9ba2-cb0dc8cef41a,1607885829873:8dc77b49-a198-4613-b815-f014c10df0d3,"size == ""1""","isEmpty == ""False""","peek_obj_type == ""class java.lang.String""","push == ""class java.lang.String""","pop == ""none""","clear == ""none""","size_p == ""1""",Yes
7476,1607885829873:2ad2018d-beb3-4fba-9ba2-cb0dc8cef41a,1607885829873:8dc77b49-a198-4613-b815-f014c10df0d3,"size == ""0""","isEmpty == ""True""","peek_obj_type == ""EmptyObject""","push == ""none""","pop == ""EmptyObject""","clear == ""none""","size_p == ""1""",No
7477,1607885829873:2ad2018d-beb3-4fba-9ba2-cb0dc8cef41a,1607885829873:8dc77b49-a198-4613-b815-f014c10df0d3,"size == ""1""","isEmpty == ""False""","peek_obj_type == ""class java.lang.String""","push == ""none""","pop == ""none""","clear == ""clear""","size_p == ""0""",Yes
7479,1607885829872:bb7bd1e7-b420-49c2-92c1-236ab457f606,1607885829872:8a00a5af-5161-4efa-909d-90c5d97eae9d,"size == ""0""","isEmpty == ""True""","peek_obj_type == ""EmptyObject""","push == ""class java.lang.String""","pop == ""none""","clear == ""none""","size_p == ""0""",Yes
7480,1607885829872:bb7bd1e7-b420-49c2-92c1-236ab457f606,1607885829872:8a00a5af-5161-4efa-909d-90c5d97eae9d,"size == ""0""","isEmpty == ""True""","peek_obj_type == ""EmptyObject""","push == ""none""","pop == ""EmptyObject""","clear == ""none""","size_p == ""0""",No
7482,1607885829872:4662f77b-faac-437a-8cdd-0be43b0604da,1607885829872:3a461769-5e3d-4ccd-bf8c-3941f2e71665,"size == ""0""","isEmpty == ""True""","peek_obj_type == ""EmptyObject""","push == ""class java.lang.String""","pop == ""none""","clear == ""none""","size_p == ""0""",Yes
7483,1607885829872:4662f77b-faac-437a-8cdd-0be43b0604da,1607885829872:3a461769-5e3d-4ccd-bf8c-3941f2e71665,"size == ""0""","isEmpty == ""True""","peek_obj_type == ""EmptyObject""","push == ""none""","pop == ""EmptyObject""","clear == ""none""","size_p == ""0""",No
7485,1607885829872:2111cd4f-ee13-40c2-a627-e8b6d0d24b19,1607885829872:75683458-e689-4fc9-9ae1-e803ccb749c6,"size == ""0""","isEmpty == ""True""","peek_obj_type == ""EmptyObject""","push == ""class java.lang.String""","pop == ""none""","clear == ""none""","size_p == ""0""",Yes
7486,1607885829872:2111cd4f-ee13-40c2-a627-e8b6d0d24b19,1607885829872:75683458-e689-4fc9-9ae1-e803ccb749c6,"size == ""0""","isEmpty == ""True""","peek_obj_type == ""EmptyObject""","push == ""none""","pop == ""EmptyObject""","clear == ""none""","size_p == ""0""",No
7488,1607885829872:0f530a9c-9ec4-4ada-af3c-f4b6faa29d8d,1607885829872:c5edf04b-4bc0-44b3-a0e3-2a6a26755044,"size == ""1""","isEmpty == ""False""","peek_obj_type == ""class java.lang.String""","push == ""none""","pop == ""none""","clear == ""clear""","size_p == ""0""",Yes
7489,1607885829872:0f530a9c-9ec4-4ada-af3c-f4b6faa29d8d,1607885829872:c5edf04b-4bc0-44b3-a0e3-2a6a26755044,"size == ""1""","isEmpty == ""False""","peek_obj_type == ""class java.lang.String""","push == ""class java.lang.String""","pop == ""none""","clear == ""none""","size_p == ""1""",Yes
7490,1607885829872:0f530a9c-9ec4-4ada-af3c-f4b6faa29d8d,1607885829872:c5edf04b-4bc0-44b3-a0e3-2a6a26755044,"size == ""0""","isEmpty == ""True""","peek_obj_type == ""EmptyObject""","push == ""none""","pop == ""EmptyObject""","clear == ""none""","size_p == ""1""",No
7491,1607885829872:0f530a9c-9ec4-4ada-af3c-f4b6faa29d8d,1607885829872:c5edf04b-4bc0-44b3-a0e3-2a6a26755044,"size == ""1""","isEmpty == ""False""","peek_obj_type == ""class java.lang.String""","push == ""none""","pop == ""none""","clear == ""clear""","size_p == ""0""",Yes
7493,1607885829872:0f530a9c-9ec4-4ada-af3c-f4b6faa29d8d,1607885829872:5a4a4ca1-dfb4-49af-8d52-d42d3ca32648,"size == ""0""","isEmpty == ""True""","peek_obj_type == ""EmptyObject""","push == ""class java.lang.String""","pop == ""none""","clear == ""none""","size_p == ""0""",Yes
7494,1607885829872:0f530a9c-9ec4-4ada-af3c-f4b6faa29d8d,1607885829872:5a4a4ca1-dfb4-49af-8d52-d42d3ca32648,"size == ""0""","isEmpty == ""True""","peek_obj_type == ""EmptyObject""","push == ""none""","pop == ""EmptyObject""","clear == ""none""","size_p == ""0""",No
7496,1607885829872:0f530a9c-9ec4-4ada-af3c-f4b6faa29d8d,1607885829872:517adb40-de93-4902-bdcb-db77d1c26521,"size == ""0""","isEmpty == ""True""","peek_obj_type == ""EmptyObject""","push == ""class java.lang.String""","pop == ""none""","clear == ""none""","size_p == ""0""",Yes
7497,1607885829872:0f530a9c-9ec4-4ada-af3c-f4b6faa29d8d,1607885829872:517adb40-de93-4902-bdcb-db77d1c26521,"size == ""0""","isEmpty == ""True""","peek_obj_type == ""EmptyObject""","push == ""class java.lang.String""","pop == ""none""","clear == ""none""","size_p == ""0""",Yes
7498,1607885829872:0f530a9c-9ec4-4ada-af3c-f4b6faa29d8d,1607885829872:517adb40-de93-4902-bdcb-db77d1c26521,"size == ""0""","isEmpty == ""True""","peek_obj_type == ""EmptyObject""","push == ""class java.lang.String""","pop == ""none""","clear == ""none""","size_p == ""0""",Yes
7500,1607885829871:a8f6b36a-ee43-45cf-848a-58be0b98e23e,1607885829871:e50a72ed-d09d-4b8f-ad4c-ba7607ed0079,"size == ""1""","isEmpty == ""False""","peek_obj_type == ""class java.lang.String""","push == ""none""","pop == ""none""","clear == ""clear""","size_p == ""0""",Yes
7501,1607885829871:a8f6b36a-ee43-45cf-848a-58be0b98e23e,1607885829871:e50a72ed-d09d-4b8f-ad4c-ba7607ed0079,"size == ""1""","isEmpty == ""False""","peek_obj_type == ""class java.lang.String""","push == ""class java.lang.String""","pop == ""none""","clear == ""none""","size_p == ""1""",Yes
7502,1607885829871:a8f6b36a-ee43-45cf-848a-58be0b98e23e,1607885829871:e50a72ed-d09d-4b8f-ad4c-ba7607ed0079,"size == ""2""","isEmpty == ""False""","peek_obj_type == ""class java.lang.String""","push == ""none""","pop == ""none""","clear == ""clear""","size_p == ""1""",Yes
7504,1607885829871:a8f6b36a-ee43-45cf-848a-58be0b98e23e,1607885829871:a98805ee-eb50-4cea-8806-b062a23a9439,"size == ""0""","isEmpty == ""True""","peek_obj_type == ""EmptyObject""","push == ""class java.lang.String""","pop == ""none""","clear == ""none""","size_p == ""0""",Yes
7505,1607885829871:a8f6b36a-ee43-45cf-848a-58be0b98e23e,1607885829871:a98805ee-eb50-4cea-8806-b062a23a9439,"size == ""0""","isEmpty == ""True""","peek_obj_type == ""EmptyObject""","push == ""none""","pop == ""EmptyObject""","clear == ""none""","size_p == ""0""",No
7507,1607885829871:9a7883dc-c4c2-4122-8fe4-5290787c9741,1607885829871:89c2eb46-0957-4f1f-8f1f-3d2775b1595a,"size == ""0""","isEmpty == ""True""","peek_obj_type == ""EmptyObject""","push == ""class java.lang.String""","pop == ""none""","clear == ""none""","size_p == ""0""",Yes
7508,1607885829871:9a7883dc-c4c2-4122-8fe4-5290787c9741,1607885829871:89c2eb46-0957-4f1f-8f1f-3d2775b1595a,"size == ""0""","isEmpty == ""True""","peek_obj_type == ""EmptyObject""","push == ""none""","pop == ""EmptyObject""","clear == ""none""","size_p == ""0""",No
7510,1607885829871:964b5e57-2e5b-4283-beae-dfed5715faab,1607885829871:74bf04d2-ca30-4274-93a8-bb7d44085ce7,"size == ""0""","isEmpty == ""True""","peek_obj_type == ""EmptyObject""","push == ""class java.lang.String""","pop == ""none""","clear == ""none""","size_p == ""0""",Yes
7512,1607885829871:964b5e57-2e5b-4283-beae-dfed5715faab,1607885829871:225b9976-1729-4aef-bab1-2d0406460525,"size == ""0""","isEmpty == ""True""","peek_obj_type == ""EmptyObject""","push == ""class java.lang.String""","pop == ""none""","clear == ""none""","size_p == ""0""",Yes
7513,1607885829871:964b5e57-2e5b-4283-beae-dfed5715faab,1607885829871:225b9976-1729-4aef-bab1-2d0406460525,"size == ""0""","isEmpty == ""True""","peek_obj_type == ""EmptyObject""","push == ""none""","pop == ""EmptyObject""","clear == ""none""","size_p == ""0""",No
7515,1607885829870:a2d43a03-5a42-45b8-a8cf-ed82b7fbfcc4,1607885829870:de5d8912-ba27-4d21-8787-bff9f2a837a6,"size == ""0""","isEmpty == ""True""","peek_obj_type == ""EmptyObject""","push == ""class java.lang.String""","pop == ""none""","clear == ""none""","size_p == ""0""",Yes
7516,1607885829870:a2d43a03-5a42-45b8-a8cf-ed82b7fbfcc4,1607885829870:de5d8912-ba27-4d21-8787-bff9f2a837a6,"size == ""0""","isEmpty == ""True""","peek_obj_type == ""EmptyObject""","push == ""none""","pop == ""EmptyObject""","clear == ""none""","size_p == ""0""",No
7518,1607885829870:8e148c9b-c3ec-4578-9ae6-fd8c9eff0582,1607885829870:6c294483-96ec-4b47-ae4c-935527ca9b3c,"size == ""0""","isEmpty == ""True""","peek_obj_type == ""EmptyObject""","push == ""class java.lang.String""","pop == ""none""","clear == ""none""","size_p == ""0""",Yes
7519,1607885829870:8e148c9b-c3ec-4578-9ae6-fd8c9eff0582,1607885829870:6c294483-96ec-4b47-ae4c-935527ca9b3c,"size == ""0""","isEmpty == ""True""","peek_obj_type == ""EmptyObject""","push == ""none""","pop == ""EmptyObject""","clear == ""none""","size_p == ""0""",No
7521,1607885829870:538aa90c-cb64-4c38-b6c1-5d7a02b50a2b,1607885829870:f93ca6bd-b116-4054-8356-6212068df06d,"size == ""0""","isEmpty == ""True""","peek_obj_type == ""EmptyObject""","push == ""class java.lang.String""","pop == ""none""","clear == ""none""","size_p == ""0""",Yes
7522,1607885829870:538aa90c-cb64-4c38-b6c1-5d7a02b50a2b,1607885829870:f93ca6bd-b116-4054-8356-6212068df06d,"size == ""0""","isEmpty == ""True""","peek_obj_type == ""EmptyObject""","push == ""class java.lang.String""","pop == ""none""","clear == ""none""","size_p == ""0""",Yes
7523,1607885829870:538aa90c-cb64-4c38-b6c1-5d7a02b50a2b,1607885829870:f93ca6bd-b116-4054-8356-6212068df06d,"size == ""1""","isEmpty == ""False""","peek_obj_type == ""class java.lang.String""","push == ""none""","pop == ""none""","clear == ""clear""","size_p == ""0""",Yes
7525,1607885829870:538aa90c-cb64-4c38-b6c1-5d7a02b50a2b,1607885829870:6dc05086-d2f2-43b7-a47e-d68dd511bdd6,"size == ""0""","isEmpty == ""True""","peek_obj_type == ""EmptyObject""","push == ""class java.lang.String""","pop == ""none""","clear == ""none""","size_p == ""0""",Yes
7526,1607885829870:538aa90c-cb64-4c38-b6c1-5d7a02b50a2b,1607885829870:6dc05086-d2f2-43b7-a47e-d68dd511bdd6,"size == ""0""","isEmpty == ""True""","peek_obj_type == ""EmptyObject""","push == ""none""","pop == ""EmptyObject""","clear == ""none""","size_p == ""0""",No
7528,1607885829870:49eb32bc-c6ef-4b90-a4ee-75cb254e6527,1607885829870:94847a92-53af-44fa-8b3f-f8d1a5b36e52,"size == ""1""","isEmpty == ""False""","peek_obj_type == ""class java.lang.String""","push == ""none""","pop == ""none""","clear == ""clear""","size_p == ""0""",Yes
7529,1607885829870:49eb32bc-c6ef-4b90-a4ee-75cb254e6527,1607885829870:94847a92-53af-44fa-8b3f-f8d1a5b36e52,"size == ""1""","isEmpty == ""False""","peek_obj_type == ""class java.lang.String""","push == ""class java.lang.String""","pop == ""none""","clear == ""none""","size_p == ""1""",Yes
7530,1607885829870:49eb32bc-c6ef-4b90-a4ee-75cb254e6527,1607885829870:94847a92-53af-44fa-8b3f-f8d1a5b36e52,"size == ""2""","isEmpty == ""False""","peek_obj_type == ""class java.lang.String""","push == ""none""","pop == ""none""","clear == ""clear""","size_p == ""1""",Yes
7531,1607885829870:49eb32bc-c6ef-4b90-a4ee-75cb254e6527,1607885829870:94847a92-53af-44fa-8b3f-f8d1a5b36e52,"size == ""3""","isEmpty == ""False""","peek_obj_type == ""class java.lang.String""","push == ""none""","pop == ""none""","clear == ""clear""","size_p == ""2""",Yes
7532,1607885829870:49eb32bc-c6ef-4b90-a4ee-75cb254e6527,1607885829870:94847a92-53af-44fa-8b3f-f8d1a5b36e52,"size == ""4""","isEmpty == ""False""","peek_obj_type == ""class java.lang.String""","push == ""none""","pop == ""none""","clear == ""clear""","size_p == ""3""",Yes
7534,1607885829869:ffd33328-66a0-443f-a27f-6c804b79f7f0,1607885829869:5de2224b-a725-4572-8294-1487a9047753,"size == ""0""","isEmpty == ""True""","peek_obj_type == ""EmptyObject""","push == ""class java.lang.String""","pop == ""none""","clear == ""none""","size_p == ""0""",Yes
7535,1607885829869:ffd33328-66a0-443f-a27f-6c804b79f7f0,1607885829869:5de2224b-a725-4572-8294-1487a9047753,"size == ""0""","isEmpty == ""True""","peek_obj_type == ""EmptyObject""","push == ""class java.lang.String""","pop == ""none""","clear == ""none""","size_p == ""0""",Yes
7537,1607885829869:ffd33328-66a0-443f-a27f-6c804b79f7f0,1607885829869:4afc5fac-6422-4de7-93c0-5927adb5e315,"size == ""0""","isEmpty == ""True""","peek_obj_type == ""EmptyObject""","push == ""class java.lang.String""","pop == ""none""","clear == ""none""","size_p == ""0""",Yes
7538,1607885829869:ffd33328-66a0-443f-a27f-6c804b79f7f0,1607885829869:4afc5fac-6422-4de7-93c0-5927adb5e315,"size == ""0""","isEmpty == ""True""","peek_obj_type == ""EmptyObject""","push == ""none""","pop == ""EmptyObject""","clear == ""none""","size_p == ""0""",No
7540,1607885829869:d1b15a42-e897-4a7f-a8ee-867ff40d25f2,1607885829869:7891e588-3214-4306-bbd1-6eb93c25428d,"size == ""0""","isEmpty == ""True""","peek_obj_type == ""EmptyObject""","push == ""class java.lang.String""","pop == ""none""","clear == ""none""","size_p == ""0""",Yes
7541,1607885829869:d1b15a42-e897-4a7f-a8ee-867ff40d25f2,1607885829869:7891e588-3214-4306-bbd1-6eb93c25428d,"size == ""0""","isEmpty == ""True""","peek_obj_type == ""EmptyObject""","push == ""none""","pop == ""EmptyObject""","clear == ""none""","size_p == ""0""",No
7543,1607885829869:c4c7621c-dc55-422a-b0dd-2e6312d9b0a9,1607885829869:f8510d97-0494-4d73-81be-8e21801ddd4c,"size == ""0""","isEmpty == ""True""","peek_obj_type == ""EmptyObject""","push == ""class java.lang.String""","pop == ""none""","clear == ""none""","size_p == ""0""",Yes
7544,1607885829869:c4c7621c-dc55-422a-b0dd-2e6312d9b0a9,1607885829869:f8510d97-0494-4d73-81be-8e21801ddd4c,"size == ""0""","isEmpty == ""True""","peek_obj_type == ""EmptyObject""","push == ""none""","pop == ""EmptyObject""","clear == ""none""","size_p == ""0""",No
7546,1607885829868:d058bc44-dc1c-4e44-9aa9-24bf83303a24,1607885829868:7d811b08-ae74-4c86-95d2-cf3cd18321c5,"size == ""0""","isEmpty == ""True""","peek_obj_type == ""EmptyObject""","push == ""class java.lang.String""","pop == ""none""","clear == ""none""","size_p == ""0""",Yes
7547,1607885829868:d058bc44-dc1c-4e44-9aa9-24bf83303a24,1607885829868:7d811b08-ae74-4c86-95d2-cf3cd18321c5,"size == ""0""","isEmpty == ""True""","peek_obj_type == ""EmptyObject""","push == ""none""","pop == ""EmptyObject""","clear == ""none""","size_p == ""0""",No
7549,1607885829868:d058bc44-dc1c-4e44-9aa9-24bf83303a24,1607885829868:60d2f345-ca14-4cf1-8339-94cdab9e1c5a,"size == ""0""","isEmpty == ""True""","peek_obj_type == ""EmptyObject""","push == ""class java.lang.String""","pop == ""none""","clear == ""none""","size_p == ""0""",Yes
7551,1607885829868:ab58aa34-62a0-49cb-9ee2-3e1080c9116e,1607885829868:6267c201-e449-459f-aa2a-e89e4b8c6e11,"size == ""0""","isEmpty == ""True""","peek_obj_type == ""EmptyObject""","push == ""class java.lang.String""","pop == ""none""","clear == ""none""","size_p == ""0""",Yes
7552,1607885829868:ab58aa34-62a0-49cb-9ee2-3e1080c9116e,1607885829868:6267c201-e449-459f-aa2a-e89e4b8c6e11,"size == ""0""","isEmpty == ""True""","peek_obj_type == ""EmptyObject""","push == ""none""","pop == ""EmptyObject""","clear == ""none""","size_p == ""0""",No
7555,1607885829868:75a8fb1a-c9c6-48fe-8cbd-1f2444b131fc,1607885829868:7b76f973-ca2c-4b8f-b7f1-e38133229079,"size == ""0""","isEmpty == ""True""","peek_obj_type == ""EmptyObject""","push == ""class java.lang.String""","pop == ""none""","clear == ""none""","size_p == ""0""",Yes
7557,1607885829868:75a8fb1a-c9c6-48fe-8cbd-1f2444b131fc,1607885829868:1d1c3f6c-710d-4f0d-abb7-cbd061af6ee5,"size == ""0""","isEmpty == ""True""","peek_obj_type == ""EmptyObject""","push == ""class java.lang.String""","pop == ""none""","clear == ""none""","size_p == ""0""",Yes
7558,1607885829868:75a8fb1a-c9c6-48fe-8cbd-1f2444b131fc,1607885829868:1d1c3f6c-710d-4f0d-abb7-cbd061af6ee5,"size == ""0""","isEmpty == ""True""","peek_obj_type == ""EmptyObject""","push == ""none""","pop == ""EmptyObject""","clear == ""none""","size_p == ""0""",No
7560,1607885829868:6abd9d27-91fd-4204-b90a-de4152222ddb,1607885829869:da532adb-fa7c-4ef5-b479-8233908d62ad,"size == ""0""","isEmpty == ""True""","peek_obj_type == ""EmptyObject""","push == ""class java.lang.String""","pop == ""none""","clear == ""none""","size_p == ""0""",Yes
7561,1607885829868:6abd9d27-91fd-4204-b90a-de4152222ddb,1607885829869:da532adb-fa7c-4ef5-b479-8233908d62ad,"size == ""0""","isEmpty == ""True""","peek_obj_type == ""EmptyObject""","push == ""none""","pop == ""EmptyObject""","clear == ""none""","size_p == ""0""",No
7563,1607885829868:6abd9d27-91fd-4204-b90a-de4152222ddb,1607885829869:805c2333-48be-4184-9492-5e9ff4c7e33e,"size == ""0""","isEmpty == ""True""","peek_obj_type == ""EmptyObject""","push == ""class java.lang.String""","pop == ""none""","clear == ""none""","size_p == ""0""",Yes
7564,1607885829868:6abd9d27-91fd-4204-b90a-de4152222ddb,1607885829869:805c2333-48be-4184-9492-5e9ff4c7e33e,"size == ""0""","isEmpty == ""True""","peek_obj_type == ""EmptyObject""","push == ""class java.lang.String""","pop == ""none""","clear == ""none""","size_p == ""0""",Yes
7565,1607885829868:6abd9d27-91fd-4204-b90a-de4152222ddb,1607885829869:805c2333-48be-4184-9492-5e9ff4c7e33e,"size == ""0""","isEmpty == ""True""","peek_obj_type == ""EmptyObject""","push == ""class java.lang.String""","pop == ""none""","clear == ""none""","size_p == ""0""",Yes
7566,1607885829868:6abd9d27-91fd-4204-b90a-de4152222ddb,1607885829869:805c2333-48be-4184-9492-5e9ff4c7e33e,"size == ""1""","isEmpty == ""False""","peek_obj_type == ""class java.lang.String""","push == ""none""","pop == ""none""","clear == ""clear""","size_p == ""0""",Yes
7568,1607885829868:6abd9d27-91fd-4204-b90a-de4152222ddb,1607885829869:0508ae44-2c82-4208-bf04-4a0ee0517330,"size == ""0""","isEmpty == ""True""","peek_obj_type == ""EmptyObject""","push == ""class java.lang.String""","pop == ""none""","clear == ""none""","size_p == ""0""",Yes
7570,1607885829868:01ba59ca-8d53-40a3-9e81-1efee892d7c0,1607885829868:c781bd31-b0fa-4243-ac57-24fa160db90b,"size == ""0""","isEmpty == ""True""","peek_obj_type == ""EmptyObject""","push == ""class java.lang.String""","pop == ""none""","clear == ""none""","size_p == ""0""",Yes
7571,1607885829868:01ba59ca-8d53-40a3-9e81-1efee892d7c0,1607885829868:c781bd31-b0fa-4243-ac57-24fa160db90b,"size == ""0""","isEmpty == ""True""","peek_obj_type == ""EmptyObject""","push == ""none""","pop == ""EmptyObject""","clear == ""none""","size_p == ""0""",No
7573,1607885829868:01ba59ca-8d53-40a3-9e81-1efee892d7c0,1607885829868:7ebb81b7-a39b-48fe-ad39-e5f31f70a9df,"size == ""0""","isEmpty == ""True""","peek_obj_type == ""EmptyObject""","push == ""class java.lang.String""","pop == ""none""","clear == ""none""","size_p == ""0""",Yes
7574,1607885829868:01ba59ca-8d53-40a3-9e81-1efee892d7c0,1607885829868:7ebb81b7-a39b-48fe-ad39-e5f31f70a9df,"size == ""0""","isEmpty == ""True""","peek_obj_type == ""EmptyObject""","push == ""class java.lang.String""","pop == ""none""","clear == ""none""","size_p == ""0""",Yes
7576,1607885829867:e5d2fcd6-c060-4920-a6fa-9a95c7102849,1607885829867:cc7edb2d-3a8f-428e-9c62-c4086aab30b8,"size == ""0""","isEmpty == ""True""","peek_obj_type == ""EmptyObject""","push == ""class java.lang.String""","pop == ""none""","clear == ""none""","size_p == ""0""",Yes
7577,1607885829867:e5d2fcd6-c060-4920-a6fa-9a95c7102849,1607885829867:cc7edb2d-3a8f-428e-9c62-c4086aab30b8,"size == ""0""","isEmpty == ""True""","peek_obj_type == ""EmptyObject""","push == ""none""","pop == ""EmptyObject""","clear == ""none""","size_p == ""0""",No
7579,1607885829867:c9e973a2-6e04-4ff5-b359-228dd05cf4b9,1607885829867:6142ea09-922d-470a-86aa-8ee60e2104e5,"size == ""0""","isEmpty == ""True""","peek_obj_type == ""EmptyObject""","push == ""class java.lang.String""","pop == ""none""","clear == ""none""","size_p == ""0""",Yes
7580,1607885829867:c9e973a2-6e04-4ff5-b359-228dd05cf4b9,1607885829867:6142ea09-922d-470a-86aa-8ee60e2104e5,"size == ""0""","isEmpty == ""True""","peek_obj_type == ""EmptyObject""","push == ""class java.lang.String""","pop == ""none""","clear == ""none""","size_p == ""0""",Yes
7581,1607885829867:c9e973a2-6e04-4ff5-b359-228dd05cf4b9,1607885829867:6142ea09-922d-470a-86aa-8ee60e2104e5,"size == ""0""","isEmpty == ""True""","peek_obj_type == ""EmptyObject""","push == ""class java.lang.String""","pop == ""none""","clear == ""none""","size_p == ""0""",Yes
7582,1607885829867:c9e973a2-6e04-4ff5-b359-228dd05cf4b9,1607885829867:6142ea09-922d-470a-86aa-8ee60e2104e5,"size == ""0""","isEmpty == ""True""","peek_obj_type == ""EmptyObject""","push == ""none""","pop == ""EmptyObject""","clear == ""none""","size_p == ""0""",Yes
7584,1607885829867:07e7cbca-a2e9-4883-9f7a-e7da5874689b,1607885829867:0ca18fb7-9299-4b3c-9a57-9579f9acf81f,"size == ""1""","isEmpty == ""False""","peek_obj_type == ""class java.lang.String""","push == ""none""","pop == ""none""","clear == ""clear""","size_p == ""0""",Yes
7585,1607885829867:07e7cbca-a2e9-4883-9f7a-e7da5874689b,1607885829867:0ca18fb7-9299-4b3c-9a57-9579f9acf81f,"size == ""1""","isEmpty == ""False""","peek_obj_type == ""class java.lang.String""","push == ""class java.lang.String""","pop == ""none""","clear == ""none""","size_p == ""1""",Yes
7586,1607885829867:07e7cbca-a2e9-4883-9f7a-e7da5874689b,1607885829867:0ca18fb7-9299-4b3c-9a57-9579f9acf81f,"size == ""0""","isEmpty == ""True""","peek_obj_type == ""EmptyObject""","push == ""none""","pop == ""EmptyObject""","clear == ""none""","size_p == ""1""",No
7588,1607885829866:f3e59738-d7f3-4ae1-8631-7514de776045,1607885829866:fba647fd-280d-41e9-9723-08b05d588799,"size == ""0""","isEmpty == ""True""","peek_obj_type == ""EmptyObject""","push == ""class java.lang.String""","pop == ""none""","clear == ""none""","size_p == ""0""",Yes
7589,1607885829866:f3e59738-d7f3-4ae1-8631-7514de776045,1607885829866:fba647fd-280d-41e9-9723-08b05d588799,"size == ""0""","isEmpty == ""True""","peek_obj_type == ""EmptyObject""","push == ""none""","pop == ""EmptyObject""","clear == ""none""","size_p == ""0""",No
7592,1607885829866:f3e59738-d7f3-4ae1-8631-7514de776045,1607885829866:0f00daa9-371f-4313-b437-3484a6c01b5a,"size == ""0""","isEmpty == ""True""","peek_obj_type == ""EmptyObject""","push == ""class java.lang.String""","pop == ""none""","clear == ""none""","size_p == ""0""",Yes
7594,1607885829866:8d299c27-dc1e-4940-9790-20c12c062756,1607885829866:9eab4d56-173c-4d85-be6a-fb6a55e70391,"size == ""0""","isEmpty == ""True""","peek_obj_type == ""EmptyObject""","push == ""class java.lang.String""","pop == ""none""","clear == ""none""","size_p == ""0""",Yes
7595,1607885829866:8d299c27-dc1e-4940-9790-20c12c062756,1607885829866:9eab4d56-173c-4d85-be6a-fb6a55e70391,"size == ""0""","isEmpty == ""True""","peek_obj_type == ""EmptyObject""","push == ""none""","pop == ""EmptyObject""","clear == ""none""","size_p == ""0""",No
7597,1607885829866:8d299c27-dc1e-4940-9790-20c12c062756,1607885829866:97fe23e1-8f07-4664-aece-0eef984671c9,"size == ""0""","isEmpty == ""True""","peek_obj_type == ""EmptyObject""","push == ""class java.lang.String""","pop == ""none""","clear == ""none""","size_p == ""0""",Yes
7600,1607885829866:40cbfec2-ff83-44fc-b5ab-aee7c62bcd18,1607885829867:889f0399-f258-4e36-bbef-12e1080e2cd4,"size == ""0""","isEmpty == ""True""","peek_obj_type == ""EmptyObject""","push == ""class java.lang.String""","pop == ""none""","clear == ""none""","size_p == ""0""",Yes
7601,1607885829866:40cbfec2-ff83-44fc-b5ab-aee7c62bcd18,1607885829867:889f0399-f258-4e36-bbef-12e1080e2cd4,"size == ""0""","isEmpty == ""True""","peek_obj_type == ""EmptyObject""","push == ""none""","pop == ""EmptyObject""","clear == ""none""","size_p == ""0""",No
7603,1607885829866:24882826-504e-45ef-86a3-38140e7bbbf8,1607885829866:4a22ae02-c99d-49e6-bc3c-bdf73ed52350,"size == ""0""","isEmpty == ""True""","peek_obj_type == ""EmptyObject""","push == ""class java.lang.String""","pop == ""none""","clear == ""none""","size_p == ""0""",Yes
7604,1607885829866:24882826-504e-45ef-86a3-38140e7bbbf8,1607885829866:4a22ae02-c99d-49e6-bc3c-bdf73ed52350,"size == ""0""","isEmpty == ""True""","peek_obj_type == ""EmptyObject""","push == ""none""","pop == ""EmptyObject""","clear == ""none""","size_p == ""0""",No
7606,1607885829865:e603336f-4239-43a0-83a3-797015f5c371,1607885829865:b0cc1191-6d53-4fee-a9c3-6079b843abbc,"size == ""1""","isEmpty == ""False""","peek_obj_type == ""class java.lang.String""","push == ""none""","pop == ""none""","clear == ""clear""","size_p == ""0""",Yes
7607,1607885829865:e603336f-4239-43a0-83a3-797015f5c371,1607885829865:b0cc1191-6d53-4fee-a9c3-6079b843abbc,"size == ""1""","isEmpty == ""False""","peek_obj_type == ""class java.lang.String""","push == ""class java.lang.String""","pop == ""none""","clear == ""none""","size_p == ""1""",Yes
7608,1607885829865:e603336f-4239-43a0-83a3-797015f5c371,1607885829865:b0cc1191-6d53-4fee-a9c3-6079b843abbc,"size == ""2""","isEmpty == ""False""","peek_obj_type == ""class java.lang.String""","push == ""none""","pop == ""none""","clear == ""clear""","size_p == ""1""",Yes
7609,1607885829865:e603336f-4239-43a0-83a3-797015f5c371,1607885829865:b0cc1191-6d53-4fee-a9c3-6079b843abbc,"size == ""3""","isEmpty == ""False""","peek_obj_type == ""class java.lang.String""","push == ""none""","pop == ""none""","clear == ""clear""","size_p == ""2""",Yes
7610,1607885829865:e603336f-4239-43a0-83a3-797015f5c371,1607885829865:b0cc1191-6d53-4fee-a9c3-6079b843abbc,"size == ""4""","isEmpty == ""False""","peek_obj_type == ""class java.lang.String""","push == ""none""","pop == ""none""","clear == ""clear""","size_p == ""3""",Yes
7612,1607885829865:e603336f-4239-43a0-83a3-797015f5c371,1607885829865:96a5f11b-a0bf-49bc-a4df-8021f511ce8a,"size == ""1""","isEmpty == ""False""","peek_obj_type == ""class java.lang.String""","push == ""none""","pop == ""none""","clear == ""clear""","size_p == ""0""",Yes
7613,1607885829865:e603336f-4239-43a0-83a3-797015f5c371,1607885829865:96a5f11b-a0bf-49bc-a4df-8021f511ce8a,"size == ""1""","isEmpty == ""False""","peek_obj_type == ""class java.lang.String""","push == ""class java.lang.String""","pop == ""none""","clear == ""none""","size_p == ""1""",Yes
7614,1607885829865:e603336f-4239-43a0-83a3-797015f5c371,1607885829865:96a5f11b-a0bf-49bc-a4df-8021f511ce8a,"size == ""2""","isEmpty == ""False""","peek_obj_type == ""class java.lang.String""","push == ""none""","pop == ""none""","clear == ""clear""","size_p == ""1""",Yes
7615,1607885829865:e603336f-4239-43a0-83a3-797015f5c371,1607885829865:96a5f11b-a0bf-49bc-a4df-8021f511ce8a,"size == ""3""","isEmpty == ""False""","peek_obj_type == ""class java.lang.String""","push == ""none""","pop == ""none""","clear == ""clear""","size_p == ""2""",Yes
7616,1607885829865:e603336f-4239-43a0-83a3-797015f5c371,1607885829865:96a5f11b-a0bf-49bc-a4df-8021f511ce8a,"size == ""4""","isEmpty == ""False""","peek_obj_type == ""class java.lang.String""","push == ""none""","pop == ""none""","clear == ""clear""","size_p == ""3""",Yes
7618,1607885829865:e603336f-4239-43a0-83a3-797015f5c371,1607885829865:3ba00952-c8e9-4b76-a5f0-2c1241c2494a,"size == ""0""","isEmpty == ""True""","peek_obj_type == ""EmptyObject""","push == ""class java.lang.String""","pop == ""none""","clear == ""none""","size_p == ""0""",Yes
7619,1607885829865:e603336f-4239-43a0-83a3-797015f5c371,1607885829865:3ba00952-c8e9-4b76-a5f0-2c1241c2494a,"size == ""0""","isEmpty == ""True""","peek_obj_type == ""EmptyObject""","push == ""none""","pop == ""EmptyObject""","clear == ""none""","size_p == ""0""",No
7621,1607885829865:a4bdebaf-b254-4311-b7d9-867a7a297155,1607885829865:91d3fef3-3144-40bd-81c9-ba752c7d0fdf,"size == ""0""","isEmpty == ""True""","peek_obj_type == ""EmptyObject""","push == ""class java.lang.String""","pop == ""none""","clear == ""none""","size_p == ""0""",Yes
7622,1607885829865:a4bdebaf-b254-4311-b7d9-867a7a297155,1607885829865:91d3fef3-3144-40bd-81c9-ba752c7d0fdf,"size == ""0""","isEmpty == ""True""","peek_obj_type == ""EmptyObject""","push == ""none""","pop == ""EmptyObject""","clear == ""none""","size_p == ""0""",No
7624,1607885829865:9650213b-b36e-4b89-8f99-4172f4c9b3e9,1607885829865:dbfcc870-4aa5-43bc-94b0-065b8629c8a1,"size == ""0""","isEmpty == ""True""","peek_obj_type == ""EmptyObject""","push == ""class java.lang.String""","pop == ""none""","clear == ""none""","size_p == ""0""",Yes
7625,1607885829865:9650213b-b36e-4b89-8f99-4172f4c9b3e9,1607885829865:dbfcc870-4aa5-43bc-94b0-065b8629c8a1,"size == ""0""","isEmpty == ""True""","peek_obj_type == ""EmptyObject""","push == ""none""","pop == ""EmptyObject""","clear == ""none""","size_p == ""0""",No
7627,1607885829865:9650213b-b36e-4b89-8f99-4172f4c9b3e9,1607885829865:1ac22a2f-21dd-49d6-98e4-3b3b381080a5,"size == ""0""","isEmpty == ""True""","peek_obj_type == ""EmptyObject""","push == ""class java.lang.String""","pop == ""none""","clear == ""none""","size_p == ""0""",Yes
7629,1607885829865:4d6ac804-af22-45f2-8352-12b750be8192,1607885829866:781b90bf-20f3-4e5a-b9f9-5f17c175d153,"size == ""0""","isEmpty == ""True""","peek_obj_type == ""EmptyObject""","push == ""class java.lang.String""","pop == ""none""","clear == ""none""","size_p == ""0""",Yes
7630,1607885829865:4d6ac804-af22-45f2-8352-12b750be8192,1607885829866:781b90bf-20f3-4e5a-b9f9-5f17c175d153,"size == ""0""","isEmpty == ""True""","peek_obj_type == ""EmptyObject""","push == ""none""","pop == ""EmptyObject""","clear == ""none""","size_p == ""0""",No
7632,1607885829865:4d6ac804-af22-45f2-8352-12b750be8192,1607885829865:a9a8f173-cc8b-4409-be27-dea0f6aa89e2,"size == ""1""","isEmpty == ""False""","peek_obj_type == ""class java.lang.String""","push == ""none""","pop == ""none""","clear == ""clear""","size_p == ""0""",Yes
7633,1607885829865:4d6ac804-af22-45f2-8352-12b750be8192,1607885829865:a9a8f173-cc8b-4409-be27-dea0f6aa89e2,"size == ""1""","isEmpty == ""False""","peek_obj_type == ""class java.lang.String""","push == ""class java.lang.String""","pop == ""none""","clear == ""none""","size_p == ""1""",Yes
7634,1607885829865:4d6ac804-af22-45f2-8352-12b750be8192,1607885829865:a9a8f173-cc8b-4409-be27-dea0f6aa89e2,"size == ""2""","isEmpty == ""False""","peek_obj_type == ""class java.lang.String""","push == ""none""","pop == ""none""","clear == ""clear""","size_p == ""1""",Yes
7635,1607885829865:4d6ac804-af22-45f2-8352-12b750be8192,1607885829865:a9a8f173-cc8b-4409-be27-dea0f6aa89e2,"size == ""3""","isEmpty == ""False""","peek_obj_type == ""class java.lang.String""","push == ""none""","pop == ""none""","clear == ""clear""","size_p == ""2""",Yes
7636,1607885829865:4d6ac804-af22-45f2-8352-12b750be8192,1607885829865:a9a8f173-cc8b-4409-be27-dea0f6aa89e2,"size == ""4""","isEmpty == ""False""","peek_obj_type == ""class java.lang.String""","push == ""none""","pop == ""none""","clear == ""clear""","size_p == ""3""",Yes
7638,1607885829865:382e8b00-b3a9-4099-a526-552881a5a0fa,1607885829865:4f9bf2c8-8650-445d-8cbc-23a2b1b151f4,"size == ""0""","isEmpty == ""True""","peek_obj_type == ""EmptyObject""","push == ""class java.lang.String""","pop == ""none""","clear == ""none""","size_p == ""0""",Yes
7639,1607885829865:382e8b00-b3a9-4099-a526-552881a5a0fa,1607885829865:4f9bf2c8-8650-445d-8cbc-23a2b1b151f4,"size == ""0""","isEmpty == ""True""","peek_obj_type == ""EmptyObject""","push == ""none""","pop == ""EmptyObject""","clear == ""none""","size_p == ""0""",No
7641,1607885829864:9775aba5-62d8-46c3-b127-37e100a2bd99,1607885829864:47970546-0392-49c7-82db-d2804c8a4f11,"size == ""0""","isEmpty == ""True""","peek_obj_type == ""EmptyObject""","push == ""class java.lang.String""","pop == ""none""","clear == ""none""","size_p == ""0""",Yes
7642,1607885829864:9775aba5-62d8-46c3-b127-37e100a2bd99,1607885829864:47970546-0392-49c7-82db-d2804c8a4f11,"size == ""0""","isEmpty == ""True""","peek_obj_type == ""EmptyObject""","push == ""none""","pop == ""EmptyObject""","clear == ""none""","size_p == ""0""",No
7644,1607885829864:7d21a959-ecfe-4c44-a622-046181d24222,1607885829864:ec5b3062-2298-44c5-bff4-b4592bf0f21b,"size == ""0""","isEmpty == ""True""","peek_obj_type == ""EmptyObject""","push == ""class java.lang.String""","pop == ""none""","clear == ""none""","size_p == ""0""",Yes
7645,1607885829864:7d21a959-ecfe-4c44-a622-046181d24222,1607885829864:ec5b3062-2298-44c5-bff4-b4592bf0f21b,"size == ""0""","isEmpty == ""True""","peek_obj_type == ""EmptyObject""","push == ""none""","pop == ""EmptyObject""","clear == ""none""","size_p == ""0""",No
7647,1607885829864:2790ca6c-17b9-4272-8132-efd779b74f7c,1607885829864:d32d74a7-c505-4506-bfdc-f8536a59abcd,"size == ""0""","isEmpty == ""True""","peek_obj_type == ""EmptyObject""","push == ""class java.lang.String""","pop == ""none""","clear == ""none""","size_p == ""0""",Yes
7648,1607885829864:2790ca6c-17b9-4272-8132-efd779b74f7c,1607885829864:d32d74a7-c505-4506-bfdc-f8536a59abcd,"size == ""0""","isEmpty == ""True""","peek_obj_type == ""EmptyObject""","push == ""class java.lang.String""","pop == ""none""","clear == ""none""","size_p == ""0""",Yes
7649,1607885829864:2790ca6c-17b9-4272-8132-efd779b74f7c,1607885829864:d32d74a7-c505-4506-bfdc-f8536a59abcd,"size == ""0""","isEmpty == ""True""","peek_obj_type == ""EmptyObject""","push == ""class java.lang.String""","pop == ""none""","clear == ""none""","size_p == ""0""",Yes
7650,1607885829864:2790ca6c-17b9-4272-8132-efd779b74f7c,1607885829864:d32d74a7-c505-4506-bfdc-f8536a59abcd,"size == ""0""","isEmpty == ""True""","peek_obj_type == ""EmptyObject""","push == ""none""","pop == ""EmptyObject""","clear == ""none""","size_p == ""0""",Yes
7652,1607885829863:b7090e27-79d8-4c32-be20-162eb02a25b9,1607885829863:6217ae6d-fc2f-422a-959e-954cd0497393,"size == ""0""","isEmpty == ""True""","peek_obj_type == ""EmptyObject""","push == ""class java.lang.String""","pop == ""none""","clear == ""none""","size_p == ""0""",Yes
7653,1607885829863:b7090e27-79d8-4c32-be20-162eb02a25b9,1607885829863:6217ae6d-fc2f-422a-959e-954cd0497393,"size == ""0""","isEmpty == ""True""","peek_obj_type == ""EmptyObject""","push == ""none""","pop == ""EmptyObject""","clear == ""none""","size_p == ""0""",No
7655,1607885829863:63617d44-8015-42a2-a87a-644ff4518174,1607885829863:c9962259-86f4-40fe-90d3-d663509c4b1d,"size == ""0""","isEmpty == ""True""","peek_obj_type == ""EmptyObject""","push == ""class java.lang.String""","pop == ""none""","clear == ""none""","size_p == ""0""",Yes
7657,1607885829863:63617d44-8015-42a2-a87a-644ff4518174,1607885829863:9ca93a90-354a-4a4f-8897-3142aac1531c,"size == ""0""","isEmpty == ""True""","peek_obj_type == ""EmptyObject""","push == ""class java.lang.String""","pop == ""none""","clear == ""none""","size_p == ""0""",Yes
7658,1607885829863:63617d44-8015-42a2-a87a-644ff4518174,1607885829863:9ca93a90-354a-4a4f-8897-3142aac1531c,"size == ""0""","isEmpty == ""True""","peek_obj_type == ""EmptyObject""","push == ""none""","pop == ""EmptyObject""","clear == ""none""","size_p == ""0""",No
7660,1607885829863:51270de8-ee07-405d-b6b9-57d48df99b4f,1607885829863:17ac482e-7039-4427-9ed2-2491941be4ff,"size == ""0""","isEmpty == ""True""","peek_obj_type == ""EmptyObject""","push == ""class java.lang.String""","pop == ""none""","clear == ""none""","size_p == ""0""",Yes
7661,1607885829863:51270de8-ee07-405d-b6b9-57d48df99b4f,1607885829863:17ac482e-7039-4427-9ed2-2491941be4ff,"size == ""0""","isEmpty == ""True""","peek_obj_type == ""EmptyObject""","push == ""none""","pop == ""EmptyObject""","clear == ""none""","size_p == ""0""",No
7663,1607885829863:17fb3bd4-2a97-49a1-95f1-e3814e7cbf1e,1607885829863:02355684-6bef-4ddc-bdce-3b535634c81c,"size == ""0""","isEmpty == ""True""","peek_obj_type == ""EmptyObject""","push == ""class java.lang.String""","pop == ""none""","clear == ""none""","size_p == ""0""",Yes
7664,1607885829863:17fb3bd4-2a97-49a1-95f1-e3814e7cbf1e,1607885829863:02355684-6bef-4ddc-bdce-3b535634c81c,"size == ""0""","isEmpty == ""True""","peek_obj_type == ""EmptyObject""","push == ""none""","pop == ""EmptyObject""","clear == ""none""","size_p == ""0""",No
7666,1607885829863:17fb3bd4-2a97-49a1-95f1-e3814e7cbf1e,1607885829863:01615e08-a39e-4cf5-b813-110ad0c937c1,"size == ""0""","isEmpty == ""True""","peek_obj_type == ""EmptyObject""","push == ""class java.lang.String""","pop == ""none""","clear == ""none""","size_p == ""0""",Yes
7667,1607885829863:17fb3bd4-2a97-49a1-95f1-e3814e7cbf1e,1607885829863:01615e08-a39e-4cf5-b813-110ad0c937c1,"size == ""0""","isEmpty == ""True""","peek_obj_type == ""EmptyObject""","push == ""class java.lang.String""","pop == ""none""","clear == ""none""","size_p == ""0""",Yes
7669,1607885829862:c43a0465-804a-4cca-963c-ad3e56c25681,1607885829862:eaaa5a53-0acb-418d-9514-1a4fe2e13998,"size == ""0""","isEmpty == ""True""","peek_obj_type == ""EmptyObject""","push == ""class java.lang.String""","pop == ""none""","clear == ""none""","size_p == ""0""",Yes
7670,1607885829862:c43a0465-804a-4cca-963c-ad3e56c25681,1607885829862:eaaa5a53-0acb-418d-9514-1a4fe2e13998,"size == ""0""","isEmpty == ""True""","peek_obj_type == ""EmptyObject""","push == ""none""","pop == ""EmptyObject""","clear == ""none""","size_p == ""0""",No
7672,1607885829862:c43a0465-804a-4cca-963c-ad3e56c25681,1607885829862:a48e3110-7b07-49ff-becb-67a7c716dd55,"size == ""0""","isEmpty == ""True""","peek_obj_type == ""EmptyObject""","push == ""class java.lang.String""","pop == ""none""","clear == ""none""","size_p == ""0""",Yes
7673,1607885829862:c43a0465-804a-4cca-963c-ad3e56c25681,1607885829862:a48e3110-7b07-49ff-becb-67a7c716dd55,"size == ""0""","isEmpty == ""True""","peek_obj_type == ""EmptyObject""","push == ""class java.lang.String""","pop == ""none""","clear == ""none""","size_p == ""0""",Yes
7675,1607885829862:c43a0465-804a-4cca-963c-ad3e56c25681,1607885829862:265188c4-b1a9-43b4-89e1-ecde91611fe4,"size == ""0""","isEmpty == ""True""","peek_obj_type == ""EmptyObject""","push == ""class java.lang.String""","pop == ""none""","clear == ""none""","size_p == ""0""",Yes
7677,1607885829862:b7683a5a-0e8d-42bf-b8ca-2e19b27bb46a,1607885829862:4645dd9c-3b89-40a9-8fb6-3135fb033196,"size == ""0""","isEmpty == ""True""","peek_obj_type == ""EmptyObject""","push == ""class java.lang.String""","pop == ""none""","clear == ""none""","size_p == ""0""",Yes
7678,1607885829862:b7683a5a-0e8d-42bf-b8ca-2e19b27bb46a,1607885829862:4645dd9c-3b89-40a9-8fb6-3135fb033196,"size == ""0""","isEmpty == ""True""","peek_obj_type == ""EmptyObject""","push == ""none""","pop == ""EmptyObject""","clear == ""none""","size_p == ""0""",No
7680,1607885829862:2e1805dc-8b4a-4274-8b0c-cbeffb376ad8,1607885829862:66cd11b7-2a6f-43af-9b24-4a85687c1f41,"size == ""0""","isEmpty == ""True""","peek_obj_type == ""EmptyObject""","push == ""class java.lang.String""","pop == ""none""","clear == ""none""","size_p == ""0""",Yes
7681,1607885829862:2e1805dc-8b4a-4274-8b0c-cbeffb376ad8,1607885829862:66cd11b7-2a6f-43af-9b24-4a85687c1f41,"size == ""0""","isEmpty == ""True""","peek_obj_type == ""EmptyObject""","push == ""class java.lang.String""","pop == ""none""","clear == ""none""","size_p == ""0""",Yes
7683,1607885829862:2e1805dc-8b4a-4274-8b0c-cbeffb376ad8,1607885829862:269033f9-a3ca-4f0e-ae3f-b3c1c278e28f,"size == ""0""","isEmpty == ""True""","peek_obj_type == ""EmptyObject""","push == ""class java.lang.String""","pop == ""none""","clear == ""none""","size_p == ""0""",Yes
7684,1607885829862:2e1805dc-8b4a-4274-8b0c-cbeffb376ad8,1607885829862:269033f9-a3ca-4f0e-ae3f-b3c1c278e28f,"size == ""0""","isEmpty == ""True""","peek_obj_type == ""EmptyObject""","push == ""none""","pop == ""EmptyObject""","clear == ""none""","size_p == ""0""",No
7686,1607885829862:272944a7-9240-4b1e-977c-82c94f16f5f0,1607885829862:429138af-91c8-4982-8541-e69134617f39,"size == ""0""","isEmpty == ""True""","peek_obj_type == ""EmptyObject""","push == ""class java.lang.String""","pop == ""none""","clear == ""none""","size_p == ""0""",Yes
7687,1607885829862:272944a7-9240-4b1e-977c-82c94f16f5f0,1607885829862:429138af-91c8-4982-8541-e69134617f39,"size == ""0""","isEmpty == ""True""","peek_obj_type == ""EmptyObject""","push == ""none""","pop == ""EmptyObject""","clear == ""none""","size_p == ""0""",No
7689,1607885829861:db911d0f-3c4e-41b9-86cd-cb37fee76c68,1607885829861:62ebfe5b-02d9-447b-b225-bbbe12ac2195,"size == ""0""","isEmpty == ""True""","peek_obj_type == ""EmptyObject""","push == ""class java.lang.String""","pop == ""none""","clear == ""none""","size_p == ""0""",Yes
7690,1607885829861:db911d0f-3c4e-41b9-86cd-cb37fee76c68,1607885829861:62ebfe5b-02d9-447b-b225-bbbe12ac2195,"size == ""0""","isEmpty == ""True""","peek_obj_type == ""EmptyObject""","push == ""none""","pop == ""EmptyObject""","clear == ""none""","size_p == ""0""",No
7692,1607885829861:8a1941a8-2590-4a43-8801-44e2dc0384f2,1607885829862:59e809ca-5735-4221-b07e-b63b6e956ea9,"size == ""0""","isEmpty == ""True""","peek_obj_type == ""EmptyObject""","push == ""class java.lang.String""","pop == ""none""","clear == ""none""","size_p == ""0""",Yes
7693,1607885829861:8a1941a8-2590-4a43-8801-44e2dc0384f2,1607885829862:59e809ca-5735-4221-b07e-b63b6e956ea9,"size == ""0""","isEmpty == ""True""","peek_obj_type == ""EmptyObject""","push == ""none""","pop == ""EmptyObject""","clear == ""none""","size_p == ""0""",No
7695,1607885829861:8a1941a8-2590-4a43-8801-44e2dc0384f2,1607885829861:b210de30-d735-4e55-a51e-fd3f3636765c,"size == ""1""","isEmpty == ""False""","peek_obj_type == ""class java.lang.String""","push == ""none""","pop == ""none""","clear == ""clear""","size_p == ""0""",Yes
7696,1607885829861:8a1941a8-2590-4a43-8801-44e2dc0384f2,1607885829861:b210de30-d735-4e55-a51e-fd3f3636765c,"size == ""1""","isEmpty == ""False""","peek_obj_type == ""class java.lang.String""","push == ""class java.lang.String""","pop == ""none""","clear == ""none""","size_p == ""1""",Yes
7697,1607885829861:8a1941a8-2590-4a43-8801-44e2dc0384f2,1607885829861:b210de30-d735-4e55-a51e-fd3f3636765c,"size == ""2""","isEmpty == ""False""","peek_obj_type == ""class java.lang.String""","push == ""none""","pop == ""none""","clear == ""clear""","size_p == ""1""",Yes
7699,1607885829861:76a686e4-85ac-4837-a7c1-c8a7ab49ed38,1607885829861:6990c0a3-842a-45eb-9a26-a60569a60dea,"size == ""0""","isEmpty == ""True""","peek_obj_type == ""EmptyObject""","push == ""class java.lang.String""","pop == ""none""","clear == ""none""","size_p == ""0""",Yes
7700,1607885829861:76a686e4-85ac-4837-a7c1-c8a7ab49ed38,1607885829861:6990c0a3-842a-45eb-9a26-a60569a60dea,"size == ""0""","isEmpty == ""True""","peek_obj_type == ""EmptyObject""","push == ""class java.lang.String""","pop == ""none""","clear == ""none""","size_p == ""0""",Yes
7702,1607885829861:76a686e4-85ac-4837-a7c1-c8a7ab49ed38,1607885829861:478bc7f8-1b7f-4c0b-9e61-9051231ba9c9,"size == ""1""","isEmpty == ""False""","peek_obj_type == ""class java.lang.String""","push == ""none""","pop == ""none""","clear == ""clear""","size_p == ""0""",Yes
7703,1607885829861:76a686e4-85ac-4837-a7c1-c8a7ab49ed38,1607885829861:478bc7f8-1b7f-4c0b-9e61-9051231ba9c9,"size == ""1""","isEmpty == ""False""","peek_obj_type == ""class java.lang.String""","push == ""class java.lang.String""","pop == ""none""","clear == ""none""","size_p == ""1""",Yes
7704,1607885829861:76a686e4-85ac-4837-a7c1-c8a7ab49ed38,1607885829861:478bc7f8-1b7f-4c0b-9e61-9051231ba9c9,"size == ""0""","isEmpty == ""True""","peek_obj_type == ""EmptyObject""","push == ""none""","pop == ""EmptyObject""","clear == ""none""","size_p == ""1""",No
7705,1607885829861:76a686e4-85ac-4837-a7c1-c8a7ab49ed38,1607885829861:478bc7f8-1b7f-4c0b-9e61-9051231ba9c9,"size == ""1""","isEmpty == ""False""","peek_obj_type == ""class java.lang.String""","push == ""none""","pop == ""none""","clear == ""clear""","size_p == ""0""",Yes
7707,1607885829861:76a686e4-85ac-4837-a7c1-c8a7ab49ed38,1607885829861:400369d9-eb03-4fe5-92e6-22f1ea89b44f,"size == ""0""","isEmpty == ""True""","peek_obj_type == ""EmptyObject""","push == ""class java.lang.String""","pop == ""none""","clear == ""none""","size_p == ""0""",Yes
7708,1607885829861:76a686e4-85ac-4837-a7c1-c8a7ab49ed38,1607885829861:400369d9-eb03-4fe5-92e6-22f1ea89b44f,"size == ""0""","isEmpty == ""True""","peek_obj_type == ""EmptyObject""","push == ""none""","pop == ""EmptyObject""","clear == ""none""","size_p == ""0""",No
7710,1607885829861:24269769-fbc4-432c-a327-17b51c7a1795,1607885829861:70e84cd5-4e66-4491-82ea-2a6d07ae7e19,"size == ""1""","isEmpty == ""False""","peek_obj_type == ""class java.lang.String""","push == ""none""","pop == ""none""","clear == ""clear""","size_p == ""0""",Yes
7711,1607885829861:24269769-fbc4-432c-a327-17b51c7a1795,1607885829861:70e84cd5-4e66-4491-82ea-2a6d07ae7e19,"size == ""1""","isEmpty == ""False""","peek_obj_type == ""class java.lang.String""","push == ""class java.lang.String""","pop == ""none""","clear == ""none""","size_p == ""1""",Yes
7712,1607885829861:24269769-fbc4-432c-a327-17b51c7a1795,1607885829861:70e84cd5-4e66-4491-82ea-2a6d07ae7e19,"size == ""2""","isEmpty == ""False""","peek_obj_type == ""class java.lang.String""","push == ""none""","pop == ""none""","clear == ""clear""","size_p == ""1""",Yes
7713,1607885829861:24269769-fbc4-432c-a327-17b51c7a1795,1607885829861:70e84cd5-4e66-4491-82ea-2a6d07ae7e19,"size == ""3""","isEmpty == ""False""","peek_obj_type == ""class java.lang.String""","push == ""none""","pop == ""none""","clear == ""clear""","size_p == ""2""",Yes
7714,1607885829861:24269769-fbc4-432c-a327-17b51c7a1795,1607885829861:70e84cd5-4e66-4491-82ea-2a6d07ae7e19,"size == ""4""","isEmpty == ""False""","peek_obj_type == ""class java.lang.String""","push == ""none""","pop == ""none""","clear == ""clear""","size_p == ""3""",Yes
7716,1607885829861:24269769-fbc4-432c-a327-17b51c7a1795,1607885829861:67a48aa1-98d7-4836-98b1-ceb8de35e642,"size == ""0""","isEmpty == ""True""","peek_obj_type == ""EmptyObject""","push == ""class java.lang.String""","pop == ""none""","clear == ""none""","size_p == ""0""",Yes
7717,1607885829861:24269769-fbc4-432c-a327-17b51c7a1795,1607885829861:67a48aa1-98d7-4836-98b1-ceb8de35e642,"size == ""0""","isEmpty == ""True""","peek_obj_type == ""EmptyObject""","push == ""none""","pop == ""EmptyObject""","clear == ""none""","size_p == ""0""",No
7719,1607885829860:e2ce7d46-4ec1-432c-8f79-7615d01c46a9,1607885829860:76c792e5-9b27-4dd9-9c1a-43a3a21428d4,"size == ""0""","isEmpty == ""True""","peek_obj_type == ""EmptyObject""","push == ""class java.lang.String""","pop == ""none""","clear == ""none""","size_p == ""0""",Yes
7720,1607885829860:e2ce7d46-4ec1-432c-8f79-7615d01c46a9,1607885829860:76c792e5-9b27-4dd9-9c1a-43a3a21428d4,"size == ""0""","isEmpty == ""True""","peek_obj_type == ""EmptyObject""","push == ""none""","pop == ""EmptyObject""","clear == ""none""","size_p == ""0""",No
7722,1607885829860:d4e60b76-5728-4e74-ac17-fe5c8795ab70,1607885829860:d0e3fd4d-8057-4109-9d3b-e7be26cd1f8e,"size == ""0""","isEmpty == ""True""","peek_obj_type == ""EmptyObject""","push == ""class java.lang.String""","pop == ""none""","clear == ""none""","size_p == ""0""",Yes
7723,1607885829860:d4e60b76-5728-4e74-ac17-fe5c8795ab70,1607885829860:d0e3fd4d-8057-4109-9d3b-e7be26cd1f8e,"size == ""0""","isEmpty == ""True""","peek_obj_type == ""EmptyObject""","push == ""none""","pop == ""EmptyObject""","clear == ""none""","size_p == ""0""",No
7725,1607885829860:83fe41dd-abdc-45df-bec1-181e31d4514a,1607885829860:59577198-009e-41f6-b2b4-f9a0ab2d0542,"size == ""0""","isEmpty == ""True""","peek_obj_type == ""EmptyObject""","push == ""class java.lang.String""","pop == ""none""","clear == ""none""","size_p == ""0""",Yes
7726,1607885829860:83fe41dd-abdc-45df-bec1-181e31d4514a,1607885829860:59577198-009e-41f6-b2b4-f9a0ab2d0542,"size == ""0""","isEmpty == ""True""","peek_obj_type == ""EmptyObject""","push == ""class java.lang.String""","pop == ""none""","clear == ""none""","size_p == ""0""",Yes
7728,1607885829860:83fe41dd-abdc-45df-bec1-181e31d4514a,1607885829860:2aa01689-a02f-4ef5-9ee0-8802dd5d6ad8,"size == ""0""","isEmpty == ""True""","peek_obj_type == ""EmptyObject""","push == ""class java.lang.String""","pop == ""none""","clear == ""none""","size_p == ""0""",Yes
7729,1607885829860:83fe41dd-abdc-45df-bec1-181e31d4514a,1607885829860:2aa01689-a02f-4ef5-9ee0-8802dd5d6ad8,"size == ""0""","isEmpty == ""True""","peek_obj_type == ""EmptyObject""","push == ""none""","pop == ""EmptyObject""","clear == ""none""","size_p == ""0""",No
7731,1607885829860:235dd9ed-c06f-43d4-aa60-841e63fdd7ff,1607885829860:f2fdebbe-aa39-4197-a861-9639d67916e4,"size == ""0""","isEmpty == ""True""","peek_obj_type == ""EmptyObject""","push == ""class java.lang.String""","pop == ""none""","clear == ""none""","size_p == ""0""",Yes
7732,1607885829860:235dd9ed-c06f-43d4-aa60-841e63fdd7ff,1607885829860:f2fdebbe-aa39-4197-a861-9639d67916e4,"size == ""0""","isEmpty == ""True""","peek_obj_type == ""EmptyObject""","push == ""none""","pop == ""EmptyObject""","clear == ""none""","size_p == ""0""",No
7734,1607885829859:9bb825c5-e935-4cf7-a4cc-c3c713214cf1,1607885829859:c584a162-a227-46ff-be10-933f38338a7a,"size == ""0""","isEmpty == ""True""","peek_obj_type == ""EmptyObject""","push == ""class java.lang.String""","pop == ""none""","clear == ""none""","size_p == ""0""",Yes
7735,1607885829859:9bb825c5-e935-4cf7-a4cc-c3c713214cf1,1607885829859:c584a162-a227-46ff-be10-933f38338a7a,"size == ""0""","isEmpty == ""True""","peek_obj_type == ""EmptyObject""","push == ""class java.lang.String""","pop == ""none""","clear == ""none""","size_p == ""0""",Yes
7737,1607885829859:9bb825c5-e935-4cf7-a4cc-c3c713214cf1,1607885829859:2bc02684-6b70-484a-bbfb-44d4637a63d5,"size == ""0""","isEmpty == ""True""","peek_obj_type == ""EmptyObject""","push == ""class java.lang.String""","pop == ""none""","clear == ""none""","size_p == ""0""",Yes
7738,1607885829859:9bb825c5-e935-4cf7-a4cc-c3c713214cf1,1607885829859:2bc02684-6b70-484a-bbfb-44d4637a63d5,"size == ""0""","isEmpty == ""True""","peek_obj_type == ""EmptyObject""","push == ""none""","pop == ""EmptyObject""","clear == ""none""","size_p == ""0""",No
7740,1607885829859:7fc80336-6570-4959-be45-5384c61c44ee,1607885829860:3f010604-1ab9-4c0c-bf3a-5f14eb2be2db,"size == ""0""","isEmpty == ""True""","peek_obj_type == ""EmptyObject""","push == ""class java.lang.String""","pop == ""none""","clear == ""none""","size_p == ""0""",Yes
7741,1607885829859:7fc80336-6570-4959-be45-5384c61c44ee,1607885829860:3f010604-1ab9-4c0c-bf3a-5f14eb2be2db,"size == ""0""","isEmpty == ""True""","peek_obj_type == ""EmptyObject""","push == ""none""","pop == ""EmptyObject""","clear == ""none""","size_p == ""0""",No
7743,1607885829859:7fc80336-6570-4959-be45-5384c61c44ee,1607885829859:2ac7ee67-7acf-46ff-9106-b7a27473fc82,"size == ""0""","isEmpty == ""True""","peek_obj_type == ""EmptyObject""","push == ""class java.lang.String""","pop == ""none""","clear == ""none""","size_p == ""0""",Yes
7745,1607885829859:6bf26fc0-2901-4669-881f-7b72112c4a3f,1607885829859:e8dd3edc-7d73-4b53-a1cf-3e4581a79c21,"size == ""0""","isEmpty == ""True""","peek_obj_type == ""EmptyObject""","push == ""class java.lang.String""","pop == ""none""","clear == ""none""","size_p == ""0""",Yes
7746,1607885829859:6bf26fc0-2901-4669-881f-7b72112c4a3f,1607885829859:e8dd3edc-7d73-4b53-a1cf-3e4581a79c21,"size == ""0""","isEmpty == ""True""","peek_obj_type == ""EmptyObject""","push == ""none""","pop == ""EmptyObject""","clear == ""none""","size_p == ""0""",No
7748,1607885829859:6b25f2c1-ef88-4b81-93d4-d9b47e4dd71f,1607885829859:e491c8d2-aa56-4ee6-a8c5-88a55f99fb40,"size == ""0""","isEmpty == ""True""","peek_obj_type == ""EmptyObject""","push == ""class java.lang.String""","pop == ""none""","clear == ""none""","size_p == ""0""",Yes
7750,1607885829859:6b25f2c1-ef88-4b81-93d4-d9b47e4dd71f,1607885829859:969b484f-feb5-4eaf-97fc-6fd0f81d8aac,"size == ""0""","isEmpty == ""True""","peek_obj_type == ""EmptyObject""","push == ""class java.lang.String""","pop == ""none""","clear == ""none""","size_p == ""0""",Yes
7751,1607885829859:6b25f2c1-ef88-4b81-93d4-d9b47e4dd71f,1607885829859:969b484f-feb5-4eaf-97fc-6fd0f81d8aac,"size == ""0""","isEmpty == ""True""","peek_obj_type == ""EmptyObject""","push == ""none""","pop == ""EmptyObject""","clear == ""none""","size_p == ""0""",No
7753,1607885829859:6b25f2c1-ef88-4b81-93d4-d9b47e4dd71f,1607885829859:3305cf99-b3ee-4e9b-878c-5d042e34ebd8,"size == ""0""","isEmpty == ""True""","peek_obj_type == ""EmptyObject""","push == ""class java.lang.String""","pop == ""none""","clear == ""none""","size_p == ""0""",Yes
7754,1607885829859:6b25f2c1-ef88-4b81-93d4-d9b47e4dd71f,1607885829859:3305cf99-b3ee-4e9b-878c-5d042e34ebd8,"size == ""0""","isEmpty == ""True""","peek_obj_type == ""EmptyObject""","push == ""class java.lang.String""","pop == ""none""","clear == ""none""","size_p == ""0""",Yes
7756,1607885829858:8d30074d-b5be-4ab6-84e3-02eba486f414,1607885829858:8c8a5abb-9061-4d65-93f6-e553e4e7d935,"size == ""0""","isEmpty == ""True""","peek_obj_type == ""EmptyObject""","push == ""class java.lang.String""","pop == ""none""","clear == ""none""","size_p == ""0""",Yes
7758,1607885829858:8d30074d-b5be-4ab6-84e3-02eba486f414,1607885829858:2541b683-6365-405e-a858-7c0aa1fcd625,"size == ""0""","isEmpty == ""True""","peek_obj_type == ""EmptyObject""","push == ""class java.lang.String""","pop == ""none""","clear == ""none""","size_p == ""0""",Yes
7759,1607885829858:8d30074d-b5be-4ab6-84e3-02eba486f414,1607885829858:2541b683-6365-405e-a858-7c0aa1fcd625,"size == ""0""","isEmpty == ""True""","peek_obj_type == ""EmptyObject""","push == ""none""","pop == ""EmptyObject""","clear == ""none""","size_p == ""0""",No
7761,1607885829858:5b944330-06e5-4a5f-a71a-7133c0d6c611,1607885829858:c54af0c2-3413-4663-bed1-349293ca80b4,"size == ""0""","isEmpty == ""True""","peek_obj_type == ""EmptyObject""","push == ""class java.lang.String""","pop == ""none""","clear == ""none""","size_p == ""0""",Yes
7762,1607885829858:5b944330-06e5-4a5f-a71a-7133c0d6c611,1607885829858:c54af0c2-3413-4663-bed1-349293ca80b4,"size == ""0""","isEmpty == ""True""","peek_obj_type == ""EmptyObject""","push == ""none""","pop == ""EmptyObject""","clear == ""none""","size_p == ""0""",No
7764,1607885829858:5b944330-06e5-4a5f-a71a-7133c0d6c611,1607885829858:1dbbd311-bb76-4266-a46a-ab49e7192e9a,"size == ""1""","isEmpty == ""False""","peek_obj_type == ""class java.lang.String""","push == ""none""","pop == ""none""","clear == ""clear""","size_p == ""0""",Yes
7765,1607885829858:5b944330-06e5-4a5f-a71a-7133c0d6c611,1607885829858:1dbbd311-bb76-4266-a46a-ab49e7192e9a,"size == ""1""","isEmpty == ""False""","peek_obj_type == ""class java.lang.String""","push == ""class java.lang.String""","pop == ""none""","clear == ""none""","size_p == ""1""",Yes
7766,1607885829858:5b944330-06e5-4a5f-a71a-7133c0d6c611,1607885829858:1dbbd311-bb76-4266-a46a-ab49e7192e9a,"size == ""2""","isEmpty == ""False""","peek_obj_type == ""class java.lang.String""","push == ""none""","pop == ""none""","clear == ""clear""","size_p == ""1""",Yes
7767,1607885829858:5b944330-06e5-4a5f-a71a-7133c0d6c611,1607885829858:1dbbd311-bb76-4266-a46a-ab49e7192e9a,"size == ""3""","isEmpty == ""False""","peek_obj_type == ""class java.lang.String""","push == ""none""","pop == ""none""","clear == ""clear""","size_p == ""2""",Yes
7768,1607885829858:5b944330-06e5-4a5f-a71a-7133c0d6c611,1607885829858:1dbbd311-bb76-4266-a46a-ab49e7192e9a,"size == ""4""","isEmpty == ""False""","peek_obj_type == ""class java.lang.String""","push == ""none""","pop == ""none""","clear == ""clear""","size_p == ""3""",Yes
7770,1607885829858:50ec8967-8895-4d96-a877-48b4272bc0b0,1607885829858:fcdf728b-281b-47da-a094-253cc1ca405a,"size == ""0""","isEmpty == ""True""","peek_obj_type == ""EmptyObject""","push == ""class java.lang.String""","pop == ""none""","clear == ""none""","size_p == ""0""",Yes
7771,1607885829858:50ec8967-8895-4d96-a877-48b4272bc0b0,1607885829858:fcdf728b-281b-47da-a094-253cc1ca405a,"size == ""0""","isEmpty == ""True""","peek_obj_type == ""EmptyObject""","push == ""none""","pop == ""EmptyObject""","clear == ""none""","size_p == ""0""",No
7773,1607885829858:0126b5ae-28e5-4c56-a860-7ec5b04edf12,1607885829858:2b627c0f-aafb-47f4-9b27-d7359ae3de0b,"size == ""0""","isEmpty == ""True""","peek_obj_type == ""EmptyObject""","push == ""class java.lang.String""","pop == ""none""","clear == ""none""","size_p == ""0""",Yes
7774,1607885829858:0126b5ae-28e5-4c56-a860-7ec5b04edf12,1607885829858:2b627c0f-aafb-47f4-9b27-d7359ae3de0b,"size == ""0""","isEmpty == ""True""","peek_obj_type == ""EmptyObject""","push == ""none""","pop == ""EmptyObject""","clear == ""none""","size_p == ""0""",No
7776,1607885829858:0126b5ae-28e5-4c56-a860-7ec5b04edf12,1607885829858:00f298d4-7a40-405b-a092-a8e57d916f00,"size == ""0""","isEmpty == ""True""","peek_obj_type == ""EmptyObject""","push == ""class java.lang.String""","pop == ""none""","clear == ""none""","size_p == ""0""",Yes
7777,1607885829858:0126b5ae-28e5-4c56-a860-7ec5b04edf12,1607885829858:00f298d4-7a40-405b-a092-a8e57d916f00,"size == ""0""","isEmpty == ""True""","peek_obj_type == ""EmptyObject""","push == ""class java.lang.String""","pop == ""none""","clear == ""none""","size_p == ""0""",Yes
7779,1607885829857:96b491bf-c7fd-4039-ba66-d113894208ba,1607885829857:5695fa13-8f28-4316-8250-f92a0a24b2f1,"size == ""0""","isEmpty == ""True""","peek_obj_type == ""EmptyObject""","push == ""class java.lang.String""","pop == ""none""","clear == ""none""","size_p == ""0""",Yes
7780,1607885829857:96b491bf-c7fd-4039-ba66-d113894208ba,1607885829857:5695fa13-8f28-4316-8250-f92a0a24b2f1,"size == ""0""","isEmpty == ""True""","peek_obj_type == ""EmptyObject""","push == ""none""","pop == ""EmptyObject""","clear == ""none""","size_p == ""0""",No
7782,1607885829857:8baaf922-b4c2-4cb3-91bc-9baf294271a0,1607885829857:23aadc2e-0d84-4728-9520-33f1167d6337,"size == ""0""","isEmpty == ""True""","peek_obj_type == ""EmptyObject""","push == ""class java.lang.String""","pop == ""none""","clear == ""none""","size_p == ""0""",Yes
7783,1607885829857:8baaf922-b4c2-4cb3-91bc-9baf294271a0,1607885829857:23aadc2e-0d84-4728-9520-33f1167d6337,"size == ""0""","isEmpty == ""True""","peek_obj_type == ""EmptyObject""","push == ""none""","pop == ""EmptyObject""","clear == ""none""","size_p == ""0""",No
7785,1607885829857:6dc2292a-764c-4300-aa42-767acacac47e,1607885829857:f1922253-814f-46ec-8ac1-d81ab7244219,"size == ""0""","isEmpty == ""True""","peek_obj_type == ""EmptyObject""","push == ""class java.lang.String""","pop == ""none""","clear == ""none""","size_p == ""0""",Yes
7786,1607885829857:6dc2292a-764c-4300-aa42-767acacac47e,1607885829857:f1922253-814f-46ec-8ac1-d81ab7244219,"size == ""0""","isEmpty == ""True""","peek_obj_type == ""EmptyObject""","push == ""none""","pop == ""EmptyObject""","clear == ""none""","size_p == ""0""",No
7788,1607885829857:5b50edfe-d013-4c30-b3bd-3063919f568c,1607885829857:f3a41d75-3ad8-4ca8-8e51-027a41c05f43,"size == ""0""","isEmpty == ""True""","peek_obj_type == ""EmptyObject""","push == ""class java.lang.String""","pop == ""none""","clear == ""none""","size_p == ""0""",Yes
7789,1607885829857:5b50edfe-d013-4c30-b3bd-3063919f568c,1607885829857:f3a41d75-3ad8-4ca8-8e51-027a41c05f43,"size == ""0""","isEmpty == ""True""","peek_obj_type == ""EmptyObject""","push == ""class java.lang.String""","pop == ""none""","clear == ""none""","size_p == ""0""",Yes
7790,1607885829857:5b50edfe-d013-4c30-b3bd-3063919f568c,1607885829857:f3a41d75-3ad8-4ca8-8e51-027a41c05f43,"size == ""1""","isEmpty == ""False""","peek_obj_type == ""class java.lang.String""","push == ""none""","pop == ""none""","clear == ""clear""","size_p == ""0""",Yes
7792,1607885829857:5b50edfe-d013-4c30-b3bd-3063919f568c,1607885829857:1dded7b1-b4f2-4f62-ad2a-d5bd24dd1f80,"size == ""0""","isEmpty == ""True""","peek_obj_type == ""EmptyObject""","push == ""class java.lang.String""","pop == ""none""","clear == ""none""","size_p == ""0""",Yes
7793,1607885829857:5b50edfe-d013-4c30-b3bd-3063919f568c,1607885829857:1dded7b1-b4f2-4f62-ad2a-d5bd24dd1f80,"size == ""0""","isEmpty == ""True""","peek_obj_type == ""EmptyObject""","push == ""none""","pop == ""EmptyObject""","clear == ""none""","size_p == ""0""",No
7795,1607885829856:e7aa4991-22cd-46a6-8816-d76038fc05f4,1607885829856:34d12641-17b1-4e4b-b98b-fce31f1f4914,"size == ""1""","isEmpty == ""False""","peek_obj_type == ""class java.lang.String""","push == ""none""","pop == ""none""","clear == ""clear""","size_p == ""0""",Yes
7796,1607885829856:e7aa4991-22cd-46a6-8816-d76038fc05f4,1607885829856:34d12641-17b1-4e4b-b98b-fce31f1f4914,"size == ""1""","isEmpty == ""False""","peek_obj_type == ""class java.lang.String""","push == ""class java.lang.String""","pop == ""none""","clear == ""none""","size_p == ""1""",Yes
7797,1607885829856:e7aa4991-22cd-46a6-8816-d76038fc05f4,1607885829856:34d12641-17b1-4e4b-b98b-fce31f1f4914,"size == ""2""","isEmpty == ""False""","peek_obj_type == ""class java.lang.String""","push == ""none""","pop == ""none""","clear == ""clear""","size_p == ""1""",Yes
7798,1607885829856:e7aa4991-22cd-46a6-8816-d76038fc05f4,1607885829856:34d12641-17b1-4e4b-b98b-fce31f1f4914,"size == ""3""","isEmpty == ""False""","peek_obj_type == ""class java.lang.String""","push == ""none""","pop == ""none""","clear == ""clear""","size_p == ""2""",Yes
7799,1607885829856:e7aa4991-22cd-46a6-8816-d76038fc05f4,1607885829856:34d12641-17b1-4e4b-b98b-fce31f1f4914,"size == ""4""","isEmpty == ""False""","peek_obj_type == ""class java.lang.String""","push == ""none""","pop == ""none""","clear == ""clear""","size_p == ""3""",Yes
7801,1607885829856:e7aa4991-22cd-46a6-8816-d76038fc05f4,1607885829856:1b3fcebf-edcc-4525-82a1-5d524f5ad146,"size == ""0""","isEmpty == ""True""","peek_obj_type == ""EmptyObject""","push == ""class java.lang.String""","pop == ""none""","clear == ""none""","size_p == ""0""",Yes
7802,1607885829856:e7aa4991-22cd-46a6-8816-d76038fc05f4,1607885829856:1b3fcebf-edcc-4525-82a1-5d524f5ad146,"size == ""0""","isEmpty == ""True""","peek_obj_type == ""EmptyObject""","push == ""none""","pop == ""EmptyObject""","clear == ""none""","size_p == ""0""",No
7804,1607885829856:cafda30c-bed3-4e0c-b257-e0cf3e69738c,1607885829856:de6a4f93-3f02-4c6b-a0f3-aa466c4ca41e,"size == ""0""","isEmpty == ""True""","peek_obj_type == ""EmptyObject""","push == ""class java.lang.String""","pop == ""none""","clear == ""none""","size_p == ""0""",Yes
7805,1607885829856:cafda30c-bed3-4e0c-b257-e0cf3e69738c,1607885829856:de6a4f93-3f02-4c6b-a0f3-aa466c4ca41e,"size == ""0""","isEmpty == ""True""","peek_obj_type == ""EmptyObject""","push == ""none""","pop == ""EmptyObject""","clear == ""none""","size_p == ""0""",No
7807,1607885829856:648d0cc6-78fc-4ac7-9046-4c1de7d5ecf2,1607885829856:bf27896f-36e3-4662-899d-7070cecc370d,"size == ""0""","isEmpty == ""True""","peek_obj_type == ""EmptyObject""","push == ""class java.lang.String""","pop == ""none""","clear == ""none""","size_p == ""0""",Yes
7808,1607885829856:648d0cc6-78fc-4ac7-9046-4c1de7d5ecf2,1607885829856:bf27896f-36e3-4662-899d-7070cecc370d,"size == ""0""","isEmpty == ""True""","peek_obj_type == ""EmptyObject""","push == ""none""","pop == ""EmptyObject""","clear == ""none""","size_p == ""0""",No
7810,1607885829856:35d8296e-3867-49de-98d8-861fcb2454c8,1607885829856:f07ab590-15c3-4567-bab0-d1656f1ee75f,"size == ""0""","isEmpty == ""True""","peek_obj_type == ""EmptyObject""","push == ""class java.lang.String""","pop == ""none""","clear == ""none""","size_p == ""0""",Yes
7812,1607885829856:35d8296e-3867-49de-98d8-861fcb2454c8,1607885829856:e25686dd-6c05-4a08-9df1-a221717e4612,"size == ""0""","isEmpty == ""True""","peek_obj_type == ""EmptyObject""","push == ""class java.lang.String""","pop == ""none""","clear == ""none""","size_p == ""0""",Yes
7813,1607885829856:35d8296e-3867-49de-98d8-861fcb2454c8,1607885829856:e25686dd-6c05-4a08-9df1-a221717e4612,"size == ""0""","isEmpty == ""True""","peek_obj_type == ""EmptyObject""","push == ""none""","pop == ""EmptyObject""","clear == ""none""","size_p == ""0""",No
7815,1607885829855:d6d2cf75-ac3c-4cd8-b578-4bf21987b83c,1607885829855:25132c80-d738-4cce-a1e6-a921a898b67a,"size == ""0""","isEmpty == ""True""","peek_obj_type == ""EmptyObject""","push == ""class java.lang.String""","pop == ""none""","clear == ""none""","size_p == ""0""",Yes
7816,1607885829855:d6d2cf75-ac3c-4cd8-b578-4bf21987b83c,1607885829855:25132c80-d738-4cce-a1e6-a921a898b67a,"size == ""0""","isEmpty == ""True""","peek_obj_type == ""EmptyObject""","push == ""none""","pop == ""EmptyObject""","clear == ""none""","size_p == ""0""",No
7818,1607885829855:884ff90b-485d-4264-b882-0d5f23ddb819,1607885829855:d6d836da-c359-4e3b-acf9-a834d9e701b3,"size == ""0""","isEmpty == ""True""","peek_obj_type == ""EmptyObject""","push == ""class java.lang.String""","pop == ""none""","clear == ""none""","size_p == ""0""",Yes
7819,1607885829855:884ff90b-485d-4264-b882-0d5f23ddb819,1607885829855:d6d836da-c359-4e3b-acf9-a834d9e701b3,"size == ""0""","isEmpty == ""True""","peek_obj_type == ""EmptyObject""","push == ""none""","pop == ""EmptyObject""","clear == ""none""","size_p == ""0""",No
7821,1607885829855:6b7d3656-a341-4d77-be50-0c5a592c5972,1607885829855:b654d5a9-e7cf-490e-bb08-36dfaa67d6cb,"size == ""0""","isEmpty == ""True""","peek_obj_type == ""EmptyObject""","push == ""class java.lang.String""","pop == ""none""","clear == ""none""","size_p == ""0""",Yes
7822,1607885829855:6b7d3656-a341-4d77-be50-0c5a592c5972,1607885829855:b654d5a9-e7cf-490e-bb08-36dfaa67d6cb,"size == ""0""","isEmpty == ""True""","peek_obj_type == ""EmptyObject""","push == ""none""","pop == ""EmptyObject""","clear == ""none""","size_p == ""0""",No
7824,1607885829855:0f8a0280-87d3-4843-9c91-7638ac5b6fab,1607885829855:ec8a5135-234e-43cb-9b9a-0c37cd7530b4,"size == ""0""","isEmpty == ""True""","peek_obj_type == ""EmptyObject""","push == ""class java.lang.String""","pop == ""none""","clear == ""none""","size_p == ""0""",Yes
7826,1607885829855:0f8a0280-87d3-4843-9c91-7638ac5b6fab,1607885829855:865ec99e-7d0b-4d1d-a559-5ba5dd7a4df0,"size == ""0""","isEmpty == ""True""","peek_obj_type == ""EmptyObject""","push == ""class java.lang.String""","pop == ""none""","clear == ""none""","size_p == ""0""",Yes
7827,1607885829855:0f8a0280-87d3-4843-9c91-7638ac5b6fab,1607885829855:865ec99e-7d0b-4d1d-a559-5ba5dd7a4df0,"size == ""0""","isEmpty == ""True""","peek_obj_type == ""EmptyObject""","push == ""none""","pop == ""EmptyObject""","clear == ""none""","size_p == ""0""",No
7829,1607885829855:0f8a0280-87d3-4843-9c91-7638ac5b6fab,1607885829855:33667d14-7065-4a09-883b-b139b7af86e7,"size == ""0""","isEmpty == ""True""","peek_obj_type == ""EmptyObject""","push == ""class java.lang.String""","pop == ""none""","clear == ""none""","size_p == ""0""",Yes
7830,1607885829855:0f8a0280-87d3-4843-9c91-7638ac5b6fab,1607885829855:33667d14-7065-4a09-883b-b139b7af86e7,"size == ""0""","isEmpty == ""True""","peek_obj_type == ""EmptyObject""","push == ""class java.lang.String""","pop == ""none""","clear == ""none""","size_p == ""0""",Yes
7832,1607885829854:e2d50e81-22c9-4b8e-ad31-8072ff05bdc1,1607885829854:920869a0-1c14-4018-a730-1e3d1b7baabe,"size == ""0""","isEmpty == ""True""","peek_obj_type == ""EmptyObject""","push == ""class java.lang.String""","pop == ""none""","clear == ""none""","size_p == ""0""",Yes
7834,1607885829854:e2d50e81-22c9-4b8e-ad31-8072ff05bdc1,1607885829854:7aca6048-9497-4184-b8af-1ff520ffc95a,"size == ""0""","isEmpty == ""True""","peek_obj_type == ""EmptyObject""","push == ""class java.lang.String""","pop == ""none""","clear == ""none""","size_p == ""0""",Yes
7835,1607885829854:e2d50e81-22c9-4b8e-ad31-8072ff05bdc1,1607885829854:7aca6048-9497-4184-b8af-1ff520ffc95a,"size == ""0""","isEmpty == ""True""","peek_obj_type == ""EmptyObject""","push == ""none""","pop == ""EmptyObject""","clear == ""none""","size_p == ""0""",No
7838,1607885829854:debf1ca2-1ebf-4878-b046-134b200b1718,1607885829854:bbb9436f-3cc9-4266-9e59-37c6e98b8bda,"size == ""0""","isEmpty == ""True""","peek_obj_type == ""EmptyObject""","push == ""class java.lang.String""","pop == ""none""","clear == ""none""","size_p == ""0""",Yes
7839,1607885829854:debf1ca2-1ebf-4878-b046-134b200b1718,1607885829854:bbb9436f-3cc9-4266-9e59-37c6e98b8bda,"size == ""0""","isEmpty == ""True""","peek_obj_type == ""EmptyObject""","push == ""none""","pop == ""EmptyObject""","clear == ""none""","size_p == ""0""",No
7841,1607885829854:af041576-1d09-483a-8a88-f545c9be2d7f,1607885829854:27bf1faa-03ef-4c17-9da6-93365b05eacf,"size == ""0""","isEmpty == ""True""","peek_obj_type == ""EmptyObject""","push == ""class java.lang.String""","pop == ""none""","clear == ""none""","size_p == ""0""",Yes
7842,1607885829854:af041576-1d09-483a-8a88-f545c9be2d7f,1607885829854:27bf1faa-03ef-4c17-9da6-93365b05eacf,"size == ""0""","isEmpty == ""True""","peek_obj_type == ""EmptyObject""","push == ""none""","pop == ""EmptyObject""","clear == ""none""","size_p == ""0""",No
7844,1607885829854:af041576-1d09-483a-8a88-f545c9be2d7f,1607885829854:089cf588-39ad-4d78-8b87-e509f2e394bb,"size == ""1""","isEmpty == ""False""","peek_obj_type == ""class java.lang.String""","push == ""none""","pop == ""none""","clear == ""clear""","size_p == ""0""",Yes
7845,1607885829854:af041576-1d09-483a-8a88-f545c9be2d7f,1607885829854:089cf588-39ad-4d78-8b87-e509f2e394bb,"size == ""1""","isEmpty == ""False""","peek_obj_type == ""class java.lang.String""","push == ""class java.lang.String""","pop == ""none""","clear == ""none""","size_p == ""1""",Yes
7846,1607885829854:af041576-1d09-483a-8a88-f545c9be2d7f,1607885829854:089cf588-39ad-4d78-8b87-e509f2e394bb,"size == ""2""","isEmpty == ""False""","peek_obj_type == ""class java.lang.String""","push == ""none""","pop == ""none""","clear == ""clear""","size_p == ""1""",Yes
7847,1607885829854:af041576-1d09-483a-8a88-f545c9be2d7f,1607885829854:089cf588-39ad-4d78-8b87-e509f2e394bb,"size == ""3""","isEmpty == ""False""","peek_obj_type == ""class java.lang.String""","push == ""none""","pop == ""none""","clear == ""clear""","size_p == ""2""",Yes
7848,1607885829854:af041576-1d09-483a-8a88-f545c9be2d7f,1607885829854:089cf588-39ad-4d78-8b87-e509f2e394bb,"size == ""4""","isEmpty == ""False""","peek_obj_type == ""class java.lang.String""","push == ""none""","pop == ""none""","clear == ""clear""","size_p == ""3""",Yes
7850,1607885829853:f3d7ba2a-3633-449b-8edb-6ba951800a12,1607885829853:db3a0576-d103-45ab-9fa2-ee089c5abb59,"size == ""0""","isEmpty == ""True""","peek_obj_type == ""EmptyObject""","push == ""class java.lang.String""","pop == ""none""","clear == ""none""","size_p == ""0""",Yes
7851,1607885829853:f3d7ba2a-3633-449b-8edb-6ba951800a12,1607885829853:db3a0576-d103-45ab-9fa2-ee089c5abb59,"size == ""0""","isEmpty == ""True""","peek_obj_type == ""EmptyObject""","push == ""class java.lang.String""","pop == ""none""","clear == ""none""","size_p == ""0""",Yes
7853,1607885829853:f3d7ba2a-3633-449b-8edb-6ba951800a12,1607885829853:90cd42a3-6d5c-4a63-ba04-faf66ff8bac1,"size == ""1""","isEmpty == ""False""","peek_obj_type == ""class java.lang.String""","push == ""none""","pop == ""none""","clear == ""clear""","size_p == ""0""",Yes
7854,1607885829853:f3d7ba2a-3633-449b-8edb-6ba951800a12,1607885829853:90cd42a3-6d5c-4a63-ba04-faf66ff8bac1,"size == ""1""","isEmpty == ""False""","peek_obj_type == ""class java.lang.String""","push == ""class java.lang.String""","pop == ""none""","clear == ""none""","size_p == ""1""",Yes
7855,1607885829853:f3d7ba2a-3633-449b-8edb-6ba951800a12,1607885829853:90cd42a3-6d5c-4a63-ba04-faf66ff8bac1,"size == ""0""","isEmpty == ""True""","peek_obj_type == ""EmptyObject""","push == ""none""","pop == ""EmptyObject""","clear == ""none""","size_p == ""1""",No
7857,1607885829853:f3d7ba2a-3633-449b-8edb-6ba951800a12,1607885829853:18a3aadc-df69-4ecc-863f-d8d66f79d245,"size == ""0""","isEmpty == ""True""","peek_obj_type == ""EmptyObject""","push == ""class java.lang.String""","pop == ""none""","clear == ""none""","size_p == ""0""",Yes
7858,1607885829853:f3d7ba2a-3633-449b-8edb-6ba951800a12,1607885829853:18a3aadc-df69-4ecc-863f-d8d66f79d245,"size == ""0""","isEmpty == ""True""","peek_obj_type == ""EmptyObject""","push == ""none""","pop == ""EmptyObject""","clear == ""none""","size_p == ""0""",No
7860,1607885829853:85e9eafe-54cb-45b2-a5cb-22d27405d1e7,1607885829854:459ddef1-c06e-490b-bd1f-8ec52c41ac4e,"size == ""0""","isEmpty == ""True""","peek_obj_type == ""EmptyObject""","push == ""class java.lang.String""","pop == ""none""","clear == ""none""","size_p == ""0""",Yes
7861,1607885829853:85e9eafe-54cb-45b2-a5cb-22d27405d1e7,1607885829854:459ddef1-c06e-490b-bd1f-8ec52c41ac4e,"size == ""0""","isEmpty == ""True""","peek_obj_type == ""EmptyObject""","push == ""none""","pop == ""EmptyObject""","clear == ""none""","size_p == ""0""",No
7863,1607885829853:85e9eafe-54cb-45b2-a5cb-22d27405d1e7,1607885829853:24026a0f-683a-45fa-b336-a70f488ab637,"size == ""0""","isEmpty == ""True""","peek_obj_type == ""EmptyObject""","push == ""class java.lang.String""","pop == ""none""","clear == ""none""","size_p == ""0""",Yes
7865,1607885829853:6e9f74de-3e5e-436d-b0c5-3affb96dad88,1607885829853:2c74a8ab-6815-41d7-ae97-e772051a8c38,"size == ""0""","isEmpty == ""True""","peek_obj_type == ""EmptyObject""","push == ""class java.lang.String""","pop == ""none""","clear == ""none""","size_p == ""0""",Yes
7866,1607885829853:6e9f74de-3e5e-436d-b0c5-3affb96dad88,1607885829853:2c74a8ab-6815-41d7-ae97-e772051a8c38,"size == ""0""","isEmpty == ""True""","peek_obj_type == ""EmptyObject""","push == ""none""","pop == ""EmptyObject""","clear == ""none""","size_p == ""0""",No
7868,1607885829853:6e9f74de-3e5e-436d-b0c5-3affb96dad88,1607885829853:15970c4c-64d8-42c2-ad30-8b9167c13cbb,"size == ""0""","isEmpty == ""True""","peek_obj_type == ""EmptyObject""","push == ""class java.lang.String""","pop == ""none""","clear == ""none""","size_p == ""0""",Yes
7870,1607885829852:eac41f98-0110-4adf-93fd-40de492df33d,1607885829852:e7155e8b-a490-4837-a43d-e6a8872c4ad3,"size == ""0""","isEmpty == ""True""","peek_obj_type == ""EmptyObject""","push == ""class java.lang.String""","pop == ""none""","clear == ""none""","size_p == ""0""",Yes
7871,1607885829852:eac41f98-0110-4adf-93fd-40de492df33d,1607885829852:e7155e8b-a490-4837-a43d-e6a8872c4ad3,"size == ""0""","isEmpty == ""True""","peek_obj_type == ""EmptyObject""","push == ""class java.lang.String""","pop == ""none""","clear == ""none""","size_p == ""0""",Yes
7873,1607885829852:eac41f98-0110-4adf-93fd-40de492df33d,1607885829852:b6e45647-01fd-40ed-bff3-73515ea21893,"size == ""0""","isEmpty == ""True""","peek_obj_type == ""EmptyObject""","push == ""class java.lang.String""","pop == ""none""","clear == ""none""","size_p == ""0""",Yes
7874,1607885829852:eac41f98-0110-4adf-93fd-40de492df33d,1607885829852:b6e45647-01fd-40ed-bff3-73515ea21893,"size == ""0""","isEmpty == ""True""","peek_obj_type == ""EmptyObject""","push == ""none""","pop == ""EmptyObject""","clear == ""none""","size_p == ""0""",No
7876,1607885829852:b34578e9-a75e-45b4-b1b6-585707630456,1607885829853:94c467cb-d4fe-40d1-af8b-fc8f249b2935,"size == ""0""","isEmpty == ""True""","peek_obj_type == ""EmptyObject""","push == ""class java.lang.String""","pop == ""none""","clear == ""none""","size_p == ""0""",Yes
7877,1607885829852:b34578e9-a75e-45b4-b1b6-585707630456,1607885829853:94c467cb-d4fe-40d1-af8b-fc8f249b2935,"size == ""0""","isEmpty == ""True""","peek_obj_type == ""EmptyObject""","push == ""class java.lang.String""","pop == ""none""","clear == ""none""","size_p == ""0""",Yes
7879,1607885829852:b34578e9-a75e-45b4-b1b6-585707630456,1607885829853:37dd5db7-adc0-4582-87da-7d27b7b187bf,"size == ""0""","isEmpty == ""True""","peek_obj_type == ""EmptyObject""","push == ""class java.lang.String""","pop == ""none""","clear == ""none""","size_p == ""0""",Yes
7880,1607885829852:b34578e9-a75e-45b4-b1b6-585707630456,1607885829853:37dd5db7-adc0-4582-87da-7d27b7b187bf,"size == ""0""","isEmpty == ""True""","peek_obj_type == ""EmptyObject""","push == ""none""","pop == ""EmptyObject""","clear == ""none""","size_p == ""0""",No
7882,1607885829852:3a3b2ded-01cb-4542-96d7-9c5eb12c8de9,1607885829852:e7f80e57-ff03-4f3b-8d0c-78be9987290b,"size == ""0""","isEmpty == ""True""","peek_obj_type == ""EmptyObject""","push == ""class java.lang.String""","pop == ""none""","clear == ""none""","size_p == ""0""",Yes
7883,1607885829852:3a3b2ded-01cb-4542-96d7-9c5eb12c8de9,1607885829852:e7f80e57-ff03-4f3b-8d0c-78be9987290b,"size == ""0""","isEmpty == ""True""","peek_obj_type == ""EmptyObject""","push == ""none""","pop == ""EmptyObject""","clear == ""none""","size_p == ""0""",No
7885,1607885829852:386d5b22-c2c9-4af9-b3af-ead25cd11955,1607885829852:859cd966-f8b3-4055-8abf-3220ffe8047e,"size == ""0""","isEmpty == ""True""","peek_obj_type == ""EmptyObject""","push == ""class java.lang.String""","pop == ""none""","clear == ""none""","size_p == ""0""",Yes
7886,1607885829852:386d5b22-c2c9-4af9-b3af-ead25cd11955,1607885829852:859cd966-f8b3-4055-8abf-3220ffe8047e,"size == ""0""","isEmpty == ""True""","peek_obj_type == ""EmptyObject""","push == ""none""","pop == ""EmptyObject""","clear == ""none""","size_p == ""0""",No
7888,1607885829852:386d5b22-c2c9-4af9-b3af-ead25cd11955,1607885829852:6ab58057-89cd-4a62-acf0-81b4c3215e14,"size == ""1""","isEmpty == ""False""","peek_obj_type == ""class java.lang.String""","push == ""none""","pop == ""none""","clear == ""clear""","size_p == ""0""",Yes
7889,1607885829852:386d5b22-c2c9-4af9-b3af-ead25cd11955,1607885829852:6ab58057-89cd-4a62-acf0-81b4c3215e14,"size == ""1""","isEmpty == ""False""","peek_obj_type == ""class java.lang.String""","push == ""class java.lang.String""","pop == ""none""","clear == ""none""","size_p == ""1""",Yes
7890,1607885829852:386d5b22-c2c9-4af9-b3af-ead25cd11955,1607885829852:6ab58057-89cd-4a62-acf0-81b4c3215e14,"size == ""2""","isEmpty == ""False""","peek_obj_type == ""class java.lang.String""","push == ""none""","pop == ""none""","clear == ""clear""","size_p == ""1""",Yes
7891,1607885829852:386d5b22-c2c9-4af9-b3af-ead25cd11955,1607885829852:6ab58057-89cd-4a62-acf0-81b4c3215e14,"size == ""3""","isEmpty == ""False""","peek_obj_type == ""class java.lang.String""","push == ""none""","pop == ""none""","clear == ""clear""","size_p == ""2""",Yes
7892,1607885829852:386d5b22-c2c9-4af9-b3af-ead25cd11955,1607885829852:6ab58057-89cd-4a62-acf0-81b4c3215e14,"size == ""4""","isEmpty == ""False""","peek_obj_type == ""class java.lang.String""","push == ""none""","pop == ""none""","clear == ""clear""","size_p == ""3""",Yes
7894,1607885829851:dded86b9-3b65-4a5d-a54d-5661fc021371,1607885829852:8244d6d4-8f78-435a-83b9-1e155605dc54,"size == ""0""","isEmpty == ""True""","peek_obj_type == ""EmptyObject""","push == ""class java.lang.String""","pop == ""none""","clear == ""none""","size_p == ""0""",Yes
7895,1607885829851:dded86b9-3b65-4a5d-a54d-5661fc021371,1607885829852:8244d6d4-8f78-435a-83b9-1e155605dc54,"size == ""0""","isEmpty == ""True""","peek_obj_type == ""EmptyObject""","push == ""none""","pop == ""EmptyObject""","clear == ""none""","size_p == ""0""",No
7897,1607885829851:ac3814bc-99da-4bfb-a61a-7b66720bedee,1607885829851:7d118cc9-1fe2-4a60-8bc3-01956852b4c0,"size == ""0""","isEmpty == ""True""","peek_obj_type == ""EmptyObject""","push == ""class java.lang.String""","pop == ""none""","clear == ""none""","size_p == ""0""",Yes
7899,1607885829851:ac3814bc-99da-4bfb-a61a-7b66720bedee,1607885829851:1bd99f68-f7e1-4c83-950b-172c7adf2012,"size == ""0""","isEmpty == ""True""","peek_obj_type == ""EmptyObject""","push == ""class java.lang.String""","pop == ""none""","clear == ""none""","size_p == ""0""",Yes
7900,1607885829851:ac3814bc-99da-4bfb-a61a-7b66720bedee,1607885829851:1bd99f68-f7e1-4c83-950b-172c7adf2012,"size == ""0""","isEmpty == ""True""","peek_obj_type == ""EmptyObject""","push == ""none""","pop == ""EmptyObject""","clear == ""none""","size_p == ""0""",No
7902,1607885829851:45f25515-3e85-445e-8139-041c0297abcf,1607885829851:6331c7d3-3f0e-4124-9c3e-1c0e4ef63fa7,"size == ""0""","isEmpty == ""True""","peek_obj_type == ""EmptyObject""","push == ""class java.lang.String""","pop == ""none""","clear == ""none""","size_p == ""0""",Yes
7903,1607885829851:45f25515-3e85-445e-8139-041c0297abcf,1607885829851:6331c7d3-3f0e-4124-9c3e-1c0e4ef63fa7,"size == ""0""","isEmpty == ""True""","peek_obj_type == ""EmptyObject""","push == ""class java.lang.String""","pop == ""none""","clear == ""none""","size_p == ""0""",Yes
7905,1607885829851:45f25515-3e85-445e-8139-041c0297abcf,1607885829851:58ab474c-29ec-4447-b3ff-99c895858731,"size == ""0""","isEmpty == ""True""","peek_obj_type == ""EmptyObject""","push == ""class java.lang.String""","pop == ""none""","clear == ""none""","size_p == ""0""",Yes
7906,1607885829851:45f25515-3e85-445e-8139-041c0297abcf,1607885829851:58ab474c-29ec-4447-b3ff-99c895858731,"size == ""0""","isEmpty == ""True""","peek_obj_type == ""EmptyObject""","push == ""none""","pop == ""EmptyObject""","clear == ""none""","size_p == ""0""",No
7908,1607885829851:16521171-be09-4f98-8e4f-9c599a758cb6,1607885829851:67736311-bd8c-41cc-874e-59fbc999fd78,"size == ""0""","isEmpty == ""True""","peek_obj_type == ""EmptyObject""","push == ""class java.lang.String""","pop == ""none""","clear == ""none""","size_p == ""0""",Yes
7909,1607885829851:16521171-be09-4f98-8e4f-9c599a758cb6,1607885829851:67736311-bd8c-41cc-874e-59fbc999fd78,"size == ""0""","isEmpty == ""True""","peek_obj_type == ""EmptyObject""","push == ""none""","pop == ""EmptyObject""","clear == ""none""","size_p == ""0""",No
7911,1607885829851:16521171-be09-4f98-8e4f-9c599a758cb6,1607885829851:348d9148-1e26-48f7-9331-f34fba4b2255,"size == ""1""","isEmpty == ""False""","peek_obj_type == ""class java.lang.String""","push == ""none""","pop == ""none""","clear == ""clear""","size_p == ""0""",Yes
7912,1607885829851:16521171-be09-4f98-8e4f-9c599a758cb6,1607885829851:348d9148-1e26-48f7-9331-f34fba4b2255,"size == ""1""","isEmpty == ""False""","peek_obj_type == ""class java.lang.String""","push == ""class java.lang.String""","pop == ""none""","clear == ""none""","size_p == ""1""",Yes
7913,1607885829851:16521171-be09-4f98-8e4f-9c599a758cb6,1607885829851:348d9148-1e26-48f7-9331-f34fba4b2255,"size == ""0""","isEmpty == ""True""","peek_obj_type == ""EmptyObject""","push == ""none""","pop == ""EmptyObject""","clear == ""none""","size_p == ""1""",No
7914,1607885829851:16521171-be09-4f98-8e4f-9c599a758cb6,1607885829851:348d9148-1e26-48f7-9331-f34fba4b2255,"size == ""1""","isEmpty == ""False""","peek_obj_type == ""class java.lang.String""","push == ""none""","pop == ""none""","clear == ""clear""","size_p == ""0""",Yes
7916,1607885829850:eecc145d-69d3-411a-bafa-e5ea872c4f8d,1607885829850:df8bf331-1e7c-44ef-8c0d-019a74a5a2a8,"size == ""0""","isEmpty == ""True""","peek_obj_type == ""EmptyObject""","push == ""class java.lang.String""","pop == ""none""","clear == ""none""","size_p == ""0""",Yes
7917,1607885829850:eecc145d-69d3-411a-bafa-e5ea872c4f8d,1607885829850:df8bf331-1e7c-44ef-8c0d-019a74a5a2a8,"size == ""0""","isEmpty == ""True""","peek_obj_type == ""EmptyObject""","push == ""none""","pop == ""EmptyObject""","clear == ""none""","size_p == ""0""",No
7919,1607885829850:8d68776e-724e-458e-bf9d-d5013de22ffa,1607885829850:5d866033-7b44-4cad-a42d-1356cbaa5cde,"size == ""0""","isEmpty == ""True""","peek_obj_type == ""EmptyObject""","push == ""class java.lang.String""","pop == ""none""","clear == ""none""","size_p == ""0""",Yes
7920,1607885829850:8d68776e-724e-458e-bf9d-d5013de22ffa,1607885829850:5d866033-7b44-4cad-a42d-1356cbaa5cde,"size == ""0""","isEmpty == ""True""","peek_obj_type == ""EmptyObject""","push == ""none""","pop == ""EmptyObject""","clear == ""none""","size_p == ""0""",No
7922,1607885829850:3b8d793e-f9c0-4872-9c0d-5d2e4b134784,1607885829850:bf33444b-6b73-4c1c-8178-5d0c77dcd2ac,"size == ""0""","isEmpty == ""True""","peek_obj_type == ""EmptyObject""","push == ""class java.lang.String""","pop == ""none""","clear == ""none""","size_p == ""0""",Yes
7923,1607885829850:3b8d793e-f9c0-4872-9c0d-5d2e4b134784,1607885829850:bf33444b-6b73-4c1c-8178-5d0c77dcd2ac,"size == ""0""","isEmpty == ""True""","peek_obj_type == ""EmptyObject""","push == ""class java.lang.String""","pop == ""none""","clear == ""none""","size_p == ""0""",Yes
7924,1607885829850:3b8d793e-f9c0-4872-9c0d-5d2e4b134784,1607885829850:bf33444b-6b73-4c1c-8178-5d0c77dcd2ac,"size == ""0""","isEmpty == ""True""","peek_obj_type == ""EmptyObject""","push == ""class java.lang.String""","pop == ""none""","clear == ""none""","size_p == ""0""",Yes
7926,1607885829850:3b8d793e-f9c0-4872-9c0d-5d2e4b134784,1607885829850:37635d50-82d7-4ae6-a27a-b0e697a8eb89,"size == ""0""","isEmpty == ""True""","peek_obj_type == ""EmptyObject""","push == ""class java.lang.String""","pop == ""none""","clear == ""none""","size_p == ""0""",Yes
7927,1607885829850:3b8d793e-f9c0-4872-9c0d-5d2e4b134784,1607885829850:37635d50-82d7-4ae6-a27a-b0e697a8eb89,"size == ""0""","isEmpty == ""True""","peek_obj_type == ""EmptyObject""","push == ""none""","pop == ""EmptyObject""","clear == ""none""","size_p == ""0""",No
7929,1607885829850:24b58753-1514-4bd8-a84c-32453135e3db,1607885829850:632bc02b-4bb1-4d49-bf89-37572661f0ad,"size == ""0""","isEmpty == ""True""","peek_obj_type == ""EmptyObject""","push == ""class java.lang.String""","pop == ""none""","clear == ""none""","size_p == ""0""",Yes
7930,1607885829850:24b58753-1514-4bd8-a84c-32453135e3db,1607885829850:632bc02b-4bb1-4d49-bf89-37572661f0ad,"size == ""0""","isEmpty == ""True""","peek_obj_type == ""EmptyObject""","push == ""none""","pop == ""EmptyObject""","clear == ""none""","size_p == ""0""",No
7932,1607885829849:e7ebed71-d1a1-4e64-9ce4-8b56c2b6cde3,1607885829849:43c1f137-08c1-412f-9cd0-407bae8c218f,"size == ""0""","isEmpty == ""True""","peek_obj_type == ""EmptyObject""","push == ""class java.lang.String""","pop == ""none""","clear == ""none""","size_p == ""0""",Yes
7933,1607885829849:e7ebed71-d1a1-4e64-9ce4-8b56c2b6cde3,1607885829849:43c1f137-08c1-412f-9cd0-407bae8c218f,"size == ""0""","isEmpty == ""True""","peek_obj_type == ""EmptyObject""","push == ""none""","pop == ""EmptyObject""","clear == ""none""","size_p == ""0""",No
7935,1607885829849:d23d224e-33fb-4eb8-ad2f-69b1ff804a2c,1607885829849:bf0ce1ff-808f-428f-b765-43053df0ea9a,"size == ""0""","isEmpty == ""True""","peek_obj_type == ""EmptyObject""","push == ""class java.lang.String""","pop == ""none""","clear == ""none""","size_p == ""0""",Yes
7936,1607885829849:d23d224e-33fb-4eb8-ad2f-69b1ff804a2c,1607885829849:bf0ce1ff-808f-428f-b765-43053df0ea9a,"size == ""0""","isEmpty == ""True""","peek_obj_type == ""EmptyObject""","push == ""none""","pop == ""EmptyObject""","clear == ""none""","size_p == ""0""",No
7938,1607885829849:71b7068f-4fc8-4a14-95b3-6aa117744478,1607885829849:988c5073-05b0-4bae-9223-a063259fbf9c,"size == ""0""","isEmpty == ""True""","peek_obj_type == ""EmptyObject""","push == ""class java.lang.String""","pop == ""none""","clear == ""none""","size_p == ""0""",Yes
7939,1607885829849:71b7068f-4fc8-4a14-95b3-6aa117744478,1607885829849:988c5073-05b0-4bae-9223-a063259fbf9c,"size == ""0""","isEmpty == ""True""","peek_obj_type == ""EmptyObject""","push == ""none""","pop == ""EmptyObject""","clear == ""none""","size_p == ""0""",No
7941,1607885829849:3fbeefb4-2802-4ef2-a83d-4bc55ad43e26,1607885829849:da63d50c-1831-4ed3-ae45-8bbef4fc9baf,"size == ""0""","isEmpty == ""True""","peek_obj_type == ""EmptyObject""","push == ""class java.lang.String""","pop == ""none""","clear == ""none""","size_p == ""0""",Yes
7942,1607885829849:3fbeefb4-2802-4ef2-a83d-4bc55ad43e26,1607885829849:da63d50c-1831-4ed3-ae45-8bbef4fc9baf,"size == ""0""","isEmpty == ""True""","peek_obj_type == ""EmptyObject""","push == ""none""","pop == ""EmptyObject""","clear == ""none""","size_p == ""0""",No
7944,1607885829848:fde46110-e89d-4cef-9fa5-656d725759dd,1607885829848:f69ad657-243b-4388-8bab-5292186abd0a,"size == ""0""","isEmpty == ""True""","peek_obj_type == ""EmptyObject""","push == ""class java.lang.String""","pop == ""none""","clear == ""none""","size_p == ""0""",Yes
7946,1607885829848:fde46110-e89d-4cef-9fa5-656d725759dd,1607885829848:df347f56-518d-43ea-8f69-b2129fd38578,"size == ""0""","isEmpty == ""True""","peek_obj_type == ""EmptyObject""","push == ""class java.lang.String""","pop == ""none""","clear == ""none""","size_p == ""0""",Yes
7947,1607885829848:fde46110-e89d-4cef-9fa5-656d725759dd,1607885829848:df347f56-518d-43ea-8f69-b2129fd38578,"size == ""0""","isEmpty == ""True""","peek_obj_type == ""EmptyObject""","push == ""none""","pop == ""EmptyObject""","clear == ""none""","size_p == ""0""",No
7949,1607885829848:fde46110-e89d-4cef-9fa5-656d725759dd,1607885829848:1a2d95db-5c11-4760-9554-6885cd017db6,"size == ""0""","isEmpty == ""True""","peek_obj_type == ""EmptyObject""","push == ""class java.lang.String""","pop == ""none""","clear == ""none""","size_p == ""0""",Yes
7950,1607885829848:fde46110-e89d-4cef-9fa5-656d725759dd,1607885829848:1a2d95db-5c11-4760-9554-6885cd017db6,"size == ""0""","isEmpty == ""True""","peek_obj_type == ""EmptyObject""","push == ""class java.lang.String""","pop == ""none""","clear == ""none""","size_p == ""0""",Yes
7951,1607885829848:fde46110-e89d-4cef-9fa5-656d725759dd,1607885829848:1a2d95db-5c11-4760-9554-6885cd017db6,"size == ""0""","isEmpty == ""True""","peek_obj_type == ""EmptyObject""","push == ""class java.lang.String""","pop == ""none""","clear == ""none""","size_p == ""0""",Yes
7952,1607885829848:fde46110-e89d-4cef-9fa5-656d725759dd,1607885829848:1a2d95db-5c11-4760-9554-6885cd017db6,"size == ""1""","isEmpty == ""False""","peek_obj_type == ""class java.lang.String""","push == ""none""","pop == ""none""","clear == ""clear""","size_p == ""0""",Yes
7954,1607885829848:ad8942ce-3d25-4628-b825-809e8c9fd30c,1607885829848:3056997b-259e-4c05-a0c2-a9cc6856eb79,"size == ""0""","isEmpty == ""True""","peek_obj_type == ""EmptyObject""","push == ""class java.lang.String""","pop == ""none""","clear == ""none""","size_p == ""0""",Yes
7955,1607885829848:ad8942ce-3d25-4628-b825-809e8c9fd30c,1607885829848:3056997b-259e-4c05-a0c2-a9cc6856eb79,"size == ""0""","isEmpty == ""True""","peek_obj_type == ""EmptyObject""","push == ""none""","pop == ""EmptyObject""","clear == ""none""","size_p == ""0""",No
7957,1607885829848:a850fe40-e3b2-4e70-a40b-cf27265042ef,1607885829848:d7b56675-5cc8-434f-8894-a6f10eef9f8e,"size == ""0""","isEmpty == ""True""","peek_obj_type == ""EmptyObject""","push == ""class java.lang.String""","pop == ""none""","clear == ""none""","size_p == ""0""",Yes
7958,1607885829848:a850fe40-e3b2-4e70-a40b-cf27265042ef,1607885829848:d7b56675-5cc8-434f-8894-a6f10eef9f8e,"size == ""0""","isEmpty == ""True""","peek_obj_type == ""EmptyObject""","push == ""none""","pop == ""EmptyObject""","clear == ""none""","size_p == ""0""",No
7960,1607885829847:8bea1ccc-4f4f-4906-a864-bd8a865c7fee,1607885829847:e878c6e6-f2c4-4df1-8b48-2880c9904521,"size == ""0""","isEmpty == ""True""","peek_obj_type == ""EmptyObject""","push == ""class java.lang.String""","pop == ""none""","clear == ""none""","size_p == ""0""",Yes
7961,1607885829847:8bea1ccc-4f4f-4906-a864-bd8a865c7fee,1607885829847:e878c6e6-f2c4-4df1-8b48-2880c9904521,"size == ""0""","isEmpty == ""True""","peek_obj_type == ""EmptyObject""","push == ""none""","pop == ""EmptyObject""","clear == ""none""","size_p == ""0""",No
7963,1607885829847:8bea1ccc-4f4f-4906-a864-bd8a865c7fee,1607885829847:c1652cbc-712a-431c-b1f4-e47f043b09aa,"size == ""0""","isEmpty == ""True""","peek_obj_type == ""EmptyObject""","push == ""class java.lang.String""","pop == ""none""","clear == ""none""","size_p == ""0""",Yes
7966,1607885829847:72b662b3-e2a5-4b19-8298-c64ccfd3c515,1607885829847:1a7b2a5e-ffd9-4797-b843-83c19a8d8ca3,"size == ""0""","isEmpty == ""True""","peek_obj_type == ""EmptyObject""","push == ""class java.lang.String""","pop == ""none""","clear == ""none""","size_p == ""0""",Yes
7967,1607885829847:72b662b3-e2a5-4b19-8298-c64ccfd3c515,1607885829847:1a7b2a5e-ffd9-4797-b843-83c19a8d8ca3,"size == ""0""","isEmpty == ""True""","peek_obj_type == ""EmptyObject""","push == ""none""","pop == ""EmptyObject""","clear == ""none""","size_p == ""0""",No
7969,1607885829847:72b662b3-e2a5-4b19-8298-c64ccfd3c515,1607885829847:08b5fcfd-c716-485d-a1f7-1e7459058242,"size == ""0""","isEmpty == ""True""","peek_obj_type == ""EmptyObject""","push == ""class java.lang.String""","pop == ""none""","clear == ""none""","size_p == ""0""",Yes
7970,1607885829847:72b662b3-e2a5-4b19-8298-c64ccfd3c515,1607885829847:08b5fcfd-c716-485d-a1f7-1e7459058242,"size == ""0""","isEmpty == ""True""","peek_obj_type == ""EmptyObject""","push == ""class java.lang.String""","pop == ""none""","clear == ""none""","size_p == ""0""",Yes
7972,1607885829847:0f0bdf74-787a-43d8-9e25-f348fc7ca35f,1607885829847:88917493-e5d2-4b71-911f-030568fb5d2e,"size == ""0""","isEmpty == ""True""","peek_obj_type == ""EmptyObject""","push == ""class java.lang.String""","pop == ""none""","clear == ""none""","size_p == ""0""",Yes
7973,1607885829847:0f0bdf74-787a-43d8-9e25-f348fc7ca35f,1607885829847:88917493-e5d2-4b71-911f-030568fb5d2e,"size == ""0""","isEmpty == ""True""","peek_obj_type == ""EmptyObject""","push == ""none""","pop == ""EmptyObject""","clear == ""none""","size_p == ""0""",No
7975,1607885829847:0f0bdf74-787a-43d8-9e25-f348fc7ca35f,1607885829847:4a0b5296-9ee7-4139-a72e-a20494095e8f,"size == ""0""","isEmpty == ""True""","peek_obj_type == ""EmptyObject""","push == ""class java.lang.String""","pop == ""none""","clear == ""none""","size_p == ""0""",Yes
7976,1607885829847:0f0bdf74-787a-43d8-9e25-f348fc7ca35f,1607885829847:4a0b5296-9ee7-4139-a72e-a20494095e8f,"size == ""0""","isEmpty == ""True""","peek_obj_type == ""EmptyObject""","push == ""class java.lang.String""","pop == ""none""","clear == ""none""","size_p == ""0""",Yes
7978,1607885829846:d1256e82-96c9-4edc-ba03-f44ad9b9e6d5,1607885829846:8e851b27-a18f-4d31-b76c-45bcc6bf9196,"size == ""0""","isEmpty == ""True""","peek_obj_type == ""EmptyObject""","push == ""class java.lang.String""","pop == ""none""","clear == ""none""","size_p == ""0""",Yes
7979,1607885829846:d1256e82-96c9-4edc-ba03-f44ad9b9e6d5,1607885829846:8e851b27-a18f-4d31-b76c-45bcc6bf9196,"size == ""0""","isEmpty == ""True""","peek_obj_type == ""EmptyObject""","push == ""none""","pop == ""EmptyObject""","clear == ""none""","size_p == ""0""",No
7981,1607885829846:a8119e2b-b8c6-44f2-802f-4d17aa43d586,1607885829846:0018eecc-1e80-4d6b-aca4-409747747ecb,"size == ""0""","isEmpty == ""True""","peek_obj_type == ""EmptyObject""","push == ""class java.lang.String""","pop == ""none""","clear == ""none""","size_p == ""0""",Yes
7982,1607885829846:a8119e2b-b8c6-44f2-802f-4d17aa43d586,1607885829846:0018eecc-1e80-4d6b-aca4-409747747ecb,"size == ""0""","isEmpty == ""True""","peek_obj_type == ""EmptyObject""","push == ""none""","pop == ""EmptyObject""","clear == ""none""","size_p == ""0""",No
7984,1607885829846:3285e636-805a-426d-b9ab-ea8c01c94da1,1607885829846:1debbe84-f29d-4a88-9059-462598a73de7,"size == ""0""","isEmpty == ""True""","peek_obj_type == ""EmptyObject""","push == ""class java.lang.String""","pop == ""none""","clear == ""none""","size_p == ""0""",Yes
7985,1607885829846:3285e636-805a-426d-b9ab-ea8c01c94da1,1607885829846:1debbe84-f29d-4a88-9059-462598a73de7,"size == ""0""","isEmpty == ""True""","peek_obj_type == ""EmptyObject""","push == ""none""","pop == ""EmptyObject""","clear == ""none""","size_p == ""0""",No
7987,1607885829846:3285e636-805a-426d-b9ab-ea8c01c94da1,1607885829846:08140755-cea2-43d4-81ad-85e89696f73f,"size == ""0""","isEmpty == ""True""","peek_obj_type == ""EmptyObject""","push == ""class java.lang.String""","pop == ""none""","clear == ""none""","size_p == ""0""",Yes
7988,1607885829846:3285e636-805a-426d-b9ab-ea8c01c94da1,1607885829846:08140755-cea2-43d4-81ad-85e89696f73f,"size == ""0""","isEmpty == ""True""","peek_obj_type == ""EmptyObject""","push == ""class java.lang.String""","pop == ""none""","clear == ""none""","size_p == ""0""",Yes
7989,1607885829846:3285e636-805a-426d-b9ab-ea8c01c94da1,1607885829846:08140755-cea2-43d4-81ad-85e89696f73f,"size == ""0""","isEmpty == ""True""","peek_obj_type == ""EmptyObject""","push == ""class java.lang.String""","pop == ""none""","clear == ""none""","size_p == ""0""",Yes
7991,1607885829846:2c7498e0-2b02-475c-8d3b-49d9bbe265ca,1607885829847:284563b3-63fc-4f38-ac5f-ea23d51f965d,"size == ""0""","isEmpty == ""True""","peek_obj_type == ""EmptyObject""","push == ""class java.lang.String""","pop == ""none""","clear == ""none""","size_p == ""0""",Yes
7992,1607885829846:2c7498e0-2b02-475c-8d3b-49d9bbe265ca,1607885829847:284563b3-63fc-4f38-ac5f-ea23d51f965d,"size == ""0""","isEmpty == ""True""","peek_obj_type == ""EmptyObject""","push == ""none""","pop == ""EmptyObject""","clear == ""none""","size_p == ""0""",No
7994,1607885829846:2c7498e0-2b02-475c-8d3b-49d9bbe265ca,1607885829846:596ab38e-1a13-41d7-b29a-260e13b998cf,"size == ""0""","isEmpty == ""True""","peek_obj_type == ""EmptyObject""","push == ""class java.lang.String""","pop == ""none""","clear == ""none""","size_p == ""0""",Yes
7995,1607885829846:2c7498e0-2b02-475c-8d3b-49d9bbe265ca,1607885829846:596ab38e-1a13-41d7-b29a-260e13b998cf,"size == ""0""","isEmpty == ""True""","peek_obj_type == ""EmptyObject""","push == ""class java.lang.String""","pop == ""none""","clear == ""none""","size_p == ""0""",Yes
7997,1607885829845:f71ca92b-ccce-413e-9854-1271c41faf06,1607885829845:1fe5ab74-7593-459b-81a0-7f9f90ab83c2,"size == ""0""","isEmpty == ""True""","peek_obj_type == ""EmptyObject""","push == ""class java.lang.String""","pop == ""none""","clear == ""none""","size_p == ""0""",Yes
7998,1607885829845:f71ca92b-ccce-413e-9854-1271c41faf06,1607885829845:1fe5ab74-7593-459b-81a0-7f9f90ab83c2,"size == ""0""","isEmpty == ""True""","peek_obj_type == ""EmptyObject""","push == ""none""","pop == ""EmptyObject""","clear == ""none""","size_p == ""0""",No
8000,1607885829845:def3b5e3-3896-48c3-a6f9-a535c6acd067,1607885829846:e5baa605-89cc-4835-b40b-34aae51824f2,"size == ""0""","isEmpty == ""True""","peek_obj_type == ""EmptyObject""","push == ""class java.lang.String""","pop == ""none""","clear == ""none""","size_p == ""0""",Yes
8001,1607885829845:def3b5e3-3896-48c3-a6f9-a535c6acd067,1607885829846:e5baa605-89cc-4835-b40b-34aae51824f2,"size == ""0""","isEmpty == ""True""","peek_obj_type == ""EmptyObject""","push == ""none""","pop == ""EmptyObject""","clear == ""none""","size_p == ""0""",No
8003,1607885829845:def3b5e3-3896-48c3-a6f9-a535c6acd067,1607885829845:41f55cef-f36a-41fa-893e-da76bab9669a,"size == ""0""","isEmpty == ""True""","peek_obj_type == ""EmptyObject""","push == ""class java.lang.String""","pop == ""none""","clear == ""none""","size_p == ""0""",Yes
8005,1607885829845:b9f108b6-ee38-428a-b6e0-cff395ad7cd3,1607885829845:2dcc0d7b-c743-4e59-aecf-09a5b9a8feb4,"size == ""0""","isEmpty == ""True""","peek_obj_type == ""EmptyObject""","push == ""class java.lang.String""","pop == ""none""","clear == ""none""","size_p == ""0""",Yes
8006,1607885829845:b9f108b6-ee38-428a-b6e0-cff395ad7cd3,1607885829845:2dcc0d7b-c743-4e59-aecf-09a5b9a8feb4,"size == ""0""","isEmpty == ""True""","peek_obj_type == ""EmptyObject""","push == ""none""","pop == ""EmptyObject""","clear == ""none""","size_p == ""0""",No
8008,1607885829845:772e6eca-5a71-4379-925c-fca0ed965720,1607885829845:3674b254-b129-46d3-966a-66cd3206548b,"size == ""0""","isEmpty == ""True""","peek_obj_type == ""EmptyObject""","push == ""class java.lang.String""","pop == ""none""","clear == ""none""","size_p == ""0""",Yes
8009,1607885829845:772e6eca-5a71-4379-925c-fca0ed965720,1607885829845:3674b254-b129-46d3-966a-66cd3206548b,"size == ""0""","isEmpty == ""True""","peek_obj_type == ""EmptyObject""","push == ""none""","pop == ""EmptyObject""","clear == ""none""","size_p == ""0""",No
8011,1607885829845:772e6eca-5a71-4379-925c-fca0ed965720,1607885829845:31d25231-534e-400f-96ba-05fa2eed4e9c,"size == ""0""","isEmpty == ""True""","peek_obj_type == ""EmptyObject""","push == ""class java.lang.String""","pop == ""none""","clear == ""none""","size_p == ""0""",Yes
8013,1607885829845:1c2dc322-bf69-4b43-bb4e-2648f906fed3,1607885829845:9787a068-b9de-4cae-ba87-1f4144cb89f0,"size == ""0""","isEmpty == ""True""","peek_obj_type == ""EmptyObject""","push == ""class java.lang.String""","pop == ""none""","clear == ""none""","size_p == ""0""",Yes
8014,1607885829845:1c2dc322-bf69-4b43-bb4e-2648f906fed3,1607885829845:9787a068-b9de-4cae-ba87-1f4144cb89f0,"size == ""0""","isEmpty == ""True""","peek_obj_type == ""EmptyObject""","push == ""none""","pop == ""EmptyObject""","clear == ""none""","size_p == ""0""",No
8016,1607885829845:1c2dc322-bf69-4b43-bb4e-2648f906fed3,1607885829845:5ea0da9d-983b-4808-9f50-0d3ae4837a06,"size == ""0""","isEmpty == ""True""","peek_obj_type == ""EmptyObject""","push == ""class java.lang.String""","pop == ""none""","clear == ""none""","size_p == ""0""",Yes
8018,1607885829844:f8739e1c-8cfb-4be9-a6ae-ad74cd3c474a,1607885829844:592fb9f3-dc4a-4778-b079-8d82a69913ff,"size == ""0""","isEmpty == ""True""","peek_obj_type == ""EmptyObject""","push == ""class java.lang.String""","pop == ""none""","clear == ""none""","size_p == ""0""",Yes
8019,1607885829844:f8739e1c-8cfb-4be9-a6ae-ad74cd3c474a,1607885829844:592fb9f3-dc4a-4778-b079-8d82a69913ff,"size == ""0""","isEmpty == ""True""","peek_obj_type == ""EmptyObject""","push == ""none""","pop == ""EmptyObject""","clear == ""none""","size_p == ""0""",No
8021,1607885829844:7f8a32a6-1d2b-4151-880e-5e442cf0bd2d,1607885829844:b2e0d140-d576-4d44-a0f8-36777f96c24e,"size == ""0""","isEmpty == ""True""","peek_obj_type == ""EmptyObject""","push == ""class java.lang.String""","pop == ""none""","clear == ""none""","size_p == ""0""",Yes
8023,1607885829844:7f8a32a6-1d2b-4151-880e-5e442cf0bd2d,1607885829844:1078fdbf-5523-4b83-91be-874fd650912d,"size == ""0""","isEmpty == ""True""","peek_obj_type == ""EmptyObject""","push == ""class java.lang.String""","pop == ""none""","clear == ""none""","size_p == ""0""",Yes
8024,1607885829844:7f8a32a6-1d2b-4151-880e-5e442cf0bd2d,1607885829844:1078fdbf-5523-4b83-91be-874fd650912d,"size == ""0""","isEmpty == ""True""","peek_obj_type == ""EmptyObject""","push == ""none""","pop == ""EmptyObject""","clear == ""none""","size_p == ""0""",No
8026,1607885829844:5c0563bf-0c2c-4ace-87df-984a51371f43,1607885829844:75fc5471-6f28-4203-b922-378bf4cbeb5c,"size == ""0""","isEmpty == ""True""","peek_obj_type == ""EmptyObject""","push == ""class java.lang.String""","pop == ""none""","clear == ""none""","size_p == ""0""",Yes
8029,1607885829844:5c0563bf-0c2c-4ace-87df-984a51371f43,1607885829844:295a425e-5a9a-4bd9-bba8-425929bb2052,"size == ""0""","isEmpty == ""True""","peek_obj_type == ""EmptyObject""","push == ""class java.lang.String""","pop == ""none""","clear == ""none""","size_p == ""0""",Yes
8030,1607885829844:5c0563bf-0c2c-4ace-87df-984a51371f43,1607885829844:295a425e-5a9a-4bd9-bba8-425929bb2052,"size == ""0""","isEmpty == ""True""","peek_obj_type == ""EmptyObject""","push == ""none""","pop == ""EmptyObject""","clear == ""none""","size_p == ""0""",No
8032,1607885829843:adc8ee1f-d5d2-4237-be6f-bc383a729562,1607885829843:fd473cb7-8a33-4d1c-ae32-4641a71d3054,"size == ""0""","isEmpty == ""True""","peek_obj_type == ""EmptyObject""","push == ""class java.lang.String""","pop == ""none""","clear == ""none""","size_p == ""0""",Yes
8033,1607885829843:adc8ee1f-d5d2-4237-be6f-bc383a729562,1607885829843:fd473cb7-8a33-4d1c-ae32-4641a71d3054,"size == ""0""","isEmpty == ""True""","peek_obj_type == ""EmptyObject""","push == ""none""","pop == ""EmptyObject""","clear == ""none""","size_p == ""0""",No
8035,1607885829843:adc8ee1f-d5d2-4237-be6f-bc383a729562,1607885829843:d1d72c67-2b00-4796-849e-71a5ec6e1bf9,"size == ""1""","isEmpty == ""False""","peek_obj_type == ""class java.lang.String""","push == ""none""","pop == ""none""","clear == ""clear""","size_p == ""0""",Yes
8036,1607885829843:adc8ee1f-d5d2-4237-be6f-bc383a729562,1607885829843:d1d72c67-2b00-4796-849e-71a5ec6e1bf9,"size == ""1""","isEmpty == ""False""","peek_obj_type == ""class java.lang.String""","push == ""class java.lang.String""","pop == ""none""","clear == ""none""","size_p == ""1""",Yes
8037,1607885829843:adc8ee1f-d5d2-4237-be6f-bc383a729562,1607885829843:d1d72c67-2b00-4796-849e-71a5ec6e1bf9,"size == ""2""","isEmpty == ""False""","peek_obj_type == ""class java.lang.String""","push == ""none""","pop == ""none""","clear == ""clear""","size_p == ""1""",Yes
8038,1607885829843:adc8ee1f-d5d2-4237-be6f-bc383a729562,1607885829843:d1d72c67-2b00-4796-849e-71a5ec6e1bf9,"size == ""3""","isEmpty == ""False""","peek_obj_type == ""class java.lang.String""","push == ""none""","pop == ""none""","clear == ""clear""","size_p == ""2""",Yes
8039,1607885829843:adc8ee1f-d5d2-4237-be6f-bc383a729562,1607885829843:d1d72c67-2b00-4796-849e-71a5ec6e1bf9,"size == ""4""","isEmpty == ""False""","peek_obj_type == ""class java.lang.String""","push == ""none""","pop == ""none""","clear == ""clear""","size_p == ""3""",Yes
8041,1607885829843:613ffe22-1a53-4d76-8f20-f46aca90d2b3,1607885829843:9024cee5-7685-4803-a13c-56f1942aa982,"size == ""0""","isEmpty == ""True""","peek_obj_type == ""EmptyObject""","push == ""class java.lang.String""","pop == ""none""","clear == ""none""","size_p == ""0""",Yes
8042,1607885829843:613ffe22-1a53-4d76-8f20-f46aca90d2b3,1607885829843:9024cee5-7685-4803-a13c-56f1942aa982,"size == ""0""","isEmpty == ""True""","peek_obj_type == ""EmptyObject""","push == ""none""","pop == ""EmptyObject""","clear == ""none""","size_p == ""0""",No
8044,1607885829843:613ffe22-1a53-4d76-8f20-f46aca90d2b3,1607885829843:69079fc2-764d-4944-8815-998da6fa9c11,"size == ""1""","isEmpty == ""False""","peek_obj_type == ""class java.lang.String""","push == ""none""","pop == ""none""","clear == ""clear""","size_p == ""0""",Yes
8045,1607885829843:613ffe22-1a53-4d76-8f20-f46aca90d2b3,1607885829843:69079fc2-764d-4944-8815-998da6fa9c11,"size == ""1""","isEmpty == ""False""","peek_obj_type == ""class java.lang.String""","push == ""class java.lang.String""","pop == ""none""","clear == ""none""","size_p == ""1""",Yes
8046,1607885829843:613ffe22-1a53-4d76-8f20-f46aca90d2b3,1607885829843:69079fc2-764d-4944-8815-998da6fa9c11,"size == ""2""","isEmpty == ""False""","peek_obj_type == ""class java.lang.String""","push == ""none""","pop == ""none""","clear == ""clear""","size_p == ""1""",Yes
8047,1607885829843:613ffe22-1a53-4d76-8f20-f46aca90d2b3,1607885829843:69079fc2-764d-4944-8815-998da6fa9c11,"size == ""3""","isEmpty == ""False""","peek_obj_type == ""class java.lang.String""","push == ""none""","pop == ""none""","clear == ""clear""","size_p == ""2""",Yes
8048,1607885829843:613ffe22-1a53-4d76-8f20-f46aca90d2b3,1607885829843:69079fc2-764d-4944-8815-998da6fa9c11,"size == ""4""","isEmpty == ""False""","peek_obj_type == ""class java.lang.String""","push == ""none""","pop == ""none""","clear == ""clear""","size_p == ""3""",Yes
8050,1607885829843:0ba9ed5b-045c-4793-934e-7d1acfafc28c,1607885829843:d954c64c-51db-453c-b13b-f56ca48442e6,"size == ""0""","isEmpty == ""True""","peek_obj_type == ""EmptyObject""","push == ""class java.lang.String""","pop == ""none""","clear == ""none""","size_p == ""0""",Yes
8051,1607885829843:0ba9ed5b-045c-4793-934e-7d1acfafc28c,1607885829843:d954c64c-51db-453c-b13b-f56ca48442e6,"size == ""0""","isEmpty == ""True""","peek_obj_type == ""EmptyObject""","push == ""none""","pop == ""EmptyObject""","clear == ""none""","size_p == ""0""",No
8053,1607885829843:0ba9ed5b-045c-4793-934e-7d1acfafc28c,1607885829843:c46bc1f4-974b-4173-ac56-d58f9e9e5b70,"size == ""1""","isEmpty == ""False""","peek_obj_type == ""class java.lang.String""","push == ""none""","pop == ""none""","clear == ""clear""","size_p == ""0""",Yes
8054,1607885829843:0ba9ed5b-045c-4793-934e-7d1acfafc28c,1607885829843:c46bc1f4-974b-4173-ac56-d58f9e9e5b70,"size == ""1""","isEmpty == ""False""","peek_obj_type == ""class java.lang.String""","push == ""class java.lang.String""","pop == ""none""","clear == ""none""","size_p == ""1""",Yes
8055,1607885829843:0ba9ed5b-045c-4793-934e-7d1acfafc28c,1607885829843:c46bc1f4-974b-4173-ac56-d58f9e9e5b70,"size == ""2""","isEmpty == ""False""","peek_obj_type == ""class java.lang.String""","push == ""none""","pop == ""none""","clear == ""clear""","size_p == ""1""",Yes
8056,1607885829843:0ba9ed5b-045c-4793-934e-7d1acfafc28c,1607885829843:c46bc1f4-974b-4173-ac56-d58f9e9e5b70,"size == ""3""","isEmpty == ""False""","peek_obj_type == ""class java.lang.String""","push == ""none""","pop == ""none""","clear == ""clear""","size_p == ""2""",Yes
8057,1607885829843:0ba9ed5b-045c-4793-934e-7d1acfafc28c,1607885829843:c46bc1f4-974b-4173-ac56-d58f9e9e5b70,"size == ""4""","isEmpty == ""False""","peek_obj_type == ""class java.lang.String""","push == ""none""","pop == ""none""","clear == ""clear""","size_p == ""3""",Yes
8059,1607885829843:099a9e9a-db4d-451b-a1b1-e3727ebf3c39,1607885829844:aebb5e89-31b2-4968-a885-29593e1e594e,"size == ""0""","isEmpty == ""True""","peek_obj_type == ""EmptyObject""","push == ""class java.lang.String""","pop == ""none""","clear == ""none""","size_p == ""0""",Yes
8061,1607885829843:099a9e9a-db4d-451b-a1b1-e3727ebf3c39,1607885829844:2e78d65e-4684-4135-b0a6-bf9cfd8f7ca5,"size == ""0""","isEmpty == ""True""","peek_obj_type == ""EmptyObject""","push == ""class java.lang.String""","pop == ""none""","clear == ""none""","size_p == ""0""",Yes
8062,1607885829843:099a9e9a-db4d-451b-a1b1-e3727ebf3c39,1607885829844:2e78d65e-4684-4135-b0a6-bf9cfd8f7ca5,"size == ""0""","isEmpty == ""True""","peek_obj_type == ""EmptyObject""","push == ""none""","pop == ""EmptyObject""","clear == ""none""","size_p == ""0""",No
8065,1607885829843:099a9e9a-db4d-451b-a1b1-e3727ebf3c39,1607885829843:7c859927-e684-4651-bea7-a68f145d467e,"size == ""1""","isEmpty == ""False""","peek_obj_type == ""class java.lang.String""","push == ""none""","pop == ""none""","clear == ""clear""","size_p == ""0""",Yes
8066,1607885829843:099a9e9a-db4d-451b-a1b1-e3727ebf3c39,1607885829843:7c859927-e684-4651-bea7-a68f145d467e,"size == ""1""","isEmpty == ""False""","peek_obj_type == ""class java.lang.String""","push == ""class java.lang.String""","pop == ""none""","clear == ""none""","size_p == ""1""",Yes
8067,1607885829843:099a9e9a-db4d-451b-a1b1-e3727ebf3c39,1607885829843:7c859927-e684-4651-bea7-a68f145d467e,"size == ""2""","isEmpty == ""False""","peek_obj_type == ""class java.lang.String""","push == ""none""","pop == ""none""","clear == ""clear""","size_p == ""1""",Yes
8068,1607885829843:099a9e9a-db4d-451b-a1b1-e3727ebf3c39,1607885829843:7c859927-e684-4651-bea7-a68f145d467e,"size == ""3""","isEmpty == ""False""","peek_obj_type == ""class java.lang.String""","push == ""none""","pop == ""none""","clear == ""clear""","size_p == ""2""",Yes
8069,1607885829843:099a9e9a-db4d-451b-a1b1-e3727ebf3c39,1607885829843:7c859927-e684-4651-bea7-a68f145d467e,"size == ""4""","isEmpty == ""False""","peek_obj_type == ""class java.lang.String""","push == ""none""","pop == ""none""","clear == ""clear""","size_p == ""3""",Yes
8070,1607885829843:099a9e9a-db4d-451b-a1b1-e3727ebf3c39,1607885829843:7c859927-e684-4651-bea7-a68f145d467e,"size == ""5""","isEmpty == ""False""","peek_obj_type == ""class java.lang.String""","push == ""none""","pop == ""none""","clear == ""clear""","size_p == ""4""",Yes
8072,1607885829842:97df46b5-90ad-4daf-82b6-d38d872e933d,1607885829842:da2e402b-a517-4177-84a5-e6ff48cf4242,"size == ""0""","isEmpty == ""True""","peek_obj_type == ""EmptyObject""","push == ""class java.lang.String""","pop == ""none""","clear == ""none""","size_p == ""0""",Yes
8073,1607885829842:97df46b5-90ad-4daf-82b6-d38d872e933d,1607885829842:da2e402b-a517-4177-84a5-e6ff48cf4242,"size == ""0""","isEmpty == ""True""","peek_obj_type == ""EmptyObject""","push == ""none""","pop == ""EmptyObject""","clear == ""none""","size_p == ""0""",No
8075,1607885829842:97df46b5-90ad-4daf-82b6-d38d872e933d,1607885829842:cea61f2f-f239-4116-b333-282e7d9e622e,"size == ""1""","isEmpty == ""False""","peek_obj_type == ""class java.lang.String""","push == ""none""","pop == ""none""","clear == ""clear""","size_p == ""0""",Yes
8076,1607885829842:97df46b5-90ad-4daf-82b6-d38d872e933d,1607885829842:cea61f2f-f239-4116-b333-282e7d9e622e,"size == ""1""","isEmpty == ""False""","peek_obj_type == ""class java.lang.String""","push == ""class java.lang.String""","pop == ""none""","clear == ""none""","size_p == ""1""",Yes
8077,1607885829842:97df46b5-90ad-4daf-82b6-d38d872e933d,1607885829842:cea61f2f-f239-4116-b333-282e7d9e622e,"size == ""0""","isEmpty == ""True""","peek_obj_type == ""EmptyObject""","push == ""none""","pop == ""EmptyObject""","clear == ""none""","size_p == ""1""",No
8078,1607885829842:97df46b5-90ad-4daf-82b6-d38d872e933d,1607885829842:cea61f2f-f239-4116-b333-282e7d9e622e,"size == ""1""","isEmpty == ""False""","peek_obj_type == ""class java.lang.String""","push == ""none""","pop == ""none""","clear == ""clear""","size_p == ""0""",Yes
8080,1607885829842:3077a50c-b920-4f78-adbb-f93d6b11b03d,1607885829842:9f517954-6dfa-42ca-a184-06de8487ccaa,"size == ""0""","isEmpty == ""True""","peek_obj_type == ""EmptyObject""","push == ""class java.lang.String""","pop == ""none""","clear == ""none""","size_p == ""0""",Yes
8081,1607885829842:3077a50c-b920-4f78-adbb-f93d6b11b03d,1607885829842:9f517954-6dfa-42ca-a184-06de8487ccaa,"size == ""0""","isEmpty == ""True""","peek_obj_type == ""EmptyObject""","push == ""none""","pop == ""EmptyObject""","clear == ""none""","size_p == ""0""",No
8083,1607885829842:122fad19-7933-465a-9000-bfedb3eb9670,1607885829842:e9a64efd-8f5e-4147-bfa3-37802e2bccb7,"size == ""0""","isEmpty == ""True""","peek_obj_type == ""EmptyObject""","push == ""class java.lang.String""","pop == ""none""","clear == ""none""","size_p == ""0""",Yes
8084,1607885829842:122fad19-7933-465a-9000-bfedb3eb9670,1607885829842:e9a64efd-8f5e-4147-bfa3-37802e2bccb7,"size == ""0""","isEmpty == ""True""","peek_obj_type == ""EmptyObject""","push == ""none""","pop == ""EmptyObject""","clear == ""none""","size_p == ""0""",No
8086,1607885829842:122fad19-7933-465a-9000-bfedb3eb9670,1607885829842:7080e7f2-4714-40c9-ad4f-41a997335891,"size == ""1""","isEmpty == ""False""","peek_obj_type == ""class java.lang.String""","push == ""none""","pop == ""none""","clear == ""clear""","size_p == ""0""",Yes
8087,1607885829842:122fad19-7933-465a-9000-bfedb3eb9670,1607885829842:7080e7f2-4714-40c9-ad4f-41a997335891,"size == ""1""","isEmpty == ""False""","peek_obj_type == ""class java.lang.String""","push == ""class java.lang.String""","pop == ""none""","clear == ""none""","size_p == ""1""",Yes
8088,1607885829842:122fad19-7933-465a-9000-bfedb3eb9670,1607885829842:7080e7f2-4714-40c9-ad4f-41a997335891,"size == ""2""","isEmpty == ""False""","peek_obj_type == ""class java.lang.String""","push == ""none""","pop == ""none""","clear == ""clear""","size_p == ""1""",Yes
8089,1607885829842:122fad19-7933-465a-9000-bfedb3eb9670,1607885829842:7080e7f2-4714-40c9-ad4f-41a997335891,"size == ""3""","isEmpty == ""False""","peek_obj_type == ""class java.lang.String""","push == ""none""","pop == ""none""","clear == ""clear""","size_p == ""2""",Yes
8090,1607885829842:122fad19-7933-465a-9000-bfedb3eb9670,1607885829842:7080e7f2-4714-40c9-ad4f-41a997335891,"size == ""4""","isEmpty == ""False""","peek_obj_type == ""class java.lang.String""","push == ""none""","pop == ""none""","clear == ""clear""","size_p == ""3""",Yes
8092,1607885829841:fa32f05b-4f07-4858-9749-383732c0059f,1607885829841:5fe27929-dbc9-4802-95cd-5d45d4a7f001,"size == ""0""","isEmpty == ""True""","peek_obj_type == ""EmptyObject""","push == ""class java.lang.String""","pop == ""none""","clear == ""none""","size_p == ""0""",Yes
8093,1607885829841:fa32f05b-4f07-4858-9749-383732c0059f,1607885829841:5fe27929-dbc9-4802-95cd-5d45d4a7f001,"size == ""0""","isEmpty == ""True""","peek_obj_type == ""EmptyObject""","push == ""none""","pop == ""EmptyObject""","clear == ""none""","size_p == ""0""",No
8095,1607885829841:fa32f05b-4f07-4858-9749-383732c0059f,1607885829841:2e37f0cb-08b7-4466-9e0b-6aab4421fc4a,"size == ""0""","isEmpty == ""True""","peek_obj_type == ""EmptyObject""","push == ""class java.lang.String""","pop == ""none""","clear == ""none""","size_p == ""0""",Yes
8096,1607885829841:fa32f05b-4f07-4858-9749-383732c0059f,1607885829841:2e37f0cb-08b7-4466-9e0b-6aab4421fc4a,"size == ""0""","isEmpty == ""True""","peek_obj_type == ""EmptyObject""","push == ""class java.lang.String""","pop == ""none""","clear == ""none""","size_p == ""0""",Yes
8098,1607885829841:d3a1ef71-890a-4157-87d4-b957b219c53c,1607885829841:b096a822-d874-4675-b832-64ef79e89a8e,"size == ""0""","isEmpty == ""True""","peek_obj_type == ""EmptyObject""","push == ""class java.lang.String""","pop == ""none""","clear == ""none""","size_p == ""0""",Yes
8099,1607885829841:d3a1ef71-890a-4157-87d4-b957b219c53c,1607885829841:b096a822-d874-4675-b832-64ef79e89a8e,"size == ""0""","isEmpty == ""True""","peek_obj_type == ""EmptyObject""","push == ""none""","pop == ""EmptyObject""","clear == ""none""","size_p == ""0""",No
8101,1607885829841:d3a1ef71-890a-4157-87d4-b957b219c53c,1607885829841:159687e4-5198-4053-b152-57dd271b8c3b,"size == ""0""","isEmpty == ""True""","peek_obj_type == ""EmptyObject""","push == ""class java.lang.String""","pop == ""none""","clear == ""none""","size_p == ""0""",Yes
8103,1607885829841:caba2942-c8c3-470a-94d4-97de8ea6448f,1607885829842:2cf49cd5-f4dd-4280-b29b-01bdf48bd18d,"size == ""0""","isEmpty == ""True""","peek_obj_type == ""EmptyObject""","push == ""class java.lang.String""","pop == ""none""","clear == ""none""","size_p == ""0""",Yes
8104,1607885829841:caba2942-c8c3-470a-94d4-97de8ea6448f,1607885829842:2cf49cd5-f4dd-4280-b29b-01bdf48bd18d,"size == ""0""","isEmpty == ""True""","peek_obj_type == ""EmptyObject""","push == ""none""","pop == ""EmptyObject""","clear == ""none""","size_p == ""0""",No
8106,1607885829841:caba2942-c8c3-470a-94d4-97de8ea6448f,1607885829841:4bcaa0fe-8fcf-467f-bb5e-805e425c8e3b,"size == ""0""","isEmpty == ""True""","peek_obj_type == ""EmptyObject""","push == ""class java.lang.String""","pop == ""none""","clear == ""none""","size_p == ""0""",Yes
8107,1607885829841:caba2942-c8c3-470a-94d4-97de8ea6448f,1607885829841:4bcaa0fe-8fcf-467f-bb5e-805e425c8e3b,"size == ""0""","isEmpty == ""True""","peek_obj_type == ""EmptyObject""","push == ""class java.lang.String""","pop == ""none""","clear == ""none""","size_p == ""0""",Yes
8109,1607885829841:b98ad9db-244c-455a-a986-2eb5e43afbe5,1607885829841:ff598c4b-16c2-4938-b73d-5e0fb274e604,"size == ""0""","isEmpty == ""True""","peek_obj_type == ""EmptyObject""","push == ""class java.lang.String""","pop == ""none""","clear == ""none""","size_p == ""0""",Yes
8110,1607885829841:b98ad9db-244c-455a-a986-2eb5e43afbe5,1607885829841:ff598c4b-16c2-4938-b73d-5e0fb274e604,"size == ""0""","isEmpty == ""True""","peek_obj_type == ""EmptyObject""","push == ""none""","pop == ""EmptyObject""","clear == ""none""","size_p == ""0""",No
8112,1607885829841:848cc925-50c1-40dd-a74c-1de8d3965893,1607885829841:d8cc4bca-c623-4735-b3e1-1f5755545502,"size == ""0""","isEmpty == ""True""","peek_obj_type == ""EmptyObject""","push == ""class java.lang.String""","pop == ""none""","clear == ""none""","size_p == ""0""",Yes
8113,1607885829841:848cc925-50c1-40dd-a74c-1de8d3965893,1607885829841:d8cc4bca-c623-4735-b3e1-1f5755545502,"size == ""0""","isEmpty == ""True""","peek_obj_type == ""EmptyObject""","push == ""class java.lang.String""","pop == ""none""","clear == ""none""","size_p == ""0""",Yes
8115,1607885829841:848cc925-50c1-40dd-a74c-1de8d3965893,1607885829841:a5b0e1d5-0b68-4a2a-9c85-57abe2991f34,"size == ""0""","isEmpty == ""True""","peek_obj_type == ""EmptyObject""","push == ""class java.lang.String""","pop == ""none""","clear == ""none""","size_p == ""0""",Yes
8116,1607885829841:848cc925-50c1-40dd-a74c-1de8d3965893,1607885829841:a5b0e1d5-0b68-4a2a-9c85-57abe2991f34,"size == ""0""","isEmpty == ""True""","peek_obj_type == ""EmptyObject""","push == ""none""","pop == ""EmptyObject""","clear == ""none""","size_p == ""0""",No
8118,1607885829840:8c3f6a21-059a-40a6-b6ec-4e57071c28e7,1607885829840:c9e9a109-4a82-4682-9760-9482ccefb465,"size == ""0""","isEmpty == ""True""","peek_obj_type == ""EmptyObject""","push == ""class java.lang.String""","pop == ""none""","clear == ""none""","size_p == ""0""",Yes
8119,1607885829840:8c3f6a21-059a-40a6-b6ec-4e57071c28e7,1607885829840:c9e9a109-4a82-4682-9760-9482ccefb465,"size == ""0""","isEmpty == ""True""","peek_obj_type == ""EmptyObject""","push == ""none""","pop == ""EmptyObject""","clear == ""none""","size_p == ""0""",No
8121,1607885829840:8c3f6a21-059a-40a6-b6ec-4e57071c28e7,1607885829840:c51303eb-acb7-48a6-b7ee-8836cde91b01,"size == ""0""","isEmpty == ""True""","peek_obj_type == ""EmptyObject""","push == ""class java.lang.String""","pop == ""none""","clear == ""none""","size_p == ""0""",Yes
8122,1607885829840:8c3f6a21-059a-40a6-b6ec-4e57071c28e7,1607885829840:c51303eb-acb7-48a6-b7ee-8836cde91b01,"size == ""0""","isEmpty == ""True""","peek_obj_type == ""EmptyObject""","push == ""class java.lang.String""","pop == ""none""","clear == ""none""","size_p == ""0""",Yes
8124,1607885829840:8c3f6a21-059a-40a6-b6ec-4e57071c28e7,1607885829840:6dbf89eb-9201-4f8d-8a1d-0178ce8d9976,"size == ""0""","isEmpty == ""True""","peek_obj_type == ""EmptyObject""","push == ""class java.lang.String""","pop == ""none""","clear == ""none""","size_p == ""0""",Yes
8126,1607885829840:6a0e7ecb-a294-401b-8266-2a729d9242a5,1607885829840:b9468d61-583e-4412-9c29-9b6e6723a9f9,"size == ""1""","isEmpty == ""False""","peek_obj_type == ""class java.lang.String""","push == ""none""","pop == ""none""","clear == ""clear""","size_p == ""0""",Yes
8127,1607885829840:6a0e7ecb-a294-401b-8266-2a729d9242a5,1607885829840:b9468d61-583e-4412-9c29-9b6e6723a9f9,"size == ""1""","isEmpty == ""False""","peek_obj_type == ""class java.lang.String""","push == ""class java.lang.String""","pop == ""none""","clear == ""none""","size_p == ""1""",Yes
8128,1607885829840:6a0e7ecb-a294-401b-8266-2a729d9242a5,1607885829840:b9468d61-583e-4412-9c29-9b6e6723a9f9,"size == ""2""","isEmpty == ""False""","peek_obj_type == ""class java.lang.String""","push == ""none""","pop == ""none""","clear == ""clear""","size_p == ""1""",Yes
8129,1607885829840:6a0e7ecb-a294-401b-8266-2a729d9242a5,1607885829840:b9468d61-583e-4412-9c29-9b6e6723a9f9,"size == ""3""","isEmpty == ""False""","peek_obj_type == ""class java.lang.String""","push == ""none""","pop == ""none""","clear == ""clear""","size_p == ""2""",Yes
8130,1607885829840:6a0e7ecb-a294-401b-8266-2a729d9242a5,1607885829840:b9468d61-583e-4412-9c29-9b6e6723a9f9,"size == ""4""","isEmpty == ""False""","peek_obj_type == ""class java.lang.String""","push == ""none""","pop == ""none""","clear == ""clear""","size_p == ""3""",Yes
8132,1607885829840:6a0e7ecb-a294-401b-8266-2a729d9242a5,1607885829840:b1570843-7a96-453a-8253-e78b5c62e4b7,"size == ""0""","isEmpty == ""True""","peek_obj_type == ""EmptyObject""","push == ""class java.lang.String""","pop == ""none""","clear == ""none""","size_p == ""0""",Yes
8133,1607885829840:6a0e7ecb-a294-401b-8266-2a729d9242a5,1607885829840:b1570843-7a96-453a-8253-e78b5c62e4b7,"size == ""0""","isEmpty == ""True""","peek_obj_type == ""EmptyObject""","push == ""none""","pop == ""EmptyObject""","clear == ""none""","size_p == ""0""",No
8135,1607885829840:6a0e7ecb-a294-401b-8266-2a729d9242a5,1607885829840:42cb2e29-ab67-45e3-9baf-ac2fd91700eb,"size == ""1""","isEmpty == ""False""","peek_obj_type == ""class java.lang.String""","push == ""none""","pop == ""none""","clear == ""clear""","size_p == ""0""",Yes
8136,1607885829840:6a0e7ecb-a294-401b-8266-2a729d9242a5,1607885829840:42cb2e29-ab67-45e3-9baf-ac2fd91700eb,"size == ""1""","isEmpty == ""False""","peek_obj_type == ""class java.lang.String""","push == ""class java.lang.String""","pop == ""none""","clear == ""none""","size_p == ""1""",Yes
8137,1607885829840:6a0e7ecb-a294-401b-8266-2a729d9242a5,1607885829840:42cb2e29-ab67-45e3-9baf-ac2fd91700eb,"size == ""2""","isEmpty == ""False""","peek_obj_type == ""class java.lang.String""","push == ""none""","pop == ""none""","clear == ""clear""","size_p == ""1""",Yes
8138,1607885829840:6a0e7ecb-a294-401b-8266-2a729d9242a5,1607885829840:42cb2e29-ab67-45e3-9baf-ac2fd91700eb,"size == ""3""","isEmpty == ""False""","peek_obj_type == ""class java.lang.String""","push == ""none""","pop == ""none""","clear == ""clear""","size_p == ""2""",Yes
8139,1607885829840:6a0e7ecb-a294-401b-8266-2a729d9242a5,1607885829840:42cb2e29-ab67-45e3-9baf-ac2fd91700eb,"size == ""4""","isEmpty == ""False""","peek_obj_type == ""class java.lang.String""","push == ""none""","pop == ""none""","clear == ""clear""","size_p == ""3""",Yes
8141,1607885829839:f386d497-7023-4132-a184-aaab7bec4f5f,1607885829840:f7f9e670-003a-4091-bdcc-a94c160e1f8d,"size == ""0""","isEmpty == ""True""","peek_obj_type == ""EmptyObject""","push == ""class java.lang.String""","pop == ""none""","clear == ""none""","size_p == ""0""",Yes
8142,1607885829839:f386d497-7023-4132-a184-aaab7bec4f5f,1607885829840:f7f9e670-003a-4091-bdcc-a94c160e1f8d,"size == ""0""","isEmpty == ""True""","peek_obj_type == ""EmptyObject""","push == ""none""","pop == ""EmptyObject""","clear == ""none""","size_p == ""0""",No
8144,1607885829839:f386d497-7023-4132-a184-aaab7bec4f5f,1607885829839:b3ef2b96-4540-4aa9-a69d-432a30e662ad,"size == ""0""","isEmpty == ""True""","peek_obj_type == ""EmptyObject""","push == ""class java.lang.String""","pop == ""none""","clear == ""none""","size_p == ""0""",Yes
8145,1607885829839:f386d497-7023-4132-a184-aaab7bec4f5f,1607885829839:b3ef2b96-4540-4aa9-a69d-432a30e662ad,"size == ""0""","isEmpty == ""True""","peek_obj_type == ""EmptyObject""","push == ""class java.lang.String""","pop == ""none""","clear == ""none""","size_p == ""0""",Yes
8147,1607885829839:6a5044a5-d883-45cd-b313-f1d82909e27d,1607885829839:4fe71031-7604-4f91-bacc-828e60ac7301,"size == ""0""","isEmpty == ""True""","peek_obj_type == ""EmptyObject""","push == ""class java.lang.String""","pop == ""none""","clear == ""none""","size_p == ""0""",Yes
8149,1607885829839:6a5044a5-d883-45cd-b313-f1d82909e27d,1607885829839:467ed930-8600-4b14-9404-7b20ad6a5fbe,"size == ""0""","isEmpty == ""True""","peek_obj_type == ""EmptyObject""","push == ""class java.lang.String""","pop == ""none""","clear == ""none""","size_p == ""0""",Yes
8150,1607885829839:6a5044a5-d883-45cd-b313-f1d82909e27d,1607885829839:467ed930-8600-4b14-9404-7b20ad6a5fbe,"size == ""0""","isEmpty == ""True""","peek_obj_type == ""EmptyObject""","push == ""none""","pop == ""EmptyObject""","clear == ""none""","size_p == ""0""",No
8152,1607885829839:33f7df7f-c385-4da5-bc3f-9ad0732ff770,1607885829839:fdf01456-2eae-4721-a874-5abffc581205,"size == ""0""","isEmpty == ""True""","peek_obj_type == ""EmptyObject""","push == ""class java.lang.String""","pop == ""none""","clear == ""none""","size_p == ""0""",Yes
8153,1607885829839:33f7df7f-c385-4da5-bc3f-9ad0732ff770,1607885829839:fdf01456-2eae-4721-a874-5abffc581205,"size == ""0""","isEmpty == ""True""","peek_obj_type == ""EmptyObject""","push == ""none""","pop == ""EmptyObject""","clear == ""none""","size_p == ""0""",No
8155,1607885829839:33f7df7f-c385-4da5-bc3f-9ad0732ff770,1607885829839:9338b770-3b45-4014-b21d-d2afba7998aa,"size == ""0""","isEmpty == ""True""","peek_obj_type == ""EmptyObject""","push == ""class java.lang.String""","pop == ""none""","clear == ""none""","size_p == ""0""",Yes
8157,1607885829839:33f7df7f-c385-4da5-bc3f-9ad0732ff770,1607885829839:5490df6f-8c76-47a9-a9bb-a94c4642b5c1,"size == ""0""","isEmpty == ""True""","peek_obj_type == ""EmptyObject""","push == ""class java.lang.String""","pop == ""none""","clear == ""none""","size_p == ""0""",Yes
8158,1607885829839:33f7df7f-c385-4da5-bc3f-9ad0732ff770,1607885829839:5490df6f-8c76-47a9-a9bb-a94c4642b5c1,"size == ""0""","isEmpty == ""True""","peek_obj_type == ""EmptyObject""","push == ""class java.lang.String""","pop == ""none""","clear == ""none""","size_p == ""0""",Yes
8159,1607885829839:33f7df7f-c385-4da5-bc3f-9ad0732ff770,1607885829839:5490df6f-8c76-47a9-a9bb-a94c4642b5c1,"size == ""0""","isEmpty == ""True""","peek_obj_type == ""EmptyObject""","push == ""class java.lang.String""","pop == ""none""","clear == ""none""","size_p == ""0""",Yes
8160,1607885829839:33f7df7f-c385-4da5-bc3f-9ad0732ff770,1607885829839:5490df6f-8c76-47a9-a9bb-a94c4642b5c1,"size == ""1""","isEmpty == ""False""","peek_obj_type == ""class java.lang.String""","push == ""none""","pop == ""none""","clear == ""clear""","size_p == ""0""",Yes
8162,1607885829839:2a26b6b8-7710-4e95-a1e2-5058e258c469,1607885829839:70cb2d3c-bbce-4cde-9516-9659b75c6e7b,"size == ""0""","isEmpty == ""True""","peek_obj_type == ""EmptyObject""","push == ""class java.lang.String""","pop == ""none""","clear == ""none""","size_p == ""0""",Yes
8163,1607885829839:2a26b6b8-7710-4e95-a1e2-5058e258c469,1607885829839:70cb2d3c-bbce-4cde-9516-9659b75c6e7b,"size == ""0""","isEmpty == ""True""","peek_obj_type == ""EmptyObject""","push == ""none""","pop == ""EmptyObject""","clear == ""none""","size_p == ""0""",No
8165,1607885829838:f92fab61-5a37-43ba-a938-e3167fc6fed4,1607885829838:739e3b2a-fd3f-481c-a901-75b6f5eacfed,"size == ""0""","isEmpty == ""True""","peek_obj_type == ""EmptyObject""","push == ""class java.lang.String""","pop == ""none""","clear == ""none""","size_p == ""0""",Yes
8166,1607885829838:f92fab61-5a37-43ba-a938-e3167fc6fed4,1607885829838:739e3b2a-fd3f-481c-a901-75b6f5eacfed,"size == ""0""","isEmpty == ""True""","peek_obj_type == ""EmptyObject""","push == ""none""","pop == ""EmptyObject""","clear == ""none""","size_p == ""0""",No
8168,1607885829838:f92fab61-5a37-43ba-a938-e3167fc6fed4,1607885829838:19cc958e-5af3-4307-9199-c64b2606d4ec,"size == ""0""","isEmpty == ""True""","peek_obj_type == ""EmptyObject""","push == ""class java.lang.String""","pop == ""none""","clear == ""none""","size_p == ""0""",Yes
8169,1607885829838:f92fab61-5a37-43ba-a938-e3167fc6fed4,1607885829838:19cc958e-5af3-4307-9199-c64b2606d4ec,"size == ""0""","isEmpty == ""True""","peek_obj_type == ""EmptyObject""","push == ""class java.lang.String""","pop == ""none""","clear == ""none""","size_p == ""0""",Yes
8171,1607885829838:e83b6fba-9b14-4329-87be-7f6255808429,1607885829838:e5a8e73c-b4da-4843-9115-5783aeb7564c,"size == ""0""","isEmpty == ""True""","peek_obj_type == ""EmptyObject""","push == ""class java.lang.String""","pop == ""none""","clear == ""none""","size_p == ""0""",Yes
8172,1607885829838:e83b6fba-9b14-4329-87be-7f6255808429,1607885829838:e5a8e73c-b4da-4843-9115-5783aeb7564c,"size == ""0""","isEmpty == ""True""","peek_obj_type == ""EmptyObject""","push == ""none""","pop == ""EmptyObject""","clear == ""none""","size_p == ""0""",No
8174,1607885829838:e006897c-5269-4835-8dff-316ce54ce53d,1607885829838:d65b97f2-958e-4124-a57e-2e32ed3f0788,"size == ""0""","isEmpty == ""True""","peek_obj_type == ""EmptyObject""","push == ""class java.lang.String""","pop == ""none""","clear == ""none""","size_p == ""0""",Yes
8175,1607885829838:e006897c-5269-4835-8dff-316ce54ce53d,1607885829838:d65b97f2-958e-4124-a57e-2e32ed3f0788,"size == ""0""","isEmpty == ""True""","peek_obj_type == ""EmptyObject""","push == ""class java.lang.String""","pop == ""none""","clear == ""none""","size_p == ""0""",Yes
8177,1607885829838:e006897c-5269-4835-8dff-316ce54ce53d,1607885829838:cc129b3e-eae6-4ed0-a06c-5e8f9e1d91d3,"size == ""0""","isEmpty == ""True""","peek_obj_type == ""EmptyObject""","push == ""class java.lang.String""","pop == ""none""","clear == ""none""","size_p == ""0""",Yes
8178,1607885829838:e006897c-5269-4835-8dff-316ce54ce53d,1607885829838:cc129b3e-eae6-4ed0-a06c-5e8f9e1d91d3,"size == ""0""","isEmpty == ""True""","peek_obj_type == ""EmptyObject""","push == ""none""","pop == ""EmptyObject""","clear == ""none""","size_p == ""0""",No
8180,1607885829838:52260f39-598e-46e4-ba4a-2c7e8d3a7604,1607885829838:06865767-bda7-4d1a-8359-28afe8d33fd0,"size == ""0""","isEmpty == ""True""","peek_obj_type == ""EmptyObject""","push == ""class java.lang.String""","pop == ""none""","clear == ""none""","size_p == ""0""",Yes
8181,1607885829838:52260f39-598e-46e4-ba4a-2c7e8d3a7604,1607885829838:06865767-bda7-4d1a-8359-28afe8d33fd0,"size == ""0""","isEmpty == ""True""","peek_obj_type == ""EmptyObject""","push == ""none""","pop == ""EmptyObject""","clear == ""none""","size_p == ""0""",No
8183,1607885829837:dac3e92e-485f-46dc-8ec1-3812a4a75550,1607885829837:f68b3659-7c2d-4415-98fe-3076afaf3836,"size == ""0""","isEmpty == ""True""","peek_obj_type == ""EmptyObject""","push == ""class java.lang.String""","pop == ""none""","clear == ""none""","size_p == ""0""",Yes
8184,1607885829837:dac3e92e-485f-46dc-8ec1-3812a4a75550,1607885829837:f68b3659-7c2d-4415-98fe-3076afaf3836,"size == ""0""","isEmpty == ""True""","peek_obj_type == ""EmptyObject""","push == ""none""","pop == ""EmptyObject""","clear == ""none""","size_p == ""0""",No
8186,1607885829837:dac3e92e-485f-46dc-8ec1-3812a4a75550,1607885829837:72b6907c-df09-4ad4-a4c2-682df5051391,"size == ""0""","isEmpty == ""True""","peek_obj_type == ""EmptyObject""","push == ""class java.lang.String""","pop == ""none""","clear == ""none""","size_p == ""0""",Yes
8187,1607885829837:dac3e92e-485f-46dc-8ec1-3812a4a75550,1607885829837:72b6907c-df09-4ad4-a4c2-682df5051391,"size == ""0""","isEmpty == ""True""","peek_obj_type == ""EmptyObject""","push == ""class java.lang.String""","pop == ""none""","clear == ""none""","size_p == ""0""",Yes
8188,1607885829837:dac3e92e-485f-46dc-8ec1-3812a4a75550,1607885829837:72b6907c-df09-4ad4-a4c2-682df5051391,"size == ""0""","isEmpty == ""True""","peek_obj_type == ""EmptyObject""","push == ""class java.lang.String""","pop == ""none""","clear == ""none""","size_p == ""0""",Yes
8189,1607885829837:dac3e92e-485f-46dc-8ec1-3812a4a75550,1607885829837:72b6907c-df09-4ad4-a4c2-682df5051391,"size == ""1""","isEmpty == ""False""","peek_obj_type == ""class java.lang.String""","push == ""none""","pop == ""none""","clear == ""clear""","size_p == ""0""",Yes
8191,1607885829837:dac3e92e-485f-46dc-8ec1-3812a4a75550,1607885829837:5cd2f353-4c5f-4204-8fab-e9fb952ac150,"size == ""0""","isEmpty == ""True""","peek_obj_type == ""EmptyObject""","push == ""class java.lang.String""","pop == ""none""","clear == ""none""","size_p == ""0""",Yes
8193,1607885829837:7cba565b-8046-4ac5-a625-38d075f0cb9d,1607885829837:cb406bb8-02e2-4513-b171-6d6fbbe15c0d,"size == ""0""","isEmpty == ""True""","peek_obj_type == ""EmptyObject""","push == ""class java.lang.String""","pop == ""none""","clear == ""none""","size_p == ""0""",Yes
8194,1607885829837:7cba565b-8046-4ac5-a625-38d075f0cb9d,1607885829837:cb406bb8-02e2-4513-b171-6d6fbbe15c0d,"size == ""0""","isEmpty == ""True""","peek_obj_type == ""EmptyObject""","push == ""none""","pop == ""EmptyObject""","clear == ""none""","size_p == ""0""",No
8196,1607885829837:220c00bd-3340-49b8-a96a-7ad3129592e8,1607885829837:01995771-d77f-48b7-b030-575eb9d56909,"size == ""0""","isEmpty == ""True""","peek_obj_type == ""EmptyObject""","push == ""class java.lang.String""","pop == ""none""","clear == ""none""","size_p == ""0""",Yes
8197,1607885829837:220c00bd-3340-49b8-a96a-7ad3129592e8,1607885829837:01995771-d77f-48b7-b030-575eb9d56909,"size == ""0""","isEmpty == ""True""","peek_obj_type == ""EmptyObject""","push == ""none""","pop == ""EmptyObject""","clear == ""none""","size_p == ""0""",No
8199,1607885829836:1159172c-9514-4881-aab7-3eb9c425ceed,1607885829836:e5c82fb8-c078-435f-9b90-7d5572ad8262,"size == ""0""","isEmpty == ""True""","peek_obj_type == ""EmptyObject""","push == ""class java.lang.String""","pop == ""none""","clear == ""none""","size_p == ""0""",Yes
8200,1607885829836:1159172c-9514-4881-aab7-3eb9c425ceed,1607885829836:e5c82fb8-c078-435f-9b90-7d5572ad8262,"size == ""0""","isEmpty == ""True""","peek_obj_type == ""EmptyObject""","push == ""none""","pop == ""EmptyObject""","clear == ""none""","size_p == ""0""",No
8202,1607885829836:1159172c-9514-4881-aab7-3eb9c425ceed,1607885829836:270e6eb5-58fc-43cb-95df-3d9c89d8676f,"size == ""1""","isEmpty == ""False""","peek_obj_type == ""class java.lang.String""","push == ""none""","pop == ""none""","clear == ""clear""","size_p == ""0""",Yes
8203,1607885829836:1159172c-9514-4881-aab7-3eb9c425ceed,1607885829836:270e6eb5-58fc-43cb-95df-3d9c89d8676f,"size == ""1""","isEmpty == ""False""","peek_obj_type == ""class java.lang.String""","push == ""class java.lang.String""","pop == ""none""","clear == ""none""","size_p == ""1""",Yes
8204,1607885829836:1159172c-9514-4881-aab7-3eb9c425ceed,1607885829836:270e6eb5-58fc-43cb-95df-3d9c89d8676f,"size == ""2""","isEmpty == ""False""","peek_obj_type == ""class java.lang.String""","push == ""none""","pop == ""none""","clear == ""clear""","size_p == ""1""",Yes
8205,1607885829836:1159172c-9514-4881-aab7-3eb9c425ceed,1607885829836:270e6eb5-58fc-43cb-95df-3d9c89d8676f,"size == ""3""","isEmpty == ""False""","peek_obj_type == ""class java.lang.String""","push == ""none""","pop == ""none""","clear == ""clear""","size_p == ""2""",Yes
8206,1607885829836:1159172c-9514-4881-aab7-3eb9c425ceed,1607885829836:270e6eb5-58fc-43cb-95df-3d9c89d8676f,"size == ""4""","isEmpty == ""False""","peek_obj_type == ""class java.lang.String""","push == ""none""","pop == ""none""","clear == ""clear""","size_p == ""3""",Yes
8208,1607885829836:0d5dd195-9b55-48d5-96a7-6881a400d8c2,1607885829836:4add6e9e-fcdb-4706-a833-d4fa6d6a8338,"size == ""0""","isEmpty == ""True""","peek_obj_type == ""EmptyObject""","push == ""class java.lang.String""","pop == ""none""","clear == ""none""","size_p == ""0""",Yes
8209,1607885829836:0d5dd195-9b55-48d5-96a7-6881a400d8c2,1607885829836:4add6e9e-fcdb-4706-a833-d4fa6d6a8338,"size == ""0""","isEmpty == ""True""","peek_obj_type == ""EmptyObject""","push == ""none""","pop == ""EmptyObject""","clear == ""none""","size_p == ""0""",No
8211,1607885829834:f8b24a39-cad5-4112-b842-1eac1d9a4bc8,1607885829834:620a88d8-b636-4b58-bdcf-9f324800cdf2,"size == ""0""","isEmpty == ""True""","peek_obj_type == ""EmptyObject""","push == ""class java.lang.String""","pop == ""none""","clear == ""none""","size_p == ""0""",Yes
8212,1607885829834:f8b24a39-cad5-4112-b842-1eac1d9a4bc8,1607885829834:620a88d8-b636-4b58-bdcf-9f324800cdf2,"size == ""0""","isEmpty == ""True""","peek_obj_type == ""EmptyObject""","push == ""none""","pop == ""EmptyObject""","clear == ""none""","size_p == ""0""",No
8214,1607885829834:35bd36e7-73e8-4ba6-b193-e8b6649ee5f3,1607885829834:e27a28c6-e4fb-4a14-b6b3-2a4fd783e90e,"size == ""0""","isEmpty == ""True""","peek_obj_type == ""EmptyObject""","push == ""class java.lang.String""","pop == ""none""","clear == ""none""","size_p == ""0""",Yes
8215,1607885829834:35bd36e7-73e8-4ba6-b193-e8b6649ee5f3,1607885829834:e27a28c6-e4fb-4a14-b6b3-2a4fd783e90e,"size == ""0""","isEmpty == ""True""","peek_obj_type == ""EmptyObject""","push == ""none""","pop == ""EmptyObject""","clear == ""none""","size_p == ""0""",No
8217,1607885829834:16dc7a1f-93cd-43c1-9507-dc56a160ac4c,1607885829834:37d6424f-90e2-47dd-836d-54b72ef9c470,"size == ""0""","isEmpty == ""True""","peek_obj_type == ""EmptyObject""","push == ""class java.lang.String""","pop == ""none""","clear == ""none""","size_p == ""0""",Yes
8218,1607885829834:16dc7a1f-93cd-43c1-9507-dc56a160ac4c,1607885829834:37d6424f-90e2-47dd-836d-54b72ef9c470,"size == ""0""","isEmpty == ""True""","peek_obj_type == ""EmptyObject""","push == ""none""","pop == ""EmptyObject""","clear == ""none""","size_p == ""0""",No
8220,1607885829834:13f0db77-de98-4d7e-bcfd-f38b90ec7601,1607885829835:231fad1d-a7a6-43b3-a59f-f5c0d5cd5ba1,"size == ""0""","isEmpty == ""True""","peek_obj_type == ""EmptyObject""","push == ""class java.lang.String""","pop == ""none""","clear == ""none""","size_p == ""0""",Yes
8221,1607885829834:13f0db77-de98-4d7e-bcfd-f38b90ec7601,1607885829835:231fad1d-a7a6-43b3-a59f-f5c0d5cd5ba1,"size == ""0""","isEmpty == ""True""","peek_obj_type == ""EmptyObject""","push == ""none""","pop == ""EmptyObject""","clear == ""none""","size_p == ""0""",No
8223,1607885829834:13f0db77-de98-4d7e-bcfd-f38b90ec7601,1607885829834:65b98809-5d7b-4727-8560-3f7b1248a158,"size == ""1""","isEmpty == ""False""","peek_obj_type == ""class java.lang.String""","push == ""none""","pop == ""none""","clear == ""clear""","size_p == ""0""",Yes
8224,1607885829834:13f0db77-de98-4d7e-bcfd-f38b90ec7601,1607885829834:65b98809-5d7b-4727-8560-3f7b1248a158,"size == ""1""","isEmpty == ""False""","peek_obj_type == ""class java.lang.String""","push == ""class java.lang.String""","pop == ""none""","clear == ""none""","size_p == ""1""",Yes
8225,1607885829834:13f0db77-de98-4d7e-bcfd-f38b90ec7601,1607885829834:65b98809-5d7b-4727-8560-3f7b1248a158,"size == ""2""","isEmpty == ""False""","peek_obj_type == ""class java.lang.String""","push == ""none""","pop == ""none""","clear == ""clear""","size_p == ""1""",Yes
8226,1607885829834:13f0db77-de98-4d7e-bcfd-f38b90ec7601,1607885829834:65b98809-5d7b-4727-8560-3f7b1248a158,"size == ""3""","isEmpty == ""False""","peek_obj_type == ""class java.lang.String""","push == ""none""","pop == ""none""","clear == ""clear""","size_p == ""2""",Yes
8227,1607885829834:13f0db77-de98-4d7e-bcfd-f38b90ec7601,1607885829834:65b98809-5d7b-4727-8560-3f7b1248a158,"size == ""4""","isEmpty == ""False""","peek_obj_type == ""class java.lang.String""","push == ""none""","pop == ""none""","clear == ""clear""","size_p == ""3""",Yes
8229,1607885829833:aa16649c-647d-48f7-81a9-c9d36a3aff5d,1607885829833:772676b1-d78e-42a1-931a-c6a84956e55f,"size == ""0""","isEmpty == ""True""","peek_obj_type == ""EmptyObject""","push == ""class java.lang.String""","pop == ""none""","clear == ""none""","size_p == ""0""",Yes
8230,1607885829833:aa16649c-647d-48f7-81a9-c9d36a3aff5d,1607885829833:772676b1-d78e-42a1-931a-c6a84956e55f,"size == ""0""","isEmpty == ""True""","peek_obj_type == ""EmptyObject""","push == ""none""","pop == ""EmptyObject""","clear == ""none""","size_p == ""0""",No
8232,1607885829833:aa16649c-647d-48f7-81a9-c9d36a3aff5d,1607885829833:06ca9cc3-7434-4538-b25f-41be962f3bd3,"size == ""0""","isEmpty == ""True""","peek_obj_type == ""EmptyObject""","push == ""class java.lang.String""","pop == ""none""","clear == ""none""","size_p == ""0""",Yes
8234,1607885829833:5db69200-2324-4548-8c63-40108e444725,1607885829833:341df6e6-58a6-4ad9-a765-8fd6581c545c,"size == ""0""","isEmpty == ""True""","peek_obj_type == ""EmptyObject""","push == ""class java.lang.String""","pop == ""none""","clear == ""none""","size_p == ""0""",Yes
8235,1607885829833:5db69200-2324-4548-8c63-40108e444725,1607885829833:341df6e6-58a6-4ad9-a765-8fd6581c545c,"size == ""0""","isEmpty == ""True""","peek_obj_type == ""EmptyObject""","push == ""none""","pop == ""EmptyObject""","clear == ""none""","size_p == ""0""",No
8237,1607885829833:5db69200-2324-4548-8c63-40108e444725,1607885829833:2eb5299f-5fd4-4b20-a8c1-95262dd18a00,"size == ""0""","isEmpty == ""True""","peek_obj_type == ""EmptyObject""","push == ""class java.lang.String""","pop == ""none""","clear == ""none""","size_p == ""0""",Yes
8239,1607885829832:f4eb84df-c10a-4e5f-82ef-01091ec17333,1607885829832:fcd20815-40aa-400a-8802-94fb36d451c6,"size == ""0""","isEmpty == ""True""","peek_obj_type == ""EmptyObject""","push == ""class java.lang.String""","pop == ""none""","clear == ""none""","size_p == ""0""",Yes
8240,1607885829832:f4eb84df-c10a-4e5f-82ef-01091ec17333,1607885829832:fcd20815-40aa-400a-8802-94fb36d451c6,"size == ""0""","isEmpty == ""True""","peek_obj_type == ""EmptyObject""","push == ""none""","pop == ""EmptyObject""","clear == ""none""","size_p == ""0""",No
8242,1607885829832:c1f2149c-e89e-4e63-a287-69b677c34862,1607885829832:6117cc89-7589-4763-9337-e3bb0ee5fc0e,"size == ""0""","isEmpty == ""True""","peek_obj_type == ""EmptyObject""","push == ""class java.lang.String""","pop == ""none""","clear == ""none""","size_p == ""0""",Yes
8243,1607885829832:c1f2149c-e89e-4e63-a287-69b677c34862,1607885829832:6117cc89-7589-4763-9337-e3bb0ee5fc0e,"size == ""0""","isEmpty == ""True""","peek_obj_type == ""EmptyObject""","push == ""none""","pop == ""EmptyObject""","clear == ""none""","size_p == ""0""",No
8245,1607885829832:c1f2149c-e89e-4e63-a287-69b677c34862,1607885829832:36a508b6-6671-4de6-a4a2-7babbc7bc857,"size == ""1""","isEmpty == ""False""","peek_obj_type == ""class java.lang.String""","push == ""none""","pop == ""none""","clear == ""clear""","size_p == ""0""",Yes
8246,1607885829832:c1f2149c-e89e-4e63-a287-69b677c34862,1607885829832:36a508b6-6671-4de6-a4a2-7babbc7bc857,"size == ""1""","isEmpty == ""False""","peek_obj_type == ""class java.lang.String""","push == ""class java.lang.String""","pop == ""none""","clear == ""none""","size_p == ""1""",Yes
8247,1607885829832:c1f2149c-e89e-4e63-a287-69b677c34862,1607885829832:36a508b6-6671-4de6-a4a2-7babbc7bc857,"size == ""2""","isEmpty == ""False""","peek_obj_type == ""class java.lang.String""","push == ""none""","pop == ""none""","clear == ""clear""","size_p == ""1""",Yes
8248,1607885829832:c1f2149c-e89e-4e63-a287-69b677c34862,1607885829832:36a508b6-6671-4de6-a4a2-7babbc7bc857,"size == ""3""","isEmpty == ""False""","peek_obj_type == ""class java.lang.String""","push == ""none""","pop == ""none""","clear == ""clear""","size_p == ""2""",Yes
8249,1607885829832:c1f2149c-e89e-4e63-a287-69b677c34862,1607885829832:36a508b6-6671-4de6-a4a2-7babbc7bc857,"size == ""4""","isEmpty == ""False""","peek_obj_type == ""class java.lang.String""","push == ""none""","pop == ""none""","clear == ""clear""","size_p == ""3""",Yes
8251,1607885829831:f74b4f4a-3b40-4710-8d20-1fdcb9379214,1607885829831:cfafb394-b532-45f7-b406-2b698f5a44bd,"size == ""0""","isEmpty == ""True""","peek_obj_type == ""EmptyObject""","push == ""class java.lang.String""","pop == ""none""","clear == ""none""","size_p == ""0""",Yes
8252,1607885829831:f74b4f4a-3b40-4710-8d20-1fdcb9379214,1607885829831:cfafb394-b532-45f7-b406-2b698f5a44bd,"size == ""0""","isEmpty == ""True""","peek_obj_type == ""EmptyObject""","push == ""none""","pop == ""EmptyObject""","clear == ""none""","size_p == ""0""",No
8254,1607885829831:f74b4f4a-3b40-4710-8d20-1fdcb9379214,1607885829831:8438b279-0cdd-4ab2-8af5-8ea1fe006778,"size == ""1""","isEmpty == ""False""","peek_obj_type == ""class java.lang.String""","push == ""none""","pop == ""none""","clear == ""clear""","size_p == ""0""",Yes
8255,1607885829831:f74b4f4a-3b40-4710-8d20-1fdcb9379214,1607885829831:8438b279-0cdd-4ab2-8af5-8ea1fe006778,"size == ""1""","isEmpty == ""False""","peek_obj_type == ""class java.lang.String""","push == ""class java.lang.String""","pop == ""none""","clear == ""none""","size_p == ""1""",Yes
8256,1607885829831:f74b4f4a-3b40-4710-8d20-1fdcb9379214,1607885829831:8438b279-0cdd-4ab2-8af5-8ea1fe006778,"size == ""2""","isEmpty == ""False""","peek_obj_type == ""class java.lang.String""","push == ""none""","pop == ""none""","clear == ""clear""","size_p == ""1""",Yes
8257,1607885829831:f74b4f4a-3b40-4710-8d20-1fdcb9379214,1607885829831:8438b279-0cdd-4ab2-8af5-8ea1fe006778,"size == ""3""","isEmpty == ""False""","peek_obj_type == ""class java.lang.String""","push == ""none""","pop == ""none""","clear == ""clear""","size_p == ""2""",Yes
8258,1607885829831:f74b4f4a-3b40-4710-8d20-1fdcb9379214,1607885829831:8438b279-0cdd-4ab2-8af5-8ea1fe006778,"size == ""4""","isEmpty == ""False""","peek_obj_type == ""class java.lang.String""","push == ""none""","pop == ""none""","clear == ""clear""","size_p == ""3""",Yes
8260,1607885829831:d0c36a5a-696e-4b6c-b47a-4e3a883988a4,1607885829831:df94fec8-6731-4521-a2c2-6e7f0750c08c,"size == ""0""","isEmpty == ""True""","peek_obj_type == ""EmptyObject""","push == ""class java.lang.String""","pop == ""none""","clear == ""none""","size_p == ""0""",Yes
8261,1607885829831:d0c36a5a-696e-4b6c-b47a-4e3a883988a4,1607885829831:df94fec8-6731-4521-a2c2-6e7f0750c08c,"size == ""0""","isEmpty == ""True""","peek_obj_type == ""EmptyObject""","push == ""none""","pop == ""EmptyObject""","clear == ""none""","size_p == ""0""",No
8263,1607885829831:a61bf287-ba4e-41f9-9201-75337d0927da,1607885829831:3b3b9e2d-ab0a-4f27-af79-8e8a3f235615,"size == ""0""","isEmpty == ""True""","peek_obj_type == ""EmptyObject""","push == ""class java.lang.String""","pop == ""none""","clear == ""none""","size_p == ""0""",Yes
8264,1607885829831:a61bf287-ba4e-41f9-9201-75337d0927da,1607885829831:3b3b9e2d-ab0a-4f27-af79-8e8a3f235615,"size == ""0""","isEmpty == ""True""","peek_obj_type == ""EmptyObject""","push == ""none""","pop == ""EmptyObject""","clear == ""none""","size_p == ""0""",No
8266,1607885829831:4a4b9d0f-5ab4-441b-8f66-f381a4562a77,1607885829831:efa77c76-e44f-46dc-8534-582a0a7f1ae5,"size == ""0""","isEmpty == ""True""","peek_obj_type == ""EmptyObject""","push == ""class java.lang.String""","pop == ""none""","clear == ""none""","size_p == ""0""",Yes
8267,1607885829831:4a4b9d0f-5ab4-441b-8f66-f381a4562a77,1607885829831:efa77c76-e44f-46dc-8534-582a0a7f1ae5,"size == ""0""","isEmpty == ""True""","peek_obj_type == ""EmptyObject""","push == ""none""","pop == ""EmptyObject""","clear == ""none""","size_p == ""0""",No
8269,1607885829831:4a4b9d0f-5ab4-441b-8f66-f381a4562a77,1607885829831:58972ce1-49bf-40a7-a523-4f58c9d04b1c,"size == ""0""","isEmpty == ""True""","peek_obj_type == ""EmptyObject""","push == ""class java.lang.String""","pop == ""none""","clear == ""none""","size_p == ""0""",Yes
8271,1607885829831:2dab3b14-345d-48bc-9ce6-6b9fb8d29c04,1607885829831:138c19f0-03e7-4a21-83d4-b57376224800,"size == ""0""","isEmpty == ""True""","peek_obj_type == ""EmptyObject""","push == ""class java.lang.String""","pop == ""none""","clear == ""none""","size_p == ""0""",Yes
8272,1607885829831:2dab3b14-345d-48bc-9ce6-6b9fb8d29c04,1607885829831:138c19f0-03e7-4a21-83d4-b57376224800,"size == ""0""","isEmpty == ""True""","peek_obj_type == ""EmptyObject""","push == ""none""","pop == ""EmptyObject""","clear == ""none""","size_p == ""0""",No
8274,1607885829831:0b2326c1-6d4b-463c-a09e-b3f6cee2a8e2,1607885829831:6acd5daf-254a-43e4-8b60-8442d81d8d9d,"size == ""0""","isEmpty == ""True""","peek_obj_type == ""EmptyObject""","push == ""class java.lang.String""","pop == ""none""","clear == ""none""","size_p == ""0""",Yes
8275,1607885829831:0b2326c1-6d4b-463c-a09e-b3f6cee2a8e2,1607885829831:6acd5daf-254a-43e4-8b60-8442d81d8d9d,"size == ""0""","isEmpty == ""True""","peek_obj_type == ""EmptyObject""","push == ""none""","pop == ""EmptyObject""","clear == ""none""","size_p == ""0""",No
8277,1607885829830:4ce024e4-96f0-4d99-9941-bfefdf9c8b15,1607885829830:f8e81989-b123-4c07-8018-e3521108da6b,"size == ""0""","isEmpty == ""True""","peek_obj_type == ""EmptyObject""","push == ""class java.lang.String""","pop == ""none""","clear == ""none""","size_p == ""0""",Yes
8278,1607885829830:4ce024e4-96f0-4d99-9941-bfefdf9c8b15,1607885829830:f8e81989-b123-4c07-8018-e3521108da6b,"size == ""0""","isEmpty == ""True""","peek_obj_type == ""EmptyObject""","push == ""none""","pop == ""EmptyObject""","clear == ""none""","size_p == ""0""",No
8280,1607885829830:4ce024e4-96f0-4d99-9941-bfefdf9c8b15,1607885829830:59829d64-a320-4a39-a0e3-6d09c6ff8a54,"size == ""0""","isEmpty == ""True""","peek_obj_type == ""EmptyObject""","push == ""class java.lang.String""","pop == ""none""","clear == ""none""","size_p == ""0""",Yes
8281,1607885829830:4ce024e4-96f0-4d99-9941-bfefdf9c8b15,1607885829830:59829d64-a320-4a39-a0e3-6d09c6ff8a54,"size == ""0""","isEmpty == ""True""","peek_obj_type == ""EmptyObject""","push == ""class java.lang.String""","pop == ""none""","clear == ""none""","size_p == ""0""",Yes
8283,1607885829829:d1a73f5b-12c9-453f-8243-91b1d546c1ab,1607885829829:a8dfdc4c-3c34-4bb2-8d32-6e06e24210f8,"size == ""0""","isEmpty == ""True""","peek_obj_type == ""EmptyObject""","push == ""class java.lang.String""","pop == ""none""","clear == ""none""","size_p == ""0""",Yes
8284,1607885829829:d1a73f5b-12c9-453f-8243-91b1d546c1ab,1607885829829:a8dfdc4c-3c34-4bb2-8d32-6e06e24210f8,"size == ""0""","isEmpty == ""True""","peek_obj_type == ""EmptyObject""","push == ""none""","pop == ""EmptyObject""","clear == ""none""","size_p == ""0""",No
8286,1607885829829:aeec78b3-1013-4061-873c-28d2bbc42825,1607885829829:f244cd47-9b5b-4e80-a5c5-f13f63c988dd,"size == ""1""","isEmpty == ""False""","peek_obj_type == ""class java.lang.String""","push == ""none""","pop == ""none""","clear == ""clear""","size_p == ""0""",Yes
8287,1607885829829:aeec78b3-1013-4061-873c-28d2bbc42825,1607885829829:f244cd47-9b5b-4e80-a5c5-f13f63c988dd,"size == ""1""","isEmpty == ""False""","peek_obj_type == ""class java.lang.String""","push == ""class java.lang.String""","pop == ""none""","clear == ""none""","size_p == ""1""",Yes
8288,1607885829829:aeec78b3-1013-4061-873c-28d2bbc42825,1607885829829:f244cd47-9b5b-4e80-a5c5-f13f63c988dd,"size == ""2""","isEmpty == ""False""","peek_obj_type == ""class java.lang.String""","push == ""none""","pop == ""none""","clear == ""clear""","size_p == ""1""",Yes
8289,1607885829829:aeec78b3-1013-4061-873c-28d2bbc42825,1607885829829:f244cd47-9b5b-4e80-a5c5-f13f63c988dd,"size == ""3""","isEmpty == ""False""","peek_obj_type == ""class java.lang.String""","push == ""none""","pop == ""none""","clear == ""clear""","size_p == ""2""",Yes
8290,1607885829829:aeec78b3-1013-4061-873c-28d2bbc42825,1607885829829:f244cd47-9b5b-4e80-a5c5-f13f63c988dd,"size == ""4""","isEmpty == ""False""","peek_obj_type == ""class java.lang.String""","push == ""none""","pop == ""none""","clear == ""clear""","size_p == ""3""",Yes
8292,1607885829829:aeec78b3-1013-4061-873c-28d2bbc42825,1607885829829:d42d8097-da4a-4d07-b229-3176a7feef76,"size == ""0""","isEmpty == ""True""","peek_obj_type == ""EmptyObject""","push == ""class java.lang.String""","pop == ""none""","clear == ""none""","size_p == ""0""",Yes
8293,1607885829829:aeec78b3-1013-4061-873c-28d2bbc42825,1607885829829:d42d8097-da4a-4d07-b229-3176a7feef76,"size == ""0""","isEmpty == ""True""","peek_obj_type == ""EmptyObject""","push == ""none""","pop == ""EmptyObject""","clear == ""none""","size_p == ""0""",No
8295,1607885829829:9f35cd75-a077-4345-96a8-ff1937dc9327,1607885829829:2c3ad1ba-a062-4150-8097-6b51684ac879,"size == ""0""","isEmpty == ""True""","peek_obj_type == ""EmptyObject""","push == ""class java.lang.String""","pop == ""none""","clear == ""none""","size_p == ""0""",Yes
8296,1607885829829:9f35cd75-a077-4345-96a8-ff1937dc9327,1607885829829:2c3ad1ba-a062-4150-8097-6b51684ac879,"size == ""0""","isEmpty == ""True""","peek_obj_type == ""EmptyObject""","push == ""none""","pop == ""EmptyObject""","clear == ""none""","size_p == ""0""",No
8298,1607885829829:73b59d91-2f04-4085-9655-1fca74fe9e52,1607885829829:c89a1301-f533-467e-b8b8-608dfe5e8dbe,"size == ""0""","isEmpty == ""True""","peek_obj_type == ""EmptyObject""","push == ""class java.lang.String""","pop == ""none""","clear == ""none""","size_p == ""0""",Yes
8299,1607885829829:73b59d91-2f04-4085-9655-1fca74fe9e52,1607885829829:c89a1301-f533-467e-b8b8-608dfe5e8dbe,"size == ""0""","isEmpty == ""True""","peek_obj_type == ""EmptyObject""","push == ""none""","pop == ""EmptyObject""","clear == ""none""","size_p == ""0""",No
8301,1607885829829:73b59d91-2f04-4085-9655-1fca74fe9e52,1607885829829:7613058e-fe0e-44c4-9c62-675d21df477f,"size == ""0""","isEmpty == ""True""","peek_obj_type == ""EmptyObject""","push == ""class java.lang.String""","pop == ""none""","clear == ""none""","size_p == ""0""",Yes
8303,1607885829829:06553d1d-8cca-401a-9b81-623cb3701826,1607885829829:4cbcdd87-419f-4d89-b033-57fea95cb8ad,"size == ""0""","isEmpty == ""True""","peek_obj_type == ""EmptyObject""","push == ""class java.lang.String""","pop == ""none""","clear == ""none""","size_p == ""0""",Yes
8304,1607885829829:06553d1d-8cca-401a-9b81-623cb3701826,1607885829829:4cbcdd87-419f-4d89-b033-57fea95cb8ad,"size == ""0""","isEmpty == ""True""","peek_obj_type == ""EmptyObject""","push == ""none""","pop == ""EmptyObject""","clear == ""none""","size_p == ""0""",No
8306,1607885829828:8ed34497-c192-4bd5-b487-817074d11075,1607885829828:d9ce00b8-ee32-49a3-acb5-1711b7312e91,"size == ""0""","isEmpty == ""True""","peek_obj_type == ""EmptyObject""","push == ""class java.lang.String""","pop == ""none""","clear == ""none""","size_p == ""0""",Yes
8307,1607885829828:8ed34497-c192-4bd5-b487-817074d11075,1607885829828:d9ce00b8-ee32-49a3-acb5-1711b7312e91,"size == ""0""","isEmpty == ""True""","peek_obj_type == ""EmptyObject""","push == ""none""","pop == ""EmptyObject""","clear == ""none""","size_p == ""0""",No
8310,1607885829828:8ed34497-c192-4bd5-b487-817074d11075,1607885829828:16b90a8c-1e43-4ef3-83cc-a8c145b7e6d2,"size == ""0""","isEmpty == ""True""","peek_obj_type == ""EmptyObject""","push == ""class java.lang.String""","pop == ""none""","clear == ""none""","size_p == ""0""",Yes
8312,1607885829828:70f624cb-cd35-42ae-aa80-f5d6ea8ecb75,1607885829828:efdb62bb-350f-4915-94a7-403d7a38c10a,"size == ""0""","isEmpty == ""True""","peek_obj_type == ""EmptyObject""","push == ""class java.lang.String""","pop == ""none""","clear == ""none""","size_p == ""0""",Yes
8313,1607885829828:70f624cb-cd35-42ae-aa80-f5d6ea8ecb75,1607885829828:efdb62bb-350f-4915-94a7-403d7a38c10a,"size == ""0""","isEmpty == ""True""","peek_obj_type == ""EmptyObject""","push == ""none""","pop == ""EmptyObject""","clear == ""none""","size_p == ""0""",No
8315,1607885829828:65f09ed0-7ae5-426d-b9ce-ce47c1f25679,1607885829828:6bcd7bc4-2bf5-4797-ae15-d434609caeb4,"size == ""0""","isEmpty == ""True""","peek_obj_type == ""EmptyObject""","push == ""class java.lang.String""","pop == ""none""","clear == ""none""","size_p == ""0""",Yes
8316,1607885829828:65f09ed0-7ae5-426d-b9ce-ce47c1f25679,1607885829828:6bcd7bc4-2bf5-4797-ae15-d434609caeb4,"size == ""0""","isEmpty == ""True""","peek_obj_type == ""EmptyObject""","push == ""none""","pop == ""EmptyObject""","clear == ""none""","size_p == ""0""",No
8318,1607885829828:61197bc7-c300-4875-93bf-d3db847bb5d9,1607885829828:4b794e12-85fd-439d-ac1b-820fdbd66939,"size == ""0""","isEmpty == ""True""","peek_obj_type == ""EmptyObject""","push == ""class java.lang.String""","pop == ""none""","clear == ""none""","size_p == ""0""",Yes
8319,1607885829828:61197bc7-c300-4875-93bf-d3db847bb5d9,1607885829828:4b794e12-85fd-439d-ac1b-820fdbd66939,"size == ""0""","isEmpty == ""True""","peek_obj_type == ""EmptyObject""","push == ""none""","pop == ""EmptyObject""","clear == ""none""","size_p == ""0""",No
8321,1607885829828:4d17e76b-3f6e-4be7-886d-470d4218f2b4,1607885829828:8c8426d4-6a17-498a-b6e8-d14da6fe5b54,"size == ""0""","isEmpty == ""True""","peek_obj_type == ""EmptyObject""","push == ""class java.lang.String""","pop == ""none""","clear == ""none""","size_p == ""0""",Yes
8322,1607885829828:4d17e76b-3f6e-4be7-886d-470d4218f2b4,1607885829828:8c8426d4-6a17-498a-b6e8-d14da6fe5b54,"size == ""0""","isEmpty == ""True""","peek_obj_type == ""EmptyObject""","push == ""none""","pop == ""EmptyObject""","clear == ""none""","size_p == ""0""",No
8324,1607885829828:46121b22-c27d-4408-be82-5f3773c793ec,1607885829828:26a2097c-1d05-427e-9b7d-2e62af3f895c,"size == ""0""","isEmpty == ""True""","peek_obj_type == ""EmptyObject""","push == ""class java.lang.String""","pop == ""none""","clear == ""none""","size_p == ""0""",Yes
8325,1607885829828:46121b22-c27d-4408-be82-5f3773c793ec,1607885829828:26a2097c-1d05-427e-9b7d-2e62af3f895c,"size == ""0""","isEmpty == ""True""","peek_obj_type == ""EmptyObject""","push == ""none""","pop == ""EmptyObject""","clear == ""none""","size_p == ""0""",No
8327,1607885829827:fa197045-39cd-494b-be31-6355d07cde98,1607885829828:039623ae-3015-4d21-876c-14cf0748ffc2,"size == ""0""","isEmpty == ""True""","peek_obj_type == ""EmptyObject""","push == ""class java.lang.String""","pop == ""none""","clear == ""none""","size_p == ""0""",Yes
8328,1607885829827:fa197045-39cd-494b-be31-6355d07cde98,1607885829828:039623ae-3015-4d21-876c-14cf0748ffc2,"size == ""0""","isEmpty == ""True""","peek_obj_type == ""EmptyObject""","push == ""none""","pop == ""EmptyObject""","clear == ""none""","size_p == ""0""",No
8330,1607885829827:fa197045-39cd-494b-be31-6355d07cde98,1607885829827:31a50a2a-6478-4fdb-9f9e-c31613ef31a3,"size == ""1""","isEmpty == ""False""","peek_obj_type == ""class java.lang.String""","push == ""none""","pop == ""none""","clear == ""clear""","size_p == ""0""",Yes
8331,1607885829827:fa197045-39cd-494b-be31-6355d07cde98,1607885829827:31a50a2a-6478-4fdb-9f9e-c31613ef31a3,"size == ""1""","isEmpty == ""False""","peek_obj_type == ""class java.lang.String""","push == ""class java.lang.String""","pop == ""none""","clear == ""none""","size_p == ""1""",Yes
8332,1607885829827:fa197045-39cd-494b-be31-6355d07cde98,1607885829827:31a50a2a-6478-4fdb-9f9e-c31613ef31a3,"size == ""2""","isEmpty == ""False""","peek_obj_type == ""class java.lang.String""","push == ""none""","pop == ""none""","clear == ""clear""","size_p == ""1""",Yes
8333,1607885829827:fa197045-39cd-494b-be31-6355d07cde98,1607885829827:31a50a2a-6478-4fdb-9f9e-c31613ef31a3,"size == ""3""","isEmpty == ""False""","peek_obj_type == ""class java.lang.String""","push == ""none""","pop == ""none""","clear == ""clear""","size_p == ""2""",Yes
8334,1607885829827:fa197045-39cd-494b-be31-6355d07cde98,1607885829827:31a50a2a-6478-4fdb-9f9e-c31613ef31a3,"size == ""4""","isEmpty == ""False""","peek_obj_type == ""class java.lang.String""","push == ""none""","pop == ""none""","clear == ""clear""","size_p == ""3""",Yes
8336,1607885829827:a76e93d8-5986-4a4b-8d8c-7bf137e49d49,1607885829827:2ad1464e-8d51-4ef2-a533-d9a529ccb02e,"size == ""1""","isEmpty == ""False""","peek_obj_type == ""class java.lang.String""","push == ""none""","pop == ""none""","clear == ""clear""","size_p == ""0""",Yes
8337,1607885829827:a76e93d8-5986-4a4b-8d8c-7bf137e49d49,1607885829827:2ad1464e-8d51-4ef2-a533-d9a529ccb02e,"size == ""1""","isEmpty == ""False""","peek_obj_type == ""class java.lang.String""","push == ""class java.lang.String""","pop == ""none""","clear == ""none""","size_p == ""1""",Yes
8338,1607885829827:a76e93d8-5986-4a4b-8d8c-7bf137e49d49,1607885829827:2ad1464e-8d51-4ef2-a533-d9a529ccb02e,"size == ""2""","isEmpty == ""False""","peek_obj_type == ""class java.lang.String""","push == ""none""","pop == ""none""","clear == ""clear""","size_p == ""1""",Yes
8339,1607885829827:a76e93d8-5986-4a4b-8d8c-7bf137e49d49,1607885829827:2ad1464e-8d51-4ef2-a533-d9a529ccb02e,"size == ""3""","isEmpty == ""False""","peek_obj_type == ""class java.lang.String""","push == ""none""","pop == ""none""","clear == ""clear""","size_p == ""2""",Yes
8340,1607885829827:a76e93d8-5986-4a4b-8d8c-7bf137e49d49,1607885829827:2ad1464e-8d51-4ef2-a533-d9a529ccb02e,"size == ""4""","isEmpty == ""False""","peek_obj_type == ""class java.lang.String""","push == ""none""","pop == ""none""","clear == ""clear""","size_p == ""3""",Yes
8342,1607885829827:a76e93d8-5986-4a4b-8d8c-7bf137e49d49,1607885829827:28458b70-78d1-49c9-85b3-5d9720f990f1,"size == ""0""","isEmpty == ""True""","peek_obj_type == ""EmptyObject""","push == ""class java.lang.String""","pop == ""none""","clear == ""none""","size_p == ""0""",Yes
8343,1607885829827:a76e93d8-5986-4a4b-8d8c-7bf137e49d49,1607885829827:28458b70-78d1-49c9-85b3-5d9720f990f1,"size == ""0""","isEmpty == ""True""","peek_obj_type == ""EmptyObject""","push == ""none""","pop == ""EmptyObject""","clear == ""none""","size_p == ""0""",No
8345,1607885829827:803069db-fbd3-4818-8814-9ba380a62998,1607885829827:954136c7-2732-4412-a44c-db6dc6207979,"size == ""0""","isEmpty == ""True""","peek_obj_type == ""EmptyObject""","push == ""class java.lang.String""","pop == ""none""","clear == ""none""","size_p == ""0""",Yes
8347,1607885829827:803069db-fbd3-4818-8814-9ba380a62998,1607885829827:118fee7c-420b-4e40-b87f-9965d9dc0ae1,"size == ""0""","isEmpty == ""True""","peek_obj_type == ""EmptyObject""","push == ""class java.lang.String""","pop == ""none""","clear == ""none""","size_p == ""0""",Yes
8348,1607885829827:803069db-fbd3-4818-8814-9ba380a62998,1607885829827:118fee7c-420b-4e40-b87f-9965d9dc0ae1,"size == ""0""","isEmpty == ""True""","peek_obj_type == ""EmptyObject""","push == ""none""","pop == ""EmptyObject""","clear == ""none""","size_p == ""0""",No
8350,1607885829827:71fa527d-d4e9-4f08-95b9-d51dd4b680ff,1607885829827:3c78ef59-baf9-4671-aefe-52907df8332b,"size == ""0""","isEmpty == ""True""","peek_obj_type == ""EmptyObject""","push == ""class java.lang.String""","pop == ""none""","clear == ""none""","size_p == ""0""",Yes
8351,1607885829827:71fa527d-d4e9-4f08-95b9-d51dd4b680ff,1607885829827:3c78ef59-baf9-4671-aefe-52907df8332b,"size == ""0""","isEmpty == ""True""","peek_obj_type == ""EmptyObject""","push == ""none""","pop == ""EmptyObject""","clear == ""none""","size_p == ""0""",No
8353,1607885829827:63a40c13-fd3b-4d7b-8b05-1e5675e7784f,1607885829827:fc8aacdc-17d9-4e79-bfc5-4152ce974ce0,"size == ""0""","isEmpty == ""True""","peek_obj_type == ""EmptyObject""","push == ""class java.lang.String""","pop == ""none""","clear == ""none""","size_p == ""0""",Yes
8354,1607885829827:63a40c13-fd3b-4d7b-8b05-1e5675e7784f,1607885829827:fc8aacdc-17d9-4e79-bfc5-4152ce974ce0,"size == ""0""","isEmpty == ""True""","peek_obj_type == ""EmptyObject""","push == ""none""","pop == ""EmptyObject""","clear == ""none""","size_p == ""0""",No
8356,1607885829827:63a40c13-fd3b-4d7b-8b05-1e5675e7784f,1607885829827:9e284f34-7c3f-40f3-8dae-c647ebec865c,"size == ""0""","isEmpty == ""True""","peek_obj_type == ""EmptyObject""","push == ""class java.lang.String""","pop == ""none""","clear == ""none""","size_p == ""0""",Yes
8357,1607885829827:63a40c13-fd3b-4d7b-8b05-1e5675e7784f,1607885829827:9e284f34-7c3f-40f3-8dae-c647ebec865c,"size == ""0""","isEmpty == ""True""","peek_obj_type == ""EmptyObject""","push == ""class java.lang.String""","pop == ""none""","clear == ""none""","size_p == ""0""",Yes
8359,1607885829827:39f3ad2a-e866-471d-912a-8f7c6ef49ecb,1607885829827:2b85629d-80cf-4be0-8ee7-56294e080c1f,"size == ""0""","isEmpty == ""True""","peek_obj_type == ""EmptyObject""","push == ""class java.lang.String""","pop == ""none""","clear == ""none""","size_p == ""0""",Yes
8360,1607885829827:39f3ad2a-e866-471d-912a-8f7c6ef49ecb,1607885829827:2b85629d-80cf-4be0-8ee7-56294e080c1f,"size == ""0""","isEmpty == ""True""","peek_obj_type == ""EmptyObject""","push == ""none""","pop == ""EmptyObject""","clear == ""none""","size_p == ""0""",No
8362,1607885829826:e266d514-2d6e-4b5e-a279-8839f62549a7,1607885829826:762a96e5-a8a9-4231-a51c-f1134875a92d,"size == ""1""","isEmpty == ""False""","peek_obj_type == ""class java.lang.String""","push == ""none""","pop == ""none""","clear == ""clear""","size_p == ""0""",Yes
8363,1607885829826:e266d514-2d6e-4b5e-a279-8839f62549a7,1607885829826:762a96e5-a8a9-4231-a51c-f1134875a92d,"size == ""1""","isEmpty == ""False""","peek_obj_type == ""class java.lang.String""","push == ""class java.lang.String""","pop == ""none""","clear == ""none""","size_p == ""1""",Yes
8364,1607885829826:e266d514-2d6e-4b5e-a279-8839f62549a7,1607885829826:762a96e5-a8a9-4231-a51c-f1134875a92d,"size == ""0""","isEmpty == ""True""","peek_obj_type == ""EmptyObject""","push == ""none""","pop == ""EmptyObject""","clear == ""none""","size_p == ""1""",No
8365,1607885829826:e266d514-2d6e-4b5e-a279-8839f62549a7,1607885829826:762a96e5-a8a9-4231-a51c-f1134875a92d,"size == ""1""","isEmpty == ""False""","peek_obj_type == ""class java.lang.String""","push == ""none""","pop == ""none""","clear == ""clear""","size_p == ""0""",Yes
8367,1607885829826:e266d514-2d6e-4b5e-a279-8839f62549a7,1607885829826:72bf03cb-5dff-4cc5-824e-2089d6e1fadf,"size == ""0""","isEmpty == ""True""","peek_obj_type == ""EmptyObject""","push == ""class java.lang.String""","pop == ""none""","clear == ""none""","size_p == ""0""",Yes
8368,1607885829826:e266d514-2d6e-4b5e-a279-8839f62549a7,1607885829826:72bf03cb-5dff-4cc5-824e-2089d6e1fadf,"size == ""0""","isEmpty == ""True""","peek_obj_type == ""EmptyObject""","push == ""none""","pop == ""EmptyObject""","clear == ""none""","size_p == ""0""",No
8370,1607885829826:ccf73131-0ebe-4a83-a6cd-208bd2ca10ae,1607885829826:e47c3bcd-57a3-4c13-b73a-5f10cd17291e,"size == ""0""","isEmpty == ""True""","peek_obj_type == ""EmptyObject""","push == ""class java.lang.String""","pop == ""none""","clear == ""none""","size_p == ""0""",Yes
8371,1607885829826:ccf73131-0ebe-4a83-a6cd-208bd2ca10ae,1607885829826:e47c3bcd-57a3-4c13-b73a-5f10cd17291e,"size == ""0""","isEmpty == ""True""","peek_obj_type == ""EmptyObject""","push == ""none""","pop == ""EmptyObject""","clear == ""none""","size_p == ""0""",No
8373,1607885829826:b68a13be-6096-4a42-a3c1-8c20e59c4036,1607885829826:368e75c3-17d2-40d7-a0d7-66177d0151ae,"size == ""0""","isEmpty == ""True""","peek_obj_type == ""EmptyObject""","push == ""class java.lang.String""","pop == ""none""","clear == ""none""","size_p == ""0""",Yes
8374,1607885829826:b68a13be-6096-4a42-a3c1-8c20e59c4036,1607885829826:368e75c3-17d2-40d7-a0d7-66177d0151ae,"size == ""0""","isEmpty == ""True""","peek_obj_type == ""EmptyObject""","push == ""none""","pop == ""EmptyObject""","clear == ""none""","size_p == ""0""",No
8376,1607885829826:37b18f0b-675e-44f9-b7a7-9e5dd3336bdb,1607885829826:71be49b8-0fc6-4fac-862e-1335d132a4fb,"size == ""0""","isEmpty == ""True""","peek_obj_type == ""EmptyObject""","push == ""class java.lang.String""","pop == ""none""","clear == ""none""","size_p == ""0""",Yes
8377,1607885829826:37b18f0b-675e-44f9-b7a7-9e5dd3336bdb,1607885829826:71be49b8-0fc6-4fac-862e-1335d132a4fb,"size == ""0""","isEmpty == ""True""","peek_obj_type == ""EmptyObject""","push == ""none""","pop == ""EmptyObject""","clear == ""none""","size_p == ""0""",No
8379,1607885829826:33acbd43-adf8-4616-922b-31ef39765d70,1607885829826:88cbb03d-0a30-41d4-a06f-0918f4c1dbf2,"size == ""0""","isEmpty == ""True""","peek_obj_type == ""EmptyObject""","push == ""class java.lang.String""","pop == ""none""","clear == ""none""","size_p == ""0""",Yes
8380,1607885829826:33acbd43-adf8-4616-922b-31ef39765d70,1607885829826:88cbb03d-0a30-41d4-a06f-0918f4c1dbf2,"size == ""0""","isEmpty == ""True""","peek_obj_type == ""EmptyObject""","push == ""none""","pop == ""EmptyObject""","clear == ""none""","size_p == ""0""",No
8382,1607885829826:33acbd43-adf8-4616-922b-31ef39765d70,1607885829826:301b6ed5-2b2e-44f9-b4e9-d33713b045a0,"size == ""1""","isEmpty == ""False""","peek_obj_type == ""class java.lang.String""","push == ""none""","pop == ""none""","clear == ""clear""","size_p == ""0""",Yes
8383,1607885829826:33acbd43-adf8-4616-922b-31ef39765d70,1607885829826:301b6ed5-2b2e-44f9-b4e9-d33713b045a0,"size == ""1""","isEmpty == ""False""","peek_obj_type == ""class java.lang.String""","push == ""class java.lang.String""","pop == ""none""","clear == ""none""","size_p == ""1""",Yes
8384,1607885829826:33acbd43-adf8-4616-922b-31ef39765d70,1607885829826:301b6ed5-2b2e-44f9-b4e9-d33713b045a0,"size == ""2""","isEmpty == ""False""","peek_obj_type == ""class java.lang.String""","push == ""none""","pop == ""none""","clear == ""clear""","size_p == ""1""",Yes
8385,1607885829826:33acbd43-adf8-4616-922b-31ef39765d70,1607885829826:301b6ed5-2b2e-44f9-b4e9-d33713b045a0,"size == ""3""","isEmpty == ""False""","peek_obj_type == ""class java.lang.String""","push == ""none""","pop == ""none""","clear == ""clear""","size_p == ""2""",Yes
8386,1607885829826:33acbd43-adf8-4616-922b-31ef39765d70,1607885829826:301b6ed5-2b2e-44f9-b4e9-d33713b045a0,"size == ""4""","isEmpty == ""False""","peek_obj_type == ""class java.lang.String""","push == ""none""","pop == ""none""","clear == ""clear""","size_p == ""3""",Yes
8388,1607885829826:1e1aa10e-8d92-4b53-8553-93f629991026,1607885829826:7ca37d8d-fc68-4f2d-8470-33f96363a46b,"size == ""0""","isEmpty == ""True""","peek_obj_type == ""EmptyObject""","push == ""class java.lang.String""","pop == ""none""","clear == ""none""","size_p == ""0""",Yes
8389,1607885829826:1e1aa10e-8d92-4b53-8553-93f629991026,1607885829826:7ca37d8d-fc68-4f2d-8470-33f96363a46b,"size == ""0""","isEmpty == ""True""","peek_obj_type == ""EmptyObject""","push == ""none""","pop == ""EmptyObject""","clear == ""none""","size_p == ""0""",No
8391,1607885829826:1e1aa10e-8d92-4b53-8553-93f629991026,1607885829826:0f68babe-2ae0-4cab-a1a6-b0f9730193e5,"size == ""1""","isEmpty == ""False""","peek_obj_type == ""class java.lang.String""","push == ""none""","pop == ""none""","clear == ""clear""","size_p == ""0""",Yes
8392,1607885829826:1e1aa10e-8d92-4b53-8553-93f629991026,1607885829826:0f68babe-2ae0-4cab-a1a6-b0f9730193e5,"size == ""1""","isEmpty == ""False""","peek_obj_type == ""class java.lang.String""","push == ""class java.lang.String""","pop == ""none""","clear == ""none""","size_p == ""1""",Yes
8393,1607885829826:1e1aa10e-8d92-4b53-8553-93f629991026,1607885829826:0f68babe-2ae0-4cab-a1a6-b0f9730193e5,"size == ""2""","isEmpty == ""False""","peek_obj_type == ""class java.lang.String""","push == ""none""","pop == ""none""","clear == ""clear""","size_p == ""1""",Yes
8394,1607885829826:1e1aa10e-8d92-4b53-8553-93f629991026,1607885829826:0f68babe-2ae0-4cab-a1a6-b0f9730193e5,"size == ""3""","isEmpty == ""False""","peek_obj_type == ""class java.lang.String""","push == ""none""","pop == ""none""","clear == ""clear""","size_p == ""2""",Yes
8395,1607885829826:1e1aa10e-8d92-4b53-8553-93f629991026,1607885829826:0f68babe-2ae0-4cab-a1a6-b0f9730193e5,"size == ""4""","isEmpty == ""False""","peek_obj_type == ""class java.lang.String""","push == ""none""","pop == ""none""","clear == ""clear""","size_p == ""3""",Yes
8397,1607885829825:cefe4b5e-e1fe-4e5e-86db-5a2d9b215e58,1607885829825:d9313326-e591-41c9-bd24-de3b1e012d0b,"size == ""0""","isEmpty == ""True""","peek_obj_type == ""EmptyObject""","push == ""class java.lang.String""","pop == ""none""","clear == ""none""","size_p == ""0""",Yes
8398,1607885829825:cefe4b5e-e1fe-4e5e-86db-5a2d9b215e58,1607885829825:d9313326-e591-41c9-bd24-de3b1e012d0b,"size == ""0""","isEmpty == ""True""","peek_obj_type == ""EmptyObject""","push == ""class java.lang.String""","pop == ""none""","clear == ""none""","size_p == ""0""",Yes
8400,1607885829825:cefe4b5e-e1fe-4e5e-86db-5a2d9b215e58,1607885829825:7cf55d24-9969-4de8-a8e7-4ca8dfe10836,"size == ""0""","isEmpty == ""True""","peek_obj_type == ""EmptyObject""","push == ""class java.lang.String""","pop == ""none""","clear == ""none""","size_p == ""0""",Yes
8401,1607885829825:cefe4b5e-e1fe-4e5e-86db-5a2d9b215e58,1607885829825:7cf55d24-9969-4de8-a8e7-4ca8dfe10836,"size == ""0""","isEmpty == ""True""","peek_obj_type == ""EmptyObject""","push == ""none""","pop == ""EmptyObject""","clear == ""none""","size_p == ""0""",No
8403,1607885829825:7bb76970-a18d-4dd1-b96a-584a3d148234,1607885829825:09020882-b9c2-4c7a-b6b0-aec14fb118c9,"size == ""0""","isEmpty == ""True""","peek_obj_type == ""EmptyObject""","push == ""class java.lang.String""","pop == ""none""","clear == ""none""","size_p == ""0""",Yes
8404,1607885829825:7bb76970-a18d-4dd1-b96a-584a3d148234,1607885829825:09020882-b9c2-4c7a-b6b0-aec14fb118c9,"size == ""0""","isEmpty == ""True""","peek_obj_type == ""EmptyObject""","push == ""none""","pop == ""EmptyObject""","clear == ""none""","size_p == ""0""",No
8406,1607885829825:6e6c077b-5ac9-49a4-a3c0-aefe8f19b3be,1607885829825:8a564c41-c30c-41cb-9006-5884c7e2f108,"size == ""0""","isEmpty == ""True""","peek_obj_type == ""EmptyObject""","push == ""class java.lang.String""","pop == ""none""","clear == ""none""","size_p == ""0""",Yes
8407,1607885829825:6e6c077b-5ac9-49a4-a3c0-aefe8f19b3be,1607885829825:8a564c41-c30c-41cb-9006-5884c7e2f108,"size == ""0""","isEmpty == ""True""","peek_obj_type == ""EmptyObject""","push == ""none""","pop == ""EmptyObject""","clear == ""none""","size_p == ""0""",No
8409,1607885829825:45229fcd-9501-43d2-9b39-2e2d0da1f08e,1607885829825:532375b6-c71a-4735-85ad-be16fe6108f4,"size == ""1""","isEmpty == ""False""","peek_obj_type == ""class java.lang.String""","push == ""none""","pop == ""none""","clear == ""clear""","size_p == ""0""",Yes
8410,1607885829825:45229fcd-9501-43d2-9b39-2e2d0da1f08e,1607885829825:532375b6-c71a-4735-85ad-be16fe6108f4,"size == ""1""","isEmpty == ""False""","peek_obj_type == ""class java.lang.String""","push == ""class java.lang.String""","pop == ""none""","clear == ""none""","size_p == ""1""",Yes
8411,1607885829825:45229fcd-9501-43d2-9b39-2e2d0da1f08e,1607885829825:532375b6-c71a-4735-85ad-be16fe6108f4,"size == ""0""","isEmpty == ""True""","peek_obj_type == ""EmptyObject""","push == ""none""","pop == ""EmptyObject""","clear == ""none""","size_p == ""1""",No
8413,1607885829825:45229fcd-9501-43d2-9b39-2e2d0da1f08e,1607885829825:2dcf4f58-b7a4-44e6-9dbd-98764c85314d,"size == ""0""","isEmpty == ""True""","peek_obj_type == ""EmptyObject""","push == ""class java.lang.String""","pop == ""none""","clear == ""none""","size_p == ""0""",Yes
8414,1607885829825:45229fcd-9501-43d2-9b39-2e2d0da1f08e,1607885829825:2dcf4f58-b7a4-44e6-9dbd-98764c85314d,"size == ""0""","isEmpty == ""True""","peek_obj_type == ""EmptyObject""","push == ""none""","pop == ""EmptyObject""","clear == ""none""","size_p == ""0""",No
8416,1607885829825:0ce90e9e-d328-4a24-bac5-6caec6f5aa83,1607885829825:10cf2583-0cb5-4382-a4ba-a714ffd0f487,"size == ""0""","isEmpty == ""True""","peek_obj_type == ""EmptyObject""","push == ""class java.lang.String""","pop == ""none""","clear == ""none""","size_p == ""0""",Yes
8417,1607885829825:0ce90e9e-d328-4a24-bac5-6caec6f5aa83,1607885829825:10cf2583-0cb5-4382-a4ba-a714ffd0f487,"size == ""0""","isEmpty == ""True""","peek_obj_type == ""EmptyObject""","push == ""none""","pop == ""EmptyObject""","clear == ""none""","size_p == ""0""",No
8419,1607885829824:ed374ee7-0e27-4281-acda-0692336a7113,1607885829824:e8b1538b-fb28-4e5a-b560-b62e51e2d381,"size == ""1""","isEmpty == ""False""","peek_obj_type == ""class java.lang.String""","push == ""none""","pop == ""none""","clear == ""clear""","size_p == ""0""",Yes
8420,1607885829824:ed374ee7-0e27-4281-acda-0692336a7113,1607885829824:e8b1538b-fb28-4e5a-b560-b62e51e2d381,"size == ""1""","isEmpty == ""False""","peek_obj_type == ""class java.lang.String""","push == ""class java.lang.String""","pop == ""none""","clear == ""none""","size_p == ""1""",Yes
8421,1607885829824:ed374ee7-0e27-4281-acda-0692336a7113,1607885829824:e8b1538b-fb28-4e5a-b560-b62e51e2d381,"size == ""2""","isEmpty == ""False""","peek_obj_type == ""class java.lang.String""","push == ""none""","pop == ""none""","clear == ""clear""","size_p == ""1""",Yes
8422,1607885829824:ed374ee7-0e27-4281-acda-0692336a7113,1607885829824:e8b1538b-fb28-4e5a-b560-b62e51e2d381,"size == ""3""","isEmpty == ""False""","peek_obj_type == ""class java.lang.String""","push == ""none""","pop == ""none""","clear == ""clear""","size_p == ""2""",Yes
8423,1607885829824:ed374ee7-0e27-4281-acda-0692336a7113,1607885829824:e8b1538b-fb28-4e5a-b560-b62e51e2d381,"size == ""4""","isEmpty == ""False""","peek_obj_type == ""class java.lang.String""","push == ""none""","pop == ""none""","clear == ""clear""","size_p == ""3""",Yes
8425,1607885829824:ed374ee7-0e27-4281-acda-0692336a7113,1607885829824:e33c08f3-c6bf-4d4c-8688-e7b0c3272e8b,"size == ""0""","isEmpty == ""True""","peek_obj_type == ""EmptyObject""","push == ""class java.lang.String""","pop == ""none""","clear == ""none""","size_p == ""0""",Yes
8426,1607885829824:ed374ee7-0e27-4281-acda-0692336a7113,1607885829824:e33c08f3-c6bf-4d4c-8688-e7b0c3272e8b,"size == ""0""","isEmpty == ""True""","peek_obj_type == ""EmptyObject""","push == ""none""","pop == ""EmptyObject""","clear == ""none""","size_p == ""0""",No
8428,1607885829824:9272273a-3bc2-498e-bea6-82f8405ad9ed,1607885829824:cc94c4b7-245a-418d-adcc-df24e3e0f173,"size == ""0""","isEmpty == ""True""","peek_obj_type == ""EmptyObject""","push == ""class java.lang.String""","pop == ""none""","clear == ""none""","size_p == ""0""",Yes
8431,1607885829824:9272273a-3bc2-498e-bea6-82f8405ad9ed,1607885829824:1081e343-0f02-4d58-95c9-71ce471f1bc1,"size == ""0""","isEmpty == ""True""","peek_obj_type == ""EmptyObject""","push == ""class java.lang.String""","pop == ""none""","clear == ""none""","size_p == ""0""",Yes
8432,1607885829824:9272273a-3bc2-498e-bea6-82f8405ad9ed,1607885829824:1081e343-0f02-4d58-95c9-71ce471f1bc1,"size == ""0""","isEmpty == ""True""","peek_obj_type == ""EmptyObject""","push == ""none""","pop == ""EmptyObject""","clear == ""none""","size_p == ""0""",No
8434,1607885829824:8b297fa5-8917-4fb2-95e7-f2c93e75644b,1607885829824:cf40884c-1f03-4e53-b5b6-958b96aee1f1,"size == ""0""","isEmpty == ""True""","peek_obj_type == ""EmptyObject""","push == ""class java.lang.String""","pop == ""none""","clear == ""none""","size_p == ""0""",Yes
8435,1607885829824:8b297fa5-8917-4fb2-95e7-f2c93e75644b,1607885829824:cf40884c-1f03-4e53-b5b6-958b96aee1f1,"size == ""0""","isEmpty == ""True""","peek_obj_type == ""EmptyObject""","push == ""none""","pop == ""EmptyObject""","clear == ""none""","size_p == ""0""",No
8438,1607885829824:8b297fa5-8917-4fb2-95e7-f2c93e75644b,1607885829824:36f3670d-1f9b-4600-9e96-9e57f543f5c2,"size == ""0""","isEmpty == ""True""","peek_obj_type == ""EmptyObject""","push == ""class java.lang.String""","pop == ""none""","clear == ""none""","size_p == ""0""",Yes
8440,1607885829824:83852240-8292-4ef9-8553-9e803a8bdd66,1607885829824:92a1e5ec-861e-45fd-9502-368fa4c4f630,"size == ""0""","isEmpty == ""True""","peek_obj_type == ""EmptyObject""","push == ""class java.lang.String""","pop == ""none""","clear == ""none""","size_p == ""0""",Yes
8441,1607885829824:83852240-8292-4ef9-8553-9e803a8bdd66,1607885829824:92a1e5ec-861e-45fd-9502-368fa4c4f630,"size == ""0""","isEmpty == ""True""","peek_obj_type == ""EmptyObject""","push == ""none""","pop == ""EmptyObject""","clear == ""none""","size_p == ""0""",No
8443,1607885829824:35e1adaf-8b46-4d03-9121-3a8febc28741,1607885829824:883e34d6-1417-443d-88a9-376b13e65df6,"size == ""1""","isEmpty == ""False""","peek_obj_type == ""class java.lang.String""","push == ""none""","pop == ""none""","clear == ""clear""","size_p == ""0""",Yes
8444,1607885829824:35e1adaf-8b46-4d03-9121-3a8febc28741,1607885829824:883e34d6-1417-443d-88a9-376b13e65df6,"size == ""1""","isEmpty == ""False""","peek_obj_type == ""class java.lang.String""","push == ""class java.lang.String""","pop == ""none""","clear == ""none""","size_p == ""1""",Yes
8445,1607885829824:35e1adaf-8b46-4d03-9121-3a8febc28741,1607885829824:883e34d6-1417-443d-88a9-376b13e65df6,"size == ""0""","isEmpty == ""True""","peek_obj_type == ""EmptyObject""","push == ""none""","pop == ""EmptyObject""","clear == ""none""","size_p == ""1""",No
8446,1607885829824:35e1adaf-8b46-4d03-9121-3a8febc28741,1607885829824:883e34d6-1417-443d-88a9-376b13e65df6,"size == ""1""","isEmpty == ""False""","peek_obj_type == ""class java.lang.String""","push == ""none""","pop == ""none""","clear == ""clear""","size_p == ""0""",Yes
8448,1607885829824:35e1adaf-8b46-4d03-9121-3a8febc28741,1607885829824:4bcfe2c1-252e-4309-bf55-c34a4d7d5c1e,"size == ""0""","isEmpty == ""True""","peek_obj_type == ""EmptyObject""","push == ""class java.lang.String""","pop == ""none""","clear == ""none""","size_p == ""0""",Yes
8449,1607885829824:35e1adaf-8b46-4d03-9121-3a8febc28741,1607885829824:4bcfe2c1-252e-4309-bf55-c34a4d7d5c1e,"size == ""0""","isEmpty == ""True""","peek_obj_type == ""EmptyObject""","push == ""none""","pop == ""EmptyObject""","clear == ""none""","size_p == ""0""",No
8451,1607885829824:1403ba6f-d3e8-4ad9-a973-c54f560e066d,1607885829824:7ce062b8-ba1a-40d1-a5ef-65f24416f667,"size == ""0""","isEmpty == ""True""","peek_obj_type == ""EmptyObject""","push == ""class java.lang.String""","pop == ""none""","clear == ""none""","size_p == ""0""",Yes
8452,1607885829824:1403ba6f-d3e8-4ad9-a973-c54f560e066d,1607885829824:7ce062b8-ba1a-40d1-a5ef-65f24416f667,"size == ""0""","isEmpty == ""True""","peek_obj_type == ""EmptyObject""","push == ""none""","pop == ""EmptyObject""","clear == ""none""","size_p == ""0""",No
8454,1607885829823:bd12d951-47b2-4d4b-b5cd-f0e0dae1020f,1607885829823:95b52037-ae54-4e31-87aa-3a5959018369,"size == ""0""","isEmpty == ""True""","peek_obj_type == ""EmptyObject""","push == ""class java.lang.String""","pop == ""none""","clear == ""none""","size_p == ""0""",Yes
8455,1607885829823:bd12d951-47b2-4d4b-b5cd-f0e0dae1020f,1607885829823:95b52037-ae54-4e31-87aa-3a5959018369,"size == ""0""","isEmpty == ""True""","peek_obj_type == ""EmptyObject""","push == ""none""","pop == ""EmptyObject""","clear == ""none""","size_p == ""0""",No
8457,1607885829823:bd12d951-47b2-4d4b-b5cd-f0e0dae1020f,1607885829823:915568c9-db38-469d-9d6e-a13d74300039,"size == ""0""","isEmpty == ""True""","peek_obj_type == ""EmptyObject""","push == ""class java.lang.String""","pop == ""none""","clear == ""none""","size_p == ""0""",Yes
8460,1607885829823:9939dce8-3a2a-40b3-a0e0-5536a6a96d62,1607885829823:50223bca-fe9e-4dcf-86a8-4ea2c9c71cfb,"size == ""0""","isEmpty == ""True""","peek_obj_type == ""EmptyObject""","push == ""class java.lang.String""","pop == ""none""","clear == ""none""","size_p == ""0""",Yes
8461,1607885829823:9939dce8-3a2a-40b3-a0e0-5536a6a96d62,1607885829823:50223bca-fe9e-4dcf-86a8-4ea2c9c71cfb,"size == ""0""","isEmpty == ""True""","peek_obj_type == ""EmptyObject""","push == ""none""","pop == ""EmptyObject""","clear == ""none""","size_p == ""0""",No
8463,1607885829823:7194aa6f-5119-4ea8-8dde-5af1a3d24c39,1607885829823:44364c20-f382-4215-8faf-5f14750e20d7,"size == ""0""","isEmpty == ""True""","peek_obj_type == ""EmptyObject""","push == ""class java.lang.String""","pop == ""none""","clear == ""none""","size_p == ""0""",Yes
8464,1607885829823:7194aa6f-5119-4ea8-8dde-5af1a3d24c39,1607885829823:44364c20-f382-4215-8faf-5f14750e20d7,"size == ""0""","isEmpty == ""True""","peek_obj_type == ""EmptyObject""","push == ""none""","pop == ""EmptyObject""","clear == ""none""","size_p == ""0""",No
8466,1607885829823:4678cf21-8eec-4f22-8b3e-a218a1a45f1e,1607885829823:00987c75-d185-4c85-94b3-84ab5cb618b7,"size == ""0""","isEmpty == ""True""","peek_obj_type == ""EmptyObject""","push == ""class java.lang.String""","pop == ""none""","clear == ""none""","size_p == ""0""",Yes
8467,1607885829823:4678cf21-8eec-4f22-8b3e-a218a1a45f1e,1607885829823:00987c75-d185-4c85-94b3-84ab5cb618b7,"size == ""0""","isEmpty == ""True""","peek_obj_type == ""EmptyObject""","push == ""none""","pop == ""EmptyObject""","clear == ""none""","size_p == ""0""",No
8469,1607885829823:3cba2ba4-8b62-4665-a402-10b89289db06,1607885829823:3d9af8fd-3b9a-4af5-839b-3082bef75e76,"size == ""0""","isEmpty == ""True""","peek_obj_type == ""EmptyObject""","push == ""class java.lang.String""","pop == ""none""","clear == ""none""","size_p == ""0""",Yes
8470,1607885829823:3cba2ba4-8b62-4665-a402-10b89289db06,1607885829823:3d9af8fd-3b9a-4af5-839b-3082bef75e76,"size == ""0""","isEmpty == ""True""","peek_obj_type == ""EmptyObject""","push == ""none""","pop == ""EmptyObject""","clear == ""none""","size_p == ""0""",No
8472,1607885829823:17e79bd5-0474-4de8-ace0-d04b44eab018,1607885829823:e58bb123-cf20-43a1-b12a-d7eaa50f1228,"size == ""0""","isEmpty == ""True""","peek_obj_type == ""EmptyObject""","push == ""class java.lang.String""","pop == ""none""","clear == ""none""","size_p == ""0""",Yes
8473,1607885829823:17e79bd5-0474-4de8-ace0-d04b44eab018,1607885829823:e58bb123-cf20-43a1-b12a-d7eaa50f1228,"size == ""0""","isEmpty == ""True""","peek_obj_type == ""EmptyObject""","push == ""none""","pop == ""EmptyObject""","clear == ""none""","size_p == ""0""",No
8475,1607885829823:17e79bd5-0474-4de8-ace0-d04b44eab018,1607885829823:ab34d3e6-25b3-43d3-9beb-6ac4b2cdddb6,"size == ""0""","isEmpty == ""True""","peek_obj_type == ""EmptyObject""","push == ""class java.lang.String""","pop == ""none""","clear == ""none""","size_p == ""0""",Yes
8478,1607885829822:d113bf8a-27fd-43f1-9530-7d7678263686,1607885829822:e10f9755-94cd-47b8-b7df-7544a4a4856c,"size == ""0""","isEmpty == ""True""","peek_obj_type == ""EmptyObject""","push == ""class java.lang.String""","pop == ""none""","clear == ""none""","size_p == ""0""",Yes
8479,1607885829822:d113bf8a-27fd-43f1-9530-7d7678263686,1607885829822:e10f9755-94cd-47b8-b7df-7544a4a4856c,"size == ""0""","isEmpty == ""True""","peek_obj_type == ""EmptyObject""","push == ""none""","pop == ""EmptyObject""","clear == ""none""","size_p == ""0""",No
8482,1607885829822:d113bf8a-27fd-43f1-9530-7d7678263686,1607885829822:7dc68ef8-97ee-4f25-a35b-8af916301f59,"size == ""0""","isEmpty == ""True""","peek_obj_type == ""EmptyObject""","push == ""class java.lang.String""","pop == ""none""","clear == ""none""","size_p == ""0""",Yes
8484,1607885829822:a5d58243-78b3-4303-9ec7-e64e0af91080,1607885829823:3fc0581c-847f-451f-9e6d-89ecf9779b69,"size == ""0""","isEmpty == ""True""","peek_obj_type == ""EmptyObject""","push == ""class java.lang.String""","pop == ""none""","clear == ""none""","size_p == ""0""",Yes
8485,1607885829822:a5d58243-78b3-4303-9ec7-e64e0af91080,1607885829823:3fc0581c-847f-451f-9e6d-89ecf9779b69,"size == ""0""","isEmpty == ""True""","peek_obj_type == ""EmptyObject""","push == ""none""","pop == ""EmptyObject""","clear == ""none""","size_p == ""0""",No
8487,1607885829822:a5d58243-78b3-4303-9ec7-e64e0af91080,1607885829822:c29ce0aa-7117-4dcd-88f0-323e215235af,"size == ""0""","isEmpty == ""True""","peek_obj_type == ""EmptyObject""","push == ""class java.lang.String""","pop == ""none""","clear == ""none""","size_p == ""0""",Yes
8488,1607885829822:a5d58243-78b3-4303-9ec7-e64e0af91080,1607885829822:c29ce0aa-7117-4dcd-88f0-323e215235af,"size == ""0""","isEmpty == ""True""","peek_obj_type == ""EmptyObject""","push == ""class java.lang.String""","pop == ""none""","clear == ""none""","size_p == ""0""",Yes
8490,1607885829822:9a3e60d7-86cf-41ca-8a42-5bbe786012fd,1607885829822:c0a5d526-a3b2-4d85-b271-66b6b13231d6,"size == ""0""","isEmpty == ""True""","peek_obj_type == ""EmptyObject""","push == ""class java.lang.String""","pop == ""none""","clear == ""none""","size_p == ""0""",Yes
8491,1607885829822:9a3e60d7-86cf-41ca-8a42-5bbe786012fd,1607885829822:c0a5d526-a3b2-4d85-b271-66b6b13231d6,"size == ""0""","isEmpty == ""True""","peek_obj_type == ""EmptyObject""","push == ""class java.lang.String""","pop == ""none""","clear == ""none""","size_p == ""0""",Yes
8493,1607885829822:9a3e60d7-86cf-41ca-8a42-5bbe786012fd,1607885829822:49864880-72a9-4f65-a8dd-88ebabdcee50,"size == ""0""","isEmpty == ""True""","peek_obj_type == ""EmptyObject""","push == ""class java.lang.String""","pop == ""none""","clear == ""none""","size_p == ""0""",Yes
8494,1607885829822:9a3e60d7-86cf-41ca-8a42-5bbe786012fd,1607885829822:49864880-72a9-4f65-a8dd-88ebabdcee50,"size == ""0""","isEmpty == ""True""","peek_obj_type == ""EmptyObject""","push == ""none""","pop == ""EmptyObject""","clear == ""none""","size_p == ""0""",No
8496,1607885829822:956a10f9-4b43-4d42-a613-2bce9bd0d6bd,1607885829822:7f99b7cb-59c7-4138-a9c1-55c33980c45b,"size == ""1""","isEmpty == ""False""","peek_obj_type == ""class java.lang.String""","push == ""none""","pop == ""none""","clear == ""clear""","size_p == ""0""",Yes
8497,1607885829822:956a10f9-4b43-4d42-a613-2bce9bd0d6bd,1607885829822:7f99b7cb-59c7-4138-a9c1-55c33980c45b,"size == ""1""","isEmpty == ""False""","peek_obj_type == ""class java.lang.String""","push == ""class java.lang.String""","pop == ""none""","clear == ""none""","size_p == ""1""",Yes
8498,1607885829822:956a10f9-4b43-4d42-a613-2bce9bd0d6bd,1607885829822:7f99b7cb-59c7-4138-a9c1-55c33980c45b,"size == ""0""","isEmpty == ""True""","peek_obj_type == ""EmptyObject""","push == ""none""","pop == ""EmptyObject""","clear == ""none""","size_p == ""1""",No
8499,1607885829822:956a10f9-4b43-4d42-a613-2bce9bd0d6bd,1607885829822:7f99b7cb-59c7-4138-a9c1-55c33980c45b,"size == ""1""","isEmpty == ""False""","peek_obj_type == ""class java.lang.String""","push == ""none""","pop == ""none""","clear == ""clear""","size_p == ""0""",Yes
8501,1607885829822:956a10f9-4b43-4d42-a613-2bce9bd0d6bd,1607885829822:175cc701-8b9a-4972-b1b4-a51604ed1e24,"size == ""0""","isEmpty == ""True""","peek_obj_type == ""EmptyObject""","push == ""class java.lang.String""","pop == ""none""","clear == ""none""","size_p == ""0""",Yes
8502,1607885829822:956a10f9-4b43-4d42-a613-2bce9bd0d6bd,1607885829822:175cc701-8b9a-4972-b1b4-a51604ed1e24,"size == ""0""","isEmpty == ""True""","peek_obj_type == ""EmptyObject""","push == ""none""","pop == ""EmptyObject""","clear == ""none""","size_p == ""0""",No
8504,1607885829822:5ab75d7c-369e-4257-997a-841613ad5dfc,1607885829822:cc48a79a-8cab-4d58-b04d-0d40c90a1ba2,"size == ""0""","isEmpty == ""True""","peek_obj_type == ""EmptyObject""","push == ""class java.lang.String""","pop == ""none""","clear == ""none""","size_p == ""0""",Yes
8505,1607885829822:5ab75d7c-369e-4257-997a-841613ad5dfc,1607885829822:cc48a79a-8cab-4d58-b04d-0d40c90a1ba2,"size == ""0""","isEmpty == ""True""","peek_obj_type == ""EmptyObject""","push == ""none""","pop == ""EmptyObject""","clear == ""none""","size_p == ""0""",No
8507,1607885829822:5ab75d7c-369e-4257-997a-841613ad5dfc,1607885829822:5af7288c-881d-4238-a09c-192a876c990b,"size == ""0""","isEmpty == ""True""","peek_obj_type == ""EmptyObject""","push == ""class java.lang.String""","pop == ""none""","clear == ""none""","size_p == ""0""",Yes
8509,1607885829822:3cf11e1c-ac01-49a2-813c-60107513d8cb,1607885829822:fb81ddec-ff31-458c-85fd-a5fd19266931,"size == ""0""","isEmpty == ""True""","peek_obj_type == ""EmptyObject""","push == ""class java.lang.String""","pop == ""none""","clear == ""none""","size_p == ""0""",Yes
8510,1607885829822:3cf11e1c-ac01-49a2-813c-60107513d8cb,1607885829822:fb81ddec-ff31-458c-85fd-a5fd19266931,"size == ""0""","isEmpty == ""True""","peek_obj_type == ""EmptyObject""","push == ""none""","pop == ""EmptyObject""","clear == ""none""","size_p == ""0""",No
8512,1607885829821:bad81511-08ce-4677-8843-8f5ce7521096,1607885829821:ab90df59-b0c1-446b-9d0e-8b46203599c9,"size == ""0""","isEmpty == ""True""","peek_obj_type == ""EmptyObject""","push == ""class java.lang.String""","pop == ""none""","clear == ""none""","size_p == ""0""",Yes
8513,1607885829821:bad81511-08ce-4677-8843-8f5ce7521096,1607885829821:ab90df59-b0c1-446b-9d0e-8b46203599c9,"size == ""0""","isEmpty == ""True""","peek_obj_type == ""EmptyObject""","push == ""none""","pop == ""EmptyObject""","clear == ""none""","size_p == ""0""",No
8515,1607885829821:a6785e00-bdd7-4621-9af3-156f7bcb0826,1607885829821:e08e8c99-2261-4353-8a2e-bd14117dcd75,"size == ""0""","isEmpty == ""True""","peek_obj_type == ""EmptyObject""","push == ""class java.lang.String""","pop == ""none""","clear == ""none""","size_p == ""0""",Yes
8517,1607885829821:a6785e00-bdd7-4621-9af3-156f7bcb0826,1607885829821:ca012266-da8a-4eea-976a-89043620b0cb,"size == ""0""","isEmpty == ""True""","peek_obj_type == ""EmptyObject""","push == ""class java.lang.String""","pop == ""none""","clear == ""none""","size_p == ""0""",Yes
8518,1607885829821:a6785e00-bdd7-4621-9af3-156f7bcb0826,1607885829821:ca012266-da8a-4eea-976a-89043620b0cb,"size == ""0""","isEmpty == ""True""","peek_obj_type == ""EmptyObject""","push == ""none""","pop == ""EmptyObject""","clear == ""none""","size_p == ""0""",No
8520,1607885829821:60de992d-1167-45ad-a818-ec979b455660,1607885829821:b616d7ed-e6a5-4dac-99e7-5c1c996d408b,"size == ""0""","isEmpty == ""True""","peek_obj_type == ""EmptyObject""","push == ""class java.lang.String""","pop == ""none""","clear == ""none""","size_p == ""0""",Yes
8522,1607885829821:60de992d-1167-45ad-a818-ec979b455660,1607885829821:854dc938-509c-424a-b464-e2644060a9df,"size == ""0""","isEmpty == ""True""","peek_obj_type == ""EmptyObject""","push == ""class java.lang.String""","pop == ""none""","clear == ""none""","size_p == ""0""",Yes
8523,1607885829821:60de992d-1167-45ad-a818-ec979b455660,1607885829821:854dc938-509c-424a-b464-e2644060a9df,"size == ""0""","isEmpty == ""True""","peek_obj_type == ""EmptyObject""","push == ""none""","pop == ""EmptyObject""","clear == ""none""","size_p == ""0""",No
8525,1607885829821:48221d82-4037-40b7-ace6-40ef793edc9a,1607885829821:a9d0dd44-2244-4a1a-aa83-19f2f4435821,"size == ""0""","isEmpty == ""True""","peek_obj_type == ""EmptyObject""","push == ""class java.lang.String""","pop == ""none""","clear == ""none""","size_p == ""0""",Yes
8526,1607885829821:48221d82-4037-40b7-ace6-40ef793edc9a,1607885829821:a9d0dd44-2244-4a1a-aa83-19f2f4435821,"size == ""0""","isEmpty == ""True""","peek_obj_type == ""EmptyObject""","push == ""none""","pop == ""EmptyObject""","clear == ""none""","size_p == ""0""",No
8528,1607885829821:1ed7080c-e957-4789-9709-392d8fb55176,1607885829821:081eae90-828f-48b1-8e53-4e05d5656e1c,"size == ""0""","isEmpty == ""True""","peek_obj_type == ""EmptyObject""","push == ""class java.lang.String""","pop == ""none""","clear == ""none""","size_p == ""0""",Yes
8529,1607885829821:1ed7080c-e957-4789-9709-392d8fb55176,1607885829821:081eae90-828f-48b1-8e53-4e05d5656e1c,"size == ""0""","isEmpty == ""True""","peek_obj_type == ""EmptyObject""","push == ""none""","pop == ""EmptyObject""","clear == ""none""","size_p == ""0""",No
8531,1607885829821:1555fad2-865e-4b63-a18c-11d695955cc7,1607885829821:a5d01e8a-72e7-4320-85b8-4d6095b8da56,"size == ""0""","isEmpty == ""True""","peek_obj_type == ""EmptyObject""","push == ""class java.lang.String""","pop == ""none""","clear == ""none""","size_p == ""0""",Yes
8532,1607885829821:1555fad2-865e-4b63-a18c-11d695955cc7,1607885829821:a5d01e8a-72e7-4320-85b8-4d6095b8da56,"size == ""0""","isEmpty == ""True""","peek_obj_type == ""EmptyObject""","push == ""class java.lang.String""","pop == ""none""","clear == ""none""","size_p == ""0""",Yes
8534,1607885829821:1555fad2-865e-4b63-a18c-11d695955cc7,1607885829821:97b210b8-00a6-42f2-b541-00c73bb0c67d,"size == ""0""","isEmpty == ""True""","peek_obj_type == ""EmptyObject""","push == ""class java.lang.String""","pop == ""none""","clear == ""none""","size_p == ""0""",Yes
8535,1607885829821:1555fad2-865e-4b63-a18c-11d695955cc7,1607885829821:97b210b8-00a6-42f2-b541-00c73bb0c67d,"size == ""0""","isEmpty == ""True""","peek_obj_type == ""EmptyObject""","push == ""none""","pop == ""EmptyObject""","clear == ""none""","size_p == ""0""",No
8537,1607885829821:0a26dd1c-ff50-41f7-8407-b6b532773c4e,1607885829821:7d714627-4e90-43c7-b0ec-a85b5b82036f,"size == ""0""","isEmpty == ""True""","peek_obj_type == ""EmptyObject""","push == ""class java.lang.String""","pop == ""none""","clear == ""none""","size_p == ""0""",Yes
8538,1607885829821:0a26dd1c-ff50-41f7-8407-b6b532773c4e,1607885829821:7d714627-4e90-43c7-b0ec-a85b5b82036f,"size == ""0""","isEmpty == ""True""","peek_obj_type == ""EmptyObject""","push == ""none""","pop == ""EmptyObject""","clear == ""none""","size_p == ""0""",No
8540,1607885829820:a3687e7f-2405-4f3b-aac2-ff143deb4035,1607885829820:c00036e2-0bc4-4e41-af54-2d2343997ed6,"size == ""0""","isEmpty == ""True""","peek_obj_type == ""EmptyObject""","push == ""class java.lang.String""","pop == ""none""","clear == ""none""","size_p == ""0""",Yes
8543,1607885829820:a3687e7f-2405-4f3b-aac2-ff143deb4035,1607885829820:699aee58-45a7-4d4d-9e4a-ee59a306fbf3,"size == ""0""","isEmpty == ""True""","peek_obj_type == ""EmptyObject""","push == ""class java.lang.String""","pop == ""none""","clear == ""none""","size_p == ""0""",Yes
8544,1607885829820:a3687e7f-2405-4f3b-aac2-ff143deb4035,1607885829820:699aee58-45a7-4d4d-9e4a-ee59a306fbf3,"size == ""0""","isEmpty == ""True""","peek_obj_type == ""EmptyObject""","push == ""none""","pop == ""EmptyObject""","clear == ""none""","size_p == ""0""",No
8546,1607885829820:7a717098-7958-4534-bd6b-865160fe0121,1607885829820:443c1120-ad83-4e00-b5ba-9cec6d51534f,"size == ""1""","isEmpty == ""False""","peek_obj_type == ""class java.lang.String""","push == ""none""","pop == ""none""","clear == ""clear""","size_p == ""0""",Yes
8547,1607885829820:7a717098-7958-4534-bd6b-865160fe0121,1607885829820:443c1120-ad83-4e00-b5ba-9cec6d51534f,"size == ""1""","isEmpty == ""False""","peek_obj_type == ""class java.lang.String""","push == ""class java.lang.String""","pop == ""none""","clear == ""none""","size_p == ""1""",Yes
8548,1607885829820:7a717098-7958-4534-bd6b-865160fe0121,1607885829820:443c1120-ad83-4e00-b5ba-9cec6d51534f,"size == ""2""","isEmpty == ""False""","peek_obj_type == ""class java.lang.String""","push == ""none""","pop == ""none""","clear == ""clear""","size_p == ""1""",Yes
8549,1607885829820:7a717098-7958-4534-bd6b-865160fe0121,1607885829820:443c1120-ad83-4e00-b5ba-9cec6d51534f,"size == ""3""","isEmpty == ""False""","peek_obj_type == ""class java.lang.String""","push == ""none""","pop == ""none""","clear == ""clear""","size_p == ""2""",Yes
8550,1607885829820:7a717098-7958-4534-bd6b-865160fe0121,1607885829820:443c1120-ad83-4e00-b5ba-9cec6d51534f,"size == ""4""","isEmpty == ""False""","peek_obj_type == ""class java.lang.String""","push == ""none""","pop == ""none""","clear == ""clear""","size_p == ""3""",Yes
8552,1607885829820:7a717098-7958-4534-bd6b-865160fe0121,1607885829820:04e7108c-24b6-4a78-b68c-5d4b6eb0be0f,"size == ""0""","isEmpty == ""True""","peek_obj_type == ""EmptyObject""","push == ""class java.lang.String""","pop == ""none""","clear == ""none""","size_p == ""0""",Yes
8553,1607885829820:7a717098-7958-4534-bd6b-865160fe0121,1607885829820:04e7108c-24b6-4a78-b68c-5d4b6eb0be0f,"size == ""0""","isEmpty == ""True""","peek_obj_type == ""EmptyObject""","push == ""none""","pop == ""EmptyObject""","clear == ""none""","size_p == ""0""",No
8555,1607885829820:587b977b-aa69-4ea5-8842-e15f13b8545b,1607885829820:83105d19-ab0e-4d33-add0-96e490318991,"size == ""1""","isEmpty == ""False""","peek_obj_type == ""class java.lang.String""","push == ""none""","pop == ""none""","clear == ""clear""","size_p == ""0""",Yes
8556,1607885829820:587b977b-aa69-4ea5-8842-e15f13b8545b,1607885829820:83105d19-ab0e-4d33-add0-96e490318991,"size == ""1""","isEmpty == ""False""","peek_obj_type == ""class java.lang.String""","push == ""class java.lang.String""","pop == ""none""","clear == ""none""","size_p == ""1""",Yes
8557,1607885829820:587b977b-aa69-4ea5-8842-e15f13b8545b,1607885829820:83105d19-ab0e-4d33-add0-96e490318991,"size == ""2""","isEmpty == ""False""","peek_obj_type == ""class java.lang.String""","push == ""none""","pop == ""none""","clear == ""clear""","size_p == ""1""",Yes
8558,1607885829820:587b977b-aa69-4ea5-8842-e15f13b8545b,1607885829820:83105d19-ab0e-4d33-add0-96e490318991,"size == ""3""","isEmpty == ""False""","peek_obj_type == ""class java.lang.String""","push == ""none""","pop == ""none""","clear == ""clear""","size_p == ""2""",Yes
8559,1607885829820:587b977b-aa69-4ea5-8842-e15f13b8545b,1607885829820:83105d19-ab0e-4d33-add0-96e490318991,"size == ""4""","isEmpty == ""False""","peek_obj_type == ""class java.lang.String""","push == ""none""","pop == ""none""","clear == ""clear""","size_p == ""3""",Yes
8561,1607885829820:587b977b-aa69-4ea5-8842-e15f13b8545b,1607885829820:2cbdbd7d-a891-4f74-9189-b011a6f0ef0c,"size == ""0""","isEmpty == ""True""","peek_obj_type == ""EmptyObject""","push == ""class java.lang.String""","pop == ""none""","clear == ""none""","size_p == ""0""",Yes
8562,1607885829820:587b977b-aa69-4ea5-8842-e15f13b8545b,1607885829820:2cbdbd7d-a891-4f74-9189-b011a6f0ef0c,"size == ""0""","isEmpty == ""True""","peek_obj_type == ""EmptyObject""","push == ""none""","pop == ""EmptyObject""","clear == ""none""","size_p == ""0""",No
8564,1607885829820:1d469637-9bcb-4c42-9d66-376880292b65,1607885829820:f1744254-26ec-429c-9783-fedb05d7e339,"size == ""0""","isEmpty == ""True""","peek_obj_type == ""EmptyObject""","push == ""class java.lang.String""","pop == ""none""","clear == ""none""","size_p == ""0""",Yes
8565,1607885829820:1d469637-9bcb-4c42-9d66-376880292b65,1607885829820:f1744254-26ec-429c-9783-fedb05d7e339,"size == ""0""","isEmpty == ""True""","peek_obj_type == ""EmptyObject""","push == ""none""","pop == ""EmptyObject""","clear == ""none""","size_p == ""0""",No
8567,1607885829820:1d469637-9bcb-4c42-9d66-376880292b65,1607885829820:2892b230-7a34-4ee7-9972-85aef2376d8b,"size == ""1""","isEmpty == ""False""","peek_obj_type == ""class java.lang.String""","push == ""none""","pop == ""none""","clear == ""clear""","size_p == ""0""",Yes
8568,1607885829820:1d469637-9bcb-4c42-9d66-376880292b65,1607885829820:2892b230-7a34-4ee7-9972-85aef2376d8b,"size == ""1""","isEmpty == ""False""","peek_obj_type == ""class java.lang.String""","push == ""class java.lang.String""","pop == ""none""","clear == ""none""","size_p == ""1""",Yes
8569,1607885829820:1d469637-9bcb-4c42-9d66-376880292b65,1607885829820:2892b230-7a34-4ee7-9972-85aef2376d8b,"size == ""2""","isEmpty == ""False""","peek_obj_type == ""class java.lang.String""","push == ""none""","pop == ""none""","clear == ""clear""","size_p == ""1""",Yes
8570,1607885829820:1d469637-9bcb-4c42-9d66-376880292b65,1607885829820:2892b230-7a34-4ee7-9972-85aef2376d8b,"size == ""3""","isEmpty == ""False""","peek_obj_type == ""class java.lang.String""","push == ""none""","pop == ""none""","clear == ""clear""","size_p == ""2""",Yes
8571,1607885829820:1d469637-9bcb-4c42-9d66-376880292b65,1607885829820:2892b230-7a34-4ee7-9972-85aef2376d8b,"size == ""4""","isEmpty == ""False""","peek_obj_type == ""class java.lang.String""","push == ""none""","pop == ""none""","clear == ""clear""","size_p == ""3""",Yes
8573,1607885829820:1657905b-393d-475b-b063-3853465ea741,1607885829820:2e1d4ae8-beb9-441f-8d27-2b6371631660,"size == ""0""","isEmpty == ""True""","peek_obj_type == ""EmptyObject""","push == ""class java.lang.String""","pop == ""none""","clear == ""none""","size_p == ""0""",Yes
8574,1607885829820:1657905b-393d-475b-b063-3853465ea741,1607885829820:2e1d4ae8-beb9-441f-8d27-2b6371631660,"size == ""0""","isEmpty == ""True""","peek_obj_type == ""EmptyObject""","push == ""class java.lang.String""","pop == ""none""","clear == ""none""","size_p == ""0""",Yes
8575,1607885829820:1657905b-393d-475b-b063-3853465ea741,1607885829820:2e1d4ae8-beb9-441f-8d27-2b6371631660,"size == ""1""","isEmpty == ""False""","peek_obj_type == ""class java.lang.String""","push == ""none""","pop == ""none""","clear == ""clear""","size_p == ""0""",Yes
8576,1607885829820:1657905b-393d-475b-b063-3853465ea741,1607885829820:2e1d4ae8-beb9-441f-8d27-2b6371631660,"size == ""2""","isEmpty == ""False""","peek_obj_type == ""class java.lang.String""","push == ""none""","pop == ""none""","clear == ""clear""","size_p == ""1""",Yes
8577,1607885829820:1657905b-393d-475b-b063-3853465ea741,1607885829820:2e1d4ae8-beb9-441f-8d27-2b6371631660,"size == ""1""","isEmpty == ""False""","peek_obj_type == ""class java.lang.String""","push == ""none""","pop == ""class java.lang.String""","clear == ""none""","size_p == ""2""",Yes
8579,1607885829819:ff80da49-4c61-4dd9-ab2e-19d1e546f29f,1607885829819:ff62670f-b4e3-4d86-9b95-d2b43b802b89,"size == ""0""","isEmpty == ""True""","peek_obj_type == ""EmptyObject""","push == ""class java.lang.String""","pop == ""none""","clear == ""none""","size_p == ""0""",Yes
8580,1607885829819:ff80da49-4c61-4dd9-ab2e-19d1e546f29f,1607885829819:ff62670f-b4e3-4d86-9b95-d2b43b802b89,"size == ""0""","isEmpty == ""True""","peek_obj_type == ""EmptyObject""","push == ""none""","pop == ""EmptyObject""","clear == ""none""","size_p == ""0""",No
8582,1607885829819:ff80da49-4c61-4dd9-ab2e-19d1e546f29f,1607885829819:c6844952-865f-4360-b7a3-580fb5edbf55,"size == ""1""","isEmpty == ""False""","peek_obj_type == ""class java.lang.String""","push == ""none""","pop == ""none""","clear == ""clear""","size_p == ""0""",Yes
8583,1607885829819:ff80da49-4c61-4dd9-ab2e-19d1e546f29f,1607885829819:c6844952-865f-4360-b7a3-580fb5edbf55,"size == ""1""","isEmpty == ""False""","peek_obj_type == ""class java.lang.String""","push == ""class java.lang.String""","pop == ""none""","clear == ""none""","size_p == ""1""",Yes
8584,1607885829819:ff80da49-4c61-4dd9-ab2e-19d1e546f29f,1607885829819:c6844952-865f-4360-b7a3-580fb5edbf55,"size == ""0""","isEmpty == ""True""","peek_obj_type == ""EmptyObject""","push == ""none""","pop == ""EmptyObject""","clear == ""none""","size_p == ""1""",No
8585,1607885829819:ff80da49-4c61-4dd9-ab2e-19d1e546f29f,1607885829819:c6844952-865f-4360-b7a3-580fb5edbf55,"size == ""1""","isEmpty == ""False""","peek_obj_type == ""class java.lang.String""","push == ""none""","pop == ""none""","clear == ""clear""","size_p == ""0""",Yes
8587,1607885829819:b8e6e0c3-179e-4f74-9fd1-328ea3ac7a6c,1607885829819:9b8b32be-38e3-48aa-8e62-72632bd5fc6b,"size == ""0""","isEmpty == ""True""","peek_obj_type == ""EmptyObject""","push == ""class java.lang.String""","pop == ""none""","clear == ""none""","size_p == ""0""",Yes
8588,1607885829819:b8e6e0c3-179e-4f74-9fd1-328ea3ac7a6c,1607885829819:9b8b32be-38e3-48aa-8e62-72632bd5fc6b,"size == ""0""","isEmpty == ""True""","peek_obj_type == ""EmptyObject""","push == ""none""","pop == ""EmptyObject""","clear == ""none""","size_p == ""0""",No
8590,1607885829819:b8e6e0c3-179e-4f74-9fd1-328ea3ac7a6c,1607885829819:06e9ab1f-7570-4b8d-b872-86428846d114,"size == ""0""","isEmpty == ""True""","peek_obj_type == ""EmptyObject""","push == ""class java.lang.String""","pop == ""none""","clear == ""none""","size_p == ""0""",Yes
8591,1607885829819:b8e6e0c3-179e-4f74-9fd1-328ea3ac7a6c,1607885829819:06e9ab1f-7570-4b8d-b872-86428846d114,"size == ""0""","isEmpty == ""True""","peek_obj_type == ""EmptyObject""","push == ""class java.lang.String""","pop == ""none""","clear == ""none""","size_p == ""0""",Yes
8593,1607885829819:b46febee-d61d-484e-a74e-5a95ec78b30f,1607885829819:7c2b1490-80f8-4d67-ac8d-d578a7c03e6a,"size == ""0""","isEmpty == ""True""","peek_obj_type == ""EmptyObject""","push == ""class java.lang.String""","pop == ""none""","clear == ""none""","size_p == ""0""",Yes
8594,1607885829819:b46febee-d61d-484e-a74e-5a95ec78b30f,1607885829819:7c2b1490-80f8-4d67-ac8d-d578a7c03e6a,"size == ""0""","isEmpty == ""True""","peek_obj_type == ""EmptyObject""","push == ""none""","pop == ""EmptyObject""","clear == ""none""","size_p == ""0""",No
8596,1607885829819:3caa1abe-3e72-47f4-b8f4-ae3d6eef8d29,1607885829819:a33ac52a-7fa5-4e16-88de-85ba2336c959,"size == ""1""","isEmpty == ""False""","peek_obj_type == ""class java.lang.String""","push == ""none""","pop == ""none""","clear == ""clear""","size_p == ""0""",Yes
8597,1607885829819:3caa1abe-3e72-47f4-b8f4-ae3d6eef8d29,1607885829819:a33ac52a-7fa5-4e16-88de-85ba2336c959,"size == ""1""","isEmpty == ""False""","peek_obj_type == ""class java.lang.String""","push == ""class java.lang.String""","pop == ""none""","clear == ""none""","size_p == ""1""",Yes
8598,1607885829819:3caa1abe-3e72-47f4-b8f4-ae3d6eef8d29,1607885829819:a33ac52a-7fa5-4e16-88de-85ba2336c959,"size == ""2""","isEmpty == ""False""","peek_obj_type == ""class java.lang.String""","push == ""none""","pop == ""none""","clear == ""clear""","size_p == ""1""",Yes
8599,1607885829819:3caa1abe-3e72-47f4-b8f4-ae3d6eef8d29,1607885829819:a33ac52a-7fa5-4e16-88de-85ba2336c959,"size == ""3""","isEmpty == ""False""","peek_obj_type == ""class java.lang.String""","push == ""none""","pop == ""none""","clear == ""clear""","size_p == ""2""",Yes
8600,1607885829819:3caa1abe-3e72-47f4-b8f4-ae3d6eef8d29,1607885829819:a33ac52a-7fa5-4e16-88de-85ba2336c959,"size == ""4""","isEmpty == ""False""","peek_obj_type == ""class java.lang.String""","push == ""none""","pop == ""none""","clear == ""clear""","size_p == ""3""",Yes
8602,1607885829819:3caa1abe-3e72-47f4-b8f4-ae3d6eef8d29,1607885829819:90bc6e58-7125-40ef-818d-fbcbe13edcbe,"size == ""0""","isEmpty == ""True""","peek_obj_type == ""EmptyObject""","push == ""class java.lang.String""","pop == ""none""","clear == ""none""","size_p == ""0""",Yes
8603,1607885829819:3caa1abe-3e72-47f4-b8f4-ae3d6eef8d29,1607885829819:90bc6e58-7125-40ef-818d-fbcbe13edcbe,"size == ""0""","isEmpty == ""True""","peek_obj_type == ""EmptyObject""","push == ""none""","pop == ""EmptyObject""","clear == ""none""","size_p == ""0""",No
8605,1607885829819:226e8a3e-cbbc-48c9-8dad-6efa8e4d1670,1607885829819:fcabc96c-cc3e-4b5c-85af-20fa3743577f,"size == ""0""","isEmpty == ""True""","peek_obj_type == ""EmptyObject""","push == ""class java.lang.String""","pop == ""none""","clear == ""none""","size_p == ""0""",Yes
8606,1607885829819:226e8a3e-cbbc-48c9-8dad-6efa8e4d1670,1607885829819:fcabc96c-cc3e-4b5c-85af-20fa3743577f,"size == ""0""","isEmpty == ""True""","peek_obj_type == ""EmptyObject""","push == ""none""","pop == ""EmptyObject""","clear == ""none""","size_p == ""0""",No
8608,1607885829819:226e8a3e-cbbc-48c9-8dad-6efa8e4d1670,1607885829819:1baa92b8-4aec-451d-8c0c-972b9141a383,"size == ""0""","isEmpty == ""True""","peek_obj_type == ""EmptyObject""","push == ""class java.lang.String""","pop == ""none""","clear == ""none""","size_p == ""0""",Yes
8609,1607885829819:226e8a3e-cbbc-48c9-8dad-6efa8e4d1670,1607885829819:1baa92b8-4aec-451d-8c0c-972b9141a383,"size == ""0""","isEmpty == ""True""","peek_obj_type == ""EmptyObject""","push == ""class java.lang.String""","pop == ""none""","clear == ""none""","size_p == ""0""",Yes
8611,1607885829819:1e2a7329-259b-44dc-a852-3a9db301ddda,1607885829819:cae46232-2b4b-48ab-a15e-54731a258356,"size == ""0""","isEmpty == ""True""","peek_obj_type == ""EmptyObject""","push == ""class java.lang.String""","pop == ""none""","clear == ""none""","size_p == ""0""",Yes
8612,1607885829819:1e2a7329-259b-44dc-a852-3a9db301ddda,1607885829819:cae46232-2b4b-48ab-a15e-54731a258356,"size == ""0""","isEmpty == ""True""","peek_obj_type == ""EmptyObject""","push == ""none""","pop == ""EmptyObject""","clear == ""none""","size_p == ""0""",No
8614,1607885829818:e122fffc-9194-4ea4-a814-a8c9d0f5548d,1607885829818:bcd92e05-5b6f-4864-8574-e956565f9c2b,"size == ""0""","isEmpty == ""True""","peek_obj_type == ""EmptyObject""","push == ""class java.lang.String""","pop == ""none""","clear == ""none""","size_p == ""0""",Yes
8615,1607885829818:e122fffc-9194-4ea4-a814-a8c9d0f5548d,1607885829818:bcd92e05-5b6f-4864-8574-e956565f9c2b,"size == ""0""","isEmpty == ""True""","peek_obj_type == ""EmptyObject""","push == ""none""","pop == ""EmptyObject""","clear == ""none""","size_p == ""0""",No
8617,1607885829818:d7bc1421-f3c9-4e9b-a74f-4fca05238743,1607885829818:819d6611-61d9-455f-8fad-40a596c5860e,"size == ""0""","isEmpty == ""True""","peek_obj_type == ""EmptyObject""","push == ""class java.lang.String""","pop == ""none""","clear == ""none""","size_p == ""0""",Yes
8619,1607885829818:d7bc1421-f3c9-4e9b-a74f-4fca05238743,1607885829818:1c27e941-4e6c-4edf-9c3a-057f6d26de4e,"size == ""0""","isEmpty == ""True""","peek_obj_type == ""EmptyObject""","push == ""class java.lang.String""","pop == ""none""","clear == ""none""","size_p == ""0""",Yes
8620,1607885829818:d7bc1421-f3c9-4e9b-a74f-4fca05238743,1607885829818:1c27e941-4e6c-4edf-9c3a-057f6d26de4e,"size == ""0""","isEmpty == ""True""","peek_obj_type == ""EmptyObject""","push == ""none""","pop == ""EmptyObject""","clear == ""none""","size_p == ""0""",No
8623,1607885829818:84bfec13-889c-4f5e-8c97-f63294b18311,1607885829818:d08c9575-f827-4b49-953d-5233d2bcde20,"size == ""0""","isEmpty == ""True""","peek_obj_type == ""EmptyObject""","push == ""class java.lang.String""","pop == ""none""","clear == ""none""","size_p == ""0""",Yes
8624,1607885829818:84bfec13-889c-4f5e-8c97-f63294b18311,1607885829818:d08c9575-f827-4b49-953d-5233d2bcde20,"size == ""0""","isEmpty == ""True""","peek_obj_type == ""EmptyObject""","push == ""none""","pop == ""EmptyObject""","clear == ""none""","size_p == ""0""",No
8626,1607885829818:43846871-3667-41c4-b9d7-301d3704b85b,1607885829818:adcfa453-30e8-4444-bec0-f9579ca423c6,"size == ""0""","isEmpty == ""True""","peek_obj_type == ""EmptyObject""","push == ""class java.lang.String""","pop == ""none""","clear == ""none""","size_p == ""0""",Yes
8627,1607885829818:43846871-3667-41c4-b9d7-301d3704b85b,1607885829818:adcfa453-30e8-4444-bec0-f9579ca423c6,"size == ""0""","isEmpty == ""True""","peek_obj_type == ""EmptyObject""","push == ""none""","pop == ""EmptyObject""","clear == ""none""","size_p == ""0""",No
8629,1607885829818:43846871-3667-41c4-b9d7-301d3704b85b,1607885829818:06fc3a9a-6c4e-4514-afce-b025040fc8a9,"size == ""1""","isEmpty == ""False""","peek_obj_type == ""class java.lang.String""","push == ""none""","pop == ""none""","clear == ""clear""","size_p == ""0""",Yes
8630,1607885829818:43846871-3667-41c4-b9d7-301d3704b85b,1607885829818:06fc3a9a-6c4e-4514-afce-b025040fc8a9,"size == ""1""","isEmpty == ""False""","peek_obj_type == ""class java.lang.String""","push == ""class java.lang.String""","pop == ""none""","clear == ""none""","size_p == ""1""",Yes
8631,1607885829818:43846871-3667-41c4-b9d7-301d3704b85b,1607885829818:06fc3a9a-6c4e-4514-afce-b025040fc8a9,"size == ""0""","isEmpty == ""True""","peek_obj_type == ""EmptyObject""","push == ""none""","pop == ""EmptyObject""","clear == ""none""","size_p == ""1""",No
8632,1607885829818:43846871-3667-41c4-b9d7-301d3704b85b,1607885829818:06fc3a9a-6c4e-4514-afce-b025040fc8a9,"size == ""1""","isEmpty == ""False""","peek_obj_type == ""class java.lang.String""","push == ""none""","pop == ""none""","clear == ""clear""","size_p == ""0""",Yes
8634,1607885829818:2ef3b03d-c8b7-42be-88c0-3b5e49be5637,1607885829818:a3ed2320-cca0-4350-8b3a-8b9f4474bd54,"size == ""0""","isEmpty == ""True""","peek_obj_type == ""EmptyObject""","push == ""class java.lang.String""","pop == ""none""","clear == ""none""","size_p == ""0""",Yes
8635,1607885829818:2ef3b03d-c8b7-42be-88c0-3b5e49be5637,1607885829818:a3ed2320-cca0-4350-8b3a-8b9f4474bd54,"size == ""0""","isEmpty == ""True""","peek_obj_type == ""EmptyObject""","push == ""none""","pop == ""EmptyObject""","clear == ""none""","size_p == ""0""",No
8637,1607885829818:2ef3b03d-c8b7-42be-88c0-3b5e49be5637,1607885829818:6b9085c8-7fbb-4a67-8d1d-36496a6b19d0,"size == ""0""","isEmpty == ""True""","peek_obj_type == ""EmptyObject""","push == ""class java.lang.String""","pop == ""none""","clear == ""none""","size_p == ""0""",Yes
8638,1607885829818:2ef3b03d-c8b7-42be-88c0-3b5e49be5637,1607885829818:6b9085c8-7fbb-4a67-8d1d-36496a6b19d0,"size == ""0""","isEmpty == ""True""","peek_obj_type == ""EmptyObject""","push == ""class java.lang.String""","pop == ""none""","clear == ""none""","size_p == ""0""",Yes
8639,1607885829818:2ef3b03d-c8b7-42be-88c0-3b5e49be5637,1607885829818:6b9085c8-7fbb-4a67-8d1d-36496a6b19d0,"size == ""1""","isEmpty == ""False""","peek_obj_type == ""class java.lang.String""","push == ""none""","pop == ""none""","clear == ""clear""","size_p == ""0""",Yes
8641,1607885829817:cc82c02b-c3a4-4eba-bdc8-ed7c89f6bcf5,1607885829817:65a19651-6eb2-4a2b-8f5a-94be50849ff2,"size == ""0""","isEmpty == ""True""","peek_obj_type == ""EmptyObject""","push == ""class java.lang.String""","pop == ""none""","clear == ""none""","size_p == ""0""",Yes
8642,1607885829817:cc82c02b-c3a4-4eba-bdc8-ed7c89f6bcf5,1607885829817:65a19651-6eb2-4a2b-8f5a-94be50849ff2,"size == ""0""","isEmpty == ""True""","peek_obj_type == ""EmptyObject""","push == ""class java.lang.String""","pop == ""none""","clear == ""none""","size_p == ""0""",Yes
8644,1607885829817:cc82c02b-c3a4-4eba-bdc8-ed7c89f6bcf5,1607885829817:1fadaedb-380d-4b8e-9f43-38584ceb4cdb,"size == ""0""","isEmpty == ""True""","peek_obj_type == ""EmptyObject""","push == ""class java.lang.String""","pop == ""none""","clear == ""none""","size_p == ""0""",Yes
8645,1607885829817:cc82c02b-c3a4-4eba-bdc8-ed7c89f6bcf5,1607885829817:1fadaedb-380d-4b8e-9f43-38584ceb4cdb,"size == ""0""","isEmpty == ""True""","peek_obj_type == ""EmptyObject""","push == ""none""","pop == ""EmptyObject""","clear == ""none""","size_p == ""0""",No
8647,1607885829817:634b4c20-662f-4225-b3cf-66063c13b9d6,1607885829817:e47bf55f-f3db-4398-9f8a-4e1225d607df,"size == ""0""","isEmpty == ""True""","peek_obj_type == ""EmptyObject""","push == ""class java.lang.String""","pop == ""none""","clear == ""none""","size_p == ""0""",Yes
8650,1607885829817:634b4c20-662f-4225-b3cf-66063c13b9d6,1607885829817:4c04febf-f5b9-45e8-86dc-7796cda8339f,"size == ""0""","isEmpty == ""True""","peek_obj_type == ""EmptyObject""","push == ""class java.lang.String""","pop == ""none""","clear == ""none""","size_p == ""0""",Yes
8651,1607885829817:634b4c20-662f-4225-b3cf-66063c13b9d6,1607885829817:4c04febf-f5b9-45e8-86dc-7796cda8339f,"size == ""0""","isEmpty == ""True""","peek_obj_type == ""EmptyObject""","push == ""none""","pop == ""EmptyObject""","clear == ""none""","size_p == ""0""",No
8653,1607885829817:62bc53c6-ec1b-4e06-a23a-15ded6977f45,1607885829817:47da8e00-d165-48ab-9dfd-7a08032affee,"size == ""0""","isEmpty == ""True""","peek_obj_type == ""EmptyObject""","push == ""class java.lang.String""","pop == ""none""","clear == ""none""","size_p == ""0""",Yes
8654,1607885829817:62bc53c6-ec1b-4e06-a23a-15ded6977f45,1607885829817:47da8e00-d165-48ab-9dfd-7a08032affee,"size == ""0""","isEmpty == ""True""","peek_obj_type == ""EmptyObject""","push == ""none""","pop == ""EmptyObject""","clear == ""none""","size_p == ""0""",No
8656,1607885829817:377bfc39-d599-4482-930d-ca2eae6dafd8,1607885829817:431cc0f5-1ab8-4667-89f7-894c14d2c812,"size == ""0""","isEmpty == ""True""","peek_obj_type == ""EmptyObject""","push == ""class java.lang.String""","pop == ""none""","clear == ""none""","size_p == ""0""",Yes
8657,1607885829817:377bfc39-d599-4482-930d-ca2eae6dafd8,1607885829817:431cc0f5-1ab8-4667-89f7-894c14d2c812,"size == ""0""","isEmpty == ""True""","peek_obj_type == ""EmptyObject""","push == ""none""","pop == ""EmptyObject""","clear == ""none""","size_p == ""0""",No
8659,1607885829817:28555d37-9716-4adf-8e35-2d81e061c6ed,1607885829817:92ec32d9-0694-4588-b885-61c94852bf57,"size == ""0""","isEmpty == ""True""","peek_obj_type == ""EmptyObject""","push == ""class java.lang.String""","pop == ""none""","clear == ""none""","size_p == ""0""",Yes
8660,1607885829817:28555d37-9716-4adf-8e35-2d81e061c6ed,1607885829817:92ec32d9-0694-4588-b885-61c94852bf57,"size == ""0""","isEmpty == ""True""","peek_obj_type == ""EmptyObject""","push == ""none""","pop == ""EmptyObject""","clear == ""none""","size_p == ""0""",No
8662,1607885829817:26d03df1-cf7f-4003-9130-9ad8a62ed8e7,1607885829817:9d85ab30-5f10-458c-9de1-923043c5f5a3,"size == ""0""","isEmpty == ""True""","peek_obj_type == ""EmptyObject""","push == ""class java.lang.String""","pop == ""none""","clear == ""none""","size_p == ""0""",Yes
8663,1607885829817:26d03df1-cf7f-4003-9130-9ad8a62ed8e7,1607885829817:9d85ab30-5f10-458c-9de1-923043c5f5a3,"size == ""0""","isEmpty == ""True""","peek_obj_type == ""EmptyObject""","push == ""none""","pop == ""EmptyObject""","clear == ""none""","size_p == ""0""",No
8665,1607885829816:99f8fa05-7a3a-4065-9842-a6d5ff0a1642,1607885829816:36e5c3d1-bbb4-49bf-88d2-758aaf51070f,"size == ""0""","isEmpty == ""True""","peek_obj_type == ""EmptyObject""","push == ""class java.lang.String""","pop == ""none""","clear == ""none""","size_p == ""0""",Yes
8666,1607885829816:99f8fa05-7a3a-4065-9842-a6d5ff0a1642,1607885829816:36e5c3d1-bbb4-49bf-88d2-758aaf51070f,"size == ""0""","isEmpty == ""True""","peek_obj_type == ""EmptyObject""","push == ""none""","pop == ""EmptyObject""","clear == ""none""","size_p == ""0""",No
8668,1607885829816:8235f215-4502-4d26-9ff9-1b74487e3897,1607885829816:6e05f9b0-9d57-4b8a-a5e0-1204b24b0fd2,"size == ""0""","isEmpty == ""True""","peek_obj_type == ""EmptyObject""","push == ""class java.lang.String""","pop == ""none""","clear == ""none""","size_p == ""0""",Yes
8669,1607885829816:8235f215-4502-4d26-9ff9-1b74487e3897,1607885829816:6e05f9b0-9d57-4b8a-a5e0-1204b24b0fd2,"size == ""0""","isEmpty == ""True""","peek_obj_type == ""EmptyObject""","push == ""none""","pop == ""EmptyObject""","clear == ""none""","size_p == ""0""",No
8672,1607885829816:67e49532-bef8-4184-9b01-c5f8c971f347,1607885829816:7a933a5c-0db6-42cf-aab4-61d898b37219,"size == ""0""","isEmpty == ""True""","peek_obj_type == ""EmptyObject""","push == ""class java.lang.String""","pop == ""none""","clear == ""none""","size_p == ""0""",Yes
8673,1607885829816:67e49532-bef8-4184-9b01-c5f8c971f347,1607885829816:7a933a5c-0db6-42cf-aab4-61d898b37219,"size == ""0""","isEmpty == ""True""","peek_obj_type == ""EmptyObject""","push == ""none""","pop == ""EmptyObject""","clear == ""none""","size_p == ""0""",No
8675,1607885829816:67e49532-bef8-4184-9b01-c5f8c971f347,1607885829816:00a74c1b-8fd7-4a09-b2e4-bbde7ef4e06d,"size == ""0""","isEmpty == ""True""","peek_obj_type == ""EmptyObject""","push == ""class java.lang.String""","pop == ""none""","clear == ""none""","size_p == ""0""",Yes
8677,1607885829816:3bed182d-efdc-41cf-b914-f7651701dafe,1607885829816:343515ab-b735-4a1e-9ef4-9a59aa025619,"size == ""0""","isEmpty == ""True""","peek_obj_type == ""EmptyObject""","push == ""class java.lang.String""","pop == ""none""","clear == ""none""","size_p == ""0""",Yes
8678,1607885829816:3bed182d-efdc-41cf-b914-f7651701dafe,1607885829816:343515ab-b735-4a1e-9ef4-9a59aa025619,"size == ""0""","isEmpty == ""True""","peek_obj_type == ""EmptyObject""","push == ""none""","pop == ""EmptyObject""","clear == ""none""","size_p == ""0""",No
8680,1607885829816:2ba7e236-97ae-4070-9a09-4afd7eac0f51,1607885829817:d1f67e94-0e74-4481-a8b2-b510e48c9bfb,"size == ""0""","isEmpty == ""True""","peek_obj_type == ""EmptyObject""","push == ""class java.lang.String""","pop == ""none""","clear == ""none""","size_p == ""0""",Yes
8681,1607885829816:2ba7e236-97ae-4070-9a09-4afd7eac0f51,1607885829817:d1f67e94-0e74-4481-a8b2-b510e48c9bfb,"size == ""0""","isEmpty == ""True""","peek_obj_type == ""EmptyObject""","push == ""none""","pop == ""EmptyObject""","clear == ""none""","size_p == ""0""",No
8683,1607885829815:df33a1ac-36b0-47a2-93b9-c78bd37620da,1607885829815:778a6075-b5ca-4228-a8b6-952177cc731c,"size == ""1""","isEmpty == ""False""","peek_obj_type == ""class java.lang.String""","push == ""none""","pop == ""none""","clear == ""clear""","size_p == ""0""",Yes
8684,1607885829815:df33a1ac-36b0-47a2-93b9-c78bd37620da,1607885829815:778a6075-b5ca-4228-a8b6-952177cc731c,"size == ""1""","isEmpty == ""False""","peek_obj_type == ""class java.lang.String""","push == ""class java.lang.String""","pop == ""none""","clear == ""none""","size_p == ""1""",Yes
8685,1607885829815:df33a1ac-36b0-47a2-93b9-c78bd37620da,1607885829815:778a6075-b5ca-4228-a8b6-952177cc731c,"size == ""2""","isEmpty == ""False""","peek_obj_type == ""class java.lang.String""","push == ""none""","pop == ""none""","clear == ""clear""","size_p == ""1""",Yes
8686,1607885829815:df33a1ac-36b0-47a2-93b9-c78bd37620da,1607885829815:778a6075-b5ca-4228-a8b6-952177cc731c,"size == ""3""","isEmpty == ""False""","peek_obj_type == ""class java.lang.String""","push == ""none""","pop == ""none""","clear == ""clear""","size_p == ""2""",Yes
8687,1607885829815:df33a1ac-36b0-47a2-93b9-c78bd37620da,1607885829815:778a6075-b5ca-4228-a8b6-952177cc731c,"size == ""4""","isEmpty == ""False""","peek_obj_type == ""class java.lang.String""","push == ""none""","pop == ""none""","clear == ""clear""","size_p == ""3""",Yes
8689,1607885829815:df33a1ac-36b0-47a2-93b9-c78bd37620da,1607885829815:1fcec9bb-f04d-43ce-9e00-37bafc9114cc,"size == ""0""","isEmpty == ""True""","peek_obj_type == ""EmptyObject""","push == ""class java.lang.String""","pop == ""none""","clear == ""none""","size_p == ""0""",Yes
8690,1607885829815:df33a1ac-36b0-47a2-93b9-c78bd37620da,1607885829815:1fcec9bb-f04d-43ce-9e00-37bafc9114cc,"size == ""0""","isEmpty == ""True""","peek_obj_type == ""EmptyObject""","push == ""none""","pop == ""EmptyObject""","clear == ""none""","size_p == ""0""",No
8692,1607885829815:86833466-a56e-420b-a861-fac1dd18b6fe,1607885829815:542e4a26-0919-438f-9b46-6fbde0538874,"size == ""0""","isEmpty == ""True""","peek_obj_type == ""EmptyObject""","push == ""class java.lang.String""","pop == ""none""","clear == ""none""","size_p == ""0""",Yes
8693,1607885829815:86833466-a56e-420b-a861-fac1dd18b6fe,1607885829815:542e4a26-0919-438f-9b46-6fbde0538874,"size == ""0""","isEmpty == ""True""","peek_obj_type == ""EmptyObject""","push == ""none""","pop == ""EmptyObject""","clear == ""none""","size_p == ""0""",No
8695,1607885829815:86833466-a56e-420b-a861-fac1dd18b6fe,1607885829815:3cb27f8d-fd91-47ea-a93b-e1ccbab5da0a,"size == ""1""","isEmpty == ""False""","peek_obj_type == ""class java.lang.String""","push == ""none""","pop == ""none""","clear == ""clear""","size_p == ""0""",Yes
8696,1607885829815:86833466-a56e-420b-a861-fac1dd18b6fe,1607885829815:3cb27f8d-fd91-47ea-a93b-e1ccbab5da0a,"size == ""1""","isEmpty == ""False""","peek_obj_type == ""class java.lang.String""","push == ""class java.lang.String""","pop == ""none""","clear == ""none""","size_p == ""1""",Yes
8697,1607885829815:86833466-a56e-420b-a861-fac1dd18b6fe,1607885829815:3cb27f8d-fd91-47ea-a93b-e1ccbab5da0a,"size == ""2""","isEmpty == ""False""","peek_obj_type == ""class java.lang.String""","push == ""none""","pop == ""none""","clear == ""clear""","size_p == ""1""",Yes
8698,1607885829815:86833466-a56e-420b-a861-fac1dd18b6fe,1607885829815:3cb27f8d-fd91-47ea-a93b-e1ccbab5da0a,"size == ""3""","isEmpty == ""False""","peek_obj_type == ""class java.lang.String""","push == ""none""","pop == ""none""","clear == ""clear""","size_p == ""2""",Yes
8699,1607885829815:86833466-a56e-420b-a861-fac1dd18b6fe,1607885829815:3cb27f8d-fd91-47ea-a93b-e1ccbab5da0a,"size == ""4""","isEmpty == ""False""","peek_obj_type == ""class java.lang.String""","push == ""none""","pop == ""none""","clear == ""clear""","size_p == ""3""",Yes
8701,1607885829815:551ffaeb-0cf4-407e-a67a-87fb85b21d66,1607885829815:a497ce56-bc17-4305-9f33-392a920666d0,"size == ""1""","isEmpty == ""False""","peek_obj_type == ""class java.lang.String""","push == ""none""","pop == ""none""","clear == ""clear""","size_p == ""0""",Yes
8702,1607885829815:551ffaeb-0cf4-407e-a67a-87fb85b21d66,1607885829815:a497ce56-bc17-4305-9f33-392a920666d0,"size == ""1""","isEmpty == ""False""","peek_obj_type == ""class java.lang.String""","push == ""class java.lang.String""","pop == ""none""","clear == ""none""","size_p == ""1""",Yes
8703,1607885829815:551ffaeb-0cf4-407e-a67a-87fb85b21d66,1607885829815:a497ce56-bc17-4305-9f33-392a920666d0,"size == ""0""","isEmpty == ""True""","peek_obj_type == ""EmptyObject""","push == ""none""","pop == ""EmptyObject""","clear == ""none""","size_p == ""1""",No
8704,1607885829815:551ffaeb-0cf4-407e-a67a-87fb85b21d66,1607885829815:a497ce56-bc17-4305-9f33-392a920666d0,"size == ""1""","isEmpty == ""False""","peek_obj_type == ""class java.lang.String""","push == ""none""","pop == ""none""","clear == ""clear""","size_p == ""0""",Yes
8706,1607885829815:551ffaeb-0cf4-407e-a67a-87fb85b21d66,1607885829815:73cc7a8b-d03c-4c4b-9ec0-f4197ff19eac,"size == ""0""","isEmpty == ""True""","peek_obj_type == ""EmptyObject""","push == ""class java.lang.String""","pop == ""none""","clear == ""none""","size_p == ""0""",Yes
8707,1607885829815:551ffaeb-0cf4-407e-a67a-87fb85b21d66,1607885829815:73cc7a8b-d03c-4c4b-9ec0-f4197ff19eac,"size == ""0""","isEmpty == ""True""","peek_obj_type == ""EmptyObject""","push == ""none""","pop == ""EmptyObject""","clear == ""none""","size_p == ""0""",No
8709,1607885829815:42d49c31-5371-46ac-992a-f9cdfd77a90e,1607885829815:9ca592c7-9e9d-4125-a876-97f0f76117b1,"size == ""0""","isEmpty == ""True""","peek_obj_type == ""EmptyObject""","push == ""class java.lang.String""","pop == ""none""","clear == ""none""","size_p == ""0""",Yes
8710,1607885829815:42d49c31-5371-46ac-992a-f9cdfd77a90e,1607885829815:9ca592c7-9e9d-4125-a876-97f0f76117b1,"size == ""0""","isEmpty == ""True""","peek_obj_type == ""EmptyObject""","push == ""none""","pop == ""EmptyObject""","clear == ""none""","size_p == ""0""",No
8712,1607885829815:42d49c31-5371-46ac-992a-f9cdfd77a90e,1607885829815:4fde30f2-160e-4d8d-a743-7148acd8c640,"size == ""0""","isEmpty == ""True""","peek_obj_type == ""EmptyObject""","push == ""class java.lang.String""","pop == ""none""","clear == ""none""","size_p == ""0""",Yes
8714,1607885829814:dc69010b-8061-467a-aa32-38c5a0806260,1607885829814:a76717d9-a075-4f71-81e6-e78ac8926a48,"size == ""0""","isEmpty == ""True""","peek_obj_type == ""EmptyObject""","push == ""class java.lang.String""","pop == ""none""","clear == ""none""","size_p == ""0""",Yes
8716,1607885829814:dc69010b-8061-467a-aa32-38c5a0806260,1607885829814:0ff1d22c-69fe-4d29-b764-363963f78c7e,"size == ""0""","isEmpty == ""True""","peek_obj_type == ""EmptyObject""","push == ""class java.lang.String""","pop == ""none""","clear == ""none""","size_p == ""0""",Yes
8717,1607885829814:dc69010b-8061-467a-aa32-38c5a0806260,1607885829814:0ff1d22c-69fe-4d29-b764-363963f78c7e,"size == ""0""","isEmpty == ""True""","peek_obj_type == ""EmptyObject""","push == ""none""","pop == ""EmptyObject""","clear == ""none""","size_p == ""0""",No
8719,1607885829814:aec31035-2f9f-4f08-acaa-d39f7dec4c4d,1607885829814:8a8528d6-d0ed-4488-af9d-c613757c71d3,"size == ""0""","isEmpty == ""True""","peek_obj_type == ""EmptyObject""","push == ""class java.lang.String""","pop == ""none""","clear == ""none""","size_p == ""0""",Yes
8720,1607885829814:aec31035-2f9f-4f08-acaa-d39f7dec4c4d,1607885829814:8a8528d6-d0ed-4488-af9d-c613757c71d3,"size == ""0""","isEmpty == ""True""","peek_obj_type == ""EmptyObject""","push == ""none""","pop == ""EmptyObject""","clear == ""none""","size_p == ""0""",No
8722,1607885829814:a4934979-6694-4cef-95e9-485c29563a1e,1607885829814:a5293760-265b-416e-b01d-92e023a38f64,"size == ""0""","isEmpty == ""True""","peek_obj_type == ""EmptyObject""","push == ""class java.lang.String""","pop == ""none""","clear == ""none""","size_p == ""0""",Yes
8723,1607885829814:a4934979-6694-4cef-95e9-485c29563a1e,1607885829814:a5293760-265b-416e-b01d-92e023a38f64,"size == ""0""","isEmpty == ""True""","peek_obj_type == ""EmptyObject""","push == ""none""","pop == ""EmptyObject""","clear == ""none""","size_p == ""0""",No
8725,1607885829814:5fbf66c6-651e-47b5-8cc7-fe138eeb7dd8,1607885829814:155ea107-bc56-4775-9e93-3c689abc3ae8,"size == ""0""","isEmpty == ""True""","peek_obj_type == ""EmptyObject""","push == ""class java.lang.String""","pop == ""none""","clear == ""none""","size_p == ""0""",Yes
8726,1607885829814:5fbf66c6-651e-47b5-8cc7-fe138eeb7dd8,1607885829814:155ea107-bc56-4775-9e93-3c689abc3ae8,"size == ""0""","isEmpty == ""True""","peek_obj_type == ""EmptyObject""","push == ""none""","pop == ""EmptyObject""","clear == ""none""","size_p == ""0""",No
8728,1607885829814:59eb907e-2a9a-4bf4-9722-a510da21e9f4,1607885829814:eaf40f02-0d54-46b7-a549-7810eab057a2,"size == ""0""","isEmpty == ""True""","peek_obj_type == ""EmptyObject""","push == ""class java.lang.String""","pop == ""none""","clear == ""none""","size_p == ""0""",Yes
8729,1607885829814:59eb907e-2a9a-4bf4-9722-a510da21e9f4,1607885829814:eaf40f02-0d54-46b7-a549-7810eab057a2,"size == ""0""","isEmpty == ""True""","peek_obj_type == ""EmptyObject""","push == ""none""","pop == ""EmptyObject""","clear == ""none""","size_p == ""0""",No
8731,1607885829814:005450e2-e462-409d-9bdb-6a89c9a8985b,1607885829814:d881bd47-243b-43c7-8f9e-2a596092b88d,"size == ""0""","isEmpty == ""True""","peek_obj_type == ""EmptyObject""","push == ""class java.lang.String""","pop == ""none""","clear == ""none""","size_p == ""0""",Yes
8732,1607885829814:005450e2-e462-409d-9bdb-6a89c9a8985b,1607885829814:d881bd47-243b-43c7-8f9e-2a596092b88d,"size == ""0""","isEmpty == ""True""","peek_obj_type == ""EmptyObject""","push == ""none""","pop == ""EmptyObject""","clear == ""none""","size_p == ""0""",No
8734,1607885829814:005450e2-e462-409d-9bdb-6a89c9a8985b,1607885829814:7cf9c115-fb18-4f51-b11e-aa4f18f041e4,"size == ""0""","isEmpty == ""True""","peek_obj_type == ""EmptyObject""","push == ""class java.lang.String""","pop == ""none""","clear == ""none""","size_p == ""0""",Yes
8737,1607885829813:ce82fc04-1496-434f-a3ce-512dab898e64,1607885829813:d3d52811-6c08-40c4-99db-be71de89958c,"size == ""0""","isEmpty == ""True""","peek_obj_type == ""EmptyObject""","push == ""class java.lang.String""","pop == ""none""","clear == ""none""","size_p == ""0""",Yes
8738,1607885829813:ce82fc04-1496-434f-a3ce-512dab898e64,1607885829813:d3d52811-6c08-40c4-99db-be71de89958c,"size == ""0""","isEmpty == ""True""","peek_obj_type == ""EmptyObject""","push == ""none""","pop == ""EmptyObject""","clear == ""none""","size_p == ""0""",No
8740,1607885829813:aab74d0a-8413-4614-899e-ec36af946740,1607885829813:cec83b0a-77a7-4b21-95b0-8d466aefe9f7,"size == ""0""","isEmpty == ""True""","peek_obj_type == ""EmptyObject""","push == ""class java.lang.String""","pop == ""none""","clear == ""none""","size_p == ""0""",Yes
8742,1607885829813:aab74d0a-8413-4614-899e-ec36af946740,1607885829813:62d692aa-47e6-4bb7-bab8-5bf705794578,"size == ""0""","isEmpty == ""True""","peek_obj_type == ""EmptyObject""","push == ""class java.lang.String""","pop == ""none""","clear == ""none""","size_p == ""0""",Yes
8743,1607885829813:aab74d0a-8413-4614-899e-ec36af946740,1607885829813:62d692aa-47e6-4bb7-bab8-5bf705794578,"size == ""0""","isEmpty == ""True""","peek_obj_type == ""EmptyObject""","push == ""none""","pop == ""EmptyObject""","clear == ""none""","size_p == ""0""",No
8746,1607885829813:9739ab6f-e22c-42b9-9d89-fa16b7721b87,1607885829813:a67225e7-1600-4c7c-9734-cf3ec3ecfebd,"size == ""0""","isEmpty == ""True""","peek_obj_type == ""EmptyObject""","push == ""class java.lang.String""","pop == ""none""","clear == ""none""","size_p == ""0""",Yes
8747,1607885829813:9739ab6f-e22c-42b9-9d89-fa16b7721b87,1607885829813:a67225e7-1600-4c7c-9734-cf3ec3ecfebd,"size == ""0""","isEmpty == ""True""","peek_obj_type == ""EmptyObject""","push == ""none""","pop == ""EmptyObject""","clear == ""none""","size_p == ""0""",No
8749,1607885829813:3c86d97e-3ac5-44c8-9405-2eb89337ed4c,1607885829814:a7019181-7eee-48fc-8179-55e3ec204bee,"size == ""0""","isEmpty == ""True""","peek_obj_type == ""EmptyObject""","push == ""class java.lang.String""","pop == ""none""","clear == ""none""","size_p == ""0""",Yes
8750,1607885829813:3c86d97e-3ac5-44c8-9405-2eb89337ed4c,1607885829814:a7019181-7eee-48fc-8179-55e3ec204bee,"size == ""0""","isEmpty == ""True""","peek_obj_type == ""EmptyObject""","push == ""none""","pop == ""EmptyObject""","clear == ""none""","size_p == ""0""",No
8752,1607885829813:3c86d97e-3ac5-44c8-9405-2eb89337ed4c,1607885829813:9c0ad57d-f610-4707-90ea-733d2765adbc,"size == ""1""","isEmpty == ""False""","peek_obj_type == ""class java.lang.String""","push == ""none""","pop == ""none""","clear == ""clear""","size_p == ""0""",Yes
8753,1607885829813:3c86d97e-3ac5-44c8-9405-2eb89337ed4c,1607885829813:9c0ad57d-f610-4707-90ea-733d2765adbc,"size == ""1""","isEmpty == ""False""","peek_obj_type == ""class java.lang.String""","push == ""class java.lang.String""","pop == ""none""","clear == ""none""","size_p == ""1""",Yes
8754,1607885829813:3c86d97e-3ac5-44c8-9405-2eb89337ed4c,1607885829813:9c0ad57d-f610-4707-90ea-733d2765adbc,"size == ""2""","isEmpty == ""False""","peek_obj_type == ""class java.lang.String""","push == ""none""","pop == ""none""","clear == ""clear""","size_p == ""1""",Yes
8755,1607885829813:3c86d97e-3ac5-44c8-9405-2eb89337ed4c,1607885829813:9c0ad57d-f610-4707-90ea-733d2765adbc,"size == ""3""","isEmpty == ""False""","peek_obj_type == ""class java.lang.String""","push == ""none""","pop == ""none""","clear == ""clear""","size_p == ""2""",Yes
8756,1607885829813:3c86d97e-3ac5-44c8-9405-2eb89337ed4c,1607885829813:9c0ad57d-f610-4707-90ea-733d2765adbc,"size == ""4""","isEmpty == ""False""","peek_obj_type == ""class java.lang.String""","push == ""none""","pop == ""none""","clear == ""clear""","size_p == ""3""",Yes
8758,1607885829813:27236f52-aa12-4063-aed6-70d1c0c5cdf3,1607885829813:8bca60d7-d01e-49dc-b52f-04affc4a817e,"size == ""0""","isEmpty == ""True""","peek_obj_type == ""EmptyObject""","push == ""class java.lang.String""","pop == ""none""","clear == ""none""","size_p == ""0""",Yes
8760,1607885829813:27236f52-aa12-4063-aed6-70d1c0c5cdf3,1607885829813:87efc925-0921-4bf5-9093-8679f7391a50,"size == ""0""","isEmpty == ""True""","peek_obj_type == ""EmptyObject""","push == ""class java.lang.String""","pop == ""none""","clear == ""none""","size_p == ""0""",Yes
8761,1607885829813:27236f52-aa12-4063-aed6-70d1c0c5cdf3,1607885829813:87efc925-0921-4bf5-9093-8679f7391a50,"size == ""0""","isEmpty == ""True""","peek_obj_type == ""EmptyObject""","push == ""none""","pop == ""EmptyObject""","clear == ""none""","size_p == ""0""",No
8763,1607885829813:1b888cc6-72e7-4042-b299-ebe383af1e2a,1607885829813:f7201123-17d0-48dc-8bc1-e11d9f493694,"size == ""0""","isEmpty == ""True""","peek_obj_type == ""EmptyObject""","push == ""class java.lang.String""","pop == ""none""","clear == ""none""","size_p == ""0""",Yes
8764,1607885829813:1b888cc6-72e7-4042-b299-ebe383af1e2a,1607885829813:f7201123-17d0-48dc-8bc1-e11d9f493694,"size == ""0""","isEmpty == ""True""","peek_obj_type == ""EmptyObject""","push == ""none""","pop == ""EmptyObject""","clear == ""none""","size_p == ""0""",No
8766,1607885829813:1b888cc6-72e7-4042-b299-ebe383af1e2a,1607885829813:835512f7-3e55-45a5-af31-e096f4446e4d,"size == ""0""","isEmpty == ""True""","peek_obj_type == ""EmptyObject""","push == ""class java.lang.String""","pop == ""none""","clear == ""none""","size_p == ""0""",Yes
8767,1607885829813:1b888cc6-72e7-4042-b299-ebe383af1e2a,1607885829813:835512f7-3e55-45a5-af31-e096f4446e4d,"size == ""0""","isEmpty == ""True""","peek_obj_type == ""EmptyObject""","push == ""class java.lang.String""","pop == ""none""","clear == ""none""","size_p == ""0""",Yes
8769,1607885829812:e41c405f-23a4-456f-8cd5-37660794ea88,1607885829812:adbb195c-3bad-4fa1-b29e-9a63f0f46271,"size == ""0""","isEmpty == ""True""","peek_obj_type == ""EmptyObject""","push == ""class java.lang.String""","pop == ""none""","clear == ""none""","size_p == ""0""",Yes
8770,1607885829812:e41c405f-23a4-456f-8cd5-37660794ea88,1607885829812:adbb195c-3bad-4fa1-b29e-9a63f0f46271,"size == ""0""","isEmpty == ""True""","peek_obj_type == ""EmptyObject""","push == ""none""","pop == ""EmptyObject""","clear == ""none""","size_p == ""0""",No
8772,1607885829812:d72dec59-a756-4edb-96fb-634edf363c2d,1607885829812:f713697d-b1b0-43f1-854b-4a0612710190,"size == ""0""","isEmpty == ""True""","peek_obj_type == ""EmptyObject""","push == ""class java.lang.String""","pop == ""none""","clear == ""none""","size_p == ""0""",Yes
8773,1607885829812:d72dec59-a756-4edb-96fb-634edf363c2d,1607885829812:f713697d-b1b0-43f1-854b-4a0612710190,"size == ""0""","isEmpty == ""True""","peek_obj_type == ""EmptyObject""","push == ""class java.lang.String""","pop == ""none""","clear == ""none""","size_p == ""0""",Yes
8775,1607885829812:d72dec59-a756-4edb-96fb-634edf363c2d,1607885829812:7a41e608-78f9-43b3-bb42-02b0fda99c4e,"size == ""0""","isEmpty == ""True""","peek_obj_type == ""EmptyObject""","push == ""class java.lang.String""","pop == ""none""","clear == ""none""","size_p == ""0""",Yes
8776,1607885829812:d72dec59-a756-4edb-96fb-634edf363c2d,1607885829812:7a41e608-78f9-43b3-bb42-02b0fda99c4e,"size == ""0""","isEmpty == ""True""","peek_obj_type == ""EmptyObject""","push == ""none""","pop == ""EmptyObject""","clear == ""none""","size_p == ""0""",No
8778,1607885829812:c9df72ae-f5a7-4fa4-8f3b-62a7d92e288d,1607885829812:eb536018-1fa4-41fe-a4a1-871b59bb329e,"size == ""0""","isEmpty == ""True""","peek_obj_type == ""EmptyObject""","push == ""class java.lang.String""","pop == ""none""","clear == ""none""","size_p == ""0""",Yes
8779,1607885829812:c9df72ae-f5a7-4fa4-8f3b-62a7d92e288d,1607885829812:eb536018-1fa4-41fe-a4a1-871b59bb329e,"size == ""0""","isEmpty == ""True""","peek_obj_type == ""EmptyObject""","push == ""none""","pop == ""EmptyObject""","clear == ""none""","size_p == ""0""",No
8781,1607885829812:c9df72ae-f5a7-4fa4-8f3b-62a7d92e288d,1607885829812:8d6cafea-d811-485d-8a4c-a94588e1204c,"size == ""0""","isEmpty == ""True""","peek_obj_type == ""EmptyObject""","push == ""class java.lang.String""","pop == ""none""","clear == ""none""","size_p == ""0""",Yes
8783,1607885829812:71fc2d2e-36a4-4118-83ce-a0cdeece59bd,1607885829812:31e49761-20ab-403c-9eba-7c0086cb5b4c,"size == ""0""","isEmpty == ""True""","peek_obj_type == ""EmptyObject""","push == ""class java.lang.String""","pop == ""none""","clear == ""none""","size_p == ""0""",Yes
8784,1607885829812:71fc2d2e-36a4-4118-83ce-a0cdeece59bd,1607885829812:31e49761-20ab-403c-9eba-7c0086cb5b4c,"size == ""0""","isEmpty == ""True""","peek_obj_type == ""EmptyObject""","push == ""none""","pop == ""EmptyObject""","clear == ""none""","size_p == ""0""",No
8786,1607885829812:4baca648-e68a-4b3e-87f6-504840595413,1607885829812:74027396-aa22-4cf3-b421-ac5495c79fdd,"size == ""0""","isEmpty == ""True""","peek_obj_type == ""EmptyObject""","push == ""class java.lang.String""","pop == ""none""","clear == ""none""","size_p == ""0""",Yes
8787,1607885829812:4baca648-e68a-4b3e-87f6-504840595413,1607885829812:74027396-aa22-4cf3-b421-ac5495c79fdd,"size == ""0""","isEmpty == ""True""","peek_obj_type == ""EmptyObject""","push == ""none""","pop == ""EmptyObject""","clear == ""none""","size_p == ""0""",No
8789,1607885829812:4baca648-e68a-4b3e-87f6-504840595413,1607885829812:2f792c5c-5508-47c5-a38d-9465d760e7e0,"size == ""0""","isEmpty == ""True""","peek_obj_type == ""EmptyObject""","push == ""class java.lang.String""","pop == ""none""","clear == ""none""","size_p == ""0""",Yes
8792,1607885829812:48715753-5aca-4363-8a52-180176c8ffec,1607885829812:9cd22dd9-a810-4035-a2cf-9effbff168f8,"size == ""0""","isEmpty == ""True""","peek_obj_type == ""EmptyObject""","push == ""class java.lang.String""","pop == ""none""","clear == ""none""","size_p == ""0""",Yes
8793,1607885829812:48715753-5aca-4363-8a52-180176c8ffec,1607885829812:9cd22dd9-a810-4035-a2cf-9effbff168f8,"size == ""0""","isEmpty == ""True""","peek_obj_type == ""EmptyObject""","push == ""none""","pop == ""EmptyObject""","clear == ""none""","size_p == ""0""",No
8795,1607885829812:48715753-5aca-4363-8a52-180176c8ffec,1607885829812:90e5cde7-c258-424b-bf55-7f91bfd7c6ff,"size == ""0""","isEmpty == ""True""","peek_obj_type == ""EmptyObject""","push == ""class java.lang.String""","pop == ""none""","clear == ""none""","size_p == ""0""",Yes
8796,1607885829812:48715753-5aca-4363-8a52-180176c8ffec,1607885829812:90e5cde7-c258-424b-bf55-7f91bfd7c6ff,"size == ""0""","isEmpty == ""True""","peek_obj_type == ""EmptyObject""","push == ""class java.lang.String""","pop == ""none""","clear == ""none""","size_p == ""0""",Yes
8797,1607885829812:48715753-5aca-4363-8a52-180176c8ffec,1607885829812:90e5cde7-c258-424b-bf55-7f91bfd7c6ff,"size == ""1""","isEmpty == ""False""","peek_obj_type == ""class java.lang.String""","push == ""none""","pop == ""none""","clear == ""clear""","size_p == ""0""",Yes
8799,1607885829811:f9f8d036-72b9-44ac-9599-02ce2468c0ba,1607885829811:b2df982f-8ca9-44ec-a736-3cd2834f2b76,"size == ""0""","isEmpty == ""True""","peek_obj_type == ""EmptyObject""","push == ""class java.lang.String""","pop == ""none""","clear == ""none""","size_p == ""0""",Yes
8800,1607885829811:f9f8d036-72b9-44ac-9599-02ce2468c0ba,1607885829811:b2df982f-8ca9-44ec-a736-3cd2834f2b76,"size == ""0""","isEmpty == ""True""","peek_obj_type == ""EmptyObject""","push == ""none""","pop == ""EmptyObject""","clear == ""none""","size_p == ""0""",No
8802,1607885829811:f9f8d036-72b9-44ac-9599-02ce2468c0ba,1607885829811:55598e23-cf16-49a9-b1eb-c8ea2ab07fe7,"size == ""0""","isEmpty == ""True""","peek_obj_type == ""EmptyObject""","push == ""class java.lang.String""","pop == ""none""","clear == ""none""","size_p == ""0""",Yes
8804,1607885829811:e2666b38-1390-49e5-963e-e626886c1aaf,1607885829811:b910e16c-f4dd-44b8-ba9b-7244063d2f60,"size == ""1""","isEmpty == ""False""","peek_obj_type == ""class java.lang.String""","push == ""none""","pop == ""none""","clear == ""clear""","size_p == ""0""",Yes
8805,1607885829811:e2666b38-1390-49e5-963e-e626886c1aaf,1607885829811:b910e16c-f4dd-44b8-ba9b-7244063d2f60,"size == ""1""","isEmpty == ""False""","peek_obj_type == ""class java.lang.String""","push == ""class java.lang.String""","pop == ""none""","clear == ""none""","size_p == ""1""",Yes
8806,1607885829811:e2666b38-1390-49e5-963e-e626886c1aaf,1607885829811:b910e16c-f4dd-44b8-ba9b-7244063d2f60,"size == ""2""","isEmpty == ""False""","peek_obj_type == ""class java.lang.String""","push == ""none""","pop == ""none""","clear == ""clear""","size_p == ""1""",Yes
8807,1607885829811:e2666b38-1390-49e5-963e-e626886c1aaf,1607885829811:b910e16c-f4dd-44b8-ba9b-7244063d2f60,"size == ""3""","isEmpty == ""False""","peek_obj_type == ""class java.lang.String""","push == ""none""","pop == ""none""","clear == ""clear""","size_p == ""2""",Yes
8808,1607885829811:e2666b38-1390-49e5-963e-e626886c1aaf,1607885829811:b910e16c-f4dd-44b8-ba9b-7244063d2f60,"size == ""4""","isEmpty == ""False""","peek_obj_type == ""class java.lang.String""","push == ""none""","pop == ""none""","clear == ""clear""","size_p == ""3""",Yes
8809,1607885829811:e2666b38-1390-49e5-963e-e626886c1aaf,1607885829811:b910e16c-f4dd-44b8-ba9b-7244063d2f60,"size == ""5""","isEmpty == ""False""","peek_obj_type == ""class java.lang.String""","push == ""none""","pop == ""none""","clear == ""clear""","size_p == ""4""",Yes
8811,1607885829811:e2666b38-1390-49e5-963e-e626886c1aaf,1607885829811:9f51f7d4-862c-436b-85c4-88ccb57a66e9,"size == ""0""","isEmpty == ""True""","peek_obj_type == ""EmptyObject""","push == ""class java.lang.String""","pop == ""none""","clear == ""none""","size_p == ""0""",Yes
8813,1607885829811:e2666b38-1390-49e5-963e-e626886c1aaf,1607885829811:6d97c4e4-ff3a-49b3-a99f-b1df214dfe21,"size == ""0""","isEmpty == ""True""","peek_obj_type == ""EmptyObject""","push == ""class java.lang.String""","pop == ""none""","clear == ""none""","size_p == ""0""",Yes
8814,1607885829811:e2666b38-1390-49e5-963e-e626886c1aaf,1607885829811:6d97c4e4-ff3a-49b3-a99f-b1df214dfe21,"size == ""0""","isEmpty == ""True""","peek_obj_type == ""EmptyObject""","push == ""none""","pop == ""EmptyObject""","clear == ""none""","size_p == ""0""",No
8817,1607885829811:c3816536-8163-4cd2-9c6e-6e277607dee8,1607885829811:f9b2ab6b-0f61-4a05-8604-2c55cd17cdab,"size == ""0""","isEmpty == ""True""","peek_obj_type == ""EmptyObject""","push == ""class java.lang.String""","pop == ""none""","clear == ""none""","size_p == ""0""",Yes
8818,1607885829811:c3816536-8163-4cd2-9c6e-6e277607dee8,1607885829811:f9b2ab6b-0f61-4a05-8604-2c55cd17cdab,"size == ""0""","isEmpty == ""True""","peek_obj_type == ""EmptyObject""","push == ""none""","pop == ""EmptyObject""","clear == ""none""","size_p == ""0""",No
8820,1607885829811:1ef47155-8c48-4184-9b7d-ea397412b2c8,1607885829811:6701e1c6-5445-4b1a-8d7f-54c9c2194208,"size == ""0""","isEmpty == ""True""","peek_obj_type == ""EmptyObject""","push == ""class java.lang.String""","pop == ""none""","clear == ""none""","size_p == ""0""",Yes
8821,1607885829811:1ef47155-8c48-4184-9b7d-ea397412b2c8,1607885829811:6701e1c6-5445-4b1a-8d7f-54c9c2194208,"size == ""0""","isEmpty == ""True""","peek_obj_type == ""EmptyObject""","push == ""none""","pop == ""EmptyObject""","clear == ""none""","size_p == ""0""",No
8823,1607885829811:1ef47155-8c48-4184-9b7d-ea397412b2c8,1607885829811:4bfbe5e3-37f8-4cf3-8612-f1bb97e1e6d9,"size == ""1""","isEmpty == ""False""","peek_obj_type == ""class java.lang.String""","push == ""none""","pop == ""none""","clear == ""clear""","size_p == ""0""",Yes
8824,1607885829811:1ef47155-8c48-4184-9b7d-ea397412b2c8,1607885829811:4bfbe5e3-37f8-4cf3-8612-f1bb97e1e6d9,"size == ""1""","isEmpty == ""False""","peek_obj_type == ""class java.lang.String""","push == ""class java.lang.String""","pop == ""none""","clear == ""none""","size_p == ""1""",Yes
8825,1607885829811:1ef47155-8c48-4184-9b7d-ea397412b2c8,1607885829811:4bfbe5e3-37f8-4cf3-8612-f1bb97e1e6d9,"size == ""2""","isEmpty == ""False""","peek_obj_type == ""class java.lang.String""","push == ""none""","pop == ""none""","clear == ""clear""","size_p == ""1""",Yes
8826,1607885829811:1ef47155-8c48-4184-9b7d-ea397412b2c8,1607885829811:4bfbe5e3-37f8-4cf3-8612-f1bb97e1e6d9,"size == ""3""","isEmpty == ""False""","peek_obj_type == ""class java.lang.String""","push == ""none""","pop == ""none""","clear == ""clear""","size_p == ""2""",Yes
8827,1607885829811:1ef47155-8c48-4184-9b7d-ea397412b2c8,1607885829811:4bfbe5e3-37f8-4cf3-8612-f1bb97e1e6d9,"size == ""4""","isEmpty == ""False""","peek_obj_type == ""class java.lang.String""","push == ""none""","pop == ""none""","clear == ""clear""","size_p == ""3""",Yes
8829,1607885829810:eb92f52c-5167-4a34-9770-0735a58f00e8,1607885829810:c9a41a9e-2949-433f-a42d-cba94f334a0a,"size == ""0""","isEmpty == ""True""","peek_obj_type == ""EmptyObject""","push == ""class java.lang.String""","pop == ""none""","clear == ""none""","size_p == ""0""",Yes
8830,1607885829810:eb92f52c-5167-4a34-9770-0735a58f00e8,1607885829810:c9a41a9e-2949-433f-a42d-cba94f334a0a,"size == ""0""","isEmpty == ""True""","peek_obj_type == ""EmptyObject""","push == ""none""","pop == ""EmptyObject""","clear == ""none""","size_p == ""0""",No
8832,1607885829810:dd023c5d-9633-401d-9e19-701985adb8e6,1607885829810:fa0f0b94-7fa6-4c81-84b3-2ad039a4ca7a,"size == ""0""","isEmpty == ""True""","peek_obj_type == ""EmptyObject""","push == ""class java.lang.String""","pop == ""none""","clear == ""none""","size_p == ""0""",Yes
8834,1607885829810:dd023c5d-9633-401d-9e19-701985adb8e6,1607885829810:18e6adde-b0ab-4e1b-9c55-e1c9ae266b79,"size == ""0""","isEmpty == ""True""","peek_obj_type == ""EmptyObject""","push == ""class java.lang.String""","pop == ""none""","clear == ""none""","size_p == ""0""",Yes
8835,1607885829810:dd023c5d-9633-401d-9e19-701985adb8e6,1607885829810:18e6adde-b0ab-4e1b-9c55-e1c9ae266b79,"size == ""0""","isEmpty == ""True""","peek_obj_type == ""EmptyObject""","push == ""none""","pop == ""EmptyObject""","clear == ""none""","size_p == ""0""",No
8837,1607885829810:b3ea20b6-40a3-4dc9-891e-e1334a616dad,1607885829810:d4bf975f-a3e4-4784-8dee-851060c7fea3,"size == ""0""","isEmpty == ""True""","peek_obj_type == ""EmptyObject""","push == ""class java.lang.String""","pop == ""none""","clear == ""none""","size_p == ""0""",Yes
8838,1607885829810:b3ea20b6-40a3-4dc9-891e-e1334a616dad,1607885829810:d4bf975f-a3e4-4784-8dee-851060c7fea3,"size == ""0""","isEmpty == ""True""","peek_obj_type == ""EmptyObject""","push == ""none""","pop == ""EmptyObject""","clear == ""none""","size_p == ""0""",No
8840,1607885829810:b3ea20b6-40a3-4dc9-891e-e1334a616dad,1607885829810:a2b2f21b-6b70-43fa-bf1e-5067d6f40535,"size == ""1""","isEmpty == ""False""","peek_obj_type == ""class java.lang.String""","push == ""none""","pop == ""none""","clear == ""clear""","size_p == ""0""",Yes
8841,1607885829810:b3ea20b6-40a3-4dc9-891e-e1334a616dad,1607885829810:a2b2f21b-6b70-43fa-bf1e-5067d6f40535,"size == ""1""","isEmpty == ""False""","peek_obj_type == ""class java.lang.String""","push == ""class java.lang.String""","pop == ""none""","clear == ""none""","size_p == ""1""",Yes
8842,1607885829810:b3ea20b6-40a3-4dc9-891e-e1334a616dad,1607885829810:a2b2f21b-6b70-43fa-bf1e-5067d6f40535,"size == ""2""","isEmpty == ""False""","peek_obj_type == ""class java.lang.String""","push == ""none""","pop == ""none""","clear == ""clear""","size_p == ""1""",Yes
8843,1607885829810:b3ea20b6-40a3-4dc9-891e-e1334a616dad,1607885829810:a2b2f21b-6b70-43fa-bf1e-5067d6f40535,"size == ""3""","isEmpty == ""False""","peek_obj_type == ""class java.lang.String""","push == ""none""","pop == ""none""","clear == ""clear""","size_p == ""2""",Yes
8844,1607885829810:b3ea20b6-40a3-4dc9-891e-e1334a616dad,1607885829810:a2b2f21b-6b70-43fa-bf1e-5067d6f40535,"size == ""4""","isEmpty == ""False""","peek_obj_type == ""class java.lang.String""","push == ""none""","pop == ""none""","clear == ""clear""","size_p == ""3""",Yes
8846,1607885829810:ac6d2f72-8d42-4f14-bfdc-bed2ae91eaeb,1607885829810:9ad1b779-92e9-4d56-bf2f-e973016c8df2,"size == ""0""","isEmpty == ""True""","peek_obj_type == ""EmptyObject""","push == ""class java.lang.String""","pop == ""none""","clear == ""none""","size_p == ""0""",Yes
8847,1607885829810:ac6d2f72-8d42-4f14-bfdc-bed2ae91eaeb,1607885829810:9ad1b779-92e9-4d56-bf2f-e973016c8df2,"size == ""0""","isEmpty == ""True""","peek_obj_type == ""EmptyObject""","push == ""none""","pop == ""EmptyObject""","clear == ""none""","size_p == ""0""",No
8849,1607885829810:ac6d2f72-8d42-4f14-bfdc-bed2ae91eaeb,1607885829810:989312be-271f-4558-a78b-876fdaf9342d,"size == ""0""","isEmpty == ""True""","peek_obj_type == ""EmptyObject""","push == ""class java.lang.String""","pop == ""none""","clear == ""none""","size_p == ""0""",Yes
8850,1607885829810:ac6d2f72-8d42-4f14-bfdc-bed2ae91eaeb,1607885829810:989312be-271f-4558-a78b-876fdaf9342d,"size == ""0""","isEmpty == ""True""","peek_obj_type == ""EmptyObject""","push == ""class java.lang.String""","pop == ""none""","clear == ""none""","size_p == ""0""",Yes
8852,1607885829810:5e1b8e62-7ce3-422f-bc0e-c633ff612e3f,1607885829810:893f4e36-e840-4934-9b68-0679556ff72c,"size == ""0""","isEmpty == ""True""","peek_obj_type == ""EmptyObject""","push == ""class java.lang.String""","pop == ""none""","clear == ""none""","size_p == ""0""",Yes
8853,1607885829810:5e1b8e62-7ce3-422f-bc0e-c633ff612e3f,1607885829810:893f4e36-e840-4934-9b68-0679556ff72c,"size == ""0""","isEmpty == ""True""","peek_obj_type == ""EmptyObject""","push == ""none""","pop == ""EmptyObject""","clear == ""none""","size_p == ""0""",No
8855,1607885829810:20cd80c4-ce42-4ebb-8fcf-a780fba4ea82,1607885829810:adebe3ce-6979-4f4b-8e68-37f80ba76d99,"size == ""1""","isEmpty == ""False""","peek_obj_type == ""class java.lang.String""","push == ""none""","pop == ""none""","clear == ""clear""","size_p == ""0""",Yes
8856,1607885829810:20cd80c4-ce42-4ebb-8fcf-a780fba4ea82,1607885829810:adebe3ce-6979-4f4b-8e68-37f80ba76d99,"size == ""1""","isEmpty == ""False""","peek_obj_type == ""class java.lang.String""","push == ""class java.lang.String""","pop == ""none""","clear == ""none""","size_p == ""1""",Yes
8857,1607885829810:20cd80c4-ce42-4ebb-8fcf-a780fba4ea82,1607885829810:adebe3ce-6979-4f4b-8e68-37f80ba76d99,"size == ""0""","isEmpty == ""True""","peek_obj_type == ""EmptyObject""","push == ""none""","pop == ""EmptyObject""","clear == ""none""","size_p == ""1""",No
8858,1607885829810:20cd80c4-ce42-4ebb-8fcf-a780fba4ea82,1607885829810:adebe3ce-6979-4f4b-8e68-37f80ba76d99,"size == ""1""","isEmpty == ""False""","peek_obj_type == ""class java.lang.String""","push == ""none""","pop == ""none""","clear == ""clear""","size_p == ""0""",Yes
8860,1607885829810:20cd80c4-ce42-4ebb-8fcf-a780fba4ea82,1607885829810:583ceab8-05ff-4488-99ec-336da366b743,"size == ""0""","isEmpty == ""True""","peek_obj_type == ""EmptyObject""","push == ""class java.lang.String""","pop == ""none""","clear == ""none""","size_p == ""0""",Yes
8861,1607885829810:20cd80c4-ce42-4ebb-8fcf-a780fba4ea82,1607885829810:583ceab8-05ff-4488-99ec-336da366b743,"size == ""0""","isEmpty == ""True""","peek_obj_type == ""EmptyObject""","push == ""none""","pop == ""EmptyObject""","clear == ""none""","size_p == ""0""",No
8863,1607885829809:7eb855f2-69c2-4a29-829f-7e6cae8a55dc,1607885829809:21abe658-8f47-4bfa-8a38-2f8fcf3733e8,"size == ""0""","isEmpty == ""True""","peek_obj_type == ""EmptyObject""","push == ""class java.lang.String""","pop == ""none""","clear == ""none""","size_p == ""0""",Yes
8864,1607885829809:7eb855f2-69c2-4a29-829f-7e6cae8a55dc,1607885829809:21abe658-8f47-4bfa-8a38-2f8fcf3733e8,"size == ""0""","isEmpty == ""True""","peek_obj_type == ""EmptyObject""","push == ""none""","pop == ""EmptyObject""","clear == ""none""","size_p == ""0""",No
8866,1607885829809:7eb855f2-69c2-4a29-829f-7e6cae8a55dc,1607885829809:1ba39c15-9b71-4f6b-98d1-3cd0a521a484,"size == ""1""","isEmpty == ""False""","peek_obj_type == ""class java.lang.String""","push == ""none""","pop == ""none""","clear == ""clear""","size_p == ""0""",Yes
8867,1607885829809:7eb855f2-69c2-4a29-829f-7e6cae8a55dc,1607885829809:1ba39c15-9b71-4f6b-98d1-3cd0a521a484,"size == ""1""","isEmpty == ""False""","peek_obj_type == ""class java.lang.String""","push == ""class java.lang.String""","pop == ""none""","clear == ""none""","size_p == ""1""",Yes
8868,1607885829809:7eb855f2-69c2-4a29-829f-7e6cae8a55dc,1607885829809:1ba39c15-9b71-4f6b-98d1-3cd0a521a484,"size == ""2""","isEmpty == ""False""","peek_obj_type == ""class java.lang.String""","push == ""none""","pop == ""none""","clear == ""clear""","size_p == ""1""",Yes
8869,1607885829809:7eb855f2-69c2-4a29-829f-7e6cae8a55dc,1607885829809:1ba39c15-9b71-4f6b-98d1-3cd0a521a484,"size == ""3""","isEmpty == ""False""","peek_obj_type == ""class java.lang.String""","push == ""none""","pop == ""none""","clear == ""clear""","size_p == ""2""",Yes
8870,1607885829809:7eb855f2-69c2-4a29-829f-7e6cae8a55dc,1607885829809:1ba39c15-9b71-4f6b-98d1-3cd0a521a484,"size == ""4""","isEmpty == ""False""","peek_obj_type == ""class java.lang.String""","push == ""none""","pop == ""none""","clear == ""clear""","size_p == ""3""",Yes
8872,1607885829809:6bae2bdb-ffea-420a-a48c-d4455a855284,1607885829809:55adf243-8b6e-4247-b276-a3a86c05119c,"size == ""1""","isEmpty == ""False""","peek_obj_type == ""class java.lang.String""","push == ""none""","pop == ""none""","clear == ""clear""","size_p == ""0""",Yes
8873,1607885829809:6bae2bdb-ffea-420a-a48c-d4455a855284,1607885829809:55adf243-8b6e-4247-b276-a3a86c05119c,"size == ""1""","isEmpty == ""False""","peek_obj_type == ""class java.lang.String""","push == ""class java.lang.String""","pop == ""none""","clear == ""none""","size_p == ""1""",Yes
8874,1607885829809:6bae2bdb-ffea-420a-a48c-d4455a855284,1607885829809:55adf243-8b6e-4247-b276-a3a86c05119c,"size == ""2""","isEmpty == ""False""","peek_obj_type == ""class java.lang.String""","push == ""none""","pop == ""none""","clear == ""clear""","size_p == ""1""",Yes
8875,1607885829809:6bae2bdb-ffea-420a-a48c-d4455a855284,1607885829809:55adf243-8b6e-4247-b276-a3a86c05119c,"size == ""3""","isEmpty == ""False""","peek_obj_type == ""class java.lang.String""","push == ""none""","pop == ""none""","clear == ""clear""","size_p == ""2""",Yes
8876,1607885829809:6bae2bdb-ffea-420a-a48c-d4455a855284,1607885829809:55adf243-8b6e-4247-b276-a3a86c05119c,"size == ""4""","isEmpty == ""False""","peek_obj_type == ""class java.lang.String""","push == ""none""","pop == ""none""","clear == ""clear""","size_p == ""3""",Yes
8878,1607885829809:6bae2bdb-ffea-420a-a48c-d4455a855284,1607885829809:0cb6ce69-134d-48aa-bc7d-9d00348df19f,"size == ""0""","isEmpty == ""True""","peek_obj_type == ""EmptyObject""","push == ""class java.lang.String""","pop == ""none""","clear == ""none""","size_p == ""0""",Yes
8879,1607885829809:6bae2bdb-ffea-420a-a48c-d4455a855284,1607885829809:0cb6ce69-134d-48aa-bc7d-9d00348df19f,"size == ""0""","isEmpty == ""True""","peek_obj_type == ""EmptyObject""","push == ""none""","pop == ""EmptyObject""","clear == ""none""","size_p == ""0""",No
8881,1607885829809:39e7b3b5-d63b-4d02-afed-51240c6d638a,1607885829809:f62fa727-408f-432d-9415-a83a3aec3b9a,"size == ""1""","isEmpty == ""False""","peek_obj_type == ""class java.lang.String""","push == ""none""","pop == ""none""","clear == ""clear""","size_p == ""0""",Yes
8882,1607885829809:39e7b3b5-d63b-4d02-afed-51240c6d638a,1607885829809:f62fa727-408f-432d-9415-a83a3aec3b9a,"size == ""1""","isEmpty == ""False""","peek_obj_type == ""class java.lang.String""","push == ""class java.lang.String""","pop == ""none""","clear == ""none""","size_p == ""1""",Yes
8883,1607885829809:39e7b3b5-d63b-4d02-afed-51240c6d638a,1607885829809:f62fa727-408f-432d-9415-a83a3aec3b9a,"size == ""2""","isEmpty == ""False""","peek_obj_type == ""class java.lang.String""","push == ""none""","pop == ""none""","clear == ""clear""","size_p == ""1""",Yes
8884,1607885829809:39e7b3b5-d63b-4d02-afed-51240c6d638a,1607885829809:f62fa727-408f-432d-9415-a83a3aec3b9a,"size == ""3""","isEmpty == ""False""","peek_obj_type == ""class java.lang.String""","push == ""none""","pop == ""none""","clear == ""clear""","size_p == ""2""",Yes
8885,1607885829809:39e7b3b5-d63b-4d02-afed-51240c6d638a,1607885829809:f62fa727-408f-432d-9415-a83a3aec3b9a,"size == ""4""","isEmpty == ""False""","peek_obj_type == ""class java.lang.String""","push == ""none""","pop == ""none""","clear == ""clear""","size_p == ""3""",Yes
8887,1607885829809:39e7b3b5-d63b-4d02-afed-51240c6d638a,1607885829809:72ecd575-15e3-465f-8f15-9d7284a4c64a,"size == ""0""","isEmpty == ""True""","peek_obj_type == ""EmptyObject""","push == ""class java.lang.String""","pop == ""none""","clear == ""none""","size_p == ""0""",Yes
8888,1607885829809:39e7b3b5-d63b-4d02-afed-51240c6d638a,1607885829809:72ecd575-15e3-465f-8f15-9d7284a4c64a,"size == ""0""","isEmpty == ""True""","peek_obj_type == ""EmptyObject""","push == ""none""","pop == ""EmptyObject""","clear == ""none""","size_p == ""0""",No
8890,1607885829809:39e7b3b5-d63b-4d02-afed-51240c6d638a,1607885829809:57b6a9e7-9ea3-4585-b73d-3f17893c735c,"size == ""1""","isEmpty == ""False""","peek_obj_type == ""class java.lang.String""","push == ""none""","pop == ""none""","clear == ""clear""","size_p == ""0""",Yes
8891,1607885829809:39e7b3b5-d63b-4d02-afed-51240c6d638a,1607885829809:57b6a9e7-9ea3-4585-b73d-3f17893c735c,"size == ""1""","isEmpty == ""False""","peek_obj_type == ""class java.lang.String""","push == ""class java.lang.String""","pop == ""none""","clear == ""none""","size_p == ""1""",Yes
8892,1607885829809:39e7b3b5-d63b-4d02-afed-51240c6d638a,1607885829809:57b6a9e7-9ea3-4585-b73d-3f17893c735c,"size == ""2""","isEmpty == ""False""","peek_obj_type == ""class java.lang.String""","push == ""none""","pop == ""none""","clear == ""clear""","size_p == ""1""",Yes
8893,1607885829809:39e7b3b5-d63b-4d02-afed-51240c6d638a,1607885829809:57b6a9e7-9ea3-4585-b73d-3f17893c735c,"size == ""3""","isEmpty == ""False""","peek_obj_type == ""class java.lang.String""","push == ""none""","pop == ""none""","clear == ""clear""","size_p == ""2""",Yes
8894,1607885829809:39e7b3b5-d63b-4d02-afed-51240c6d638a,1607885829809:57b6a9e7-9ea3-4585-b73d-3f17893c735c,"size == ""4""","isEmpty == ""False""","peek_obj_type == ""class java.lang.String""","push == ""none""","pop == ""none""","clear == ""clear""","size_p == ""3""",Yes
8896,1607885829809:358ff23f-041d-470d-9f2b-aa07e8cac0b0,1607885829809:dd0d0bc3-2b50-4b7f-9c6b-352e3365667f,"size == ""0""","isEmpty == ""True""","peek_obj_type == ""EmptyObject""","push == ""class java.lang.String""","pop == ""none""","clear == ""none""","size_p == ""0""",Yes
8897,1607885829809:358ff23f-041d-470d-9f2b-aa07e8cac0b0,1607885829809:dd0d0bc3-2b50-4b7f-9c6b-352e3365667f,"size == ""0""","isEmpty == ""True""","peek_obj_type == ""EmptyObject""","push == ""none""","pop == ""EmptyObject""","clear == ""none""","size_p == ""0""",No
8899,1607885829808:f6711b19-aa7a-49f8-ae08-a4f71191aaf3,1607885829808:3a75014a-a689-44b1-8fc6-81679485fe67,"size == ""0""","isEmpty == ""True""","peek_obj_type == ""EmptyObject""","push == ""class java.lang.String""","pop == ""none""","clear == ""none""","size_p == ""0""",Yes
8900,1607885829808:f6711b19-aa7a-49f8-ae08-a4f71191aaf3,1607885829808:3a75014a-a689-44b1-8fc6-81679485fe67,"size == ""0""","isEmpty == ""True""","peek_obj_type == ""EmptyObject""","push == ""none""","pop == ""EmptyObject""","clear == ""none""","size_p == ""0""",No
8902,1607885829808:ee0b73ff-0349-490f-a261-505f8a01cf4b,1607885829808:cc245461-5bb8-4a96-8ee2-9298b524e708,"size == ""0""","isEmpty == ""True""","peek_obj_type == ""EmptyObject""","push == ""class java.lang.String""","pop == ""none""","clear == ""none""","size_p == ""0""",Yes
8903,1607885829808:ee0b73ff-0349-490f-a261-505f8a01cf4b,1607885829808:cc245461-5bb8-4a96-8ee2-9298b524e708,"size == ""0""","isEmpty == ""True""","peek_obj_type == ""EmptyObject""","push == ""none""","pop == ""EmptyObject""","clear == ""none""","size_p == ""0""",No
8905,1607885829808:ee0b73ff-0349-490f-a261-505f8a01cf4b,1607885829808:1f35e382-f05e-4398-aa02-2bb40bfd56ad,"size == ""0""","isEmpty == ""True""","peek_obj_type == ""EmptyObject""","push == ""class java.lang.String""","pop == ""none""","clear == ""none""","size_p == ""0""",Yes
8906,1607885829808:ee0b73ff-0349-490f-a261-505f8a01cf4b,1607885829808:1f35e382-f05e-4398-aa02-2bb40bfd56ad,"size == ""0""","isEmpty == ""True""","peek_obj_type == ""EmptyObject""","push == ""class java.lang.String""","pop == ""none""","clear == ""none""","size_p == ""0""",Yes
8908,1607885829808:eb564164-7e25-4aca-bafd-d6a8dd5a4a1f,1607885829808:9369ccd5-a662-400c-a482-f316b20c6bb2,"size == ""0""","isEmpty == ""True""","peek_obj_type == ""EmptyObject""","push == ""class java.lang.String""","pop == ""none""","clear == ""none""","size_p == ""0""",Yes
8909,1607885829808:eb564164-7e25-4aca-bafd-d6a8dd5a4a1f,1607885829808:9369ccd5-a662-400c-a482-f316b20c6bb2,"size == ""0""","isEmpty == ""True""","peek_obj_type == ""EmptyObject""","push == ""none""","pop == ""EmptyObject""","clear == ""none""","size_p == ""0""",No
8911,1607885829808:eb564164-7e25-4aca-bafd-d6a8dd5a4a1f,1607885829808:07fd6e93-d511-4a75-ae35-12d901eb4f5f,"size == ""1""","isEmpty == ""False""","peek_obj_type == ""class java.lang.String""","push == ""none""","pop == ""none""","clear == ""clear""","size_p == ""0""",Yes
8912,1607885829808:eb564164-7e25-4aca-bafd-d6a8dd5a4a1f,1607885829808:07fd6e93-d511-4a75-ae35-12d901eb4f5f,"size == ""1""","isEmpty == ""False""","peek_obj_type == ""class java.lang.String""","push == ""class java.lang.String""","pop == ""none""","clear == ""none""","size_p == ""1""",Yes
8913,1607885829808:eb564164-7e25-4aca-bafd-d6a8dd5a4a1f,1607885829808:07fd6e93-d511-4a75-ae35-12d901eb4f5f,"size == ""0""","isEmpty == ""True""","peek_obj_type == ""EmptyObject""","push == ""none""","pop == ""EmptyObject""","clear == ""none""","size_p == ""1""",No
8914,1607885829808:eb564164-7e25-4aca-bafd-d6a8dd5a4a1f,1607885829808:07fd6e93-d511-4a75-ae35-12d901eb4f5f,"size == ""1""","isEmpty == ""False""","peek_obj_type == ""class java.lang.String""","push == ""none""","pop == ""none""","clear == ""clear""","size_p == ""0""",Yes
8917,1607885829808:b6bb1b14-7bee-4ceb-bf50-cb6ae0312a76,1607885829808:2cee8297-69f4-4119-9fba-9623bbe6d8a1,"size == ""0""","isEmpty == ""True""","peek_obj_type == ""EmptyObject""","push == ""class java.lang.String""","pop == ""none""","clear == ""none""","size_p == ""0""",Yes
8919,1607885829808:b6bb1b14-7bee-4ceb-bf50-cb6ae0312a76,1607885829808:2ce0df71-6dc4-4835-9a9c-d6e7a0bb2eeb,"size == ""0""","isEmpty == ""True""","peek_obj_type == ""EmptyObject""","push == ""class java.lang.String""","pop == ""none""","clear == ""none""","size_p == ""0""",Yes
8920,1607885829808:b6bb1b14-7bee-4ceb-bf50-cb6ae0312a76,1607885829808:2ce0df71-6dc4-4835-9a9c-d6e7a0bb2eeb,"size == ""0""","isEmpty == ""True""","peek_obj_type == ""EmptyObject""","push == ""none""","pop == ""EmptyObject""","clear == ""none""","size_p == ""0""",No
8922,1607885829808:300f08ea-dd1b-4d62-ad01-ec36b819fa6c,1607885829808:8d537b37-e3b1-48b0-a444-76e83fdfb266,"size == ""0""","isEmpty == ""True""","peek_obj_type == ""EmptyObject""","push == ""class java.lang.String""","pop == ""none""","clear == ""none""","size_p == ""0""",Yes
8923,1607885829808:300f08ea-dd1b-4d62-ad01-ec36b819fa6c,1607885829808:8d537b37-e3b1-48b0-a444-76e83fdfb266,"size == ""0""","isEmpty == ""True""","peek_obj_type == ""EmptyObject""","push == ""none""","pop == ""EmptyObject""","clear == ""none""","size_p == ""0""",No
8925,1607885829807:f7f0871b-e9d4-42e3-b80b-3e057f9ea6b4,1607885829807:721dc46e-758b-49e8-8ea2-876cb6c21e0d,"size == ""0""","isEmpty == ""True""","peek_obj_type == ""EmptyObject""","push == ""class java.lang.String""","pop == ""none""","clear == ""none""","size_p == ""0""",Yes
8926,1607885829807:f7f0871b-e9d4-42e3-b80b-3e057f9ea6b4,1607885829807:721dc46e-758b-49e8-8ea2-876cb6c21e0d,"size == ""0""","isEmpty == ""True""","peek_obj_type == ""EmptyObject""","push == ""none""","pop == ""EmptyObject""","clear == ""none""","size_p == ""0""",No
8928,1607885829807:ed7ff0d5-6453-4a92-b501-37d60a0c65ff,1607885829807:d0d858b7-fe49-410a-a4a7-5f18e6b90cca,"size == ""0""","isEmpty == ""True""","peek_obj_type == ""EmptyObject""","push == ""class java.lang.String""","pop == ""none""","clear == ""none""","size_p == ""0""",Yes
8929,1607885829807:ed7ff0d5-6453-4a92-b501-37d60a0c65ff,1607885829807:d0d858b7-fe49-410a-a4a7-5f18e6b90cca,"size == ""0""","isEmpty == ""True""","peek_obj_type == ""EmptyObject""","push == ""none""","pop == ""EmptyObject""","clear == ""none""","size_p == ""0""",No
8931,1607885829807:d11b6f17-67e5-40a0-b716-4907443fe499,1607885829807:50ceb5d6-a7ca-4daa-8af5-d706db58c174,"size == ""0""","isEmpty == ""True""","peek_obj_type == ""EmptyObject""","push == ""class java.lang.String""","pop == ""none""","clear == ""none""","size_p == ""0""",Yes
8932,1607885829807:d11b6f17-67e5-40a0-b716-4907443fe499,1607885829807:50ceb5d6-a7ca-4daa-8af5-d706db58c174,"size == ""0""","isEmpty == ""True""","peek_obj_type == ""EmptyObject""","push == ""none""","pop == ""EmptyObject""","clear == ""none""","size_p == ""0""",No
8934,1607885829807:c01a8efd-89b0-404e-afd2-25b9853c7cf3,1607885829807:b034470c-675d-40dc-95ab-cea794e3e36f,"size == ""0""","isEmpty == ""True""","peek_obj_type == ""EmptyObject""","push == ""class java.lang.String""","pop == ""none""","clear == ""none""","size_p == ""0""",Yes
8935,1607885829807:c01a8efd-89b0-404e-afd2-25b9853c7cf3,1607885829807:b034470c-675d-40dc-95ab-cea794e3e36f,"size == ""0""","isEmpty == ""True""","peek_obj_type == ""EmptyObject""","push == ""none""","pop == ""EmptyObject""","clear == ""none""","size_p == ""0""",No
8937,1607885829807:c01a8efd-89b0-404e-afd2-25b9853c7cf3,1607885829807:0cd60287-2fad-41dd-adfe-e81e3ff36468,"size == ""1""","isEmpty == ""False""","peek_obj_type == ""class java.lang.String""","push == ""none""","pop == ""none""","clear == ""clear""","size_p == ""0""",Yes
8938,1607885829807:c01a8efd-89b0-404e-afd2-25b9853c7cf3,1607885829807:0cd60287-2fad-41dd-adfe-e81e3ff36468,"size == ""1""","isEmpty == ""False""","peek_obj_type == ""class java.lang.String""","push == ""class java.lang.String""","pop == ""none""","clear == ""none""","size_p == ""1""",Yes
8939,1607885829807:c01a8efd-89b0-404e-afd2-25b9853c7cf3,1607885829807:0cd60287-2fad-41dd-adfe-e81e3ff36468,"size == ""2""","isEmpty == ""False""","peek_obj_type == ""class java.lang.String""","push == ""none""","pop == ""none""","clear == ""clear""","size_p == ""1""",Yes
8940,1607885829807:c01a8efd-89b0-404e-afd2-25b9853c7cf3,1607885829807:0cd60287-2fad-41dd-adfe-e81e3ff36468,"size == ""3""","isEmpty == ""False""","peek_obj_type == ""class java.lang.String""","push == ""none""","pop == ""none""","clear == ""clear""","size_p == ""2""",Yes
8941,1607885829807:c01a8efd-89b0-404e-afd2-25b9853c7cf3,1607885829807:0cd60287-2fad-41dd-adfe-e81e3ff36468,"size == ""4""","isEmpty == ""False""","peek_obj_type == ""class java.lang.String""","push == ""none""","pop == ""none""","clear == ""clear""","size_p == ""3""",Yes
8943,1607885829807:10845ebf-b237-469a-8893-b1fe4c64b576,1607885829808:65df1de2-7874-4497-8c22-4966817eab13,"size == ""0""","isEmpty == ""True""","peek_obj_type == ""EmptyObject""","push == ""class java.lang.String""","pop == ""none""","clear == ""none""","size_p == ""0""",Yes
8944,1607885829807:10845ebf-b237-469a-8893-b1fe4c64b576,1607885829808:65df1de2-7874-4497-8c22-4966817eab13,"size == ""0""","isEmpty == ""True""","peek_obj_type == ""EmptyObject""","push == ""none""","pop == ""EmptyObject""","clear == ""none""","size_p == ""0""",No
8946,1607885829807:10845ebf-b237-469a-8893-b1fe4c64b576,1607885829807:87775dfc-07d9-4fef-9fad-6259ab556aa7,"size == ""0""","isEmpty == ""True""","peek_obj_type == ""EmptyObject""","push == ""class java.lang.String""","pop == ""none""","clear == ""none""","size_p == ""0""",Yes
8947,1607885829807:10845ebf-b237-469a-8893-b1fe4c64b576,1607885829807:87775dfc-07d9-4fef-9fad-6259ab556aa7,"size == ""0""","isEmpty == ""True""","peek_obj_type == ""EmptyObject""","push == ""class java.lang.String""","pop == ""none""","clear == ""none""","size_p == ""0""",Yes
8948,1607885829807:10845ebf-b237-469a-8893-b1fe4c64b576,1607885829807:87775dfc-07d9-4fef-9fad-6259ab556aa7,"size == ""0""","isEmpty == ""True""","peek_obj_type == ""EmptyObject""","push == ""class java.lang.String""","pop == ""none""","clear == ""none""","size_p == ""0""",Yes
8950,1607885829806:ac3c3e6e-1af2-4847-8ad6-44252bcddebc,1607885829807:a6a56b97-ef2b-4075-94e1-f53058386b72,"size == ""0""","isEmpty == ""True""","peek_obj_type == ""EmptyObject""","push == ""class java.lang.String""","pop == ""none""","clear == ""none""","size_p == ""0""",Yes
8951,1607885829806:ac3c3e6e-1af2-4847-8ad6-44252bcddebc,1607885829807:a6a56b97-ef2b-4075-94e1-f53058386b72,"size == ""0""","isEmpty == ""True""","peek_obj_type == ""EmptyObject""","push == ""none""","pop == ""EmptyObject""","clear == ""none""","size_p == ""0""",No
8953,1607885829806:ac3c3e6e-1af2-4847-8ad6-44252bcddebc,1607885829807:7d476fd2-ffda-4827-aa49-4a6c08ad1134,"size == ""1""","isEmpty == ""False""","peek_obj_type == ""class java.lang.String""","push == ""none""","pop == ""none""","clear == ""clear""","size_p == ""0""",Yes
8954,1607885829806:ac3c3e6e-1af2-4847-8ad6-44252bcddebc,1607885829807:7d476fd2-ffda-4827-aa49-4a6c08ad1134,"size == ""1""","isEmpty == ""False""","peek_obj_type == ""class java.lang.String""","push == ""class java.lang.String""","pop == ""none""","clear == ""none""","size_p == ""1""",Yes
8955,1607885829806:ac3c3e6e-1af2-4847-8ad6-44252bcddebc,1607885829807:7d476fd2-ffda-4827-aa49-4a6c08ad1134,"size == ""2""","isEmpty == ""False""","peek_obj_type == ""class java.lang.String""","push == ""none""","pop == ""none""","clear == ""clear""","size_p == ""1""",Yes
8956,1607885829806:ac3c3e6e-1af2-4847-8ad6-44252bcddebc,1607885829807:7d476fd2-ffda-4827-aa49-4a6c08ad1134,"size == ""3""","isEmpty == ""False""","peek_obj_type == ""class java.lang.String""","push == ""none""","pop == ""none""","clear == ""clear""","size_p == ""2""",Yes
8957,1607885829806:ac3c3e6e-1af2-4847-8ad6-44252bcddebc,1607885829807:7d476fd2-ffda-4827-aa49-4a6c08ad1134,"size == ""4""","isEmpty == ""False""","peek_obj_type == ""class java.lang.String""","push == ""none""","pop == ""none""","clear == ""clear""","size_p == ""3""",Yes
8959,1607885829806:ab815671-b828-4fed-a753-881675e0c863,1607885829806:8e7668c3-661f-455e-91f4-de2208c92e10,"size == ""0""","isEmpty == ""True""","peek_obj_type == ""EmptyObject""","push == ""class java.lang.String""","pop == ""none""","clear == ""none""","size_p == ""0""",Yes
8960,1607885829806:ab815671-b828-4fed-a753-881675e0c863,1607885829806:8e7668c3-661f-455e-91f4-de2208c92e10,"size == ""0""","isEmpty == ""True""","peek_obj_type == ""EmptyObject""","push == ""none""","pop == ""EmptyObject""","clear == ""none""","size_p == ""0""",No
8962,1607885829806:921e4d97-4dd8-47f6-b8a9-f0c084e75627,1607885829806:cea52bde-51bb-4348-bb76-e4e2fadab9c5,"size == ""0""","isEmpty == ""True""","peek_obj_type == ""EmptyObject""","push == ""class java.lang.String""","pop == ""none""","clear == ""none""","size_p == ""0""",Yes
8963,1607885829806:921e4d97-4dd8-47f6-b8a9-f0c084e75627,1607885829806:cea52bde-51bb-4348-bb76-e4e2fadab9c5,"size == ""0""","isEmpty == ""True""","peek_obj_type == ""EmptyObject""","push == ""none""","pop == ""EmptyObject""","clear == ""none""","size_p == ""0""",No
8965,1607885829806:921e4d97-4dd8-47f6-b8a9-f0c084e75627,1607885829806:2bc8996e-e181-4d55-b6fa-2bf5abf6a434,"size == ""1""","isEmpty == ""False""","peek_obj_type == ""class java.lang.String""","push == ""none""","pop == ""none""","clear == ""clear""","size_p == ""0""",Yes
8966,1607885829806:921e4d97-4dd8-47f6-b8a9-f0c084e75627,1607885829806:2bc8996e-e181-4d55-b6fa-2bf5abf6a434,"size == ""1""","isEmpty == ""False""","peek_obj_type == ""class java.lang.String""","push == ""class java.lang.String""","pop == ""none""","clear == ""none""","size_p == ""1""",Yes
8967,1607885829806:921e4d97-4dd8-47f6-b8a9-f0c084e75627,1607885829806:2bc8996e-e181-4d55-b6fa-2bf5abf6a434,"size == ""2""","isEmpty == ""False""","peek_obj_type == ""class java.lang.String""","push == ""none""","pop == ""none""","clear == ""clear""","size_p == ""1""",Yes
8968,1607885829806:921e4d97-4dd8-47f6-b8a9-f0c084e75627,1607885829806:2bc8996e-e181-4d55-b6fa-2bf5abf6a434,"size == ""3""","isEmpty == ""False""","peek_obj_type == ""class java.lang.String""","push == ""none""","pop == ""none""","clear == ""clear""","size_p == ""2""",Yes
8969,1607885829806:921e4d97-4dd8-47f6-b8a9-f0c084e75627,1607885829806:2bc8996e-e181-4d55-b6fa-2bf5abf6a434,"size == ""4""","isEmpty == ""False""","peek_obj_type == ""class java.lang.String""","push == ""none""","pop == ""none""","clear == ""clear""","size_p == ""3""",Yes
8971,1607885829806:8967aac1-9bb6-4e0c-b54a-19bb52fa0013,1607885829806:a0e12e50-cd04-4383-a6b2-efbc2e9cb79b,"size == ""0""","isEmpty == ""True""","peek_obj_type == ""EmptyObject""","push == ""class java.lang.String""","pop == ""none""","clear == ""none""","size_p == ""0""",Yes
8972,1607885829806:8967aac1-9bb6-4e0c-b54a-19bb52fa0013,1607885829806:a0e12e50-cd04-4383-a6b2-efbc2e9cb79b,"size == ""0""","isEmpty == ""True""","peek_obj_type == ""EmptyObject""","push == ""none""","pop == ""EmptyObject""","clear == ""none""","size_p == ""0""",No
8974,1607885829806:758d4d71-830c-4b21-bf1e-eb1475741b67,1607885829806:ceef4f50-5dd3-43a3-932d-206ce570e693,"size == ""0""","isEmpty == ""True""","peek_obj_type == ""EmptyObject""","push == ""class java.lang.String""","pop == ""none""","clear == ""none""","size_p == ""0""",Yes
8975,1607885829806:758d4d71-830c-4b21-bf1e-eb1475741b67,1607885829806:ceef4f50-5dd3-43a3-932d-206ce570e693,"size == ""0""","isEmpty == ""True""","peek_obj_type == ""EmptyObject""","push == ""none""","pop == ""EmptyObject""","clear == ""none""","size_p == ""0""",No
8977,1607885829806:758d4d71-830c-4b21-bf1e-eb1475741b67,1607885829806:2daa3943-918e-4423-894e-34ad9a73c26d,"size == ""0""","isEmpty == ""True""","peek_obj_type == ""EmptyObject""","push == ""class java.lang.String""","pop == ""none""","clear == ""none""","size_p == ""0""",Yes
8978,1607885829806:758d4d71-830c-4b21-bf1e-eb1475741b67,1607885829806:2daa3943-918e-4423-894e-34ad9a73c26d,"size == ""0""","isEmpty == ""True""","peek_obj_type == ""EmptyObject""","push == ""class java.lang.String""","pop == ""none""","clear == ""none""","size_p == ""0""",Yes
8979,1607885829806:758d4d71-830c-4b21-bf1e-eb1475741b67,1607885829806:2daa3943-918e-4423-894e-34ad9a73c26d,"size == ""1""","isEmpty == ""False""","peek_obj_type == ""class java.lang.String""","push == ""none""","pop == ""none""","clear == ""clear""","size_p == ""0""",Yes
8981,1607885829806:0120f4b1-a734-43c0-9930-0ffea34e9a54,1607885829806:9cdea1b7-5bb0-439d-807b-a194ef38fa6e,"size == ""0""","isEmpty == ""True""","peek_obj_type == ""EmptyObject""","push == ""class java.lang.String""","pop == ""none""","clear == ""none""","size_p == ""0""",Yes
8982,1607885829806:0120f4b1-a734-43c0-9930-0ffea34e9a54,1607885829806:9cdea1b7-5bb0-439d-807b-a194ef38fa6e,"size == ""0""","isEmpty == ""True""","peek_obj_type == ""EmptyObject""","push == ""none""","pop == ""EmptyObject""","clear == ""none""","size_p == ""0""",No
8984,1607885829806:0120f4b1-a734-43c0-9930-0ffea34e9a54,1607885829806:3cde52e1-c4eb-436c-b5b7-c2e3490edc66,"size == ""0""","isEmpty == ""True""","peek_obj_type == ""EmptyObject""","push == ""class java.lang.String""","pop == ""none""","clear == ""none""","size_p == ""0""",Yes
8985,1607885829806:0120f4b1-a734-43c0-9930-0ffea34e9a54,1607885829806:3cde52e1-c4eb-436c-b5b7-c2e3490edc66,"size == ""0""","isEmpty == ""True""","peek_obj_type == ""EmptyObject""","push == ""class java.lang.String""","pop == ""none""","clear == ""none""","size_p == ""0""",Yes
8987,1607885829805:d9949553-6d22-491f-b657-fa6406ceaaa1,1607885829805:f1dc9591-e9a3-4698-bef8-5493a57c6874,"size == ""0""","isEmpty == ""True""","peek_obj_type == ""EmptyObject""","push == ""class java.lang.String""","pop == ""none""","clear == ""none""","size_p == ""0""",Yes
8988,1607885829805:d9949553-6d22-491f-b657-fa6406ceaaa1,1607885829805:f1dc9591-e9a3-4698-bef8-5493a57c6874,"size == ""0""","isEmpty == ""True""","peek_obj_type == ""EmptyObject""","push == ""none""","pop == ""EmptyObject""","clear == ""none""","size_p == ""0""",No
8990,1607885829805:9d64b375-e955-408e-88de-6a0e352e6a6a,1607885829805:b3b77b93-b867-41ce-a51e-3fa4528c2bdf,"size == ""0""","isEmpty == ""True""","peek_obj_type == ""EmptyObject""","push == ""class java.lang.String""","pop == ""none""","clear == ""none""","size_p == ""0""",Yes
8991,1607885829805:9d64b375-e955-408e-88de-6a0e352e6a6a,1607885829805:b3b77b93-b867-41ce-a51e-3fa4528c2bdf,"size == ""0""","isEmpty == ""True""","peek_obj_type == ""EmptyObject""","push == ""none""","pop == ""EmptyObject""","clear == ""none""","size_p == ""0""",No
8993,1607885829805:989a5ad4-dda5-4719-aced-52a761ab2ada,1607885829805:d552a45c-6a0e-45f6-8265-862474c77b91,"size == ""0""","isEmpty == ""True""","peek_obj_type == ""EmptyObject""","push == ""class java.lang.String""","pop == ""none""","clear == ""none""","size_p == ""0""",Yes
8994,1607885829805:989a5ad4-dda5-4719-aced-52a761ab2ada,1607885829805:d552a45c-6a0e-45f6-8265-862474c77b91,"size == ""0""","isEmpty == ""True""","peek_obj_type == ""EmptyObject""","push == ""none""","pop == ""EmptyObject""","clear == ""none""","size_p == ""0""",No
8996,1607885829805:989a5ad4-dda5-4719-aced-52a761ab2ada,1607885829805:6b0e6fee-da49-4304-9a42-5d345318dcc3,"size == ""0""","isEmpty == ""True""","peek_obj_type == ""EmptyObject""","push == ""class java.lang.String""","pop == ""none""","clear == ""none""","size_p == ""0""",Yes
8999,1607885829805:985417d3-2c82-4d04-b17f-a31dda97d546,1607885829805:8e48cd43-9353-4b05-b618-1f72c7bc2c2c,"size == ""0""","isEmpty == ""True""","peek_obj_type == ""EmptyObject""","push == ""class java.lang.String""","pop == ""none""","clear == ""none""","size_p == ""0""",Yes
9000,1607885829805:985417d3-2c82-4d04-b17f-a31dda97d546,1607885829805:8e48cd43-9353-4b05-b618-1f72c7bc2c2c,"size == ""0""","isEmpty == ""True""","peek_obj_type == ""EmptyObject""","push == ""none""","pop == ""EmptyObject""","clear == ""none""","size_p == ""0""",No
9002,1607885829805:7b7c74b8-c90a-44c7-89ab-ac6c4dba03bd,1607885829805:40490255-af5b-4a40-ab23-a693a6d49a53,"size == ""0""","isEmpty == ""True""","peek_obj_type == ""EmptyObject""","push == ""class java.lang.String""","pop == ""none""","clear == ""none""","size_p == ""0""",Yes
9003,1607885829805:7b7c74b8-c90a-44c7-89ab-ac6c4dba03bd,1607885829805:40490255-af5b-4a40-ab23-a693a6d49a53,"size == ""0""","isEmpty == ""True""","peek_obj_type == ""EmptyObject""","push == ""class java.lang.String""","pop == ""none""","clear == ""none""","size_p == ""0""",Yes
9005,1607885829805:7b7c74b8-c90a-44c7-89ab-ac6c4dba03bd,1607885829805:3b848b9f-5e47-4f5f-8232-03c7110fd958,"size == ""0""","isEmpty == ""True""","peek_obj_type == ""EmptyObject""","push == ""class java.lang.String""","pop == ""none""","clear == ""none""","size_p == ""0""",Yes
9006,1607885829805:7b7c74b8-c90a-44c7-89ab-ac6c4dba03bd,1607885829805:3b848b9f-5e47-4f5f-8232-03c7110fd958,"size == ""0""","isEmpty == ""True""","peek_obj_type == ""EmptyObject""","push == ""none""","pop == ""EmptyObject""","clear == ""none""","size_p == ""0""",No
9008,1607885829804:eea7bc79-5a46-491b-8e38-d81fd6860f75,1607885829804:3fe0bbce-9d9c-4468-8aad-0171b6a3cb7c,"size == ""1""","isEmpty == ""False""","peek_obj_type == ""class java.lang.String""","push == ""none""","pop == ""none""","clear == ""clear""","size_p == ""0""",Yes
9009,1607885829804:eea7bc79-5a46-491b-8e38-d81fd6860f75,1607885829804:3fe0bbce-9d9c-4468-8aad-0171b6a3cb7c,"size == ""1""","isEmpty == ""False""","peek_obj_type == ""class java.lang.String""","push == ""class java.lang.String""","pop == ""none""","clear == ""none""","size_p == ""1""",Yes
9010,1607885829804:eea7bc79-5a46-491b-8e38-d81fd6860f75,1607885829804:3fe0bbce-9d9c-4468-8aad-0171b6a3cb7c,"size == ""2""","isEmpty == ""False""","peek_obj_type == ""class java.lang.String""","push == ""none""","pop == ""none""","clear == ""clear""","size_p == ""1""",Yes
9011,1607885829804:eea7bc79-5a46-491b-8e38-d81fd6860f75,1607885829804:3fe0bbce-9d9c-4468-8aad-0171b6a3cb7c,"size == ""3""","isEmpty == ""False""","peek_obj_type == ""class java.lang.String""","push == ""none""","pop == ""none""","clear == ""clear""","size_p == ""2""",Yes
9012,1607885829804:eea7bc79-5a46-491b-8e38-d81fd6860f75,1607885829804:3fe0bbce-9d9c-4468-8aad-0171b6a3cb7c,"size == ""4""","isEmpty == ""False""","peek_obj_type == ""class java.lang.String""","push == ""none""","pop == ""none""","clear == ""clear""","size_p == ""3""",Yes
9014,1607885829804:be6654a9-d7df-4efc-a4d5-d78910680e55,1607885829804:bb44bb5c-1744-47d1-b36c-8dac9e3a3080,"size == ""0""","isEmpty == ""True""","peek_obj_type == ""EmptyObject""","push == ""class java.lang.String""","pop == ""none""","clear == ""none""","size_p == ""0""",Yes
9015,1607885829804:be6654a9-d7df-4efc-a4d5-d78910680e55,1607885829804:bb44bb5c-1744-47d1-b36c-8dac9e3a3080,"size == ""0""","isEmpty == ""True""","peek_obj_type == ""EmptyObject""","push == ""none""","pop == ""EmptyObject""","clear == ""none""","size_p == ""0""",No
9017,1607885829804:6de27985-937e-4221-bab9-f55282284ba5,1607885829804:e973ff74-8fc5-4fd4-9e35-018e1f3b3147,"size == ""0""","isEmpty == ""True""","peek_obj_type == ""EmptyObject""","push == ""class java.lang.String""","pop == ""none""","clear == ""none""","size_p == ""0""",Yes
9018,1607885829804:6de27985-937e-4221-bab9-f55282284ba5,1607885829804:e973ff74-8fc5-4fd4-9e35-018e1f3b3147,"size == ""0""","isEmpty == ""True""","peek_obj_type == ""EmptyObject""","push == ""none""","pop == ""EmptyObject""","clear == ""none""","size_p == ""0""",No
9020,1607885829804:65a5d4b4-7507-49fb-8a36-4532ea8d0caf,1607885829804:6a4f4631-63be-4c75-b8d4-2ce740ef220d,"size == ""1""","isEmpty == ""False""","peek_obj_type == ""class java.lang.String""","push == ""none""","pop == ""none""","clear == ""clear""","size_p == ""0""",Yes
9021,1607885829804:65a5d4b4-7507-49fb-8a36-4532ea8d0caf,1607885829804:6a4f4631-63be-4c75-b8d4-2ce740ef220d,"size == ""1""","isEmpty == ""False""","peek_obj_type == ""class java.lang.String""","push == ""class java.lang.String""","pop == ""none""","clear == ""none""","size_p == ""1""",Yes
9022,1607885829804:65a5d4b4-7507-49fb-8a36-4532ea8d0caf,1607885829804:6a4f4631-63be-4c75-b8d4-2ce740ef220d,"size == ""2""","isEmpty == ""False""","peek_obj_type == ""class java.lang.String""","push == ""none""","pop == ""none""","clear == ""clear""","size_p == ""1""",Yes
9023,1607885829804:65a5d4b4-7507-49fb-8a36-4532ea8d0caf,1607885829804:6a4f4631-63be-4c75-b8d4-2ce740ef220d,"size == ""3""","isEmpty == ""False""","peek_obj_type == ""class java.lang.String""","push == ""none""","pop == ""none""","clear == ""clear""","size_p == ""2""",Yes
9024,1607885829804:65a5d4b4-7507-49fb-8a36-4532ea8d0caf,1607885829804:6a4f4631-63be-4c75-b8d4-2ce740ef220d,"size == ""4""","isEmpty == ""False""","peek_obj_type == ""class java.lang.String""","push == ""none""","pop == ""none""","clear == ""clear""","size_p == ""3""",Yes
9026,1607885829804:65a5d4b4-7507-49fb-8a36-4532ea8d0caf,1607885829804:14c1a679-1df9-4e10-9e67-27bb59dcd9e8,"size == ""0""","isEmpty == ""True""","peek_obj_type == ""EmptyObject""","push == ""class java.lang.String""","pop == ""none""","clear == ""none""","size_p == ""0""",Yes
9027,1607885829804:65a5d4b4-7507-49fb-8a36-4532ea8d0caf,1607885829804:14c1a679-1df9-4e10-9e67-27bb59dcd9e8,"size == ""0""","isEmpty == ""True""","peek_obj_type == ""EmptyObject""","push == ""none""","pop == ""EmptyObject""","clear == ""none""","size_p == ""0""",No
9029,1607885829804:2f7cee62-9e6f-41a8-bbde-c82f2d847749,1607885829804:3a3091ae-e165-4aa9-957d-0811a12342c1,"size == ""1""","isEmpty == ""False""","peek_obj_type == ""class java.lang.String""","push == ""none""","pop == ""none""","clear == ""clear""","size_p == ""0""",Yes
9030,1607885829804:2f7cee62-9e6f-41a8-bbde-c82f2d847749,1607885829804:3a3091ae-e165-4aa9-957d-0811a12342c1,"size == ""1""","isEmpty == ""False""","peek_obj_type == ""class java.lang.String""","push == ""class java.lang.String""","pop == ""none""","clear == ""none""","size_p == ""1""",Yes
9031,1607885829804:2f7cee62-9e6f-41a8-bbde-c82f2d847749,1607885829804:3a3091ae-e165-4aa9-957d-0811a12342c1,"size == ""2""","isEmpty == ""False""","peek_obj_type == ""class java.lang.String""","push == ""none""","pop == ""none""","clear == ""clear""","size_p == ""1""",Yes
9032,1607885829804:2f7cee62-9e6f-41a8-bbde-c82f2d847749,1607885829804:3a3091ae-e165-4aa9-957d-0811a12342c1,"size == ""3""","isEmpty == ""False""","peek_obj_type == ""class java.lang.String""","push == ""none""","pop == ""none""","clear == ""clear""","size_p == ""2""",Yes
9033,1607885829804:2f7cee62-9e6f-41a8-bbde-c82f2d847749,1607885829804:3a3091ae-e165-4aa9-957d-0811a12342c1,"size == ""4""","isEmpty == ""False""","peek_obj_type == ""class java.lang.String""","push == ""none""","pop == ""none""","clear == ""clear""","size_p == ""3""",Yes
9034,1607885829804:2f7cee62-9e6f-41a8-bbde-c82f2d847749,1607885829804:3a3091ae-e165-4aa9-957d-0811a12342c1,"size == ""5""","isEmpty == ""False""","peek_obj_type == ""class java.lang.String""","push == ""none""","pop == ""none""","clear == ""clear""","size_p == ""4""",Yes
9035,1607885829804:2f7cee62-9e6f-41a8-bbde-c82f2d847749,1607885829804:3a3091ae-e165-4aa9-957d-0811a12342c1,"size == ""6""","isEmpty == ""False""","peek_obj_type == ""class java.lang.String""","push == ""none""","pop == ""none""","clear == ""clear""","size_p == ""5""",Yes
9037,1607885829804:2f7cee62-9e6f-41a8-bbde-c82f2d847749,1607885829804:170ea0c0-1baf-4deb-a192-fc3b87152dfd,"size == ""0""","isEmpty == ""True""","peek_obj_type == ""EmptyObject""","push == ""class java.lang.String""","pop == ""none""","clear == ""none""","size_p == ""0""",Yes
9038,1607885829804:2f7cee62-9e6f-41a8-bbde-c82f2d847749,1607885829804:170ea0c0-1baf-4deb-a192-fc3b87152dfd,"size == ""0""","isEmpty == ""True""","peek_obj_type == ""EmptyObject""","push == ""none""","pop == ""EmptyObject""","clear == ""none""","size_p == ""0""",No
9040,1607885829804:2f7cee62-9e6f-41a8-bbde-c82f2d847749,1607885829804:03601ca9-de01-40e8-8ecf-19953f29548d,"size == ""1""","isEmpty == ""False""","peek_obj_type == ""class java.lang.String""","push == ""none""","pop == ""none""","clear == ""clear""","size_p == ""0""",Yes
9041,1607885829804:2f7cee62-9e6f-41a8-bbde-c82f2d847749,1607885829804:03601ca9-de01-40e8-8ecf-19953f29548d,"size == ""1""","isEmpty == ""False""","peek_obj_type == ""class java.lang.String""","push == ""class java.lang.String""","pop == ""none""","clear == ""none""","size_p == ""1""",Yes
9042,1607885829804:2f7cee62-9e6f-41a8-bbde-c82f2d847749,1607885829804:03601ca9-de01-40e8-8ecf-19953f29548d,"size == ""2""","isEmpty == ""False""","peek_obj_type == ""class java.lang.String""","push == ""none""","pop == ""none""","clear == ""clear""","size_p == ""1""",Yes
9043,1607885829804:2f7cee62-9e6f-41a8-bbde-c82f2d847749,1607885829804:03601ca9-de01-40e8-8ecf-19953f29548d,"size == ""3""","isEmpty == ""False""","peek_obj_type == ""class java.lang.String""","push == ""none""","pop == ""none""","clear == ""clear""","size_p == ""2""",Yes
9044,1607885829804:2f7cee62-9e6f-41a8-bbde-c82f2d847749,1607885829804:03601ca9-de01-40e8-8ecf-19953f29548d,"size == ""4""","isEmpty == ""False""","peek_obj_type == ""class java.lang.String""","push == ""none""","pop == ""none""","clear == ""clear""","size_p == ""3""",Yes
9046,1607885829803:d6c873bb-be69-435c-bad0-f5cae2c3bec5,1607885829803:6c04562d-9063-425c-a330-376a282f3cc0,"size == ""0""","isEmpty == ""True""","peek_obj_type == ""EmptyObject""","push == ""class java.lang.String""","pop == ""none""","clear == ""none""","size_p == ""0""",Yes
9047,1607885829803:d6c873bb-be69-435c-bad0-f5cae2c3bec5,1607885829803:6c04562d-9063-425c-a330-376a282f3cc0,"size == ""0""","isEmpty == ""True""","peek_obj_type == ""EmptyObject""","push == ""class java.lang.String""","pop == ""none""","clear == ""none""","size_p == ""0""",Yes
9049,1607885829803:d6c873bb-be69-435c-bad0-f5cae2c3bec5,1607885829803:6149ff71-1423-4145-ba74-8104ff88cc47,"size == ""0""","isEmpty == ""True""","peek_obj_type == ""EmptyObject""","push == ""class java.lang.String""","pop == ""none""","clear == ""none""","size_p == ""0""",Yes
9050,1607885829803:d6c873bb-be69-435c-bad0-f5cae2c3bec5,1607885829803:6149ff71-1423-4145-ba74-8104ff88cc47,"size == ""0""","isEmpty == ""True""","peek_obj_type == ""EmptyObject""","push == ""none""","pop == ""EmptyObject""","clear == ""none""","size_p == ""0""",No
9053,1607885829803:d2edb5ca-a3c1-46d3-8813-94701f9ccd94,1607885829803:4c9c0427-74e1-4621-9c6a-e35854a2fce0,"size == ""0""","isEmpty == ""True""","peek_obj_type == ""EmptyObject""","push == ""class java.lang.String""","pop == ""none""","clear == ""none""","size_p == ""0""",Yes
9054,1607885829803:d2edb5ca-a3c1-46d3-8813-94701f9ccd94,1607885829803:4c9c0427-74e1-4621-9c6a-e35854a2fce0,"size == ""0""","isEmpty == ""True""","peek_obj_type == ""EmptyObject""","push == ""none""","pop == ""EmptyObject""","clear == ""none""","size_p == ""0""",No
9056,1607885829803:d2edb5ca-a3c1-46d3-8813-94701f9ccd94,1607885829803:44664c38-ff56-4823-b7f3-eac92f9577c0,"size == ""0""","isEmpty == ""True""","peek_obj_type == ""EmptyObject""","push == ""class java.lang.String""","pop == ""none""","clear == ""none""","size_p == ""0""",Yes
9058,1607885829803:8585c007-edaf-4313-8966-12fd8eda2154,1607885829804:2f98d9ee-e45c-4205-830b-f153f02c697e,"size == ""0""","isEmpty == ""True""","peek_obj_type == ""EmptyObject""","push == ""class java.lang.String""","pop == ""none""","clear == ""none""","size_p == ""0""",Yes
9059,1607885829803:8585c007-edaf-4313-8966-12fd8eda2154,1607885829804:2f98d9ee-e45c-4205-830b-f153f02c697e,"size == ""0""","isEmpty == ""True""","peek_obj_type == ""EmptyObject""","push == ""none""","pop == ""EmptyObject""","clear == ""none""","size_p == ""0""",No
9061,1607885829803:8585c007-edaf-4313-8966-12fd8eda2154,1607885829803:a6a2e5b6-5e79-4479-85a1-69be57efe34a,"size == ""1""","isEmpty == ""False""","peek_obj_type == ""class java.lang.String""","push == ""none""","pop == ""none""","clear == ""clear""","size_p == ""0""",Yes
9062,1607885829803:8585c007-edaf-4313-8966-12fd8eda2154,1607885829803:a6a2e5b6-5e79-4479-85a1-69be57efe34a,"size == ""1""","isEmpty == ""False""","peek_obj_type == ""class java.lang.String""","push == ""class java.lang.String""","pop == ""none""","clear == ""none""","size_p == ""1""",Yes
9063,1607885829803:8585c007-edaf-4313-8966-12fd8eda2154,1607885829803:a6a2e5b6-5e79-4479-85a1-69be57efe34a,"size == ""2""","isEmpty == ""False""","peek_obj_type == ""class java.lang.String""","push == ""none""","pop == ""none""","clear == ""clear""","size_p == ""1""",Yes
9064,1607885829803:8585c007-edaf-4313-8966-12fd8eda2154,1607885829803:a6a2e5b6-5e79-4479-85a1-69be57efe34a,"size == ""3""","isEmpty == ""False""","peek_obj_type == ""class java.lang.String""","push == ""none""","pop == ""none""","clear == ""clear""","size_p == ""2""",Yes
9065,1607885829803:8585c007-edaf-4313-8966-12fd8eda2154,1607885829803:a6a2e5b6-5e79-4479-85a1-69be57efe34a,"size == ""4""","isEmpty == ""False""","peek_obj_type == ""class java.lang.String""","push == ""none""","pop == ""none""","clear == ""clear""","size_p == ""3""",Yes
9067,1607885829803:43f962a6-3ea8-4cde-9410-ae45784a9f23,1607885829803:6595331a-ccc8-4fae-b780-1573181643e6,"size == ""0""","isEmpty == ""True""","peek_obj_type == ""EmptyObject""","push == ""class java.lang.String""","pop == ""none""","clear == ""none""","size_p == ""0""",Yes
9068,1607885829803:43f962a6-3ea8-4cde-9410-ae45784a9f23,1607885829803:6595331a-ccc8-4fae-b780-1573181643e6,"size == ""0""","isEmpty == ""True""","peek_obj_type == ""EmptyObject""","push == ""none""","pop == ""EmptyObject""","clear == ""none""","size_p == ""0""",No
9070,1607885829803:43f962a6-3ea8-4cde-9410-ae45784a9f23,1607885829803:1414195b-9b68-4d96-ae53-9093ccf84b76,"size == ""0""","isEmpty == ""True""","peek_obj_type == ""EmptyObject""","push == ""class java.lang.String""","pop == ""none""","clear == ""none""","size_p == ""0""",Yes
9071,1607885829803:43f962a6-3ea8-4cde-9410-ae45784a9f23,1607885829803:1414195b-9b68-4d96-ae53-9093ccf84b76,"size == ""0""","isEmpty == ""True""","peek_obj_type == ""EmptyObject""","push == ""class java.lang.String""","pop == ""none""","clear == ""none""","size_p == ""0""",Yes
9073,1607885829803:15fd602c-2680-46ec-94fe-83ddba474906,1607885829803:3f7b7eeb-fbfe-437a-b27a-f7c7e2c80cd7,"size == ""0""","isEmpty == ""True""","peek_obj_type == ""EmptyObject""","push == ""class java.lang.String""","pop == ""none""","clear == ""none""","size_p == ""0""",Yes
9074,1607885829803:15fd602c-2680-46ec-94fe-83ddba474906,1607885829803:3f7b7eeb-fbfe-437a-b27a-f7c7e2c80cd7,"size == ""0""","isEmpty == ""True""","peek_obj_type == ""EmptyObject""","push == ""none""","pop == ""EmptyObject""","clear == ""none""","size_p == ""0""",No
9076,1607885829802:f84e3d1c-52c8-4c9b-b463-4c58a3976c89,1607885829802:8e76f119-4612-44ec-b067-2ce289ce693e,"size == ""0""","isEmpty == ""True""","peek_obj_type == ""EmptyObject""","push == ""class java.lang.String""","pop == ""none""","clear == ""none""","size_p == ""0""",Yes
9077,1607885829802:f84e3d1c-52c8-4c9b-b463-4c58a3976c89,1607885829802:8e76f119-4612-44ec-b067-2ce289ce693e,"size == ""0""","isEmpty == ""True""","peek_obj_type == ""EmptyObject""","push == ""class java.lang.String""","pop == ""none""","clear == ""none""","size_p == ""0""",Yes
9078,1607885829802:f84e3d1c-52c8-4c9b-b463-4c58a3976c89,1607885829802:8e76f119-4612-44ec-b067-2ce289ce693e,"size == ""0""","isEmpty == ""True""","peek_obj_type == ""EmptyObject""","push == ""class java.lang.String""","pop == ""none""","clear == ""none""","size_p == ""0""",Yes
9080,1607885829802:f84e3d1c-52c8-4c9b-b463-4c58a3976c89,1607885829802:31940f16-5937-467b-9573-d1820a12afe7,"size == ""0""","isEmpty == ""True""","peek_obj_type == ""EmptyObject""","push == ""class java.lang.String""","pop == ""none""","clear == ""none""","size_p == ""0""",Yes
9081,1607885829802:f84e3d1c-52c8-4c9b-b463-4c58a3976c89,1607885829802:31940f16-5937-467b-9573-d1820a12afe7,"size == ""0""","isEmpty == ""True""","peek_obj_type == ""EmptyObject""","push == ""none""","pop == ""EmptyObject""","clear == ""none""","size_p == ""0""",No
9083,1607885829802:eaff6f46-02c1-4436-975b-cafa4eec43e3,1607885829802:53ec350b-3a29-4212-839c-64c0d7d2f57a,"size == ""0""","isEmpty == ""True""","peek_obj_type == ""EmptyObject""","push == ""class java.lang.String""","pop == ""none""","clear == ""none""","size_p == ""0""",Yes
9084,1607885829802:eaff6f46-02c1-4436-975b-cafa4eec43e3,1607885829802:53ec350b-3a29-4212-839c-64c0d7d2f57a,"size == ""0""","isEmpty == ""True""","peek_obj_type == ""EmptyObject""","push == ""class java.lang.String""","pop == ""none""","clear == ""none""","size_p == ""0""",Yes
9086,1607885829802:eaff6f46-02c1-4436-975b-cafa4eec43e3,1607885829802:2aa09598-ab59-4780-87b8-d1fd199a4055,"size == ""0""","isEmpty == ""True""","peek_obj_type == ""EmptyObject""","push == ""class java.lang.String""","pop == ""none""","clear == ""none""","size_p == ""0""",Yes
9087,1607885829802:eaff6f46-02c1-4436-975b-cafa4eec43e3,1607885829802:2aa09598-ab59-4780-87b8-d1fd199a4055,"size == ""0""","isEmpty == ""True""","peek_obj_type == ""EmptyObject""","push == ""none""","pop == ""EmptyObject""","clear == ""none""","size_p == ""0""",No
9089,1607885829802:c0200fed-07c8-4271-9e88-1951814fa4c9,1607885829802:c827c49e-6cbc-41a3-b130-c4600924c112,"size == ""0""","isEmpty == ""True""","peek_obj_type == ""EmptyObject""","push == ""class java.lang.String""","pop == ""none""","clear == ""none""","size_p == ""0""",Yes
9091,1607885829802:c0200fed-07c8-4271-9e88-1951814fa4c9,1607885829802:a7fe46db-6d87-4c5d-b470-7113b5bea5d1,"size == ""0""","isEmpty == ""True""","peek_obj_type == ""EmptyObject""","push == ""class java.lang.String""","pop == ""none""","clear == ""none""","size_p == ""0""",Yes
9092,1607885829802:c0200fed-07c8-4271-9e88-1951814fa4c9,1607885829802:a7fe46db-6d87-4c5d-b470-7113b5bea5d1,"size == ""0""","isEmpty == ""True""","peek_obj_type == ""EmptyObject""","push == ""none""","pop == ""EmptyObject""","clear == ""none""","size_p == ""0""",No
9094,1607885829802:9f671683-9902-4ffd-85c8-2a3bd9bd6295,1607885829802:89c25dfe-30b1-4842-9ba7-f8f286300fbd,"size == ""0""","isEmpty == ""True""","peek_obj_type == ""EmptyObject""","push == ""class java.lang.String""","pop == ""none""","clear == ""none""","size_p == ""0""",Yes
9095,1607885829802:9f671683-9902-4ffd-85c8-2a3bd9bd6295,1607885829802:89c25dfe-30b1-4842-9ba7-f8f286300fbd,"size == ""0""","isEmpty == ""True""","peek_obj_type == ""EmptyObject""","push == ""none""","pop == ""EmptyObject""","clear == ""none""","size_p == ""0""",No
9097,1607885829802:7100a1e1-b54f-4603-8534-69dd860855b7,1607885829802:18a4571e-0d3c-4b1c-a0bc-03005725b92e,"size == ""0""","isEmpty == ""True""","peek_obj_type == ""EmptyObject""","push == ""class java.lang.String""","pop == ""none""","clear == ""none""","size_p == ""0""",Yes
9098,1607885829802:7100a1e1-b54f-4603-8534-69dd860855b7,1607885829802:18a4571e-0d3c-4b1c-a0bc-03005725b92e,"size == ""0""","isEmpty == ""True""","peek_obj_type == ""EmptyObject""","push == ""none""","pop == ""EmptyObject""","clear == ""none""","size_p == ""0""",No
9100,1607885829802:44d8c0b1-d3d0-4c57-802c-4bcca4a624ae,1607885829803:6458d62e-b534-4896-a639-8022046a4af4,"size == ""0""","isEmpty == ""True""","peek_obj_type == ""EmptyObject""","push == ""class java.lang.String""","pop == ""none""","clear == ""none""","size_p == ""0""",Yes
9101,1607885829802:44d8c0b1-d3d0-4c57-802c-4bcca4a624ae,1607885829803:6458d62e-b534-4896-a639-8022046a4af4,"size == ""0""","isEmpty == ""True""","peek_obj_type == ""EmptyObject""","push == ""none""","pop == ""EmptyObject""","clear == ""none""","size_p == ""0""",No
9103,1607885829802:44d8c0b1-d3d0-4c57-802c-4bcca4a624ae,1607885829802:79e2bf99-4a60-42e2-a3a3-24cfe083437c,"size == ""0""","isEmpty == ""True""","peek_obj_type == ""EmptyObject""","push == ""class java.lang.String""","pop == ""none""","clear == ""none""","size_p == ""0""",Yes
9105,1607885829801:a5df0d12-00b8-46bd-af92-ede0ea560e44,1607885829801:07636647-2933-48c8-870f-14d45824853f,"size == ""0""","isEmpty == ""True""","peek_obj_type == ""EmptyObject""","push == ""class java.lang.String""","pop == ""none""","clear == ""none""","size_p == ""0""",Yes
9106,1607885829801:a5df0d12-00b8-46bd-af92-ede0ea560e44,1607885829801:07636647-2933-48c8-870f-14d45824853f,"size == ""0""","isEmpty == ""True""","peek_obj_type == ""EmptyObject""","push == ""none""","pop == ""EmptyObject""","clear == ""none""","size_p == ""0""",No
9108,1607885829801:8985fb01-8001-4930-a8e7-9e6bbd0441b2,1607885829801:1dae3921-2d23-44d5-b2be-f23e0170d2b3,"size == ""0""","isEmpty == ""True""","peek_obj_type == ""EmptyObject""","push == ""class java.lang.String""","pop == ""none""","clear == ""none""","size_p == ""0""",Yes
9109,1607885829801:8985fb01-8001-4930-a8e7-9e6bbd0441b2,1607885829801:1dae3921-2d23-44d5-b2be-f23e0170d2b3,"size == ""0""","isEmpty == ""True""","peek_obj_type == ""EmptyObject""","push == ""none""","pop == ""EmptyObject""","clear == ""none""","size_p == ""0""",No
9111,1607885829801:87e91a86-6f62-4454-bd4e-bb3bff972a17,1607885829801:d6227e9a-b1ce-47f0-a5e0-544ddaf0df55,"size == ""1""","isEmpty == ""False""","peek_obj_type == ""class java.lang.String""","push == ""none""","pop == ""none""","clear == ""clear""","size_p == ""0""",Yes
9112,1607885829801:87e91a86-6f62-4454-bd4e-bb3bff972a17,1607885829801:d6227e9a-b1ce-47f0-a5e0-544ddaf0df55,"size == ""1""","isEmpty == ""False""","peek_obj_type == ""class java.lang.String""","push == ""class java.lang.String""","pop == ""none""","clear == ""none""","size_p == ""1""",Yes
9113,1607885829801:87e91a86-6f62-4454-bd4e-bb3bff972a17,1607885829801:d6227e9a-b1ce-47f0-a5e0-544ddaf0df55,"size == ""2""","isEmpty == ""False""","peek_obj_type == ""class java.lang.String""","push == ""none""","pop == ""none""","clear == ""clear""","size_p == ""1""",Yes
9114,1607885829801:87e91a86-6f62-4454-bd4e-bb3bff972a17,1607885829801:d6227e9a-b1ce-47f0-a5e0-544ddaf0df55,"size == ""3""","isEmpty == ""False""","peek_obj_type == ""class java.lang.String""","push == ""none""","pop == ""none""","clear == ""clear""","size_p == ""2""",Yes
9115,1607885829801:87e91a86-6f62-4454-bd4e-bb3bff972a17,1607885829801:d6227e9a-b1ce-47f0-a5e0-544ddaf0df55,"size == ""4""","isEmpty == ""False""","peek_obj_type == ""class java.lang.String""","push == ""none""","pop == ""none""","clear == ""clear""","size_p == ""3""",Yes
9117,1607885829801:87e91a86-6f62-4454-bd4e-bb3bff972a17,1607885829801:0451b475-ec0e-420d-bd72-2737962baf0e,"size == ""0""","isEmpty == ""True""","peek_obj_type == ""EmptyObject""","push == ""class java.lang.String""","pop == ""none""","clear == ""none""","size_p == ""0""",Yes
9118,1607885829801:87e91a86-6f62-4454-bd4e-bb3bff972a17,1607885829801:0451b475-ec0e-420d-bd72-2737962baf0e,"size == ""0""","isEmpty == ""True""","peek_obj_type == ""EmptyObject""","push == ""none""","pop == ""EmptyObject""","clear == ""none""","size_p == ""0""",No
9120,1607885829801:628b289d-74f7-4d3a-a506-a67b69552169,1607885829801:37bb1907-06f9-4e5a-bf0d-67099bd58a5c,"size == ""1""","isEmpty == ""False""","peek_obj_type == ""class java.lang.String""","push == ""none""","pop == ""none""","clear == ""clear""","size_p == ""0""",Yes
9121,1607885829801:628b289d-74f7-4d3a-a506-a67b69552169,1607885829801:37bb1907-06f9-4e5a-bf0d-67099bd58a5c,"size == ""1""","isEmpty == ""False""","peek_obj_type == ""class java.lang.String""","push == ""class java.lang.String""","pop == ""none""","clear == ""none""","size_p == ""1""",Yes
9122,1607885829801:628b289d-74f7-4d3a-a506-a67b69552169,1607885829801:37bb1907-06f9-4e5a-bf0d-67099bd58a5c,"size == ""2""","isEmpty == ""False""","peek_obj_type == ""class java.lang.String""","push == ""none""","pop == ""none""","clear == ""clear""","size_p == ""1""",Yes
9123,1607885829801:628b289d-74f7-4d3a-a506-a67b69552169,1607885829801:37bb1907-06f9-4e5a-bf0d-67099bd58a5c,"size == ""1""","isEmpty == ""False""","peek_obj_type == ""class java.lang.String""","push == ""none""","pop == ""class java.lang.String""","clear == ""none""","size_p == ""2""",Yes
9125,1607885829801:27534602-50b7-45af-b482-095c4f77f158,1607885829801:c32a6ac0-8a0e-405f-b05c-f76efcfc9a8a,"size == ""1""","isEmpty == ""False""","peek_obj_type == ""class java.lang.String""","push == ""none""","pop == ""none""","clear == ""clear""","size_p == ""0""",Yes
9126,1607885829801:27534602-50b7-45af-b482-095c4f77f158,1607885829801:c32a6ac0-8a0e-405f-b05c-f76efcfc9a8a,"size == ""1""","isEmpty == ""False""","peek_obj_type == ""class java.lang.String""","push == ""class java.lang.String""","pop == ""none""","clear == ""none""","size_p == ""1""",Yes
9127,1607885829801:27534602-50b7-45af-b482-095c4f77f158,1607885829801:c32a6ac0-8a0e-405f-b05c-f76efcfc9a8a,"size == ""2""","isEmpty == ""False""","peek_obj_type == ""class java.lang.String""","push == ""none""","pop == ""none""","clear == ""clear""","size_p == ""1""",Yes
9128,1607885829801:27534602-50b7-45af-b482-095c4f77f158,1607885829801:c32a6ac0-8a0e-405f-b05c-f76efcfc9a8a,"size == ""3""","isEmpty == ""False""","peek_obj_type == ""class java.lang.String""","push == ""none""","pop == ""none""","clear == ""clear""","size_p == ""2""",Yes
9129,1607885829801:27534602-50b7-45af-b482-095c4f77f158,1607885829801:c32a6ac0-8a0e-405f-b05c-f76efcfc9a8a,"size == ""4""","isEmpty == ""False""","peek_obj_type == ""class java.lang.String""","push == ""none""","pop == ""none""","clear == ""clear""","size_p == ""3""",Yes
9131,1607885829801:27534602-50b7-45af-b482-095c4f77f158,1607885829801:9e6be6f7-4008-4765-a082-1f1467953752,"size == ""0""","isEmpty == ""True""","peek_obj_type == ""EmptyObject""","push == ""class java.lang.String""","pop == ""none""","clear == ""none""","size_p == ""0""",Yes
9132,1607885829801:27534602-50b7-45af-b482-095c4f77f158,1607885829801:9e6be6f7-4008-4765-a082-1f1467953752,"size == ""0""","isEmpty == ""True""","peek_obj_type == ""EmptyObject""","push == ""none""","pop == ""EmptyObject""","clear == ""none""","size_p == ""0""",No
9134,1607885829800:a3ccaee1-c873-4f95-bf70-915782f83a32,1607885829800:cfaadf4c-b069-454c-b254-c2afee7f8ac8,"size == ""0""","isEmpty == ""True""","peek_obj_type == ""EmptyObject""","push == ""class java.lang.String""","pop == ""none""","clear == ""none""","size_p == ""0""",Yes
9136,1607885829800:a3ccaee1-c873-4f95-bf70-915782f83a32,1607885829800:5c5869fb-a8cf-41ad-88fa-4575b0edd7cf,"size == ""0""","isEmpty == ""True""","peek_obj_type == ""EmptyObject""","push == ""class java.lang.String""","pop == ""none""","clear == ""none""","size_p == ""0""",Yes
9137,1607885829800:a3ccaee1-c873-4f95-bf70-915782f83a32,1607885829800:5c5869fb-a8cf-41ad-88fa-4575b0edd7cf,"size == ""0""","isEmpty == ""True""","peek_obj_type == ""EmptyObject""","push == ""none""","pop == ""EmptyObject""","clear == ""none""","size_p == ""0""",No
9139,1607885829800:79122290-d327-4152-ad66-129cffa373bd,1607885829800:f7369486-5e5b-4d10-8ac1-d2e66585a18a,"size == ""0""","isEmpty == ""True""","peek_obj_type == ""EmptyObject""","push == ""class java.lang.String""","pop == ""none""","clear == ""none""","size_p == ""0""",Yes
9140,1607885829800:79122290-d327-4152-ad66-129cffa373bd,1607885829800:f7369486-5e5b-4d10-8ac1-d2e66585a18a,"size == ""0""","isEmpty == ""True""","peek_obj_type == ""EmptyObject""","push == ""class java.lang.String""","pop == ""none""","clear == ""none""","size_p == ""0""",Yes
9141,1607885829800:79122290-d327-4152-ad66-129cffa373bd,1607885829800:f7369486-5e5b-4d10-8ac1-d2e66585a18a,"size == ""1""","isEmpty == ""False""","peek_obj_type == ""class java.lang.String""","push == ""none""","pop == ""none""","clear == ""clear""","size_p == ""0""",Yes
9143,1607885829800:79122290-d327-4152-ad66-129cffa373bd,1607885829800:cde1cc51-1ac7-4f34-ae37-c40859a7528f,"size == ""0""","isEmpty == ""True""","peek_obj_type == ""EmptyObject""","push == ""class java.lang.String""","pop == ""none""","clear == ""none""","size_p == ""0""",Yes
9144,1607885829800:79122290-d327-4152-ad66-129cffa373bd,1607885829800:cde1cc51-1ac7-4f34-ae37-c40859a7528f,"size == ""0""","isEmpty == ""True""","peek_obj_type == ""EmptyObject""","push == ""none""","pop == ""EmptyObject""","clear == ""none""","size_p == ""0""",No
9146,1607885829799:e8ff0360-d630-4497-b029-11a8565135dd,1607885829799:2392d284-981c-43bd-b6df-8a084d7f1b9e,"size == ""1""","isEmpty == ""False""","peek_obj_type == ""class java.lang.String""","push == ""none""","pop == ""none""","clear == ""clear""","size_p == ""0""",Yes
9147,1607885829799:e8ff0360-d630-4497-b029-11a8565135dd,1607885829799:2392d284-981c-43bd-b6df-8a084d7f1b9e,"size == ""1""","isEmpty == ""False""","peek_obj_type == ""class java.lang.String""","push == ""class java.lang.String""","pop == ""none""","clear == ""none""","size_p == ""1""",Yes
9148,1607885829799:e8ff0360-d630-4497-b029-11a8565135dd,1607885829799:2392d284-981c-43bd-b6df-8a084d7f1b9e,"size == ""2""","isEmpty == ""False""","peek_obj_type == ""class java.lang.String""","push == ""none""","pop == ""none""","clear == ""clear""","size_p == ""1""",Yes
9149,1607885829799:e8ff0360-d630-4497-b029-11a8565135dd,1607885829799:2392d284-981c-43bd-b6df-8a084d7f1b9e,"size == ""3""","isEmpty == ""False""","peek_obj_type == ""class java.lang.String""","push == ""none""","pop == ""none""","clear == ""clear""","size_p == ""2""",Yes
9150,1607885829799:e8ff0360-d630-4497-b029-11a8565135dd,1607885829799:2392d284-981c-43bd-b6df-8a084d7f1b9e,"size == ""4""","isEmpty == ""False""","peek_obj_type == ""class java.lang.String""","push == ""none""","pop == ""none""","clear == ""clear""","size_p == ""3""",Yes
9152,1607885829799:e8ff0360-d630-4497-b029-11a8565135dd,1607885829799:1f93dd48-ab74-4c96-bce6-7e9d61573076,"size == ""0""","isEmpty == ""True""","peek_obj_type == ""EmptyObject""","push == ""class java.lang.String""","pop == ""none""","clear == ""none""","size_p == ""0""",Yes
9153,1607885829799:e8ff0360-d630-4497-b029-11a8565135dd,1607885829799:1f93dd48-ab74-4c96-bce6-7e9d61573076,"size == ""0""","isEmpty == ""True""","peek_obj_type == ""EmptyObject""","push == ""none""","pop == ""EmptyObject""","clear == ""none""","size_p == ""0""",No
9155,1607885829799:dc9e2488-0546-45dc-a237-2921bf110e8c,1607885829799:6a46dc90-d886-4ad5-a954-b3e584053a03,"size == ""0""","isEmpty == ""True""","peek_obj_type == ""EmptyObject""","push == ""class java.lang.String""","pop == ""none""","clear == ""none""","size_p == ""0""",Yes
9156,1607885829799:dc9e2488-0546-45dc-a237-2921bf110e8c,1607885829799:6a46dc90-d886-4ad5-a954-b3e584053a03,"size == ""0""","isEmpty == ""True""","peek_obj_type == ""EmptyObject""","push == ""none""","pop == ""EmptyObject""","clear == ""none""","size_p == ""0""",No
9158,1607885829799:dc9e2488-0546-45dc-a237-2921bf110e8c,1607885829799:2d8309a9-168b-4937-b752-dd8fa393d8fc,"size == ""0""","isEmpty == ""True""","peek_obj_type == ""EmptyObject""","push == ""class java.lang.String""","pop == ""none""","clear == ""none""","size_p == ""0""",Yes
9160,1607885829799:ae15a00a-4d31-4df1-a47d-149c4c5e1287,1607885829799:bb502a81-c606-4a55-96dc-fb2adb7c9b9f,"size == ""0""","isEmpty == ""True""","peek_obj_type == ""EmptyObject""","push == ""class java.lang.String""","pop == ""none""","clear == ""none""","size_p == ""0""",Yes
9161,1607885829799:ae15a00a-4d31-4df1-a47d-149c4c5e1287,1607885829799:bb502a81-c606-4a55-96dc-fb2adb7c9b9f,"size == ""0""","isEmpty == ""True""","peek_obj_type == ""EmptyObject""","push == ""none""","pop == ""EmptyObject""","clear == ""none""","size_p == ""0""",No
9163,1607885829799:ac969d1f-6833-473f-aaff-9209221ec549,1607885829799:70434eac-3601-4844-ada7-05588a48c815,"size == ""0""","isEmpty == ""True""","peek_obj_type == ""EmptyObject""","push == ""class java.lang.String""","pop == ""none""","clear == ""none""","size_p == ""0""",Yes
9164,1607885829799:ac969d1f-6833-473f-aaff-9209221ec549,1607885829799:70434eac-3601-4844-ada7-05588a48c815,"size == ""0""","isEmpty == ""True""","peek_obj_type == ""EmptyObject""","push == ""none""","pop == ""EmptyObject""","clear == ""none""","size_p == ""0""",No
9166,1607885829799:8c0b1342-cb92-42b8-8229-fdd3a5f58012,1607885829799:d832654c-ad88-4a5b-8251-fca14a6e2930,"size == ""0""","isEmpty == ""True""","peek_obj_type == ""EmptyObject""","push == ""class java.lang.String""","pop == ""none""","clear == ""none""","size_p == ""0""",Yes
9167,1607885829799:8c0b1342-cb92-42b8-8229-fdd3a5f58012,1607885829799:d832654c-ad88-4a5b-8251-fca14a6e2930,"size == ""0""","isEmpty == ""True""","peek_obj_type == ""EmptyObject""","push == ""none""","pop == ""EmptyObject""","clear == ""none""","size_p == ""0""",No
9169,1607885829799:8c0b1342-cb92-42b8-8229-fdd3a5f58012,1607885829799:c3d78c2a-9f96-4797-bcd9-81e7c713a93f,"size == ""1""","isEmpty == ""False""","peek_obj_type == ""class java.lang.String""","push == ""none""","pop == ""none""","clear == ""clear""","size_p == ""0""",Yes
9170,1607885829799:8c0b1342-cb92-42b8-8229-fdd3a5f58012,1607885829799:c3d78c2a-9f96-4797-bcd9-81e7c713a93f,"size == ""1""","isEmpty == ""False""","peek_obj_type == ""class java.lang.String""","push == ""class java.lang.String""","pop == ""none""","clear == ""none""","size_p == ""1""",Yes
9171,1607885829799:8c0b1342-cb92-42b8-8229-fdd3a5f58012,1607885829799:c3d78c2a-9f96-4797-bcd9-81e7c713a93f,"size == ""0""","isEmpty == ""True""","peek_obj_type == ""EmptyObject""","push == ""none""","pop == ""EmptyObject""","clear == ""none""","size_p == ""1""",No
9172,1607885829799:8c0b1342-cb92-42b8-8229-fdd3a5f58012,1607885829799:c3d78c2a-9f96-4797-bcd9-81e7c713a93f,"size == ""1""","isEmpty == ""False""","peek_obj_type == ""class java.lang.String""","push == ""none""","pop == ""none""","clear == ""clear""","size_p == ""0""",Yes
9174,1607885829798:f60097f1-8682-4f68-9a4a-b538fb322223,1607885829798:62848f51-e224-4587-a1bc-507e70af32e2,"size == ""0""","isEmpty == ""True""","peek_obj_type == ""EmptyObject""","push == ""class java.lang.String""","pop == ""none""","clear == ""none""","size_p == ""0""",Yes
9175,1607885829798:f60097f1-8682-4f68-9a4a-b538fb322223,1607885829798:62848f51-e224-4587-a1bc-507e70af32e2,"size == ""0""","isEmpty == ""True""","peek_obj_type == ""EmptyObject""","push == ""none""","pop == ""EmptyObject""","clear == ""none""","size_p == ""0""",No
9177,1607885829798:f60097f1-8682-4f68-9a4a-b538fb322223,1607885829798:49f00201-eb4c-4fe0-af01-533108e38b42,"size == ""1""","isEmpty == ""False""","peek_obj_type == ""class java.lang.String""","push == ""none""","pop == ""none""","clear == ""clear""","size_p == ""0""",Yes
9178,1607885829798:f60097f1-8682-4f68-9a4a-b538fb322223,1607885829798:49f00201-eb4c-4fe0-af01-533108e38b42,"size == ""1""","isEmpty == ""False""","peek_obj_type == ""class java.lang.String""","push == ""class java.lang.String""","pop == ""none""","clear == ""none""","size_p == ""1""",Yes
9179,1607885829798:f60097f1-8682-4f68-9a4a-b538fb322223,1607885829798:49f00201-eb4c-4fe0-af01-533108e38b42,"size == ""2""","isEmpty == ""False""","peek_obj_type == ""class java.lang.String""","push == ""none""","pop == ""none""","clear == ""clear""","size_p == ""1""",Yes
9180,1607885829798:f60097f1-8682-4f68-9a4a-b538fb322223,1607885829798:49f00201-eb4c-4fe0-af01-533108e38b42,"size == ""3""","isEmpty == ""False""","peek_obj_type == ""class java.lang.String""","push == ""none""","pop == ""none""","clear == ""clear""","size_p == ""2""",Yes
9181,1607885829798:f60097f1-8682-4f68-9a4a-b538fb322223,1607885829798:49f00201-eb4c-4fe0-af01-533108e38b42,"size == ""4""","isEmpty == ""False""","peek_obj_type == ""class java.lang.String""","push == ""none""","pop == ""none""","clear == ""clear""","size_p == ""3""",Yes
9183,1607885829798:f17182d0-6ac1-4d6b-8677-2ae26820018d,1607885829798:5fde0a62-ec90-4d3d-b9bf-bc210dfb2447,"size == ""0""","isEmpty == ""True""","peek_obj_type == ""EmptyObject""","push == ""class java.lang.String""","pop == ""none""","clear == ""none""","size_p == ""0""",Yes
9184,1607885829798:f17182d0-6ac1-4d6b-8677-2ae26820018d,1607885829798:5fde0a62-ec90-4d3d-b9bf-bc210dfb2447,"size == ""0""","isEmpty == ""True""","peek_obj_type == ""EmptyObject""","push == ""none""","pop == ""EmptyObject""","clear == ""none""","size_p == ""0""",No
9186,1607885829798:f17182d0-6ac1-4d6b-8677-2ae26820018d,1607885829798:4fc57775-66b1-4a7d-8e05-1e84b08cec8b,"size == ""1""","isEmpty == ""False""","peek_obj_type == ""class java.lang.String""","push == ""none""","pop == ""none""","clear == ""clear""","size_p == ""0""",Yes
9187,1607885829798:f17182d0-6ac1-4d6b-8677-2ae26820018d,1607885829798:4fc57775-66b1-4a7d-8e05-1e84b08cec8b,"size == ""1""","isEmpty == ""False""","peek_obj_type == ""class java.lang.String""","push == ""class java.lang.String""","pop == ""none""","clear == ""none""","size_p == ""1""",Yes
9188,1607885829798:f17182d0-6ac1-4d6b-8677-2ae26820018d,1607885829798:4fc57775-66b1-4a7d-8e05-1e84b08cec8b,"size == ""2""","isEmpty == ""False""","peek_obj_type == ""class java.lang.String""","push == ""none""","pop == ""none""","clear == ""clear""","size_p == ""1""",Yes
9189,1607885829798:f17182d0-6ac1-4d6b-8677-2ae26820018d,1607885829798:4fc57775-66b1-4a7d-8e05-1e84b08cec8b,"size == ""3""","isEmpty == ""False""","peek_obj_type == ""class java.lang.String""","push == ""none""","pop == ""none""","clear == ""clear""","size_p == ""2""",Yes
9190,1607885829798:f17182d0-6ac1-4d6b-8677-2ae26820018d,1607885829798:4fc57775-66b1-4a7d-8e05-1e84b08cec8b,"size == ""4""","isEmpty == ""False""","peek_obj_type == ""class java.lang.String""","push == ""none""","pop == ""none""","clear == ""clear""","size_p == ""3""",Yes
9192,1607885829798:db60c870-6d1c-4806-b3cc-2c1c1307eca6,1607885829798:6b07587c-e503-4f8d-af9f-5c61648d1285,"size == ""0""","isEmpty == ""True""","peek_obj_type == ""EmptyObject""","push == ""class java.lang.String""","pop == ""none""","clear == ""none""","size_p == ""0""",Yes
9193,1607885829798:db60c870-6d1c-4806-b3cc-2c1c1307eca6,1607885829798:6b07587c-e503-4f8d-af9f-5c61648d1285,"size == ""0""","isEmpty == ""True""","peek_obj_type == ""EmptyObject""","push == ""none""","pop == ""EmptyObject""","clear == ""none""","size_p == ""0""",No
9195,1607885829798:db60c870-6d1c-4806-b3cc-2c1c1307eca6,1607885829798:64e165b6-0047-4af0-94d3-7cb2d9cf9ffe,"size == ""0""","isEmpty == ""True""","peek_obj_type == ""EmptyObject""","push == ""class java.lang.String""","pop == ""none""","clear == ""none""","size_p == ""0""",Yes
9197,1607885829798:b85fe27d-31ee-4f3e-bd46-8433ff6ba60b,1607885829799:2c007a4d-a524-4c74-bb33-654111a504fb,"size == ""0""","isEmpty == ""True""","peek_obj_type == ""EmptyObject""","push == ""class java.lang.String""","pop == ""none""","clear == ""none""","size_p == ""0""",Yes
9198,1607885829798:b85fe27d-31ee-4f3e-bd46-8433ff6ba60b,1607885829799:2c007a4d-a524-4c74-bb33-654111a504fb,"size == ""0""","isEmpty == ""True""","peek_obj_type == ""EmptyObject""","push == ""none""","pop == ""EmptyObject""","clear == ""none""","size_p == ""0""",No
9200,1607885829798:b85fe27d-31ee-4f3e-bd46-8433ff6ba60b,1607885829798:23aeb755-6189-4299-b7a8-12af070a0ba9,"size == ""1""","isEmpty == ""False""","peek_obj_type == ""class java.lang.String""","push == ""none""","pop == ""none""","clear == ""clear""","size_p == ""0""",Yes
9201,1607885829798:b85fe27d-31ee-4f3e-bd46-8433ff6ba60b,1607885829798:23aeb755-6189-4299-b7a8-12af070a0ba9,"size == ""1""","isEmpty == ""False""","peek_obj_type == ""class java.lang.String""","push == ""class java.lang.String""","pop == ""none""","clear == ""none""","size_p == ""1""",Yes
9202,1607885829798:b85fe27d-31ee-4f3e-bd46-8433ff6ba60b,1607885829798:23aeb755-6189-4299-b7a8-12af070a0ba9,"size == ""2""","isEmpty == ""False""","peek_obj_type == ""class java.lang.String""","push == ""none""","pop == ""none""","clear == ""clear""","size_p == ""1""",Yes
9203,1607885829798:b85fe27d-31ee-4f3e-bd46-8433ff6ba60b,1607885829798:23aeb755-6189-4299-b7a8-12af070a0ba9,"size == ""3""","isEmpty == ""False""","peek_obj_type == ""class java.lang.String""","push == ""none""","pop == ""none""","clear == ""clear""","size_p == ""2""",Yes
9204,1607885829798:b85fe27d-31ee-4f3e-bd46-8433ff6ba60b,1607885829798:23aeb755-6189-4299-b7a8-12af070a0ba9,"size == ""4""","isEmpty == ""False""","peek_obj_type == ""class java.lang.String""","push == ""none""","pop == ""none""","clear == ""clear""","size_p == ""3""",Yes
9206,1607885829798:5696f567-1e96-45dc-b8fb-9604995aacb9,1607885829798:e3a484b4-b39d-4ba9-a554-2f402aedb2ea,"size == ""0""","isEmpty == ""True""","peek_obj_type == ""EmptyObject""","push == ""class java.lang.String""","pop == ""none""","clear == ""none""","size_p == ""0""",Yes
9207,1607885829798:5696f567-1e96-45dc-b8fb-9604995aacb9,1607885829798:e3a484b4-b39d-4ba9-a554-2f402aedb2ea,"size == ""0""","isEmpty == ""True""","peek_obj_type == ""EmptyObject""","push == ""class java.lang.String""","pop == ""none""","clear == ""none""","size_p == ""0""",Yes
9208,1607885829798:5696f567-1e96-45dc-b8fb-9604995aacb9,1607885829798:e3a484b4-b39d-4ba9-a554-2f402aedb2ea,"size == ""0""","isEmpty == ""True""","peek_obj_type == ""EmptyObject""","push == ""class java.lang.String""","pop == ""none""","clear == ""none""","size_p == ""0""",Yes
9210,1607885829798:5696f567-1e96-45dc-b8fb-9604995aacb9,1607885829798:49c319cc-cc22-45b5-95ee-5843d0301512,"size == ""1""","isEmpty == ""False""","peek_obj_type == ""class java.lang.String""","push == ""none""","pop == ""none""","clear == ""clear""","size_p == ""0""",Yes
9211,1607885829798:5696f567-1e96-45dc-b8fb-9604995aacb9,1607885829798:49c319cc-cc22-45b5-95ee-5843d0301512,"size == ""1""","isEmpty == ""False""","peek_obj_type == ""class java.lang.String""","push == ""class java.lang.String""","pop == ""none""","clear == ""none""","size_p == ""1""",Yes
9212,1607885829798:5696f567-1e96-45dc-b8fb-9604995aacb9,1607885829798:49c319cc-cc22-45b5-95ee-5843d0301512,"size == ""0""","isEmpty == ""True""","peek_obj_type == ""EmptyObject""","push == ""none""","pop == ""EmptyObject""","clear == ""none""","size_p == ""1""",No
9213,1607885829798:5696f567-1e96-45dc-b8fb-9604995aacb9,1607885829798:49c319cc-cc22-45b5-95ee-5843d0301512,"size == ""1""","isEmpty == ""False""","peek_obj_type == ""class java.lang.String""","push == ""none""","pop == ""none""","clear == ""clear""","size_p == ""0""",Yes
9215,1607885829798:5696f567-1e96-45dc-b8fb-9604995aacb9,1607885829798:04c3040a-2ff8-4847-9282-9bbeee8b6785,"size == ""0""","isEmpty == ""True""","peek_obj_type == ""EmptyObject""","push == ""class java.lang.String""","pop == ""none""","clear == ""none""","size_p == ""0""",Yes
9216,1607885829798:5696f567-1e96-45dc-b8fb-9604995aacb9,1607885829798:04c3040a-2ff8-4847-9282-9bbeee8b6785,"size == ""0""","isEmpty == ""True""","peek_obj_type == ""EmptyObject""","push == ""none""","pop == ""EmptyObject""","clear == ""none""","size_p == ""0""",No
9218,1607885829797:dc4b1cc4-e12e-41a5-b838-c0385b3a6837,1607885829797:2ce93fa5-ace4-4c4d-ac9d-350eb7a54f84,"size == ""0""","isEmpty == ""True""","peek_obj_type == ""EmptyObject""","push == ""class java.lang.String""","pop == ""none""","clear == ""none""","size_p == ""0""",Yes
9219,1607885829797:dc4b1cc4-e12e-41a5-b838-c0385b3a6837,1607885829797:2ce93fa5-ace4-4c4d-ac9d-350eb7a54f84,"size == ""0""","isEmpty == ""True""","peek_obj_type == ""EmptyObject""","push == ""none""","pop == ""EmptyObject""","clear == ""none""","size_p == ""0""",No
9221,1607885829797:c51f7460-5c0a-4989-8368-e75de7bd8fe1,1607885829797:ecfb6881-8e79-48d3-bb9a-a7eebbd7efa2,"size == ""0""","isEmpty == ""True""","peek_obj_type == ""EmptyObject""","push == ""class java.lang.String""","pop == ""none""","clear == ""none""","size_p == ""0""",Yes
9222,1607885829797:c51f7460-5c0a-4989-8368-e75de7bd8fe1,1607885829797:ecfb6881-8e79-48d3-bb9a-a7eebbd7efa2,"size == ""0""","isEmpty == ""True""","peek_obj_type == ""EmptyObject""","push == ""none""","pop == ""EmptyObject""","clear == ""none""","size_p == ""0""",No
9224,1607885829797:c51f7460-5c0a-4989-8368-e75de7bd8fe1,1607885829797:5a0b2177-1eb9-4be3-bddf-2b007bea3578,"size == ""1""","isEmpty == ""False""","peek_obj_type == ""class java.lang.String""","push == ""none""","pop == ""none""","clear == ""clear""","size_p == ""0""",Yes
9225,1607885829797:c51f7460-5c0a-4989-8368-e75de7bd8fe1,1607885829797:5a0b2177-1eb9-4be3-bddf-2b007bea3578,"size == ""1""","isEmpty == ""False""","peek_obj_type == ""class java.lang.String""","push == ""class java.lang.String""","pop == ""none""","clear == ""none""","size_p == ""1""",Yes
9226,1607885829797:c51f7460-5c0a-4989-8368-e75de7bd8fe1,1607885829797:5a0b2177-1eb9-4be3-bddf-2b007bea3578,"size == ""2""","isEmpty == ""False""","peek_obj_type == ""class java.lang.String""","push == ""none""","pop == ""none""","clear == ""clear""","size_p == ""1""",Yes
9227,1607885829797:c51f7460-5c0a-4989-8368-e75de7bd8fe1,1607885829797:5a0b2177-1eb9-4be3-bddf-2b007bea3578,"size == ""3""","isEmpty == ""False""","peek_obj_type == ""class java.lang.String""","push == ""none""","pop == ""none""","clear == ""clear""","size_p == ""2""",Yes
9228,1607885829797:c51f7460-5c0a-4989-8368-e75de7bd8fe1,1607885829797:5a0b2177-1eb9-4be3-bddf-2b007bea3578,"size == ""4""","isEmpty == ""False""","peek_obj_type == ""class java.lang.String""","push == ""none""","pop == ""none""","clear == ""clear""","size_p == ""3""",Yes
9230,1607885829797:b444f03e-38f5-4fe5-8fd1-2e43ac601948,1607885829797:8d6f3e74-923d-405a-9a0d-4424aafd1b95,"size == ""0""","isEmpty == ""True""","peek_obj_type == ""EmptyObject""","push == ""class java.lang.String""","pop == ""none""","clear == ""none""","size_p == ""0""",Yes
9231,1607885829797:b444f03e-38f5-4fe5-8fd1-2e43ac601948,1607885829797:8d6f3e74-923d-405a-9a0d-4424aafd1b95,"size == ""0""","isEmpty == ""True""","peek_obj_type == ""EmptyObject""","push == ""none""","pop == ""EmptyObject""","clear == ""none""","size_p == ""0""",No
9233,1607885829797:b444f03e-38f5-4fe5-8fd1-2e43ac601948,1607885829797:0b5363ed-ec30-4b0e-bb77-7d43dcf1e702,"size == ""1""","isEmpty == ""False""","peek_obj_type == ""class java.lang.String""","push == ""none""","pop == ""none""","clear == ""clear""","size_p == ""0""",Yes
9234,1607885829797:b444f03e-38f5-4fe5-8fd1-2e43ac601948,1607885829797:0b5363ed-ec30-4b0e-bb77-7d43dcf1e702,"size == ""1""","isEmpty == ""False""","peek_obj_type == ""class java.lang.String""","push == ""class java.lang.String""","pop == ""none""","clear == ""none""","size_p == ""1""",Yes
9235,1607885829797:b444f03e-38f5-4fe5-8fd1-2e43ac601948,1607885829797:0b5363ed-ec30-4b0e-bb77-7d43dcf1e702,"size == ""2""","isEmpty == ""False""","peek_obj_type == ""class java.lang.String""","push == ""none""","pop == ""none""","clear == ""clear""","size_p == ""1""",Yes
9236,1607885829797:b444f03e-38f5-4fe5-8fd1-2e43ac601948,1607885829797:0b5363ed-ec30-4b0e-bb77-7d43dcf1e702,"size == ""3""","isEmpty == ""False""","peek_obj_type == ""class java.lang.String""","push == ""none""","pop == ""none""","clear == ""clear""","size_p == ""2""",Yes
9237,1607885829797:b444f03e-38f5-4fe5-8fd1-2e43ac601948,1607885829797:0b5363ed-ec30-4b0e-bb77-7d43dcf1e702,"size == ""4""","isEmpty == ""False""","peek_obj_type == ""class java.lang.String""","push == ""none""","pop == ""none""","clear == ""clear""","size_p == ""3""",Yes
9239,1607885829797:8bb4d4fa-2829-4e82-adcb-2553b27eacbf,1607885829797:9e635bc8-1394-4191-970e-4a6eab4fa675,"size == ""0""","isEmpty == ""True""","peek_obj_type == ""EmptyObject""","push == ""class java.lang.String""","pop == ""none""","clear == ""none""","size_p == ""0""",Yes
9240,1607885829797:8bb4d4fa-2829-4e82-adcb-2553b27eacbf,1607885829797:9e635bc8-1394-4191-970e-4a6eab4fa675,"size == ""0""","isEmpty == ""True""","peek_obj_type == ""EmptyObject""","push == ""none""","pop == ""EmptyObject""","clear == ""none""","size_p == ""0""",No
9242,1607885829797:6e5ae37b-2f4c-494e-8401-42d4ad1cb8b3,1607885829797:fbceb6e6-bcff-4f3d-9155-c990afda384b,"size == ""1""","isEmpty == ""False""","peek_obj_type == ""class java.lang.String""","push == ""none""","pop == ""none""","clear == ""clear""","size_p == ""0""",Yes
9243,1607885829797:6e5ae37b-2f4c-494e-8401-42d4ad1cb8b3,1607885829797:fbceb6e6-bcff-4f3d-9155-c990afda384b,"size == ""1""","isEmpty == ""False""","peek_obj_type == ""class java.lang.String""","push == ""class java.lang.String""","pop == ""none""","clear == ""none""","size_p == ""1""",Yes
9244,1607885829797:6e5ae37b-2f4c-494e-8401-42d4ad1cb8b3,1607885829797:fbceb6e6-bcff-4f3d-9155-c990afda384b,"size == ""2""","isEmpty == ""False""","peek_obj_type == ""class java.lang.String""","push == ""none""","pop == ""none""","clear == ""clear""","size_p == ""1""",Yes
9245,1607885829797:6e5ae37b-2f4c-494e-8401-42d4ad1cb8b3,1607885829797:fbceb6e6-bcff-4f3d-9155-c990afda384b,"size == ""3""","isEmpty == ""False""","peek_obj_type == ""class java.lang.String""","push == ""none""","pop == ""none""","clear == ""clear""","size_p == ""2""",Yes
9246,1607885829797:6e5ae37b-2f4c-494e-8401-42d4ad1cb8b3,1607885829797:fbceb6e6-bcff-4f3d-9155-c990afda384b,"size == ""4""","isEmpty == ""False""","peek_obj_type == ""class java.lang.String""","push == ""none""","pop == ""none""","clear == ""clear""","size_p == ""3""",Yes
9248,1607885829797:6e5ae37b-2f4c-494e-8401-42d4ad1cb8b3,1607885829797:a3d405a9-2fc2-4c50-afc6-e41d258aa195,"size == ""0""","isEmpty == ""True""","peek_obj_type == ""EmptyObject""","push == ""class java.lang.String""","pop == ""none""","clear == ""none""","size_p == ""0""",Yes
9249,1607885829797:6e5ae37b-2f4c-494e-8401-42d4ad1cb8b3,1607885829797:a3d405a9-2fc2-4c50-afc6-e41d258aa195,"size == ""0""","isEmpty == ""True""","peek_obj_type == ""EmptyObject""","push == ""none""","pop == ""EmptyObject""","clear == ""none""","size_p == ""0""",No
9251,1607885829796:b41047b0-d1fe-4881-808c-45419d8909b4,1607885829796:b24d3d35-fcca-454f-9a0a-0a95f040364c,"size == ""0""","isEmpty == ""True""","peek_obj_type == ""EmptyObject""","push == ""class java.lang.String""","pop == ""none""","clear == ""none""","size_p == ""0""",Yes
9252,1607885829796:b41047b0-d1fe-4881-808c-45419d8909b4,1607885829796:b24d3d35-fcca-454f-9a0a-0a95f040364c,"size == ""0""","isEmpty == ""True""","peek_obj_type == ""EmptyObject""","push == ""none""","pop == ""EmptyObject""","clear == ""none""","size_p == ""0""",No
9254,1607885829796:b41047b0-d1fe-4881-808c-45419d8909b4,1607885829796:66371cb8-728f-414b-8fe6-82a7148a7df4,"size == ""1""","isEmpty == ""False""","peek_obj_type == ""class java.lang.String""","push == ""none""","pop == ""none""","clear == ""clear""","size_p == ""0""",Yes
9255,1607885829796:b41047b0-d1fe-4881-808c-45419d8909b4,1607885829796:66371cb8-728f-414b-8fe6-82a7148a7df4,"size == ""1""","isEmpty == ""False""","peek_obj_type == ""class java.lang.String""","push == ""class java.lang.String""","pop == ""none""","clear == ""none""","size_p == ""1""",Yes
9256,1607885829796:b41047b0-d1fe-4881-808c-45419d8909b4,1607885829796:66371cb8-728f-414b-8fe6-82a7148a7df4,"size == ""2""","isEmpty == ""False""","peek_obj_type == ""class java.lang.String""","push == ""none""","pop == ""none""","clear == ""clear""","size_p == ""1""",Yes
9257,1607885829796:b41047b0-d1fe-4881-808c-45419d8909b4,1607885829796:66371cb8-728f-414b-8fe6-82a7148a7df4,"size == ""3""","isEmpty == ""False""","peek_obj_type == ""class java.lang.String""","push == ""none""","pop == ""none""","clear == ""clear""","size_p == ""2""",Yes
9258,1607885829796:b41047b0-d1fe-4881-808c-45419d8909b4,1607885829796:66371cb8-728f-414b-8fe6-82a7148a7df4,"size == ""4""","isEmpty == ""False""","peek_obj_type == ""class java.lang.String""","push == ""none""","pop == ""none""","clear == ""clear""","size_p == ""3""",Yes
9260,1607885829796:507260d1-b9fe-46ec-bc69-d8afe6d4a992,1607885829796:979bc8c8-0340-4746-94d0-56755c8b0c63,"size == ""0""","isEmpty == ""True""","peek_obj_type == ""EmptyObject""","push == ""class java.lang.String""","pop == ""none""","clear == ""none""","size_p == ""0""",Yes
9261,1607885829796:507260d1-b9fe-46ec-bc69-d8afe6d4a992,1607885829796:979bc8c8-0340-4746-94d0-56755c8b0c63,"size == ""0""","isEmpty == ""True""","peek_obj_type == ""EmptyObject""","push == ""none""","pop == ""EmptyObject""","clear == ""none""","size_p == ""0""",No
9263,1607885829796:423e0475-b973-41ff-9737-ccac963213df,1607885829796:5f7b81b0-8a4e-49c4-add3-48d129be0b5a,"size == ""0""","isEmpty == ""True""","peek_obj_type == ""EmptyObject""","push == ""class java.lang.String""","pop == ""none""","clear == ""none""","size_p == ""0""",Yes
9265,1607885829796:423e0475-b973-41ff-9737-ccac963213df,1607885829796:38b9aac4-1660-4a7f-bdd0-fc87da162d9f,"size == ""0""","isEmpty == ""True""","peek_obj_type == ""EmptyObject""","push == ""class java.lang.String""","pop == ""none""","clear == ""none""","size_p == ""0""",Yes
9266,1607885829796:423e0475-b973-41ff-9737-ccac963213df,1607885829796:38b9aac4-1660-4a7f-bdd0-fc87da162d9f,"size == ""0""","isEmpty == ""True""","peek_obj_type == ""EmptyObject""","push == ""class java.lang.String""","pop == ""none""","clear == ""none""","size_p == ""0""",Yes
9267,1607885829796:423e0475-b973-41ff-9737-ccac963213df,1607885829796:38b9aac4-1660-4a7f-bdd0-fc87da162d9f,"size == ""0""","isEmpty == ""True""","peek_obj_type == ""EmptyObject""","push == ""class java.lang.String""","pop == ""none""","clear == ""none""","size_p == ""0""",Yes
9268,1607885829796:423e0475-b973-41ff-9737-ccac963213df,1607885829796:38b9aac4-1660-4a7f-bdd0-fc87da162d9f,"size == ""1""","isEmpty == ""False""","peek_obj_type == ""class java.lang.String""","push == ""none""","pop == ""none""","clear == ""clear""","size_p == ""0""",Yes
9270,1607885829796:423e0475-b973-41ff-9737-ccac963213df,1607885829796:2c2f039c-b6ac-46f9-b1fc-77573f80445e,"size == ""0""","isEmpty == ""True""","peek_obj_type == ""EmptyObject""","push == ""class java.lang.String""","pop == ""none""","clear == ""none""","size_p == ""0""",Yes
9271,1607885829796:423e0475-b973-41ff-9737-ccac963213df,1607885829796:2c2f039c-b6ac-46f9-b1fc-77573f80445e,"size == ""0""","isEmpty == ""True""","peek_obj_type == ""EmptyObject""","push == ""none""","pop == ""EmptyObject""","clear == ""none""","size_p == ""0""",No
9273,1607885829796:187d510c-c4df-4029-8e6a-727ab726022d,1607885829796:2a72ed28-6641-41df-9bbb-04e730a17336,"size == ""0""","isEmpty == ""True""","peek_obj_type == ""EmptyObject""","push == ""class java.lang.String""","pop == ""none""","clear == ""none""","size_p == ""0""",Yes
9274,1607885829796:187d510c-c4df-4029-8e6a-727ab726022d,1607885829796:2a72ed28-6641-41df-9bbb-04e730a17336,"size == ""0""","isEmpty == ""True""","peek_obj_type == ""EmptyObject""","push == ""none""","pop == ""EmptyObject""","clear == ""none""","size_p == ""0""",No
9276,1607885829796:012473b9-fd4e-42bd-8fea-7ff33dfba887,1607885829796:f8537236-6607-4167-8551-b1c80736b50a,"size == ""0""","isEmpty == ""True""","peek_obj_type == ""EmptyObject""","push == ""class java.lang.String""","pop == ""none""","clear == ""none""","size_p == ""0""",Yes
9277,1607885829796:012473b9-fd4e-42bd-8fea-7ff33dfba887,1607885829796:f8537236-6607-4167-8551-b1c80736b50a,"size == ""0""","isEmpty == ""True""","peek_obj_type == ""EmptyObject""","push == ""none""","pop == ""EmptyObject""","clear == ""none""","size_p == ""0""",No
9279,1607885829795:e38780bb-3c0b-4aaf-9be3-681026976df7,1607885829795:c27ea6ae-dd16-4855-8053-fa5169883b4a,"size == ""0""","isEmpty == ""True""","peek_obj_type == ""EmptyObject""","push == ""class java.lang.String""","pop == ""none""","clear == ""none""","size_p == ""0""",Yes
9280,1607885829795:e38780bb-3c0b-4aaf-9be3-681026976df7,1607885829795:c27ea6ae-dd16-4855-8053-fa5169883b4a,"size == ""0""","isEmpty == ""True""","peek_obj_type == ""EmptyObject""","push == ""none""","pop == ""EmptyObject""","clear == ""none""","size_p == ""0""",No
9282,1607885829795:e38780bb-3c0b-4aaf-9be3-681026976df7,1607885829795:5058a405-4f9f-4be0-b944-9f755c1ef1c6,"size == ""0""","isEmpty == ""True""","peek_obj_type == ""EmptyObject""","push == ""class java.lang.String""","pop == ""none""","clear == ""none""","size_p == ""0""",Yes
9283,1607885829795:e38780bb-3c0b-4aaf-9be3-681026976df7,1607885829795:5058a405-4f9f-4be0-b944-9f755c1ef1c6,"size == ""0""","isEmpty == ""True""","peek_obj_type == ""EmptyObject""","push == ""class java.lang.String""","pop == ""none""","clear == ""none""","size_p == ""0""",Yes
9285,1607885829795:bbb478ff-ed73-4def-b3c9-639d62dc6023,1607885829795:75821bd4-4993-4d92-ba7a-fca9b79e4a7b,"size == ""0""","isEmpty == ""True""","peek_obj_type == ""EmptyObject""","push == ""class java.lang.String""","pop == ""none""","clear == ""none""","size_p == ""0""",Yes
9286,1607885829795:bbb478ff-ed73-4def-b3c9-639d62dc6023,1607885829795:75821bd4-4993-4d92-ba7a-fca9b79e4a7b,"size == ""0""","isEmpty == ""True""","peek_obj_type == ""EmptyObject""","push == ""none""","pop == ""EmptyObject""","clear == ""none""","size_p == ""0""",No
9288,1607885829795:bbb478ff-ed73-4def-b3c9-639d62dc6023,1607885829795:3c4d7c63-2e97-4d9d-8e2c-6aaa20071b57,"size == ""1""","isEmpty == ""False""","peek_obj_type == ""class java.lang.String""","push == ""none""","pop == ""none""","clear == ""clear""","size_p == ""0""",Yes
9289,1607885829795:bbb478ff-ed73-4def-b3c9-639d62dc6023,1607885829795:3c4d7c63-2e97-4d9d-8e2c-6aaa20071b57,"size == ""1""","isEmpty == ""False""","peek_obj_type == ""class java.lang.String""","push == ""class java.lang.String""","pop == ""none""","clear == ""none""","size_p == ""1""",Yes
9290,1607885829795:bbb478ff-ed73-4def-b3c9-639d62dc6023,1607885829795:3c4d7c63-2e97-4d9d-8e2c-6aaa20071b57,"size == ""2""","isEmpty == ""False""","peek_obj_type == ""class java.lang.String""","push == ""none""","pop == ""none""","clear == ""clear""","size_p == ""1""",Yes
9291,1607885829795:bbb478ff-ed73-4def-b3c9-639d62dc6023,1607885829795:3c4d7c63-2e97-4d9d-8e2c-6aaa20071b57,"size == ""3""","isEmpty == ""False""","peek_obj_type == ""class java.lang.String""","push == ""none""","pop == ""none""","clear == ""clear""","size_p == ""2""",Yes
9292,1607885829795:bbb478ff-ed73-4def-b3c9-639d62dc6023,1607885829795:3c4d7c63-2e97-4d9d-8e2c-6aaa20071b57,"size == ""4""","isEmpty == ""False""","peek_obj_type == ""class java.lang.String""","push == ""none""","pop == ""none""","clear == ""clear""","size_p == ""3""",Yes
9294,1607885829795:59f257db-d71d-4811-adb6-8e637e189428,1607885829795:76005eb3-eab7-4dc3-aae0-edd7dd439b90,"size == ""0""","isEmpty == ""True""","peek_obj_type == ""EmptyObject""","push == ""class java.lang.String""","pop == ""none""","clear == ""none""","size_p == ""0""",Yes
9295,1607885829795:59f257db-d71d-4811-adb6-8e637e189428,1607885829795:76005eb3-eab7-4dc3-aae0-edd7dd439b90,"size == ""0""","isEmpty == ""True""","peek_obj_type == ""EmptyObject""","push == ""class java.lang.String""","pop == ""none""","clear == ""none""","size_p == ""0""",Yes
9297,1607885829795:59f257db-d71d-4811-adb6-8e637e189428,1607885829795:1eb3e568-3b9b-49be-b0f8-58dbb6c88db7,"size == ""0""","isEmpty == ""True""","peek_obj_type == ""EmptyObject""","push == ""class java.lang.String""","pop == ""none""","clear == ""none""","size_p == ""0""",Yes
9298,1607885829795:59f257db-d71d-4811-adb6-8e637e189428,1607885829795:1eb3e568-3b9b-49be-b0f8-58dbb6c88db7,"size == ""0""","isEmpty == ""True""","peek_obj_type == ""EmptyObject""","push == ""none""","pop == ""EmptyObject""","clear == ""none""","size_p == ""0""",No
9300,1607885829795:5841d37b-2357-4569-bda8-bbd40f2e778f,1607885829795:022e7203-8082-4ae2-a3b5-f08c4fc2d72e,"size == ""0""","isEmpty == ""True""","peek_obj_type == ""EmptyObject""","push == ""class java.lang.String""","pop == ""none""","clear == ""none""","size_p == ""0""",Yes
9301,1607885829795:5841d37b-2357-4569-bda8-bbd40f2e778f,1607885829795:022e7203-8082-4ae2-a3b5-f08c4fc2d72e,"size == ""0""","isEmpty == ""True""","peek_obj_type == ""EmptyObject""","push == ""none""","pop == ""EmptyObject""","clear == ""none""","size_p == ""0""",No
9303,1607885829794:c1032e80-1582-4418-98e1-e409b072635a,1607885829794:2821cbcd-033f-483f-8c6d-b7a106015db6,"size == ""0""","isEmpty == ""True""","peek_obj_type == ""EmptyObject""","push == ""class java.lang.String""","pop == ""none""","clear == ""none""","size_p == ""0""",Yes
9304,1607885829794:c1032e80-1582-4418-98e1-e409b072635a,1607885829794:2821cbcd-033f-483f-8c6d-b7a106015db6,"size == ""0""","isEmpty == ""True""","peek_obj_type == ""EmptyObject""","push == ""none""","pop == ""EmptyObject""","clear == ""none""","size_p == ""0""",No
9306,1607885829794:ab541fb2-e1b8-4764-b86c-33375e4a30a7,1607885829795:6fd3ba67-548d-409f-b627-e5a45da30c0f,"size == ""0""","isEmpty == ""True""","peek_obj_type == ""EmptyObject""","push == ""class java.lang.String""","pop == ""none""","clear == ""none""","size_p == ""0""",Yes
9307,1607885829794:ab541fb2-e1b8-4764-b86c-33375e4a30a7,1607885829795:6fd3ba67-548d-409f-b627-e5a45da30c0f,"size == ""0""","isEmpty == ""True""","peek_obj_type == ""EmptyObject""","push == ""none""","pop == ""EmptyObject""","clear == ""none""","size_p == ""0""",No
9309,1607885829794:ab541fb2-e1b8-4764-b86c-33375e4a30a7,1607885829794:5fbee3ad-a3fb-4f57-98b7-9e8547a03c8f,"size == ""0""","isEmpty == ""True""","peek_obj_type == ""EmptyObject""","push == ""class java.lang.String""","pop == ""none""","clear == ""none""","size_p == ""0""",Yes
9312,1607885829794:a2b07ad6-95d9-4d2c-bf59-e9f877aa79cf,1607885829794:661a7fe7-f1f8-4140-add4-a2631af9edbd,"size == ""0""","isEmpty == ""True""","peek_obj_type == ""EmptyObject""","push == ""class java.lang.String""","pop == ""none""","clear == ""none""","size_p == ""0""",Yes
9313,1607885829794:a2b07ad6-95d9-4d2c-bf59-e9f877aa79cf,1607885829794:661a7fe7-f1f8-4140-add4-a2631af9edbd,"size == ""0""","isEmpty == ""True""","peek_obj_type == ""EmptyObject""","push == ""none""","pop == ""EmptyObject""","clear == ""none""","size_p == ""0""",No
9315,1607885829794:a2b07ad6-95d9-4d2c-bf59-e9f877aa79cf,1607885829794:3c9af7dd-d85b-4971-88e6-02bf3400e3b0,"size == ""0""","isEmpty == ""True""","peek_obj_type == ""EmptyObject""","push == ""class java.lang.String""","pop == ""none""","clear == ""none""","size_p == ""0""",Yes
9317,1607885829794:91eed1ef-af92-456b-a857-6dcda1f2c6f6,1607885829794:65aefa3a-c45f-47fc-b099-05cc13ebbcf2,"size == ""0""","isEmpty == ""True""","peek_obj_type == ""EmptyObject""","push == ""class java.lang.String""","pop == ""none""","clear == ""none""","size_p == ""0""",Yes
9318,1607885829794:91eed1ef-af92-456b-a857-6dcda1f2c6f6,1607885829794:65aefa3a-c45f-47fc-b099-05cc13ebbcf2,"size == ""0""","isEmpty == ""True""","peek_obj_type == ""EmptyObject""","push == ""none""","pop == ""EmptyObject""","clear == ""none""","size_p == ""0""",No
9320,1607885829794:4fc37e98-2f18-425d-a7bc-7c20ac0a3226,1607885829794:d04aa036-6850-4e74-8222-68199924089e,"size == ""0""","isEmpty == ""True""","peek_obj_type == ""EmptyObject""","push == ""class java.lang.String""","pop == ""none""","clear == ""none""","size_p == ""0""",Yes
9322,1607885829794:4fc37e98-2f18-425d-a7bc-7c20ac0a3226,1607885829794:8b1273e7-67d2-431a-895b-41de62946648,"size == ""0""","isEmpty == ""True""","peek_obj_type == ""EmptyObject""","push == ""class java.lang.String""","pop == ""none""","clear == ""none""","size_p == ""0""",Yes
9323,1607885829794:4fc37e98-2f18-425d-a7bc-7c20ac0a3226,1607885829794:8b1273e7-67d2-431a-895b-41de62946648,"size == ""0""","isEmpty == ""True""","peek_obj_type == ""EmptyObject""","push == ""none""","pop == ""EmptyObject""","clear == ""none""","size_p == ""0""",No
9325,1607885829794:33050106-4131-48a7-803b-2d398901c1eb,1607885829794:f17c7426-c684-4979-a0ca-e5f2185f520b,"size == ""0""","isEmpty == ""True""","peek_obj_type == ""EmptyObject""","push == ""class java.lang.String""","pop == ""none""","clear == ""none""","size_p == ""0""",Yes
9326,1607885829794:33050106-4131-48a7-803b-2d398901c1eb,1607885829794:f17c7426-c684-4979-a0ca-e5f2185f520b,"size == ""0""","isEmpty == ""True""","peek_obj_type == ""EmptyObject""","push == ""none""","pop == ""EmptyObject""","clear == ""none""","size_p == ""0""",No
9328,1607885829794:27440493-8d40-4192-b19e-ec8fe0ba674a,1607885829794:1f4be3ea-de5c-4997-b16c-03d2cfea23b3,"size == ""0""","isEmpty == ""True""","peek_obj_type == ""EmptyObject""","push == ""class java.lang.String""","pop == ""none""","clear == ""none""","size_p == ""0""",Yes
9329,1607885829794:27440493-8d40-4192-b19e-ec8fe0ba674a,1607885829794:1f4be3ea-de5c-4997-b16c-03d2cfea23b3,"size == ""0""","isEmpty == ""True""","peek_obj_type == ""EmptyObject""","push == ""none""","pop == ""EmptyObject""","clear == ""none""","size_p == ""0""",No
9331,1607885829793:de073cc3-a3fd-4790-af20-c705bcffba89,1607885829793:941d03f6-9537-423d-be9f-530cd7be6393,"size == ""0""","isEmpty == ""True""","peek_obj_type == ""EmptyObject""","push == ""class java.lang.String""","pop == ""none""","clear == ""none""","size_p == ""0""",Yes
9332,1607885829793:de073cc3-a3fd-4790-af20-c705bcffba89,1607885829793:941d03f6-9537-423d-be9f-530cd7be6393,"size == ""0""","isEmpty == ""True""","peek_obj_type == ""EmptyObject""","push == ""none""","pop == ""EmptyObject""","clear == ""none""","size_p == ""0""",No
9334,1607885829793:855a4f13-e787-46d8-b095-2e203a801321,1607885829793:19a1e71a-a203-46b1-a5df-44e4202d4ba0,"size == ""0""","isEmpty == ""True""","peek_obj_type == ""EmptyObject""","push == ""class java.lang.String""","pop == ""none""","clear == ""none""","size_p == ""0""",Yes
9335,1607885829793:855a4f13-e787-46d8-b095-2e203a801321,1607885829793:19a1e71a-a203-46b1-a5df-44e4202d4ba0,"size == ""0""","isEmpty == ""True""","peek_obj_type == ""EmptyObject""","push == ""none""","pop == ""EmptyObject""","clear == ""none""","size_p == ""0""",No
9337,1607885829793:75db68f4-98cf-406a-ae7c-7a097f6f2ea4,1607885829793:9d6c967a-3298-4fa5-9470-5d735a867759,"size == ""0""","isEmpty == ""True""","peek_obj_type == ""EmptyObject""","push == ""class java.lang.String""","pop == ""none""","clear == ""none""","size_p == ""0""",Yes
9338,1607885829793:75db68f4-98cf-406a-ae7c-7a097f6f2ea4,1607885829793:9d6c967a-3298-4fa5-9470-5d735a867759,"size == ""0""","isEmpty == ""True""","peek_obj_type == ""EmptyObject""","push == ""none""","pop == ""EmptyObject""","clear == ""none""","size_p == ""0""",No
9340,1607885829793:259bf1e8-e98e-46df-bd3d-3be2b4839078,1607885829793:8a1ee601-1866-4034-9da0-383f0fdedf5d,"size == ""0""","isEmpty == ""True""","peek_obj_type == ""EmptyObject""","push == ""class java.lang.String""","pop == ""none""","clear == ""none""","size_p == ""0""",Yes
9341,1607885829793:259bf1e8-e98e-46df-bd3d-3be2b4839078,1607885829793:8a1ee601-1866-4034-9da0-383f0fdedf5d,"size == ""0""","isEmpty == ""True""","peek_obj_type == ""EmptyObject""","push == ""none""","pop == ""EmptyObject""","clear == ""none""","size_p == ""0""",No
9343,1607885829793:1d3cd8b8-ca1a-4706-9266-6ffa498a8656,1607885829793:d29a39c9-b001-42fb-b2c6-9ac45800eb06,"size == ""1""","isEmpty == ""False""","peek_obj_type == ""class java.lang.String""","push == ""none""","pop == ""none""","clear == ""clear""","size_p == ""0""",Yes
9344,1607885829793:1d3cd8b8-ca1a-4706-9266-6ffa498a8656,1607885829793:d29a39c9-b001-42fb-b2c6-9ac45800eb06,"size == ""1""","isEmpty == ""False""","peek_obj_type == ""class java.lang.String""","push == ""class java.lang.String""","pop == ""none""","clear == ""none""","size_p == ""1""",Yes
9345,1607885829793:1d3cd8b8-ca1a-4706-9266-6ffa498a8656,1607885829793:d29a39c9-b001-42fb-b2c6-9ac45800eb06,"size == ""2""","isEmpty == ""False""","peek_obj_type == ""class java.lang.String""","push == ""none""","pop == ""none""","clear == ""clear""","size_p == ""1""",Yes
9346,1607885829793:1d3cd8b8-ca1a-4706-9266-6ffa498a8656,1607885829793:d29a39c9-b001-42fb-b2c6-9ac45800eb06,"size == ""3""","isEmpty == ""False""","peek_obj_type == ""class java.lang.String""","push == ""none""","pop == ""none""","clear == ""clear""","size_p == ""2""",Yes
9347,1607885829793:1d3cd8b8-ca1a-4706-9266-6ffa498a8656,1607885829793:d29a39c9-b001-42fb-b2c6-9ac45800eb06,"size == ""4""","isEmpty == ""False""","peek_obj_type == ""class java.lang.String""","push == ""none""","pop == ""none""","clear == ""clear""","size_p == ""3""",Yes
9349,1607885829793:1d3cd8b8-ca1a-4706-9266-6ffa498a8656,1607885829793:893aad7f-f7b2-43be-8855-e2556cac9052,"size == ""0""","isEmpty == ""True""","peek_obj_type == ""EmptyObject""","push == ""class java.lang.String""","pop == ""none""","clear == ""none""","size_p == ""0""",Yes
9350,1607885829793:1d3cd8b8-ca1a-4706-9266-6ffa498a8656,1607885829793:893aad7f-f7b2-43be-8855-e2556cac9052,"size == ""0""","isEmpty == ""True""","peek_obj_type == ""EmptyObject""","push == ""none""","pop == ""EmptyObject""","clear == ""none""","size_p == ""0""",No
9352,1607885829793:1a3e89fa-0eeb-4628-9bc0-307217918a81,1607885829793:1cd5e476-567f-4b1f-be69-4308e8b624af,"size == ""0""","isEmpty == ""True""","peek_obj_type == ""EmptyObject""","push == ""class java.lang.String""","pop == ""none""","clear == ""none""","size_p == ""0""",Yes
9353,1607885829793:1a3e89fa-0eeb-4628-9bc0-307217918a81,1607885829793:1cd5e476-567f-4b1f-be69-4308e8b624af,"size == ""0""","isEmpty == ""True""","peek_obj_type == ""EmptyObject""","push == ""none""","pop == ""EmptyObject""","clear == ""none""","size_p == ""0""",No
9355,1607885829792:f4a7dec5-5764-4766-b368-ffe7685c2d6d,1607885829792:e56adb34-3027-461d-868d-d0177cc32491,"size == ""0""","isEmpty == ""True""","peek_obj_type == ""EmptyObject""","push == ""class java.lang.String""","pop == ""none""","clear == ""none""","size_p == ""0""",Yes
9356,1607885829792:f4a7dec5-5764-4766-b368-ffe7685c2d6d,1607885829792:e56adb34-3027-461d-868d-d0177cc32491,"size == ""0""","isEmpty == ""True""","peek_obj_type == ""EmptyObject""","push == ""none""","pop == ""EmptyObject""","clear == ""none""","size_p == ""0""",No
9358,1607885829792:ee9d0fcf-f8b7-4223-971d-fc781247044e,1607885829792:7c23c3c2-03b6-4d7e-9a08-353fff390652,"size == ""0""","isEmpty == ""True""","peek_obj_type == ""EmptyObject""","push == ""class java.lang.String""","pop == ""none""","clear == ""none""","size_p == ""0""",Yes
9359,1607885829792:ee9d0fcf-f8b7-4223-971d-fc781247044e,1607885829792:7c23c3c2-03b6-4d7e-9a08-353fff390652,"size == ""0""","isEmpty == ""True""","peek_obj_type == ""EmptyObject""","push == ""none""","pop == ""EmptyObject""","clear == ""none""","size_p == ""0""",No
9361,1607885829792:e551012b-cc16-40bd-bcd1-b9c1277a67e0,1607885829792:749a145a-d00f-4a4b-9049-7720127407fb,"size == ""1""","isEmpty == ""False""","peek_obj_type == ""class java.lang.String""","push == ""none""","pop == ""none""","clear == ""clear""","size_p == ""0""",Yes
9362,1607885829792:e551012b-cc16-40bd-bcd1-b9c1277a67e0,1607885829792:749a145a-d00f-4a4b-9049-7720127407fb,"size == ""1""","isEmpty == ""False""","peek_obj_type == ""class java.lang.String""","push == ""class java.lang.String""","pop == ""none""","clear == ""none""","size_p == ""1""",Yes
9363,1607885829792:e551012b-cc16-40bd-bcd1-b9c1277a67e0,1607885829792:749a145a-d00f-4a4b-9049-7720127407fb,"size == ""2""","isEmpty == ""False""","peek_obj_type == ""class java.lang.String""","push == ""none""","pop == ""none""","clear == ""clear""","size_p == ""1""",Yes
9364,1607885829792:e551012b-cc16-40bd-bcd1-b9c1277a67e0,1607885829792:749a145a-d00f-4a4b-9049-7720127407fb,"size == ""3""","isEmpty == ""False""","peek_obj_type == ""class java.lang.String""","push == ""none""","pop == ""none""","clear == ""clear""","size_p == ""2""",Yes
9365,1607885829792:e551012b-cc16-40bd-bcd1-b9c1277a67e0,1607885829792:749a145a-d00f-4a4b-9049-7720127407fb,"size == ""4""","isEmpty == ""False""","peek_obj_type == ""class java.lang.String""","push == ""none""","pop == ""none""","clear == ""clear""","size_p == ""3""",Yes
9367,1607885829792:e551012b-cc16-40bd-bcd1-b9c1277a67e0,1607885829792:1d7664d0-ddb9-457c-b677-52ef647d7cbd,"size == ""0""","isEmpty == ""True""","peek_obj_type == ""EmptyObject""","push == ""class java.lang.String""","pop == ""none""","clear == ""none""","size_p == ""0""",Yes
9368,1607885829792:e551012b-cc16-40bd-bcd1-b9c1277a67e0,1607885829792:1d7664d0-ddb9-457c-b677-52ef647d7cbd,"size == ""0""","isEmpty == ""True""","peek_obj_type == ""EmptyObject""","push == ""none""","pop == ""EmptyObject""","clear == ""none""","size_p == ""0""",No
9370,1607885829792:d307cace-2830-41f9-b1d8-9b78b9621ef5,1607885829792:43e06877-ffce-4c33-acb3-7c08baa7d181,"size == ""0""","isEmpty == ""True""","peek_obj_type == ""EmptyObject""","push == ""class java.lang.String""","pop == ""none""","clear == ""none""","size_p == ""0""",Yes
9371,1607885829792:d307cace-2830-41f9-b1d8-9b78b9621ef5,1607885829792:43e06877-ffce-4c33-acb3-7c08baa7d181,"size == ""0""","isEmpty == ""True""","peek_obj_type == ""EmptyObject""","push == ""class java.lang.String""","pop == ""none""","clear == ""none""","size_p == ""0""",Yes
9373,1607885829792:d307cace-2830-41f9-b1d8-9b78b9621ef5,1607885829792:30cce1ae-7392-49bd-9cd6-d832f88b4a9e,"size == ""0""","isEmpty == ""True""","peek_obj_type == ""EmptyObject""","push == ""class java.lang.String""","pop == ""none""","clear == ""none""","size_p == ""0""",Yes
9374,1607885829792:d307cace-2830-41f9-b1d8-9b78b9621ef5,1607885829792:30cce1ae-7392-49bd-9cd6-d832f88b4a9e,"size == ""0""","isEmpty == ""True""","peek_obj_type == ""EmptyObject""","push == ""none""","pop == ""EmptyObject""","clear == ""none""","size_p == ""0""",No
9376,1607885829792:2760d5a3-b75f-46f0-aae1-36c49e895900,1607885829792:6b07f34d-6447-48d1-9987-642a465c0565,"size == ""0""","isEmpty == ""True""","peek_obj_type == ""EmptyObject""","push == ""class java.lang.String""","pop == ""none""","clear == ""none""","size_p == ""0""",Yes
9377,1607885829792:2760d5a3-b75f-46f0-aae1-36c49e895900,1607885829792:6b07f34d-6447-48d1-9987-642a465c0565,"size == ""0""","isEmpty == ""True""","peek_obj_type == ""EmptyObject""","push == ""none""","pop == ""EmptyObject""","clear == ""none""","size_p == ""0""",No
9379,1607885829791:97540e04-62ec-437a-b6bf-d04dc744f3db,1607885829792:94ae9737-a4dc-4e0a-a63c-44d8989c9535,"size == ""0""","isEmpty == ""True""","peek_obj_type == ""EmptyObject""","push == ""class java.lang.String""","pop == ""none""","clear == ""none""","size_p == ""0""",Yes
9380,1607885829791:97540e04-62ec-437a-b6bf-d04dc744f3db,1607885829792:94ae9737-a4dc-4e0a-a63c-44d8989c9535,"size == ""0""","isEmpty == ""True""","peek_obj_type == ""EmptyObject""","push == ""none""","pop == ""EmptyObject""","clear == ""none""","size_p == ""0""",No
9382,1607885829791:97540e04-62ec-437a-b6bf-d04dc744f3db,1607885829791:fb67bc8a-b59b-457a-b018-ca585dd2caa3,"size == ""0""","isEmpty == ""True""","peek_obj_type == ""EmptyObject""","push == ""class java.lang.String""","pop == ""none""","clear == ""none""","size_p == ""0""",Yes
9384,1607885829791:725cdadb-cc61-4f0e-8178-5c79fc4cf4cd,1607885829791:d5007807-7a88-4929-8d50-cdfe4f241b8d,"size == ""0""","isEmpty == ""True""","peek_obj_type == ""EmptyObject""","push == ""class java.lang.String""","pop == ""none""","clear == ""none""","size_p == ""0""",Yes
9385,1607885829791:725cdadb-cc61-4f0e-8178-5c79fc4cf4cd,1607885829791:d5007807-7a88-4929-8d50-cdfe4f241b8d,"size == ""0""","isEmpty == ""True""","peek_obj_type == ""EmptyObject""","push == ""none""","pop == ""EmptyObject""","clear == ""none""","size_p == ""0""",No
9387,1607885829791:725cdadb-cc61-4f0e-8178-5c79fc4cf4cd,1607885829791:377f7a65-4f74-47e3-aaa1-8426cfb1f001,"size == ""0""","isEmpty == ""True""","peek_obj_type == ""EmptyObject""","push == ""class java.lang.String""","pop == ""none""","clear == ""none""","size_p == ""0""",Yes
9388,1607885829791:725cdadb-cc61-4f0e-8178-5c79fc4cf4cd,1607885829791:377f7a65-4f74-47e3-aaa1-8426cfb1f001,"size == ""0""","isEmpty == ""True""","peek_obj_type == ""EmptyObject""","push == ""class java.lang.String""","pop == ""none""","clear == ""none""","size_p == ""0""",Yes
9390,1607885829791:6ead2cfc-a822-4946-b473-b14734c3ea30,1607885829791:bab9b8a7-5ccc-4fb0-af3b-385ed5948d97,"size == ""1""","isEmpty == ""False""","peek_obj_type == ""class java.lang.String""","push == ""none""","pop == ""none""","clear == ""clear""","size_p == ""0""",Yes
9391,1607885829791:6ead2cfc-a822-4946-b473-b14734c3ea30,1607885829791:bab9b8a7-5ccc-4fb0-af3b-385ed5948d97,"size == ""1""","isEmpty == ""False""","peek_obj_type == ""class java.lang.String""","push == ""class java.lang.String""","pop == ""none""","clear == ""none""","size_p == ""1""",Yes
9392,1607885829791:6ead2cfc-a822-4946-b473-b14734c3ea30,1607885829791:bab9b8a7-5ccc-4fb0-af3b-385ed5948d97,"size == ""2""","isEmpty == ""False""","peek_obj_type == ""class java.lang.String""","push == ""none""","pop == ""none""","clear == ""clear""","size_p == ""1""",Yes
9393,1607885829791:6ead2cfc-a822-4946-b473-b14734c3ea30,1607885829791:bab9b8a7-5ccc-4fb0-af3b-385ed5948d97,"size == ""3""","isEmpty == ""False""","peek_obj_type == ""class java.lang.String""","push == ""none""","pop == ""none""","clear == ""clear""","size_p == ""2""",Yes
9394,1607885829791:6ead2cfc-a822-4946-b473-b14734c3ea30,1607885829791:bab9b8a7-5ccc-4fb0-af3b-385ed5948d97,"size == ""4""","isEmpty == ""False""","peek_obj_type == ""class java.lang.String""","push == ""none""","pop == ""none""","clear == ""clear""","size_p == ""3""",Yes
9396,1607885829791:6ead2cfc-a822-4946-b473-b14734c3ea30,1607885829791:62bbbb65-9e1b-4e3a-83bc-a3750b69c83a,"size == ""0""","isEmpty == ""True""","peek_obj_type == ""EmptyObject""","push == ""class java.lang.String""","pop == ""none""","clear == ""none""","size_p == ""0""",Yes
9397,1607885829791:6ead2cfc-a822-4946-b473-b14734c3ea30,1607885829791:62bbbb65-9e1b-4e3a-83bc-a3750b69c83a,"size == ""0""","isEmpty == ""True""","peek_obj_type == ""EmptyObject""","push == ""none""","pop == ""EmptyObject""","clear == ""none""","size_p == ""0""",No
9399,1607885829791:6559d12e-98ca-4d0f-801b-74d656754fd4,1607885829791:655e8eaa-29da-46b5-8eab-d156961c95b2,"size == ""0""","isEmpty == ""True""","peek_obj_type == ""EmptyObject""","push == ""class java.lang.String""","pop == ""none""","clear == ""none""","size_p == ""0""",Yes
9400,1607885829791:6559d12e-98ca-4d0f-801b-74d656754fd4,1607885829791:655e8eaa-29da-46b5-8eab-d156961c95b2,"size == ""0""","isEmpty == ""True""","peek_obj_type == ""EmptyObject""","push == ""none""","pop == ""EmptyObject""","clear == ""none""","size_p == ""0""",No
9402,1607885829791:455747a8-ac91-4cc2-af5b-c2155c60ecd3,1607885829791:f17b7d1f-309a-4330-8f34-b93e399f1324,"size == ""0""","isEmpty == ""True""","peek_obj_type == ""EmptyObject""","push == ""class java.lang.String""","pop == ""none""","clear == ""none""","size_p == ""0""",Yes
9403,1607885829791:455747a8-ac91-4cc2-af5b-c2155c60ecd3,1607885829791:f17b7d1f-309a-4330-8f34-b93e399f1324,"size == ""0""","isEmpty == ""True""","peek_obj_type == ""EmptyObject""","push == ""none""","pop == ""EmptyObject""","clear == ""none""","size_p == ""0""",No
9405,1607885829791:1f13394d-c2ac-4f0a-aa20-57ced1537189,1607885829791:c3e1feb2-bf67-4d96-bd4d-8fc3fe558c4b,"size == ""0""","isEmpty == ""True""","peek_obj_type == ""EmptyObject""","push == ""class java.lang.String""","pop == ""none""","clear == ""none""","size_p == ""0""",Yes
9406,1607885829791:1f13394d-c2ac-4f0a-aa20-57ced1537189,1607885829791:c3e1feb2-bf67-4d96-bd4d-8fc3fe558c4b,"size == ""0""","isEmpty == ""True""","peek_obj_type == ""EmptyObject""","push == ""none""","pop == ""EmptyObject""","clear == ""none""","size_p == ""0""",No
9408,1607885829791:1f13394d-c2ac-4f0a-aa20-57ced1537189,1607885829791:2b2440aa-79d2-428a-b290-ded7cdab5ccd,"size == ""1""","isEmpty == ""False""","peek_obj_type == ""class java.lang.String""","push == ""none""","pop == ""none""","clear == ""clear""","size_p == ""0""",Yes
9409,1607885829791:1f13394d-c2ac-4f0a-aa20-57ced1537189,1607885829791:2b2440aa-79d2-428a-b290-ded7cdab5ccd,"size == ""1""","isEmpty == ""False""","peek_obj_type == ""class java.lang.String""","push == ""class java.lang.String""","pop == ""none""","clear == ""none""","size_p == ""1""",Yes
9410,1607885829791:1f13394d-c2ac-4f0a-aa20-57ced1537189,1607885829791:2b2440aa-79d2-428a-b290-ded7cdab5ccd,"size == ""0""","isEmpty == ""True""","peek_obj_type == ""EmptyObject""","push == ""none""","pop == ""EmptyObject""","clear == ""none""","size_p == ""1""",No
9411,1607885829791:1f13394d-c2ac-4f0a-aa20-57ced1537189,1607885829791:2b2440aa-79d2-428a-b290-ded7cdab5ccd,"size == ""1""","isEmpty == ""False""","peek_obj_type == ""class java.lang.String""","push == ""none""","pop == ""none""","clear == ""clear""","size_p == ""0""",Yes
9413,1607885829790:e28c7ba0-6f89-4db4-ab72-ac0227f4989b,1607885829790:40822208-17f5-40c2-975e-c6487e688337,"size == ""0""","isEmpty == ""True""","peek_obj_type == ""EmptyObject""","push == ""class java.lang.String""","pop == ""none""","clear == ""none""","size_p == ""0""",Yes
9414,1607885829790:e28c7ba0-6f89-4db4-ab72-ac0227f4989b,1607885829790:40822208-17f5-40c2-975e-c6487e688337,"size == ""0""","isEmpty == ""True""","peek_obj_type == ""EmptyObject""","push == ""none""","pop == ""EmptyObject""","clear == ""none""","size_p == ""0""",No
9416,1607885829790:c5273076-799b-4e49-b509-ca2cb5eaf1d1,1607885829790:11c16a34-cb08-4c63-b27b-6e55698d2244,"size == ""0""","isEmpty == ""True""","peek_obj_type == ""EmptyObject""","push == ""class java.lang.String""","pop == ""none""","clear == ""none""","size_p == ""0""",Yes
9417,1607885829790:c5273076-799b-4e49-b509-ca2cb5eaf1d1,1607885829790:11c16a34-cb08-4c63-b27b-6e55698d2244,"size == ""0""","isEmpty == ""True""","peek_obj_type == ""EmptyObject""","push == ""none""","pop == ""EmptyObject""","clear == ""none""","size_p == ""0""",No
9420,1607885829790:9e3bba9e-5b45-48aa-b1db-4d0ef6818440,1607885829790:37c8696b-1da7-457f-8037-92f2dbdd72c7,"size == ""0""","isEmpty == ""True""","peek_obj_type == ""EmptyObject""","push == ""class java.lang.String""","pop == ""none""","clear == ""none""","size_p == ""0""",Yes
9422,1607885829790:9e3bba9e-5b45-48aa-b1db-4d0ef6818440,1607885829790:2b4236d9-ff47-4921-b7f2-03cc2a47d06d,"size == ""1""","isEmpty == ""False""","peek_obj_type == ""class java.lang.String""","push == ""none""","pop == ""none""","clear == ""clear""","size_p == ""0""",Yes
9423,1607885829790:9e3bba9e-5b45-48aa-b1db-4d0ef6818440,1607885829790:2b4236d9-ff47-4921-b7f2-03cc2a47d06d,"size == ""1""","isEmpty == ""False""","peek_obj_type == ""class java.lang.String""","push == ""class java.lang.String""","pop == ""none""","clear == ""none""","size_p == ""1""",Yes
9424,1607885829790:9e3bba9e-5b45-48aa-b1db-4d0ef6818440,1607885829790:2b4236d9-ff47-4921-b7f2-03cc2a47d06d,"size == ""2""","isEmpty == ""False""","peek_obj_type == ""class java.lang.String""","push == ""none""","pop == ""none""","clear == ""clear""","size_p == ""1""",Yes
9425,1607885829790:9e3bba9e-5b45-48aa-b1db-4d0ef6818440,1607885829790:2b4236d9-ff47-4921-b7f2-03cc2a47d06d,"size == ""3""","isEmpty == ""False""","peek_obj_type == ""class java.lang.String""","push == ""none""","pop == ""none""","clear == ""clear""","size_p == ""2""",Yes
9426,1607885829790:9e3bba9e-5b45-48aa-b1db-4d0ef6818440,1607885829790:2b4236d9-ff47-4921-b7f2-03cc2a47d06d,"size == ""4""","isEmpty == ""False""","peek_obj_type == ""class java.lang.String""","push == ""none""","pop == ""none""","clear == ""clear""","size_p == ""3""",Yes
9427,1607885829790:9e3bba9e-5b45-48aa-b1db-4d0ef6818440,1607885829790:2b4236d9-ff47-4921-b7f2-03cc2a47d06d,"size == ""5""","isEmpty == ""False""","peek_obj_type == ""class java.lang.String""","push == ""none""","pop == ""none""","clear == ""clear""","size_p == ""4""",Yes
9429,1607885829790:9e3bba9e-5b45-48aa-b1db-4d0ef6818440,1607885829790:077e42fe-64e8-4b3a-9ccb-5dd3ce1e223c,"size == ""0""","isEmpty == ""True""","peek_obj_type == ""EmptyObject""","push == ""class java.lang.String""","pop == ""none""","clear == ""none""","size_p == ""0""",Yes
9430,1607885829790:9e3bba9e-5b45-48aa-b1db-4d0ef6818440,1607885829790:077e42fe-64e8-4b3a-9ccb-5dd3ce1e223c,"size == ""0""","isEmpty == ""True""","peek_obj_type == ""EmptyObject""","push == ""none""","pop == ""EmptyObject""","clear == ""none""","size_p == ""0""",No
9433,1607885829790:8812dd00-61a9-4ea4-afdc-ea87ca81fafa,1607885829790:a572c2e9-81b4-40c8-87f5-19049b174323,"size == ""0""","isEmpty == ""True""","peek_obj_type == ""EmptyObject""","push == ""class java.lang.String""","pop == ""none""","clear == ""none""","size_p == ""0""",Yes
9435,1607885829790:8812dd00-61a9-4ea4-afdc-ea87ca81fafa,1607885829790:72a4d7ee-c0b2-4b29-a661-c1d46a5c28e8,"size == ""0""","isEmpty == ""True""","peek_obj_type == ""EmptyObject""","push == ""class java.lang.String""","pop == ""none""","clear == ""none""","size_p == ""0""",Yes
9436,1607885829790:8812dd00-61a9-4ea4-afdc-ea87ca81fafa,1607885829790:72a4d7ee-c0b2-4b29-a661-c1d46a5c28e8,"size == ""0""","isEmpty == ""True""","peek_obj_type == ""EmptyObject""","push == ""none""","pop == ""EmptyObject""","clear == ""none""","size_p == ""0""",No
9438,1607885829789:c55a846c-74fb-4493-ae78-0f9012961721,1607885829789:f8919c9b-8dd4-496a-87a0-060d3744329c,"size == ""0""","isEmpty == ""True""","peek_obj_type == ""EmptyObject""","push == ""class java.lang.String""","pop == ""none""","clear == ""none""","size_p == ""0""",Yes
9439,1607885829789:c55a846c-74fb-4493-ae78-0f9012961721,1607885829789:f8919c9b-8dd4-496a-87a0-060d3744329c,"size == ""0""","isEmpty == ""True""","peek_obj_type == ""EmptyObject""","push == ""none""","pop == ""EmptyObject""","clear == ""none""","size_p == ""0""",No
9441,1607885829789:b3b9b8ec-9759-4f75-bd27-1d6fc3bb09fa,1607885829789:ac49070a-dfca-418f-967e-e7abdb790397,"size == ""0""","isEmpty == ""True""","peek_obj_type == ""EmptyObject""","push == ""class java.lang.String""","pop == ""none""","clear == ""none""","size_p == ""0""",Yes
9442,1607885829789:b3b9b8ec-9759-4f75-bd27-1d6fc3bb09fa,1607885829789:ac49070a-dfca-418f-967e-e7abdb790397,"size == ""0""","isEmpty == ""True""","peek_obj_type == ""EmptyObject""","push == ""none""","pop == ""EmptyObject""","clear == ""none""","size_p == ""0""",No
9444,1607885829789:add41a1c-387b-4639-b30c-e748cf9edb15,1607885829789:5f8a7fb2-4614-438b-8d0c-c34173fbd989,"size == ""0""","isEmpty == ""True""","peek_obj_type == ""EmptyObject""","push == ""class java.lang.String""","pop == ""none""","clear == ""none""","size_p == ""0""",Yes
9445,1607885829789:add41a1c-387b-4639-b30c-e748cf9edb15,1607885829789:5f8a7fb2-4614-438b-8d0c-c34173fbd989,"size == ""0""","isEmpty == ""True""","peek_obj_type == ""EmptyObject""","push == ""none""","pop == ""EmptyObject""","clear == ""none""","size_p == ""0""",No
9447,1607885829789:aaf25431-752d-411f-9efa-8cd5afc1bba9,1607885829790:625c972d-e7b6-4673-bf42-2c5273f13e79,"size == ""0""","isEmpty == ""True""","peek_obj_type == ""EmptyObject""","push == ""class java.lang.String""","pop == ""none""","clear == ""none""","size_p == ""0""",Yes
9449,1607885829789:aaf25431-752d-411f-9efa-8cd5afc1bba9,1607885829790:178a52d3-b78d-4db1-89b9-f516f05e70d6,"size == ""0""","isEmpty == ""True""","peek_obj_type == ""EmptyObject""","push == ""class java.lang.String""","pop == ""none""","clear == ""none""","size_p == ""0""",Yes
9450,1607885829789:aaf25431-752d-411f-9efa-8cd5afc1bba9,1607885829790:178a52d3-b78d-4db1-89b9-f516f05e70d6,"size == ""0""","isEmpty == ""True""","peek_obj_type == ""EmptyObject""","push == ""none""","pop == ""EmptyObject""","clear == ""none""","size_p == ""0""",No
9452,1607885829789:aaf25431-752d-411f-9efa-8cd5afc1bba9,1607885829789:99c8eeb5-b403-48a9-8ba1-8c007d6bc742,"size == ""0""","isEmpty == ""True""","peek_obj_type == ""EmptyObject""","push == ""class java.lang.String""","pop == ""none""","clear == ""none""","size_p == ""0""",Yes
9453,1607885829789:aaf25431-752d-411f-9efa-8cd5afc1bba9,1607885829789:99c8eeb5-b403-48a9-8ba1-8c007d6bc742,"size == ""0""","isEmpty == ""True""","peek_obj_type == ""EmptyObject""","push == ""class java.lang.String""","pop == ""none""","clear == ""none""","size_p == ""0""",Yes
9454,1607885829789:aaf25431-752d-411f-9efa-8cd5afc1bba9,1607885829789:99c8eeb5-b403-48a9-8ba1-8c007d6bc742,"size == ""0""","isEmpty == ""True""","peek_obj_type == ""EmptyObject""","push == ""class java.lang.String""","pop == ""none""","clear == ""none""","size_p == ""0""",Yes
9455,1607885829789:aaf25431-752d-411f-9efa-8cd5afc1bba9,1607885829789:99c8eeb5-b403-48a9-8ba1-8c007d6bc742,"size == ""1""","isEmpty == ""False""","peek_obj_type == ""class java.lang.String""","push == ""none""","pop == ""none""","clear == ""clear""","size_p == ""0""",Yes
9457,1607885829789:48d5642a-ba61-44f7-a65d-b8c9bccfbe0d,1607885829789:fc4b26a1-9cfe-4225-9986-09c33743cfb8,"size == ""1""","isEmpty == ""False""","peek_obj_type == ""class java.lang.String""","push == ""none""","pop == ""none""","clear == ""clear""","size_p == ""0""",Yes
9458,1607885829789:48d5642a-ba61-44f7-a65d-b8c9bccfbe0d,1607885829789:fc4b26a1-9cfe-4225-9986-09c33743cfb8,"size == ""2""","isEmpty == ""False""","peek_obj_type == ""class java.lang.String""","push == ""none""","pop == ""none""","clear == ""clear""","size_p == ""1""",Yes
9459,1607885829789:48d5642a-ba61-44f7-a65d-b8c9bccfbe0d,1607885829789:fc4b26a1-9cfe-4225-9986-09c33743cfb8,"size == ""3""","isEmpty == ""False""","peek_obj_type == ""class java.lang.String""","push == ""none""","pop == ""none""","clear == ""clear""","size_p == ""2""",Yes
9461,1607885829789:48d5642a-ba61-44f7-a65d-b8c9bccfbe0d,1607885829789:c3335f20-9c37-4bc8-9084-7275b5801fdf,"size == ""0""","isEmpty == ""True""","peek_obj_type == ""EmptyObject""","push == ""class java.lang.String""","pop == ""none""","clear == ""none""","size_p == ""0""",Yes
9462,1607885829789:48d5642a-ba61-44f7-a65d-b8c9bccfbe0d,1607885829789:c3335f20-9c37-4bc8-9084-7275b5801fdf,"size == ""0""","isEmpty == ""True""","peek_obj_type == ""EmptyObject""","push == ""none""","pop == ""EmptyObject""","clear == ""none""","size_p == ""0""",No
9464,1607885829789:48cc99ce-b814-486c-b4f2-f3ec6e61d4e0,1607885829789:c6363679-3aa5-45c7-86c3-e36767e18daa,"size == ""0""","isEmpty == ""True""","peek_obj_type == ""EmptyObject""","push == ""class java.lang.String""","pop == ""none""","clear == ""none""","size_p == ""0""",Yes
9465,1607885829789:48cc99ce-b814-486c-b4f2-f3ec6e61d4e0,1607885829789:c6363679-3aa5-45c7-86c3-e36767e18daa,"size == ""0""","isEmpty == ""True""","peek_obj_type == ""EmptyObject""","push == ""none""","pop == ""EmptyObject""","clear == ""none""","size_p == ""0""",No
9467,1607885829789:48cc99ce-b814-486c-b4f2-f3ec6e61d4e0,1607885829789:00343ae8-d155-48b1-9b62-52e99c727b6a,"size == ""0""","isEmpty == ""True""","peek_obj_type == ""EmptyObject""","push == ""class java.lang.String""","pop == ""none""","clear == ""none""","size_p == ""0""",Yes
9469,1607885829788:e4e59869-b177-4323-8e47-f81564534de8,1607885829788:4cf2c9c5-156b-49ac-a8a4-91cab7055e50,"size == ""0""","isEmpty == ""True""","peek_obj_type == ""EmptyObject""","push == ""class java.lang.String""","pop == ""none""","clear == ""none""","size_p == ""0""",Yes
9470,1607885829788:e4e59869-b177-4323-8e47-f81564534de8,1607885829788:4cf2c9c5-156b-49ac-a8a4-91cab7055e50,"size == ""0""","isEmpty == ""True""","peek_obj_type == ""EmptyObject""","push == ""none""","pop == ""EmptyObject""","clear == ""none""","size_p == ""0""",No
9473,1607885829788:e4e59869-b177-4323-8e47-f81564534de8,1607885829788:24d5529c-f0cc-49ce-ba02-4ef0736b7d5f,"size == ""0""","isEmpty == ""True""","peek_obj_type == ""EmptyObject""","push == ""class java.lang.String""","pop == ""none""","clear == ""none""","size_p == ""0""",Yes
9475,1607885829788:c38a2ccc-fd75-4710-86f6-d39ac9974b07,1607885829788:94258ead-2f13-464f-ad08-a41c8ac9a48f,"size == ""0""","isEmpty == ""True""","peek_obj_type == ""EmptyObject""","push == ""class java.lang.String""","pop == ""none""","clear == ""none""","size_p == ""0""",Yes
9476,1607885829788:c38a2ccc-fd75-4710-86f6-d39ac9974b07,1607885829788:94258ead-2f13-464f-ad08-a41c8ac9a48f,"size == ""0""","isEmpty == ""True""","peek_obj_type == ""EmptyObject""","push == ""none""","pop == ""EmptyObject""","clear == ""none""","size_p == ""0""",No
9478,1607885829788:bbd27b58-efb4-4c49-bdde-55db2fb977c7,1607885829788:5882f5b4-3cfc-4cd1-9780-5fc9ad597fbd,"size == ""0""","isEmpty == ""True""","peek_obj_type == ""EmptyObject""","push == ""class java.lang.String""","pop == ""none""","clear == ""none""","size_p == ""0""",Yes
9479,1607885829788:bbd27b58-efb4-4c49-bdde-55db2fb977c7,1607885829788:5882f5b4-3cfc-4cd1-9780-5fc9ad597fbd,"size == ""0""","isEmpty == ""True""","peek_obj_type == ""EmptyObject""","push == ""none""","pop == ""EmptyObject""","clear == ""none""","size_p == ""0""",No
9481,1607885829788:9a5b3df5-724c-4439-8ebc-f30bf7b22a3d,1607885829788:ff91e4a7-22f5-4307-a8df-ddeaea2fd991,"size == ""1""","isEmpty == ""False""","peek_obj_type == ""class java.lang.String""","push == ""none""","pop == ""none""","clear == ""clear""","size_p == ""0""",Yes
9482,1607885829788:9a5b3df5-724c-4439-8ebc-f30bf7b22a3d,1607885829788:ff91e4a7-22f5-4307-a8df-ddeaea2fd991,"size == ""1""","isEmpty == ""False""","peek_obj_type == ""class java.lang.String""","push == ""class java.lang.String""","pop == ""none""","clear == ""none""","size_p == ""1""",Yes
9483,1607885829788:9a5b3df5-724c-4439-8ebc-f30bf7b22a3d,1607885829788:ff91e4a7-22f5-4307-a8df-ddeaea2fd991,"size == ""0""","isEmpty == ""True""","peek_obj_type == ""EmptyObject""","push == ""none""","pop == ""EmptyObject""","clear == ""none""","size_p == ""1""",No
9485,1607885829788:9a5b3df5-724c-4439-8ebc-f30bf7b22a3d,1607885829788:7ec29448-4bd5-42d3-a69a-32f1b22dfe9c,"size == ""0""","isEmpty == ""True""","peek_obj_type == ""EmptyObject""","push == ""class java.lang.String""","pop == ""none""","clear == ""none""","size_p == ""0""",Yes
9486,1607885829788:9a5b3df5-724c-4439-8ebc-f30bf7b22a3d,1607885829788:7ec29448-4bd5-42d3-a69a-32f1b22dfe9c,"size == ""0""","isEmpty == ""True""","peek_obj_type == ""EmptyObject""","push == ""none""","pop == ""EmptyObject""","clear == ""none""","size_p == ""0""",No
9488,1607885829788:5c4ebe95-0d02-48a5-a4bd-24c58bfa87a4,1607885829788:855ce10e-12cd-4e2e-a359-4b058182f289,"size == ""0""","isEmpty == ""True""","peek_obj_type == ""EmptyObject""","push == ""class java.lang.String""","pop == ""none""","clear == ""none""","size_p == ""0""",Yes
9489,1607885829788:5c4ebe95-0d02-48a5-a4bd-24c58bfa87a4,1607885829788:855ce10e-12cd-4e2e-a359-4b058182f289,"size == ""0""","isEmpty == ""True""","peek_obj_type == ""EmptyObject""","push == ""none""","pop == ""EmptyObject""","clear == ""none""","size_p == ""0""",No
9491,1607885829788:3d73a746-231c-4908-9e25-e45f93b45911,1607885829788:e9050bff-769b-44e8-b1ce-c3f0265e33bd,"size == ""0""","isEmpty == ""True""","peek_obj_type == ""EmptyObject""","push == ""class java.lang.String""","pop == ""none""","clear == ""none""","size_p == ""0""",Yes
9492,1607885829788:3d73a746-231c-4908-9e25-e45f93b45911,1607885829788:e9050bff-769b-44e8-b1ce-c3f0265e33bd,"size == ""0""","isEmpty == ""True""","peek_obj_type == ""EmptyObject""","push == ""none""","pop == ""EmptyObject""","clear == ""none""","size_p == ""0""",No
9494,1607885829787:9572b631-bd74-46ec-8d8f-9f6ce264b943,1607885829787:33dfedc9-7156-4764-bd35-beeea5d2e8c6,"size == ""0""","isEmpty == ""True""","peek_obj_type == ""EmptyObject""","push == ""class java.lang.String""","pop == ""none""","clear == ""none""","size_p == ""0""",Yes
9495,1607885829787:9572b631-bd74-46ec-8d8f-9f6ce264b943,1607885829787:33dfedc9-7156-4764-bd35-beeea5d2e8c6,"size == ""0""","isEmpty == ""True""","peek_obj_type == ""EmptyObject""","push == ""none""","pop == ""EmptyObject""","clear == ""none""","size_p == ""0""",No
9497,1607885829787:9572b631-bd74-46ec-8d8f-9f6ce264b943,1607885829787:0251b4e7-6b6d-4a3f-a65a-0dc27147484a,"size == ""1""","isEmpty == ""False""","peek_obj_type == ""class java.lang.String""","push == ""none""","pop == ""none""","clear == ""clear""","size_p == ""0""",Yes
9498,1607885829787:9572b631-bd74-46ec-8d8f-9f6ce264b943,1607885829787:0251b4e7-6b6d-4a3f-a65a-0dc27147484a,"size == ""1""","isEmpty == ""False""","peek_obj_type == ""class java.lang.String""","push == ""class java.lang.String""","pop == ""none""","clear == ""none""","size_p == ""1""",Yes
9499,1607885829787:9572b631-bd74-46ec-8d8f-9f6ce264b943,1607885829787:0251b4e7-6b6d-4a3f-a65a-0dc27147484a,"size == ""2""","isEmpty == ""False""","peek_obj_type == ""class java.lang.String""","push == ""none""","pop == ""none""","clear == ""clear""","size_p == ""1""",Yes
9500,1607885829787:9572b631-bd74-46ec-8d8f-9f6ce264b943,1607885829787:0251b4e7-6b6d-4a3f-a65a-0dc27147484a,"size == ""3""","isEmpty == ""False""","peek_obj_type == ""class java.lang.String""","push == ""none""","pop == ""none""","clear == ""clear""","size_p == ""2""",Yes
9501,1607885829787:9572b631-bd74-46ec-8d8f-9f6ce264b943,1607885829787:0251b4e7-6b6d-4a3f-a65a-0dc27147484a,"size == ""4""","isEmpty == ""False""","peek_obj_type == ""class java.lang.String""","push == ""none""","pop == ""none""","clear == ""clear""","size_p == ""3""",Yes
9503,1607885829787:8d08ac78-1321-43c1-a066-05cf8d3c6123,1607885829787:b2fcedb4-2689-4d41-af35-7d2631610246,"size == ""0""","isEmpty == ""True""","peek_obj_type == ""EmptyObject""","push == ""class java.lang.String""","pop == ""none""","clear == ""none""","size_p == ""0""",Yes
9504,1607885829787:8d08ac78-1321-43c1-a066-05cf8d3c6123,1607885829787:b2fcedb4-2689-4d41-af35-7d2631610246,"size == ""0""","isEmpty == ""True""","peek_obj_type == ""EmptyObject""","push == ""none""","pop == ""EmptyObject""","clear == ""none""","size_p == ""0""",No
9506,1607885829787:8d08ac78-1321-43c1-a066-05cf8d3c6123,1607885829787:75a70f4e-bf3c-4093-b77f-07c77e401644,"size == ""0""","isEmpty == ""True""","peek_obj_type == ""EmptyObject""","push == ""class java.lang.String""","pop == ""none""","clear == ""none""","size_p == ""0""",Yes
9508,1607885829787:7d4c0bdb-090d-40d5-8c22-cc558814877e,1607885829787:eeff0c4c-d601-4c2b-82ae-deab3525285f,"size == ""1""","isEmpty == ""False""","peek_obj_type == ""class java.lang.String""","push == ""none""","pop == ""none""","clear == ""clear""","size_p == ""0""",Yes
9509,1607885829787:7d4c0bdb-090d-40d5-8c22-cc558814877e,1607885829787:eeff0c4c-d601-4c2b-82ae-deab3525285f,"size == ""1""","isEmpty == ""False""","peek_obj_type == ""class java.lang.String""","push == ""class java.lang.String""","pop == ""none""","clear == ""none""","size_p == ""1""",Yes
9510,1607885829787:7d4c0bdb-090d-40d5-8c22-cc558814877e,1607885829787:eeff0c4c-d601-4c2b-82ae-deab3525285f,"size == ""2""","isEmpty == ""False""","peek_obj_type == ""class java.lang.String""","push == ""none""","pop == ""none""","clear == ""clear""","size_p == ""1""",Yes
9511,1607885829787:7d4c0bdb-090d-40d5-8c22-cc558814877e,1607885829787:eeff0c4c-d601-4c2b-82ae-deab3525285f,"size == ""3""","isEmpty == ""False""","peek_obj_type == ""class java.lang.String""","push == ""none""","pop == ""none""","clear == ""clear""","size_p == ""2""",Yes
9512,1607885829787:7d4c0bdb-090d-40d5-8c22-cc558814877e,1607885829787:eeff0c4c-d601-4c2b-82ae-deab3525285f,"size == ""4""","isEmpty == ""False""","peek_obj_type == ""class java.lang.String""","push == ""none""","pop == ""none""","clear == ""clear""","size_p == ""3""",Yes
9514,1607885829787:7d4c0bdb-090d-40d5-8c22-cc558814877e,1607885829787:9c7821e4-d977-49b5-9fb4-3449c2e675c1,"size == ""0""","isEmpty == ""True""","peek_obj_type == ""EmptyObject""","push == ""class java.lang.String""","pop == ""none""","clear == ""none""","size_p == ""0""",Yes
9515,1607885829787:7d4c0bdb-090d-40d5-8c22-cc558814877e,1607885829787:9c7821e4-d977-49b5-9fb4-3449c2e675c1,"size == ""0""","isEmpty == ""True""","peek_obj_type == ""EmptyObject""","push == ""none""","pop == ""EmptyObject""","clear == ""none""","size_p == ""0""",No
9517,1607885829787:52ee2d8d-84a2-45c9-8d1b-384bcd9658b4,1607885829787:d0847527-048c-42c3-ae41-abc667896a88,"size == ""0""","isEmpty == ""True""","peek_obj_type == ""EmptyObject""","push == ""class java.lang.String""","pop == ""none""","clear == ""none""","size_p == ""0""",Yes
9518,1607885829787:52ee2d8d-84a2-45c9-8d1b-384bcd9658b4,1607885829787:d0847527-048c-42c3-ae41-abc667896a88,"size == ""0""","isEmpty == ""True""","peek_obj_type == ""EmptyObject""","push == ""none""","pop == ""EmptyObject""","clear == ""none""","size_p == ""0""",No
9520,1607885829787:05306c8e-2cdf-4327-841c-6fd5c21ea7b4,1607885829787:d21c2c69-b222-4b43-b896-10b31854ca67,"size == ""0""","isEmpty == ""True""","peek_obj_type == ""EmptyObject""","push == ""class java.lang.String""","pop == ""none""","clear == ""none""","size_p == ""0""",Yes
9521,1607885829787:05306c8e-2cdf-4327-841c-6fd5c21ea7b4,1607885829787:d21c2c69-b222-4b43-b896-10b31854ca67,"size == ""0""","isEmpty == ""True""","peek_obj_type == ""EmptyObject""","push == ""none""","pop == ""EmptyObject""","clear == ""none""","size_p == ""0""",No
9523,1607885829786:cea0420e-84c0-4a56-b67e-6201672817c3,1607885829786:e93d5b2c-e572-402c-8324-05ba40a5429c,"size == ""0""","isEmpty == ""True""","peek_obj_type == ""EmptyObject""","push == ""class java.lang.String""","pop == ""none""","clear == ""none""","size_p == ""0""",Yes
9524,1607885829786:cea0420e-84c0-4a56-b67e-6201672817c3,1607885829786:e93d5b2c-e572-402c-8324-05ba40a5429c,"size == ""0""","isEmpty == ""True""","peek_obj_type == ""EmptyObject""","push == ""none""","pop == ""EmptyObject""","clear == ""none""","size_p == ""0""",No
9526,1607885829786:a9ddd3e2-9076-4f53-bcfb-ad595c86f456,1607885829786:3d48b882-315c-4ab3-97bc-8fe43efcce8f,"size == ""0""","isEmpty == ""True""","peek_obj_type == ""EmptyObject""","push == ""class java.lang.String""","pop == ""none""","clear == ""none""","size_p == ""0""",Yes
9527,1607885829786:a9ddd3e2-9076-4f53-bcfb-ad595c86f456,1607885829786:3d48b882-315c-4ab3-97bc-8fe43efcce8f,"size == ""0""","isEmpty == ""True""","peek_obj_type == ""EmptyObject""","push == ""none""","pop == ""EmptyObject""","clear == ""none""","size_p == ""0""",No
9529,1607885829786:8d11744e-2996-4ad3-8c8d-7717b0fa57d6,1607885829786:02694a25-226c-4b2c-b996-45ac9bec648a,"size == ""0""","isEmpty == ""True""","peek_obj_type == ""EmptyObject""","push == ""class java.lang.String""","pop == ""none""","clear == ""none""","size_p == ""0""",Yes
9530,1607885829786:8d11744e-2996-4ad3-8c8d-7717b0fa57d6,1607885829786:02694a25-226c-4b2c-b996-45ac9bec648a,"size == ""0""","isEmpty == ""True""","peek_obj_type == ""EmptyObject""","push == ""none""","pop == ""EmptyObject""","clear == ""none""","size_p == ""0""",No
9532,1607885829786:6513620e-e227-4a2c-80fa-d812f6a60af5,1607885829786:dd00ae6d-25ff-4403-92a9-fee022ee9e4a,"size == ""0""","isEmpty == ""True""","peek_obj_type == ""EmptyObject""","push == ""class java.lang.String""","pop == ""none""","clear == ""none""","size_p == ""0""",Yes
9533,1607885829786:6513620e-e227-4a2c-80fa-d812f6a60af5,1607885829786:dd00ae6d-25ff-4403-92a9-fee022ee9e4a,"size == ""0""","isEmpty == ""True""","peek_obj_type == ""EmptyObject""","push == ""none""","pop == ""EmptyObject""","clear == ""none""","size_p == ""0""",No
9535,1607885829786:6513620e-e227-4a2c-80fa-d812f6a60af5,1607885829786:cb254624-c1e8-4854-b4af-c5ce61ca005f,"size == ""0""","isEmpty == ""True""","peek_obj_type == ""EmptyObject""","push == ""class java.lang.String""","pop == ""none""","clear == ""none""","size_p == ""0""",Yes
9537,1607885829786:5d607024-a080-42c6-8760-5bc3a3f1269d,1607885829786:e8b22a8d-39df-46f7-846e-fb7f5a75d38f,"size == ""0""","isEmpty == ""True""","peek_obj_type == ""EmptyObject""","push == ""class java.lang.String""","pop == ""none""","clear == ""none""","size_p == ""0""",Yes
9538,1607885829786:5d607024-a080-42c6-8760-5bc3a3f1269d,1607885829786:e8b22a8d-39df-46f7-846e-fb7f5a75d38f,"size == ""0""","isEmpty == ""True""","peek_obj_type == ""EmptyObject""","push == ""none""","pop == ""EmptyObject""","clear == ""none""","size_p == ""0""",No
9541,1607885829786:3db17e1e-3ae1-402a-b68a-a936335ed577,1607885829786:f78f2896-e377-406e-ab38-a042277c2daa,"size == ""0""","isEmpty == ""True""","peek_obj_type == ""EmptyObject""","push == ""class java.lang.String""","pop == ""none""","clear == ""none""","size_p == ""0""",Yes
9542,1607885829786:3db17e1e-3ae1-402a-b68a-a936335ed577,1607885829786:f78f2896-e377-406e-ab38-a042277c2daa,"size == ""0""","isEmpty == ""True""","peek_obj_type == ""EmptyObject""","push == ""none""","pop == ""EmptyObject""","clear == ""none""","size_p == ""0""",No
9544,1607885829786:3db17e1e-3ae1-402a-b68a-a936335ed577,1607885829786:30d3eaac-a0c4-49f5-89e1-27566eab65a2,"size == ""0""","isEmpty == ""True""","peek_obj_type == ""EmptyObject""","push == ""class java.lang.String""","pop == ""none""","clear == ""none""","size_p == ""0""",Yes
9546,1607885829785:d229a56a-4a5c-4aab-bb6b-d1573bb6d235,1607885829785:dce03085-7e73-477a-98a9-7defeaf21c5f,"size == ""1""","isEmpty == ""False""","peek_obj_type == ""class java.lang.String""","push == ""none""","pop == ""none""","clear == ""clear""","size_p == ""0""",Yes
9547,1607885829785:d229a56a-4a5c-4aab-bb6b-d1573bb6d235,1607885829785:dce03085-7e73-477a-98a9-7defeaf21c5f,"size == ""1""","isEmpty == ""False""","peek_obj_type == ""class java.lang.String""","push == ""class java.lang.String""","pop == ""none""","clear == ""none""","size_p == ""1""",Yes
9548,1607885829785:d229a56a-4a5c-4aab-bb6b-d1573bb6d235,1607885829785:dce03085-7e73-477a-98a9-7defeaf21c5f,"size == ""2""","isEmpty == ""False""","peek_obj_type == ""class java.lang.String""","push == ""none""","pop == ""none""","clear == ""clear""","size_p == ""1""",Yes
9549,1607885829785:d229a56a-4a5c-4aab-bb6b-d1573bb6d235,1607885829785:dce03085-7e73-477a-98a9-7defeaf21c5f,"size == ""3""","isEmpty == ""False""","peek_obj_type == ""class java.lang.String""","push == ""none""","pop == ""none""","clear == ""clear""","size_p == ""2""",Yes
9550,1607885829785:d229a56a-4a5c-4aab-bb6b-d1573bb6d235,1607885829785:dce03085-7e73-477a-98a9-7defeaf21c5f,"size == ""4""","isEmpty == ""False""","peek_obj_type == ""class java.lang.String""","push == ""none""","pop == ""none""","clear == ""clear""","size_p == ""3""",Yes
9552,1607885829785:d229a56a-4a5c-4aab-bb6b-d1573bb6d235,1607885829785:6a25c472-e221-4af8-b448-7178499e1f6f,"size == ""0""","isEmpty == ""True""","peek_obj_type == ""EmptyObject""","push == ""class java.lang.String""","pop == ""none""","clear == ""none""","size_p == ""0""",Yes
9553,1607885829785:d229a56a-4a5c-4aab-bb6b-d1573bb6d235,1607885829785:6a25c472-e221-4af8-b448-7178499e1f6f,"size == ""0""","isEmpty == ""True""","peek_obj_type == ""EmptyObject""","push == ""none""","pop == ""EmptyObject""","clear == ""none""","size_p == ""0""",No
9555,1607885829785:1933aa3b-180a-42e0-95b3-f17614eefe22,1607885829785:41e992ba-a9da-4fbc-a0c4-f49ce5ebd46a,"size == ""1""","isEmpty == ""False""","peek_obj_type == ""class java.lang.String""","push == ""none""","pop == ""none""","clear == ""clear""","size_p == ""0""",Yes
9556,1607885829785:1933aa3b-180a-42e0-95b3-f17614eefe22,1607885829785:41e992ba-a9da-4fbc-a0c4-f49ce5ebd46a,"size == ""1""","isEmpty == ""False""","peek_obj_type == ""class java.lang.String""","push == ""class java.lang.String""","pop == ""none""","clear == ""none""","size_p == ""1""",Yes
9557,1607885829785:1933aa3b-180a-42e0-95b3-f17614eefe22,1607885829785:41e992ba-a9da-4fbc-a0c4-f49ce5ebd46a,"size == ""2""","isEmpty == ""False""","peek_obj_type == ""class java.lang.String""","push == ""none""","pop == ""none""","clear == ""clear""","size_p == ""1""",Yes
9558,1607885829785:1933aa3b-180a-42e0-95b3-f17614eefe22,1607885829785:41e992ba-a9da-4fbc-a0c4-f49ce5ebd46a,"size == ""3""","isEmpty == ""False""","peek_obj_type == ""class java.lang.String""","push == ""none""","pop == ""none""","clear == ""clear""","size_p == ""2""",Yes
9559,1607885829785:1933aa3b-180a-42e0-95b3-f17614eefe22,1607885829785:41e992ba-a9da-4fbc-a0c4-f49ce5ebd46a,"size == ""4""","isEmpty == ""False""","peek_obj_type == ""class java.lang.String""","push == ""none""","pop == ""none""","clear == ""clear""","size_p == ""3""",Yes
9561,1607885829785:1933aa3b-180a-42e0-95b3-f17614eefe22,1607885829785:3707b4ea-2c94-47d6-b0e3-b87aaab0785b,"size == ""0""","isEmpty == ""True""","peek_obj_type == ""EmptyObject""","push == ""class java.lang.String""","pop == ""none""","clear == ""none""","size_p == ""0""",Yes
9562,1607885829785:1933aa3b-180a-42e0-95b3-f17614eefe22,1607885829785:3707b4ea-2c94-47d6-b0e3-b87aaab0785b,"size == ""0""","isEmpty == ""True""","peek_obj_type == ""EmptyObject""","push == ""none""","pop == ""EmptyObject""","clear == ""none""","size_p == ""0""",No
9564,1607885829785:0d68f6af-9825-4687-a6c9-4c0a358fff51,1607885829785:b519b7c5-e97d-4313-b113-ad006751c16d,"size == ""0""","isEmpty == ""True""","peek_obj_type == ""EmptyObject""","push == ""class java.lang.String""","pop == ""none""","clear == ""none""","size_p == ""0""",Yes
9565,1607885829785:0d68f6af-9825-4687-a6c9-4c0a358fff51,1607885829785:b519b7c5-e97d-4313-b113-ad006751c16d,"size == ""0""","isEmpty == ""True""","peek_obj_type == ""EmptyObject""","push == ""none""","pop == ""EmptyObject""","clear == ""none""","size_p == ""0""",No
9567,1607885829784:e0e6f862-099e-4d53-bb80-bd211fbb94f7,1607885829784:1c983772-7fb2-450e-a8a1-ef2aca9e74d5,"size == ""0""","isEmpty == ""True""","peek_obj_type == ""EmptyObject""","push == ""class java.lang.String""","pop == ""none""","clear == ""none""","size_p == ""0""",Yes
9568,1607885829784:e0e6f862-099e-4d53-bb80-bd211fbb94f7,1607885829784:1c983772-7fb2-450e-a8a1-ef2aca9e74d5,"size == ""0""","isEmpty == ""True""","peek_obj_type == ""EmptyObject""","push == ""none""","pop == ""EmptyObject""","clear == ""none""","size_p == ""0""",No
9570,1607885829784:b8c13aa9-6151-4517-9b5c-18f636473474,1607885829784:fefeacd3-892c-46b9-b830-e498225114a4,"size == ""0""","isEmpty == ""True""","peek_obj_type == ""EmptyObject""","push == ""class java.lang.String""","pop == ""none""","clear == ""none""","size_p == ""0""",Yes
9571,1607885829784:b8c13aa9-6151-4517-9b5c-18f636473474,1607885829784:fefeacd3-892c-46b9-b830-e498225114a4,"size == ""0""","isEmpty == ""True""","peek_obj_type == ""EmptyObject""","push == ""none""","pop == ""EmptyObject""","clear == ""none""","size_p == ""0""",No
9573,1607885829784:96d50b9f-b6e3-4b7e-8a0c-f1f7e8a2e169,1607885829784:4a18b340-8e28-4cbe-b27b-b540770632ee,"size == ""0""","isEmpty == ""True""","peek_obj_type == ""EmptyObject""","push == ""class java.lang.String""","pop == ""none""","clear == ""none""","size_p == ""0""",Yes
9575,1607885829784:96d50b9f-b6e3-4b7e-8a0c-f1f7e8a2e169,1607885829784:1c39f3b9-c5a7-44b3-a0b6-ea9726eae25f,"size == ""0""","isEmpty == ""True""","peek_obj_type == ""EmptyObject""","push == ""class java.lang.String""","pop == ""none""","clear == ""none""","size_p == ""0""",Yes
9576,1607885829784:96d50b9f-b6e3-4b7e-8a0c-f1f7e8a2e169,1607885829784:1c39f3b9-c5a7-44b3-a0b6-ea9726eae25f,"size == ""0""","isEmpty == ""True""","peek_obj_type == ""EmptyObject""","push == ""none""","pop == ""EmptyObject""","clear == ""none""","size_p == ""0""",No
9578,1607885829784:2bbc1b48-bfd8-4dff-87e8-7b41e5a1aa06,1607885829785:91e19dc8-fa13-460c-ae1f-d4b6cb4297ea,"size == ""0""","isEmpty == ""True""","peek_obj_type == ""EmptyObject""","push == ""class java.lang.String""","pop == ""none""","clear == ""none""","size_p == ""0""",Yes
9579,1607885829784:2bbc1b48-bfd8-4dff-87e8-7b41e5a1aa06,1607885829785:91e19dc8-fa13-460c-ae1f-d4b6cb4297ea,"size == ""0""","isEmpty == ""True""","peek_obj_type == ""EmptyObject""","push == ""none""","pop == ""EmptyObject""","clear == ""none""","size_p == ""0""",No
9581,1607885829784:2bbc1b48-bfd8-4dff-87e8-7b41e5a1aa06,1607885829784:0f21e1dc-1c5c-4298-973c-853f3ce87301,"size == ""1""","isEmpty == ""False""","peek_obj_type == ""class java.lang.String""","push == ""none""","pop == ""none""","clear == ""clear""","size_p == ""0""",Yes
9582,1607885829784:2bbc1b48-bfd8-4dff-87e8-7b41e5a1aa06,1607885829784:0f21e1dc-1c5c-4298-973c-853f3ce87301,"size == ""1""","isEmpty == ""False""","peek_obj_type == ""class java.lang.String""","push == ""class java.lang.String""","pop == ""none""","clear == ""none""","size_p == ""1""",Yes
9583,1607885829784:2bbc1b48-bfd8-4dff-87e8-7b41e5a1aa06,1607885829784:0f21e1dc-1c5c-4298-973c-853f3ce87301,"size == ""2""","isEmpty == ""False""","peek_obj_type == ""class java.lang.String""","push == ""none""","pop == ""none""","clear == ""clear""","size_p == ""1""",Yes
9584,1607885829784:2bbc1b48-bfd8-4dff-87e8-7b41e5a1aa06,1607885829784:0f21e1dc-1c5c-4298-973c-853f3ce87301,"size == ""3""","isEmpty == ""False""","peek_obj_type == ""class java.lang.String""","push == ""none""","pop == ""none""","clear == ""clear""","size_p == ""2""",Yes
9585,1607885829784:2bbc1b48-bfd8-4dff-87e8-7b41e5a1aa06,1607885829784:0f21e1dc-1c5c-4298-973c-853f3ce87301,"size == ""4""","isEmpty == ""False""","peek_obj_type == ""class java.lang.String""","push == ""none""","pop == ""none""","clear == ""clear""","size_p == ""3""",Yes
9587,1607885829783:c1b8ac36-eaaa-4d67-871d-6c992fe29981,1607885829783:09c6fecc-cb83-41eb-8e1d-01bc4fe50cd2,"size == ""0""","isEmpty == ""True""","peek_obj_type == ""EmptyObject""","push == ""class java.lang.String""","pop == ""none""","clear == ""none""","size_p == ""0""",Yes
9588,1607885829783:c1b8ac36-eaaa-4d67-871d-6c992fe29981,1607885829783:09c6fecc-cb83-41eb-8e1d-01bc4fe50cd2,"size == ""0""","isEmpty == ""True""","peek_obj_type == ""EmptyObject""","push == ""none""","pop == ""EmptyObject""","clear == ""none""","size_p == ""0""",No
9590,1607885829783:9c63a4c1-c2d2-450e-836d-b9db22cee47d,1607885829783:ff011a3b-babb-4f80-8064-b3f870ce5067,"size == ""0""","isEmpty == ""True""","peek_obj_type == ""EmptyObject""","push == ""class java.lang.String""","pop == ""none""","clear == ""none""","size_p == ""0""",Yes
9591,1607885829783:9c63a4c1-c2d2-450e-836d-b9db22cee47d,1607885829783:ff011a3b-babb-4f80-8064-b3f870ce5067,"size == ""0""","isEmpty == ""True""","peek_obj_type == ""EmptyObject""","push == ""none""","pop == ""EmptyObject""","clear == ""none""","size_p == ""0""",No
9593,1607885829783:9c63a4c1-c2d2-450e-836d-b9db22cee47d,1607885829783:2550639a-809f-4482-a84b-45df3e24ce91,"size == ""0""","isEmpty == ""True""","peek_obj_type == ""EmptyObject""","push == ""class java.lang.String""","pop == ""none""","clear == ""none""","size_p == ""0""",Yes
9594,1607885829783:9c63a4c1-c2d2-450e-836d-b9db22cee47d,1607885829783:2550639a-809f-4482-a84b-45df3e24ce91,"size == ""0""","isEmpty == ""True""","peek_obj_type == ""EmptyObject""","push == ""class java.lang.String""","pop == ""none""","clear == ""none""","size_p == ""0""",Yes
9595,1607885829783:9c63a4c1-c2d2-450e-836d-b9db22cee47d,1607885829783:2550639a-809f-4482-a84b-45df3e24ce91,"size == ""0""","isEmpty == ""True""","peek_obj_type == ""EmptyObject""","push == ""class java.lang.String""","pop == ""none""","clear == ""none""","size_p == ""0""",Yes
9597,1607885829783:7353dce0-c067-408f-a524-b87daa124f64,1607885829784:e6541e73-3d84-480a-b6fb-e146948e0e56,"size == ""0""","isEmpty == ""True""","peek_obj_type == ""EmptyObject""","push == ""class java.lang.String""","pop == ""none""","clear == ""none""","size_p == ""0""",Yes
9598,1607885829783:7353dce0-c067-408f-a524-b87daa124f64,1607885829784:e6541e73-3d84-480a-b6fb-e146948e0e56,"size == ""0""","isEmpty == ""True""","peek_obj_type == ""EmptyObject""","push == ""none""","pop == ""EmptyObject""","clear == ""none""","size_p == ""0""",No
9600,1607885829783:7353dce0-c067-408f-a524-b87daa124f64,1607885829783:160ebae3-6a98-4c47-901b-5acbe2da96a1,"size == ""1""","isEmpty == ""False""","peek_obj_type == ""class java.lang.String""","push == ""none""","pop == ""none""","clear == ""clear""","size_p == ""0""",Yes
9601,1607885829783:7353dce0-c067-408f-a524-b87daa124f64,1607885829783:160ebae3-6a98-4c47-901b-5acbe2da96a1,"size == ""1""","isEmpty == ""False""","peek_obj_type == ""class java.lang.String""","push == ""class java.lang.String""","pop == ""none""","clear == ""none""","size_p == ""1""",Yes
9602,1607885829783:7353dce0-c067-408f-a524-b87daa124f64,1607885829783:160ebae3-6a98-4c47-901b-5acbe2da96a1,"size == ""2""","isEmpty == ""False""","peek_obj_type == ""class java.lang.String""","push == ""none""","pop == ""none""","clear == ""clear""","size_p == ""1""",Yes
9603,1607885829783:7353dce0-c067-408f-a524-b87daa124f64,1607885829783:160ebae3-6a98-4c47-901b-5acbe2da96a1,"size == ""3""","isEmpty == ""False""","peek_obj_type == ""class java.lang.String""","push == ""none""","pop == ""none""","clear == ""clear""","size_p == ""2""",Yes
9604,1607885829783:7353dce0-c067-408f-a524-b87daa124f64,1607885829783:160ebae3-6a98-4c47-901b-5acbe2da96a1,"size == ""4""","isEmpty == ""False""","peek_obj_type == ""class java.lang.String""","push == ""none""","pop == ""none""","clear == ""clear""","size_p == ""3""",Yes
9606,1607885829783:35b1c24e-7a4d-42f9-a5c1-4974f7741c1b,1607885829783:8cc65a08-acfb-43b6-9bb1-ac0cbb4fd630,"size == ""0""","isEmpty == ""True""","peek_obj_type == ""EmptyObject""","push == ""class java.lang.String""","pop == ""none""","clear == ""none""","size_p == ""0""",Yes
9607,1607885829783:35b1c24e-7a4d-42f9-a5c1-4974f7741c1b,1607885829783:8cc65a08-acfb-43b6-9bb1-ac0cbb4fd630,"size == ""0""","isEmpty == ""True""","peek_obj_type == ""EmptyObject""","push == ""none""","pop == ""EmptyObject""","clear == ""none""","size_p == ""0""",No
9609,1607885829783:32072e18-b939-40f2-9391-1e5eddf20069,1607885829783:d15d29ad-b278-4e33-9863-bd0abc17e80f,"size == ""0""","isEmpty == ""True""","peek_obj_type == ""EmptyObject""","push == ""class java.lang.String""","pop == ""none""","clear == ""none""","size_p == ""0""",Yes
9610,1607885829783:32072e18-b939-40f2-9391-1e5eddf20069,1607885829783:d15d29ad-b278-4e33-9863-bd0abc17e80f,"size == ""0""","isEmpty == ""True""","peek_obj_type == ""EmptyObject""","push == ""none""","pop == ""EmptyObject""","clear == ""none""","size_p == ""0""",No
9612,1607885829782:fc7d94db-3be6-45a5-a115-69e21bb4f934,1607885829782:0ecc7719-2e3d-42b6-b49c-1f8111d2559b,"size == ""0""","isEmpty == ""True""","peek_obj_type == ""EmptyObject""","push == ""class java.lang.String""","pop == ""none""","clear == ""none""","size_p == ""0""",Yes
9613,1607885829782:fc7d94db-3be6-45a5-a115-69e21bb4f934,1607885829782:0ecc7719-2e3d-42b6-b49c-1f8111d2559b,"size == ""0""","isEmpty == ""True""","peek_obj_type == ""EmptyObject""","push == ""none""","pop == ""EmptyObject""","clear == ""none""","size_p == ""0""",No
9615,1607885829782:c1db41aa-1408-44fd-8cab-3a87dc9ddb1c,1607885829782:b6ef1254-eef8-4071-8ff3-252a7c6acf0c,"size == ""0""","isEmpty == ""True""","peek_obj_type == ""EmptyObject""","push == ""class java.lang.String""","pop == ""none""","clear == ""none""","size_p == ""0""",Yes
9616,1607885829782:c1db41aa-1408-44fd-8cab-3a87dc9ddb1c,1607885829782:b6ef1254-eef8-4071-8ff3-252a7c6acf0c,"size == ""0""","isEmpty == ""True""","peek_obj_type == ""EmptyObject""","push == ""none""","pop == ""EmptyObject""","clear == ""none""","size_p == ""0""",No
9618,1607885829782:c1db41aa-1408-44fd-8cab-3a87dc9ddb1c,1607885829782:0e931aab-7d47-4bec-9c71-43325892513f,"size == ""1""","isEmpty == ""False""","peek_obj_type == ""class java.lang.String""","push == ""none""","pop == ""none""","clear == ""clear""","size_p == ""0""",Yes
9619,1607885829782:c1db41aa-1408-44fd-8cab-3a87dc9ddb1c,1607885829782:0e931aab-7d47-4bec-9c71-43325892513f,"size == ""1""","isEmpty == ""False""","peek_obj_type == ""class java.lang.String""","push == ""class java.lang.String""","pop == ""none""","clear == ""none""","size_p == ""1""",Yes
9620,1607885829782:c1db41aa-1408-44fd-8cab-3a87dc9ddb1c,1607885829782:0e931aab-7d47-4bec-9c71-43325892513f,"size == ""2""","isEmpty == ""False""","peek_obj_type == ""class java.lang.String""","push == ""none""","pop == ""none""","clear == ""clear""","size_p == ""1""",Yes
9621,1607885829782:c1db41aa-1408-44fd-8cab-3a87dc9ddb1c,1607885829782:0e931aab-7d47-4bec-9c71-43325892513f,"size == ""3""","isEmpty == ""False""","peek_obj_type == ""class java.lang.String""","push == ""none""","pop == ""none""","clear == ""clear""","size_p == ""2""",Yes
9622,1607885829782:c1db41aa-1408-44fd-8cab-3a87dc9ddb1c,1607885829782:0e931aab-7d47-4bec-9c71-43325892513f,"size == ""4""","isEmpty == ""False""","peek_obj_type == ""class java.lang.String""","push == ""none""","pop == ""none""","clear == ""clear""","size_p == ""3""",Yes
9625,1607885829782:b6517549-91e5-4423-8763-38e93b59b064,1607885829782:669578a1-185c-4dd7-a347-4c3f97852ee7,"size == ""0""","isEmpty == ""True""","peek_obj_type == ""EmptyObject""","push == ""class java.lang.String""","pop == ""none""","clear == ""none""","size_p == ""0""",Yes
9627,1607885829782:b6517549-91e5-4423-8763-38e93b59b064,1607885829782:2a8cc0aa-a3fb-419b-80ae-05887d9e1871,"size == ""0""","isEmpty == ""True""","peek_obj_type == ""EmptyObject""","push == ""class java.lang.String""","pop == ""none""","clear == ""none""","size_p == ""0""",Yes
9628,1607885829782:b6517549-91e5-4423-8763-38e93b59b064,1607885829782:2a8cc0aa-a3fb-419b-80ae-05887d9e1871,"size == ""0""","isEmpty == ""True""","peek_obj_type == ""EmptyObject""","push == ""none""","pop == ""EmptyObject""","clear == ""none""","size_p == ""0""",No
9630,1607885829782:aa922028-9023-4c95-844c-5ab6b78d228f,1607885829782:5a525c3a-613e-4b3c-ab05-41165be7d14a,"size == ""0""","isEmpty == ""True""","peek_obj_type == ""EmptyObject""","push == ""class java.lang.String""","pop == ""none""","clear == ""none""","size_p == ""0""",Yes
9631,1607885829782:aa922028-9023-4c95-844c-5ab6b78d228f,1607885829782:5a525c3a-613e-4b3c-ab05-41165be7d14a,"size == ""0""","isEmpty == ""True""","peek_obj_type == ""EmptyObject""","push == ""none""","pop == ""EmptyObject""","clear == ""none""","size_p == ""0""",No
9633,1607885829782:9a175874-e5ee-496d-a50b-68f52956e3e7,1607885829782:c8320604-1276-42c3-9308-072f96ad3003,"size == ""0""","isEmpty == ""True""","peek_obj_type == ""EmptyObject""","push == ""class java.lang.String""","pop == ""none""","clear == ""none""","size_p == ""0""",Yes
9634,1607885829782:9a175874-e5ee-496d-a50b-68f52956e3e7,1607885829782:c8320604-1276-42c3-9308-072f96ad3003,"size == ""0""","isEmpty == ""True""","peek_obj_type == ""EmptyObject""","push == ""none""","pop == ""EmptyObject""","clear == ""none""","size_p == ""0""",No
9636,1607885829782:8ab7b6b6-5b52-4b12-bfc3-cfe3e564901c,1607885829782:dccf158f-8c6d-4b3b-b383-4faad0a17f0c,"size == ""0""","isEmpty == ""True""","peek_obj_type == ""EmptyObject""","push == ""class java.lang.String""","pop == ""none""","clear == ""none""","size_p == ""0""",Yes
9637,1607885829782:8ab7b6b6-5b52-4b12-bfc3-cfe3e564901c,1607885829782:dccf158f-8c6d-4b3b-b383-4faad0a17f0c,"size == ""0""","isEmpty == ""True""","peek_obj_type == ""EmptyObject""","push == ""none""","pop == ""EmptyObject""","clear == ""none""","size_p == ""0""",No
9639,1607885829781:c6cf4c9f-238c-4194-94dc-641dda3acf3f,1607885829781:e52228a8-9a61-4fea-a3c7-ed3066d2e9a8,"size == ""0""","isEmpty == ""True""","peek_obj_type == ""EmptyObject""","push == ""class java.lang.String""","pop == ""none""","clear == ""none""","size_p == ""0""",Yes
9640,1607885829781:c6cf4c9f-238c-4194-94dc-641dda3acf3f,1607885829781:e52228a8-9a61-4fea-a3c7-ed3066d2e9a8,"size == ""0""","isEmpty == ""True""","peek_obj_type == ""EmptyObject""","push == ""none""","pop == ""EmptyObject""","clear == ""none""","size_p == ""0""",No
9642,1607885829781:c6cf4c9f-238c-4194-94dc-641dda3acf3f,1607885829781:ac6ead2b-dedf-4fe5-b3b9-2f8fe359cf34,"size == ""1""","isEmpty == ""False""","peek_obj_type == ""class java.lang.String""","push == ""none""","pop == ""none""","clear == ""clear""","size_p == ""0""",Yes
9643,1607885829781:c6cf4c9f-238c-4194-94dc-641dda3acf3f,1607885829781:ac6ead2b-dedf-4fe5-b3b9-2f8fe359cf34,"size == ""1""","isEmpty == ""False""","peek_obj_type == ""class java.lang.String""","push == ""class java.lang.String""","pop == ""none""","clear == ""none""","size_p == ""1""",Yes
9644,1607885829781:c6cf4c9f-238c-4194-94dc-641dda3acf3f,1607885829781:ac6ead2b-dedf-4fe5-b3b9-2f8fe359cf34,"size == ""2""","isEmpty == ""False""","peek_obj_type == ""class java.lang.String""","push == ""none""","pop == ""none""","clear == ""clear""","size_p == ""1""",Yes
9645,1607885829781:c6cf4c9f-238c-4194-94dc-641dda3acf3f,1607885829781:ac6ead2b-dedf-4fe5-b3b9-2f8fe359cf34,"size == ""3""","isEmpty == ""False""","peek_obj_type == ""class java.lang.String""","push == ""none""","pop == ""none""","clear == ""clear""","size_p == ""2""",Yes
9646,1607885829781:c6cf4c9f-238c-4194-94dc-641dda3acf3f,1607885829781:ac6ead2b-dedf-4fe5-b3b9-2f8fe359cf34,"size == ""4""","isEmpty == ""False""","peek_obj_type == ""class java.lang.String""","push == ""none""","pop == ""none""","clear == ""clear""","size_p == ""3""",Yes
9648,1607885829781:9fc8302a-4ca3-49c8-9359-4698ddc8d20a,1607885829781:8baa70a8-2887-43dc-935d-0da83b72af2d,"size == ""0""","isEmpty == ""True""","peek_obj_type == ""EmptyObject""","push == ""class java.lang.String""","pop == ""none""","clear == ""none""","size_p == ""0""",Yes
9649,1607885829781:9fc8302a-4ca3-49c8-9359-4698ddc8d20a,1607885829781:8baa70a8-2887-43dc-935d-0da83b72af2d,"size == ""0""","isEmpty == ""True""","peek_obj_type == ""EmptyObject""","push == ""none""","pop == ""EmptyObject""","clear == ""none""","size_p == ""0""",No
9651,1607885829781:9fc8302a-4ca3-49c8-9359-4698ddc8d20a,1607885829781:693637fe-3423-456c-a5f6-7d99e726151b,"size == ""1""","isEmpty == ""False""","peek_obj_type == ""class java.lang.String""","push == ""none""","pop == ""none""","clear == ""clear""","size_p == ""0""",Yes
9652,1607885829781:9fc8302a-4ca3-49c8-9359-4698ddc8d20a,1607885829781:693637fe-3423-456c-a5f6-7d99e726151b,"size == ""1""","isEmpty == ""False""","peek_obj_type == ""class java.lang.String""","push == ""class java.lang.String""","pop == ""none""","clear == ""none""","size_p == ""1""",Yes
9653,1607885829781:9fc8302a-4ca3-49c8-9359-4698ddc8d20a,1607885829781:693637fe-3423-456c-a5f6-7d99e726151b,"size == ""2""","isEmpty == ""False""","peek_obj_type == ""class java.lang.String""","push == ""none""","pop == ""none""","clear == ""clear""","size_p == ""1""",Yes
9654,1607885829781:9fc8302a-4ca3-49c8-9359-4698ddc8d20a,1607885829781:693637fe-3423-456c-a5f6-7d99e726151b,"size == ""3""","isEmpty == ""False""","peek_obj_type == ""class java.lang.String""","push == ""none""","pop == ""none""","clear == ""clear""","size_p == ""2""",Yes
9655,1607885829781:9fc8302a-4ca3-49c8-9359-4698ddc8d20a,1607885829781:693637fe-3423-456c-a5f6-7d99e726151b,"size == ""4""","isEmpty == ""False""","peek_obj_type == ""class java.lang.String""","push == ""none""","pop == ""none""","clear == ""clear""","size_p == ""3""",Yes
9657,1607885829781:65d86e78-60f0-41ce-a95b-b51089f0db67,1607885829781:cffff229-11c0-42a2-9388-07a7d8203dac,"size == ""0""","isEmpty == ""True""","peek_obj_type == ""EmptyObject""","push == ""class java.lang.String""","pop == ""none""","clear == ""none""","size_p == ""0""",Yes
9658,1607885829781:65d86e78-60f0-41ce-a95b-b51089f0db67,1607885829781:cffff229-11c0-42a2-9388-07a7d8203dac,"size == ""0""","isEmpty == ""True""","peek_obj_type == ""EmptyObject""","push == ""none""","pop == ""EmptyObject""","clear == ""none""","size_p == ""0""",No
9660,1607885829781:00c02da0-448c-4714-8890-132d8d8084d1,1607885829781:2a2f9706-14d4-4f0d-947e-0057469ddd56,"size == ""0""","isEmpty == ""True""","peek_obj_type == ""EmptyObject""","push == ""class java.lang.String""","pop == ""none""","clear == ""none""","size_p == ""0""",Yes
9661,1607885829781:00c02da0-448c-4714-8890-132d8d8084d1,1607885829781:2a2f9706-14d4-4f0d-947e-0057469ddd56,"size == ""0""","isEmpty == ""True""","peek_obj_type == ""EmptyObject""","push == ""none""","pop == ""EmptyObject""","clear == ""none""","size_p == ""0""",No
9663,1607885829781:00c02da0-448c-4714-8890-132d8d8084d1,1607885829781:0beb24f1-9e3e-4521-a8ed-24b58144d5b7,"size == ""1""","isEmpty == ""False""","peek_obj_type == ""class java.lang.String""","push == ""none""","pop == ""none""","clear == ""clear""","size_p == ""0""",Yes
9664,1607885829781:00c02da0-448c-4714-8890-132d8d8084d1,1607885829781:0beb24f1-9e3e-4521-a8ed-24b58144d5b7,"size == ""1""","isEmpty == ""False""","peek_obj_type == ""class java.lang.String""","push == ""class java.lang.String""","pop == ""none""","clear == ""none""","size_p == ""1""",Yes
9665,1607885829781:00c02da0-448c-4714-8890-132d8d8084d1,1607885829781:0beb24f1-9e3e-4521-a8ed-24b58144d5b7,"size == ""2""","isEmpty == ""False""","peek_obj_type == ""class java.lang.String""","push == ""none""","pop == ""none""","clear == ""clear""","size_p == ""1""",Yes
9666,1607885829781:00c02da0-448c-4714-8890-132d8d8084d1,1607885829781:0beb24f1-9e3e-4521-a8ed-24b58144d5b7,"size == ""3""","isEmpty == ""False""","peek_obj_type == ""class java.lang.String""","push == ""none""","pop == ""none""","clear == ""clear""","size_p == ""2""",Yes
9667,1607885829781:00c02da0-448c-4714-8890-132d8d8084d1,1607885829781:0beb24f1-9e3e-4521-a8ed-24b58144d5b7,"size == ""4""","isEmpty == ""False""","peek_obj_type == ""class java.lang.String""","push == ""none""","pop == ""none""","clear == ""clear""","size_p == ""3""",Yes
9669,1607885829780:e21f0346-7e44-4862-9a7a-7e1226b31c8a,1607885829780:53de0361-744a-4f5c-81d9-dc7cf7d30275,"size == ""0""","isEmpty == ""True""","peek_obj_type == ""EmptyObject""","push == ""class java.lang.String""","pop == ""none""","clear == ""none""","size_p == ""0""",Yes
9670,1607885829780:e21f0346-7e44-4862-9a7a-7e1226b31c8a,1607885829780:53de0361-744a-4f5c-81d9-dc7cf7d30275,"size == ""0""","isEmpty == ""True""","peek_obj_type == ""EmptyObject""","push == ""none""","pop == ""EmptyObject""","clear == ""none""","size_p == ""0""",No
9672,1607885829780:d965ecea-a46a-489c-8e26-3f509d7b9e9a,1607885829780:d2c86e71-6dbb-404f-89ad-6258eb99f028,"size == ""0""","isEmpty == ""True""","peek_obj_type == ""EmptyObject""","push == ""class java.lang.String""","pop == ""none""","clear == ""none""","size_p == ""0""",Yes
9673,1607885829780:d965ecea-a46a-489c-8e26-3f509d7b9e9a,1607885829780:d2c86e71-6dbb-404f-89ad-6258eb99f028,"size == ""0""","isEmpty == ""True""","peek_obj_type == ""EmptyObject""","push == ""none""","pop == ""EmptyObject""","clear == ""none""","size_p == ""0""",No
9675,1607885829780:d965ecea-a46a-489c-8e26-3f509d7b9e9a,1607885829780:876ade11-d19d-44c4-ab2a-eafec4979608,"size == ""1""","isEmpty == ""False""","peek_obj_type == ""class java.lang.String""","push == ""none""","pop == ""none""","clear == ""clear""","size_p == ""0""",Yes
9676,1607885829780:d965ecea-a46a-489c-8e26-3f509d7b9e9a,1607885829780:876ade11-d19d-44c4-ab2a-eafec4979608,"size == ""2""","isEmpty == ""False""","peek_obj_type == ""class java.lang.String""","push == ""none""","pop == ""none""","clear == ""clear""","size_p == ""1""",Yes
9677,1607885829780:d965ecea-a46a-489c-8e26-3f509d7b9e9a,1607885829780:876ade11-d19d-44c4-ab2a-eafec4979608,"size == ""3""","isEmpty == ""False""","peek_obj_type == ""class java.lang.String""","push == ""none""","pop == ""none""","clear == ""clear""","size_p == ""2""",Yes
9679,1607885829780:cf6c8a25-5027-4cb7-86b4-039e36a703fe,1607885829780:e0437d53-e1ec-4241-b114-5715fffd142c,"size == ""0""","isEmpty == ""True""","peek_obj_type == ""EmptyObject""","push == ""class java.lang.String""","pop == ""none""","clear == ""none""","size_p == ""0""",Yes
9680,1607885829780:cf6c8a25-5027-4cb7-86b4-039e36a703fe,1607885829780:e0437d53-e1ec-4241-b114-5715fffd142c,"size == ""0""","isEmpty == ""True""","peek_obj_type == ""EmptyObject""","push == ""none""","pop == ""EmptyObject""","clear == ""none""","size_p == ""0""",No
9682,1607885829780:cf6c8a25-5027-4cb7-86b4-039e36a703fe,1607885829780:0502368d-00e7-4c3e-854d-35012e2e5601,"size == ""1""","isEmpty == ""False""","peek_obj_type == ""class java.lang.String""","push == ""none""","pop == ""none""","clear == ""clear""","size_p == ""0""",Yes
9683,1607885829780:cf6c8a25-5027-4cb7-86b4-039e36a703fe,1607885829780:0502368d-00e7-4c3e-854d-35012e2e5601,"size == ""1""","isEmpty == ""False""","peek_obj_type == ""class java.lang.String""","push == ""class java.lang.String""","pop == ""none""","clear == ""none""","size_p == ""1""",Yes
9684,1607885829780:cf6c8a25-5027-4cb7-86b4-039e36a703fe,1607885829780:0502368d-00e7-4c3e-854d-35012e2e5601,"size == ""2""","isEmpty == ""False""","peek_obj_type == ""class java.lang.String""","push == ""none""","pop == ""none""","clear == ""clear""","size_p == ""1""",Yes
9685,1607885829780:cf6c8a25-5027-4cb7-86b4-039e36a703fe,1607885829780:0502368d-00e7-4c3e-854d-35012e2e5601,"size == ""3""","isEmpty == ""False""","peek_obj_type == ""class java.lang.String""","push == ""none""","pop == ""none""","clear == ""clear""","size_p == ""2""",Yes
9686,1607885829780:cf6c8a25-5027-4cb7-86b4-039e36a703fe,1607885829780:0502368d-00e7-4c3e-854d-35012e2e5601,"size == ""4""","isEmpty == ""False""","peek_obj_type == ""class java.lang.String""","push == ""none""","pop == ""none""","clear == ""clear""","size_p == ""3""",Yes
9689,1607885829780:2d2e5d98-b9db-4680-9da6-48b335409266,1607885829780:615725f7-504b-422f-b9e6-f56afb79a9a0,"size == ""0""","isEmpty == ""True""","peek_obj_type == ""EmptyObject""","push == ""class java.lang.String""","pop == ""none""","clear == ""none""","size_p == ""0""",Yes
9691,1607885829780:2d2e5d98-b9db-4680-9da6-48b335409266,1607885829780:02e18504-4655-4cd9-8175-71727ec702bd,"size == ""0""","isEmpty == ""True""","peek_obj_type == ""EmptyObject""","push == ""class java.lang.String""","pop == ""none""","clear == ""none""","size_p == ""0""",Yes
9692,1607885829780:2d2e5d98-b9db-4680-9da6-48b335409266,1607885829780:02e18504-4655-4cd9-8175-71727ec702bd,"size == ""0""","isEmpty == ""True""","peek_obj_type == ""EmptyObject""","push == ""none""","pop == ""EmptyObject""","clear == ""none""","size_p == ""0""",No
9694,1607885829780:2157ffbe-1888-4e64-88a3-09b87ce2fe98,1607885829780:e32bdc7a-34a0-4910-93bb-73ab2d034ad5,"size == ""0""","isEmpty == ""True""","peek_obj_type == ""EmptyObject""","push == ""class java.lang.String""","pop == ""none""","clear == ""none""","size_p == ""0""",Yes
9696,1607885829780:2157ffbe-1888-4e64-88a3-09b87ce2fe98,1607885829780:065df5fa-a97e-4b44-bb93-8260a750ab03,"size == ""0""","isEmpty == ""True""","peek_obj_type == ""EmptyObject""","push == ""class java.lang.String""","pop == ""none""","clear == ""none""","size_p == ""0""",Yes
9697,1607885829780:2157ffbe-1888-4e64-88a3-09b87ce2fe98,1607885829780:065df5fa-a97e-4b44-bb93-8260a750ab03,"size == ""0""","isEmpty == ""True""","peek_obj_type == ""EmptyObject""","push == ""none""","pop == ""EmptyObject""","clear == ""none""","size_p == ""0""",No
9699,1607885829779:ec542714-a666-4c75-825f-e15c40cb1382,1607885829779:a97b13c8-817c-4a5e-914e-bcab8588b07d,"size == ""0""","isEmpty == ""True""","peek_obj_type == ""EmptyObject""","push == ""class java.lang.String""","pop == ""none""","clear == ""none""","size_p == ""0""",Yes
9700,1607885829779:ec542714-a666-4c75-825f-e15c40cb1382,1607885829779:a97b13c8-817c-4a5e-914e-bcab8588b07d,"size == ""0""","isEmpty == ""True""","peek_obj_type == ""EmptyObject""","push == ""none""","pop == ""EmptyObject""","clear == ""none""","size_p == ""0""",No
9702,1607885829779:ec542714-a666-4c75-825f-e15c40cb1382,1607885829779:3f4659a9-2519-4007-b83b-589325a19970,"size == ""0""","isEmpty == ""True""","peek_obj_type == ""EmptyObject""","push == ""class java.lang.String""","pop == ""none""","clear == ""none""","size_p == ""0""",Yes
9704,1607885829779:53b4b7ae-fa89-4807-ab0e-4d7def62d573,1607885829779:ada22638-c130-403d-bbf9-db7296b2d995,"size == ""0""","isEmpty == ""True""","peek_obj_type == ""EmptyObject""","push == ""class java.lang.String""","pop == ""none""","clear == ""none""","size_p == ""0""",Yes
9705,1607885829779:53b4b7ae-fa89-4807-ab0e-4d7def62d573,1607885829779:ada22638-c130-403d-bbf9-db7296b2d995,"size == ""0""","isEmpty == ""True""","peek_obj_type == ""EmptyObject""","push == ""none""","pop == ""EmptyObject""","clear == ""none""","size_p == ""0""",No
9707,1607885829779:453f0a8c-78ba-4dfa-b941-d459e3210df8,1607885829779:33ba0e53-bf74-46c2-a52e-c10bcfe0b290,"size == ""0""","isEmpty == ""True""","peek_obj_type == ""EmptyObject""","push == ""class java.lang.String""","pop == ""none""","clear == ""none""","size_p == ""0""",Yes
9708,1607885829779:453f0a8c-78ba-4dfa-b941-d459e3210df8,1607885829779:33ba0e53-bf74-46c2-a52e-c10bcfe0b290,"size == ""0""","isEmpty == ""True""","peek_obj_type == ""EmptyObject""","push == ""none""","pop == ""EmptyObject""","clear == ""none""","size_p == ""0""",No
9710,1607885829779:2b4d35b9-3ecd-4814-b68a-0a0235eedc16,1607885829779:eacf2986-a6a2-46e6-8dff-d571cbed602a,"size == ""0""","isEmpty == ""True""","peek_obj_type == ""EmptyObject""","push == ""class java.lang.String""","pop == ""none""","clear == ""none""","size_p == ""0""",Yes
9711,1607885829779:2b4d35b9-3ecd-4814-b68a-0a0235eedc16,1607885829779:eacf2986-a6a2-46e6-8dff-d571cbed602a,"size == ""0""","isEmpty == ""True""","peek_obj_type == ""EmptyObject""","push == ""none""","pop == ""EmptyObject""","clear == ""none""","size_p == ""0""",No
9713,1607885829779:152c6d91-800e-4c8f-ad66-ee54ae21e01b,1607885829779:da6f6f5e-2568-4912-ad1d-7df49c65dbc2,"size == ""0""","isEmpty == ""True""","peek_obj_type == ""EmptyObject""","push == ""class java.lang.String""","pop == ""none""","clear == ""none""","size_p == ""0""",Yes
9714,1607885829779:152c6d91-800e-4c8f-ad66-ee54ae21e01b,1607885829779:da6f6f5e-2568-4912-ad1d-7df49c65dbc2,"size == ""0""","isEmpty == ""True""","peek_obj_type == ""EmptyObject""","push == ""none""","pop == ""EmptyObject""","clear == ""none""","size_p == ""0""",No
9716,1607885829778:9067ca14-4ed1-483d-b95d-6912448e38d5,1607885829778:3f2b4331-c9a4-4b88-b18f-f145eedf794f,"size == ""0""","isEmpty == ""True""","peek_obj_type == ""EmptyObject""","push == ""class java.lang.String""","pop == ""none""","clear == ""none""","size_p == ""0""",Yes
9717,1607885829778:9067ca14-4ed1-483d-b95d-6912448e38d5,1607885829778:3f2b4331-c9a4-4b88-b18f-f145eedf794f,"size == ""0""","isEmpty == ""True""","peek_obj_type == ""EmptyObject""","push == ""none""","pop == ""EmptyObject""","clear == ""none""","size_p == ""0""",No
9719,1607885829778:6672dfbf-6c63-4b55-955b-836a49616be7,1607885829778:e31b481c-0eb0-497b-9756-016da45ffd13,"size == ""0""","isEmpty == ""True""","peek_obj_type == ""EmptyObject""","push == ""class java.lang.String""","pop == ""none""","clear == ""none""","size_p == ""0""",Yes
9720,1607885829778:6672dfbf-6c63-4b55-955b-836a49616be7,1607885829778:e31b481c-0eb0-497b-9756-016da45ffd13,"size == ""0""","isEmpty == ""True""","peek_obj_type == ""EmptyObject""","push == ""class java.lang.String""","pop == ""none""","clear == ""none""","size_p == ""0""",Yes
9722,1607885829778:6672dfbf-6c63-4b55-955b-836a49616be7,1607885829778:84673d16-7a0e-4e5f-b6bb-f949429c978d,"size == ""0""","isEmpty == ""True""","peek_obj_type == ""EmptyObject""","push == ""class java.lang.String""","pop == ""none""","clear == ""none""","size_p == ""0""",Yes
9723,1607885829778:6672dfbf-6c63-4b55-955b-836a49616be7,1607885829778:84673d16-7a0e-4e5f-b6bb-f949429c978d,"size == ""0""","isEmpty == ""True""","peek_obj_type == ""EmptyObject""","push == ""none""","pop == ""EmptyObject""","clear == ""none""","size_p == ""0""",No
9725,1607885829778:2ead4db7-5c40-4cac-9e47-9a8b2398c665,1607885829779:2cfdeadd-0c52-4170-89c8-2574b63563df,"size == ""0""","isEmpty == ""True""","peek_obj_type == ""EmptyObject""","push == ""class java.lang.String""","pop == ""none""","clear == ""none""","size_p == ""0""",Yes
9726,1607885829778:2ead4db7-5c40-4cac-9e47-9a8b2398c665,1607885829779:2cfdeadd-0c52-4170-89c8-2574b63563df,"size == ""0""","isEmpty == ""True""","peek_obj_type == ""EmptyObject""","push == ""none""","pop == ""EmptyObject""","clear == ""none""","size_p == ""0""",No
9728,1607885829778:2ead4db7-5c40-4cac-9e47-9a8b2398c665,1607885829778:8a68a162-f9d1-479d-860f-937744844924,"size == ""1""","isEmpty == ""False""","peek_obj_type == ""class java.lang.String""","push == ""none""","pop == ""none""","clear == ""clear""","size_p == ""0""",Yes
9729,1607885829778:2ead4db7-5c40-4cac-9e47-9a8b2398c665,1607885829778:8a68a162-f9d1-479d-860f-937744844924,"size == ""1""","isEmpty == ""False""","peek_obj_type == ""class java.lang.String""","push == ""class java.lang.String""","pop == ""none""","clear == ""none""","size_p == ""1""",Yes
9730,1607885829778:2ead4db7-5c40-4cac-9e47-9a8b2398c665,1607885829778:8a68a162-f9d1-479d-860f-937744844924,"size == ""2""","isEmpty == ""False""","peek_obj_type == ""class java.lang.String""","push == ""none""","pop == ""none""","clear == ""clear""","size_p == ""1""",Yes
9731,1607885829778:2ead4db7-5c40-4cac-9e47-9a8b2398c665,1607885829778:8a68a162-f9d1-479d-860f-937744844924,"size == ""3""","isEmpty == ""False""","peek_obj_type == ""class java.lang.String""","push == ""none""","pop == ""none""","clear == ""clear""","size_p == ""2""",Yes
9732,1607885829778:2ead4db7-5c40-4cac-9e47-9a8b2398c665,1607885829778:8a68a162-f9d1-479d-860f-937744844924,"size == ""4""","isEmpty == ""False""","peek_obj_type == ""class java.lang.String""","push == ""none""","pop == ""none""","clear == ""clear""","size_p == ""3""",Yes
9734,1607885829778:2c06ffeb-77f6-4bcd-aa0d-307236e544bd,1607885829778:45ecbcd8-beb8-4cfe-be0e-20f17d1ddd93,"size == ""0""","isEmpty == ""True""","peek_obj_type == ""EmptyObject""","push == ""class java.lang.String""","pop == ""none""","clear == ""none""","size_p == ""0""",Yes
9735,1607885829778:2c06ffeb-77f6-4bcd-aa0d-307236e544bd,1607885829778:45ecbcd8-beb8-4cfe-be0e-20f17d1ddd93,"size == ""0""","isEmpty == ""True""","peek_obj_type == ""EmptyObject""","push == ""none""","pop == ""EmptyObject""","clear == ""none""","size_p == ""0""",No
9737,1607885829778:1a340939-cf69-455c-ac65-28f794ecc26b,1607885829778:d1f87886-0d7f-44c5-9c3c-ca2c5e954487,"size == ""0""","isEmpty == ""True""","peek_obj_type == ""EmptyObject""","push == ""class java.lang.String""","pop == ""none""","clear == ""none""","size_p == ""0""",Yes
9740,1607885829778:1a340939-cf69-455c-ac65-28f794ecc26b,1607885829778:50164b9c-efef-415a-b71c-f90ffcee2653,"size == ""0""","isEmpty == ""True""","peek_obj_type == ""EmptyObject""","push == ""class java.lang.String""","pop == ""none""","clear == ""none""","size_p == ""0""",Yes
9741,1607885829778:1a340939-cf69-455c-ac65-28f794ecc26b,1607885829778:50164b9c-efef-415a-b71c-f90ffcee2653,"size == ""0""","isEmpty == ""True""","peek_obj_type == ""EmptyObject""","push == ""none""","pop == ""EmptyObject""","clear == ""none""","size_p == ""0""",No
9743,1607885829778:004fb01b-2217-4a05-a95b-9dffa2499fc6,1607885829778:54c04f5e-945c-470a-94d9-aab83c823fdc,"size == ""0""","isEmpty == ""True""","peek_obj_type == ""EmptyObject""","push == ""class java.lang.String""","pop == ""none""","clear == ""none""","size_p == ""0""",Yes
9744,1607885829778:004fb01b-2217-4a05-a95b-9dffa2499fc6,1607885829778:54c04f5e-945c-470a-94d9-aab83c823fdc,"size == ""0""","isEmpty == ""True""","peek_obj_type == ""EmptyObject""","push == ""none""","pop == ""EmptyObject""","clear == ""none""","size_p == ""0""",No
9746,1607885829777:dc3d1ff4-0f94-4be1-baec-09cc27f190c6,1607885829777:75fda02b-694b-43c8-bfb8-891f54cfcbd1,"size == ""0""","isEmpty == ""True""","peek_obj_type == ""EmptyObject""","push == ""class java.lang.String""","pop == ""none""","clear == ""none""","size_p == ""0""",Yes
9747,1607885829777:dc3d1ff4-0f94-4be1-baec-09cc27f190c6,1607885829777:75fda02b-694b-43c8-bfb8-891f54cfcbd1,"size == ""0""","isEmpty == ""True""","peek_obj_type == ""EmptyObject""","push == ""none""","pop == ""EmptyObject""","clear == ""none""","size_p == ""0""",No
9749,1607885829777:ae226c67-5f70-4939-adf8-e2814ca12883,1607885829777:a61ee1ec-db76-4c99-8689-61372ca5c0c5,"size == ""0""","isEmpty == ""True""","peek_obj_type == ""EmptyObject""","push == ""class java.lang.String""","pop == ""none""","clear == ""none""","size_p == ""0""",Yes
9750,1607885829777:ae226c67-5f70-4939-adf8-e2814ca12883,1607885829777:a61ee1ec-db76-4c99-8689-61372ca5c0c5,"size == ""0""","isEmpty == ""True""","peek_obj_type == ""EmptyObject""","push == ""none""","pop == ""EmptyObject""","clear == ""none""","size_p == ""0""",No
9752,1607885829777:ae226c67-5f70-4939-adf8-e2814ca12883,1607885829777:6b987c9c-162d-4904-8407-7e923b9ef165,"size == ""0""","isEmpty == ""True""","peek_obj_type == ""EmptyObject""","push == ""class java.lang.String""","pop == ""none""","clear == ""none""","size_p == ""0""",Yes
9753,1607885829777:ae226c67-5f70-4939-adf8-e2814ca12883,1607885829777:6b987c9c-162d-4904-8407-7e923b9ef165,"size == ""0""","isEmpty == ""True""","peek_obj_type == ""EmptyObject""","push == ""class java.lang.String""","pop == ""none""","clear == ""none""","size_p == ""0""",Yes
9754,1607885829777:ae226c67-5f70-4939-adf8-e2814ca12883,1607885829777:6b987c9c-162d-4904-8407-7e923b9ef165,"size == ""0""","isEmpty == ""True""","peek_obj_type == ""EmptyObject""","push == ""class java.lang.String""","pop == ""none""","clear == ""none""","size_p == ""0""",Yes
9756,1607885829777:ae226c67-5f70-4939-adf8-e2814ca12883,1607885829777:1c192629-12a0-4abe-8c0b-889e00b12628,"size == ""1""","isEmpty == ""False""","peek_obj_type == ""class java.lang.String""","push == ""none""","pop == ""none""","clear == ""clear""","size_p == ""0""",Yes
9757,1607885829777:ae226c67-5f70-4939-adf8-e2814ca12883,1607885829777:1c192629-12a0-4abe-8c0b-889e00b12628,"size == ""1""","isEmpty == ""False""","peek_obj_type == ""class java.lang.String""","push == ""class java.lang.String""","pop == ""none""","clear == ""none""","size_p == ""1""",Yes
9758,1607885829777:ae226c67-5f70-4939-adf8-e2814ca12883,1607885829777:1c192629-12a0-4abe-8c0b-889e00b12628,"size == ""0""","isEmpty == ""True""","peek_obj_type == ""EmptyObject""","push == ""none""","pop == ""EmptyObject""","clear == ""none""","size_p == ""1""",No
9759,1607885829777:ae226c67-5f70-4939-adf8-e2814ca12883,1607885829777:1c192629-12a0-4abe-8c0b-889e00b12628,"size == ""1""","isEmpty == ""False""","peek_obj_type == ""class java.lang.String""","push == ""none""","pop == ""none""","clear == ""clear""","size_p == ""0""",Yes
9761,1607885829777:7c6fa9a2-0369-41b8-82f4-8338e0aaaa1c,1607885829777:b9da45f8-3e83-4b04-bd34-b233b219d0c1,"size == ""1""","isEmpty == ""False""","peek_obj_type == ""class java.lang.String""","push == ""none""","pop == ""none""","clear == ""clear""","size_p == ""0""",Yes
9762,1607885829777:7c6fa9a2-0369-41b8-82f4-8338e0aaaa1c,1607885829777:b9da45f8-3e83-4b04-bd34-b233b219d0c1,"size == ""1""","isEmpty == ""False""","peek_obj_type == ""class java.lang.String""","push == ""class java.lang.String""","pop == ""none""","clear == ""none""","size_p == ""1""",Yes
9763,1607885829777:7c6fa9a2-0369-41b8-82f4-8338e0aaaa1c,1607885829777:b9da45f8-3e83-4b04-bd34-b233b219d0c1,"size == ""0""","isEmpty == ""True""","peek_obj_type == ""EmptyObject""","push == ""none""","pop == ""EmptyObject""","clear == ""none""","size_p == ""1""",No
9764,1607885829777:7c6fa9a2-0369-41b8-82f4-8338e0aaaa1c,1607885829777:b9da45f8-3e83-4b04-bd34-b233b219d0c1,"size == ""1""","isEmpty == ""False""","peek_obj_type == ""class java.lang.String""","push == ""none""","pop == ""none""","clear == ""clear""","size_p == ""0""",Yes
9766,1607885829777:7c6fa9a2-0369-41b8-82f4-8338e0aaaa1c,1607885829777:653390e4-48b9-4549-b7b2-2058545e0896,"size == ""0""","isEmpty == ""True""","peek_obj_type == ""EmptyObject""","push == ""class java.lang.String""","pop == ""none""","clear == ""none""","size_p == ""0""",Yes
9767,1607885829777:7c6fa9a2-0369-41b8-82f4-8338e0aaaa1c,1607885829777:653390e4-48b9-4549-b7b2-2058545e0896,"size == ""0""","isEmpty == ""True""","peek_obj_type == ""EmptyObject""","push == ""class java.lang.String""","pop == ""none""","clear == ""none""","size_p == ""0""",Yes
9768,1607885829777:7c6fa9a2-0369-41b8-82f4-8338e0aaaa1c,1607885829777:653390e4-48b9-4549-b7b2-2058545e0896,"size == ""0""","isEmpty == ""True""","peek_obj_type == ""EmptyObject""","push == ""class java.lang.String""","pop == ""none""","clear == ""none""","size_p == ""0""",Yes
9770,1607885829777:7c6fa9a2-0369-41b8-82f4-8338e0aaaa1c,1607885829777:02aa83bd-48a2-4ac5-9179-2050ca67a152,"size == ""0""","isEmpty == ""True""","peek_obj_type == ""EmptyObject""","push == ""class java.lang.String""","pop == ""none""","clear == ""none""","size_p == ""0""",Yes
9771,1607885829777:7c6fa9a2-0369-41b8-82f4-8338e0aaaa1c,1607885829777:02aa83bd-48a2-4ac5-9179-2050ca67a152,"size == ""0""","isEmpty == ""True""","peek_obj_type == ""EmptyObject""","push == ""none""","pop == ""EmptyObject""","clear == ""none""","size_p == ""0""",No
9773,1607885829777:2e3f1288-8f07-49b5-a531-c825cf9d4eb8,1607885829777:b62b75ed-36c3-4c45-9043-b285fe4f0557,"size == ""0""","isEmpty == ""True""","peek_obj_type == ""EmptyObject""","push == ""class java.lang.String""","pop == ""none""","clear == ""none""","size_p == ""0""",Yes
9775,1607885829777:2e3f1288-8f07-49b5-a531-c825cf9d4eb8,1607885829777:94de463e-ae00-443d-a774-e46f587630a4,"size == ""0""","isEmpty == ""True""","peek_obj_type == ""EmptyObject""","push == ""class java.lang.String""","pop == ""none""","clear == ""none""","size_p == ""0""",Yes
9776,1607885829777:2e3f1288-8f07-49b5-a531-c825cf9d4eb8,1607885829777:94de463e-ae00-443d-a774-e46f587630a4,"size == ""0""","isEmpty == ""True""","peek_obj_type == ""EmptyObject""","push == ""none""","pop == ""EmptyObject""","clear == ""none""","size_p == ""0""",No
9778,1607885829776:d1bbcf7a-b2e2-4999-a5cf-5a915025707c,1607885829776:d8f7d296-f2c3-4034-afd4-c0c75be89549,"size == ""0""","isEmpty == ""True""","peek_obj_type == ""EmptyObject""","push == ""class java.lang.String""","pop == ""none""","clear == ""none""","size_p == ""0""",Yes
9779,1607885829776:d1bbcf7a-b2e2-4999-a5cf-5a915025707c,1607885829776:d8f7d296-f2c3-4034-afd4-c0c75be89549,"size == ""0""","isEmpty == ""True""","peek_obj_type == ""EmptyObject""","push == ""none""","pop == ""EmptyObject""","clear == ""none""","size_p == ""0""",No
9781,1607885829776:9efce5f5-1ed3-4dd3-8c4e-94420e45753e,1607885829776:1d511a56-6862-4ff5-927e-cf5eda90b88d,"size == ""0""","isEmpty == ""True""","peek_obj_type == ""EmptyObject""","push == ""class java.lang.String""","pop == ""none""","clear == ""none""","size_p == ""0""",Yes
9782,1607885829776:9efce5f5-1ed3-4dd3-8c4e-94420e45753e,1607885829776:1d511a56-6862-4ff5-927e-cf5eda90b88d,"size == ""0""","isEmpty == ""True""","peek_obj_type == ""EmptyObject""","push == ""none""","pop == ""EmptyObject""","clear == ""none""","size_p == ""0""",No
9784,1607885829776:978d9329-5b14-4fed-a6d1-b9b445555aca,1607885829776:eb8c3861-2c93-499a-91d2-ff056e3ab177,"size == ""0""","isEmpty == ""True""","peek_obj_type == ""EmptyObject""","push == ""class java.lang.String""","pop == ""none""","clear == ""none""","size_p == ""0""",Yes
9785,1607885829776:978d9329-5b14-4fed-a6d1-b9b445555aca,1607885829776:eb8c3861-2c93-499a-91d2-ff056e3ab177,"size == ""0""","isEmpty == ""True""","peek_obj_type == ""EmptyObject""","push == ""none""","pop == ""EmptyObject""","clear == ""none""","size_p == ""0""",No
9787,1607885829776:5e410d2f-6328-4359-a3eb-b4e7119e0e9f,1607885829776:bd9805c0-0172-45c5-b091-b43366867834,"size == ""0""","isEmpty == ""True""","peek_obj_type == ""EmptyObject""","push == ""class java.lang.String""","pop == ""none""","clear == ""none""","size_p == ""0""",Yes
9788,1607885829776:5e410d2f-6328-4359-a3eb-b4e7119e0e9f,1607885829776:bd9805c0-0172-45c5-b091-b43366867834,"size == ""0""","isEmpty == ""True""","peek_obj_type == ""EmptyObject""","push == ""none""","pop == ""EmptyObject""","clear == ""none""","size_p == ""0""",No
9790,1607885829776:5e410d2f-6328-4359-a3eb-b4e7119e0e9f,1607885829776:1c178a47-077b-4942-a421-62d82180da07,"size == ""0""","isEmpty == ""True""","peek_obj_type == ""EmptyObject""","push == ""class java.lang.String""","pop == ""none""","clear == ""none""","size_p == ""0""",Yes
9793,1607885829776:3efe23d8-52c4-4788-b64c-596f2ce1b04b,1607885829776:ad0e31eb-52ba-4565-bd9b-05a2287521a0,"size == ""0""","isEmpty == ""True""","peek_obj_type == ""EmptyObject""","push == ""class java.lang.String""","pop == ""none""","clear == ""none""","size_p == ""0""",Yes
9795,1607885829776:3efe23d8-52c4-4788-b64c-596f2ce1b04b,1607885829776:3fce0870-ad49-4d8b-b422-9c6d43ce4595,"size == ""0""","isEmpty == ""True""","peek_obj_type == ""EmptyObject""","push == ""class java.lang.String""","pop == ""none""","clear == ""none""","size_p == ""0""",Yes
9796,1607885829776:3efe23d8-52c4-4788-b64c-596f2ce1b04b,1607885829776:3fce0870-ad49-4d8b-b422-9c6d43ce4595,"size == ""0""","isEmpty == ""True""","peek_obj_type == ""EmptyObject""","push == ""none""","pop == ""EmptyObject""","clear == ""none""","size_p == ""0""",No
9798,1607885829775:f34be9c3-6260-49a7-befe-877dbaf79f25,1607885829775:493a663e-c9d5-4aa4-8f4a-a977e4eb5044,"size == ""0""","isEmpty == ""True""","peek_obj_type == ""EmptyObject""","push == ""class java.lang.String""","pop == ""none""","clear == ""none""","size_p == ""0""",Yes
9799,1607885829775:f34be9c3-6260-49a7-befe-877dbaf79f25,1607885829775:493a663e-c9d5-4aa4-8f4a-a977e4eb5044,"size == ""0""","isEmpty == ""True""","peek_obj_type == ""EmptyObject""","push == ""class java.lang.String""","pop == ""none""","clear == ""none""","size_p == ""0""",Yes
9800,1607885829775:f34be9c3-6260-49a7-befe-877dbaf79f25,1607885829775:493a663e-c9d5-4aa4-8f4a-a977e4eb5044,"size == ""0""","isEmpty == ""True""","peek_obj_type == ""EmptyObject""","push == ""class java.lang.String""","pop == ""none""","clear == ""none""","size_p == ""0""",Yes
9801,1607885829775:f34be9c3-6260-49a7-befe-877dbaf79f25,1607885829775:493a663e-c9d5-4aa4-8f4a-a977e4eb5044,"size == ""1""","isEmpty == ""False""","peek_obj_type == ""class java.lang.String""","push == ""none""","pop == ""none""","clear == ""clear""","size_p == ""0""",Yes
9802,1607885829775:f34be9c3-6260-49a7-befe-877dbaf79f25,1607885829775:493a663e-c9d5-4aa4-8f4a-a977e4eb5044,"size == ""0""","isEmpty == ""True""","peek_obj_type == ""EmptyObject""","push == ""none""","pop == ""EmptyObject""","clear == ""none""","size_p == ""1""",No
9804,1607885829775:e0afe73c-da2c-4d9b-9833-de2a77fc64d5,1607885829775:9223e164-06b8-4c58-85ac-d7c6e7c871e9,"size == ""0""","isEmpty == ""True""","peek_obj_type == ""EmptyObject""","push == ""class java.lang.String""","pop == ""none""","clear == ""none""","size_p == ""0""",Yes
9805,1607885829775:e0afe73c-da2c-4d9b-9833-de2a77fc64d5,1607885829775:9223e164-06b8-4c58-85ac-d7c6e7c871e9,"size == ""0""","isEmpty == ""True""","peek_obj_type == ""EmptyObject""","push == ""none""","pop == ""EmptyObject""","clear == ""none""","size_p == ""0""",No
9807,1607885829775:6d3f3dba-b88f-4cd6-bf34-7b52d2641904,1607885829775:65c8dccf-211d-459d-b1c9-a8ffad6d661c,"size == ""0""","isEmpty == ""True""","peek_obj_type == ""EmptyObject""","push == ""class java.lang.String""","pop == ""none""","clear == ""none""","size_p == ""0""",Yes
9808,1607885829775:6d3f3dba-b88f-4cd6-bf34-7b52d2641904,1607885829775:65c8dccf-211d-459d-b1c9-a8ffad6d661c,"size == ""0""","isEmpty == ""True""","peek_obj_type == ""EmptyObject""","push == ""none""","pop == ""EmptyObject""","clear == ""none""","size_p == ""0""",No
9810,1607885829775:03656a5f-0977-4f27-863e-c6fd1772b32c,1607885829775:fcd5b20b-d010-4853-9d60-38ce9b2b23b1,"size == ""0""","isEmpty == ""True""","peek_obj_type == ""EmptyObject""","push == ""class java.lang.String""","pop == ""none""","clear == ""none""","size_p == ""0""",Yes
9811,1607885829775:03656a5f-0977-4f27-863e-c6fd1772b32c,1607885829775:fcd5b20b-d010-4853-9d60-38ce9b2b23b1,"size == ""0""","isEmpty == ""True""","peek_obj_type == ""EmptyObject""","push == ""none""","pop == ""EmptyObject""","clear == ""none""","size_p == ""0""",No
9814,1607885829775:03656a5f-0977-4f27-863e-c6fd1772b32c,1607885829775:b66799fd-f5e9-4635-b1c3-3f920da121a7,"size == ""0""","isEmpty == ""True""","peek_obj_type == ""EmptyObject""","push == ""class java.lang.String""","pop == ""none""","clear == ""none""","size_p == ""0""",Yes
9816,1607885829774:da287823-d986-4204-bbe5-30aa5167a9ab,1607885829774:959f8da8-0f8d-4efa-8c3e-4e5dd1fbc1c4,"size == ""0""","isEmpty == ""True""","peek_obj_type == ""EmptyObject""","push == ""class java.lang.String""","pop == ""none""","clear == ""none""","size_p == ""0""",Yes
9817,1607885829774:da287823-d986-4204-bbe5-30aa5167a9ab,1607885829774:959f8da8-0f8d-4efa-8c3e-4e5dd1fbc1c4,"size == ""0""","isEmpty == ""True""","peek_obj_type == ""EmptyObject""","push == ""class java.lang.String""","pop == ""none""","clear == ""none""","size_p == ""0""",Yes
9819,1607885829774:da287823-d986-4204-bbe5-30aa5167a9ab,1607885829774:585aef8d-1915-437e-ae0e-db237a724d62,"size == ""0""","isEmpty == ""True""","peek_obj_type == ""EmptyObject""","push == ""class java.lang.String""","pop == ""none""","clear == ""none""","size_p == ""0""",Yes
9820,1607885829774:da287823-d986-4204-bbe5-30aa5167a9ab,1607885829774:585aef8d-1915-437e-ae0e-db237a724d62,"size == ""0""","isEmpty == ""True""","peek_obj_type == ""EmptyObject""","push == ""none""","pop == ""EmptyObject""","clear == ""none""","size_p == ""0""",No
9822,1607885829774:da287823-d986-4204-bbe5-30aa5167a9ab,1607885829774:01fa511d-8d57-4b31-a7bf-ded639275ee0,"size == ""1""","isEmpty == ""False""","peek_obj_type == ""class java.lang.String""","push == ""none""","pop == ""none""","clear == ""clear""","size_p == ""0""",Yes
9823,1607885829774:da287823-d986-4204-bbe5-30aa5167a9ab,1607885829774:01fa511d-8d57-4b31-a7bf-ded639275ee0,"size == ""1""","isEmpty == ""False""","peek_obj_type == ""class java.lang.String""","push == ""class java.lang.String""","pop == ""none""","clear == ""none""","size_p == ""1""",Yes
9824,1607885829774:da287823-d986-4204-bbe5-30aa5167a9ab,1607885829774:01fa511d-8d57-4b31-a7bf-ded639275ee0,"size == ""0""","isEmpty == ""True""","peek_obj_type == ""EmptyObject""","push == ""none""","pop == ""EmptyObject""","clear == ""none""","size_p == ""1""",No
9826,1607885829774:976a7431-87ab-4b5e-9e9a-d4defed0d9e6,1607885829774:87362401-1f7a-4f11-9a84-2d30853e3803,"size == ""0""","isEmpty == ""True""","peek_obj_type == ""EmptyObject""","push == ""class java.lang.String""","pop == ""none""","clear == ""none""","size_p == ""0""",Yes
9827,1607885829774:976a7431-87ab-4b5e-9e9a-d4defed0d9e6,1607885829774:87362401-1f7a-4f11-9a84-2d30853e3803,"size == ""0""","isEmpty == ""True""","peek_obj_type == ""EmptyObject""","push == ""none""","pop == ""EmptyObject""","clear == ""none""","size_p == ""0""",No
9829,1607885829774:976a7431-87ab-4b5e-9e9a-d4defed0d9e6,1607885829774:3e8d7cbd-38f1-4470-b9d5-ed2b0f4be288,"size == ""0""","isEmpty == ""True""","peek_obj_type == ""EmptyObject""","push == ""class java.lang.String""","pop == ""none""","clear == ""none""","size_p == ""0""",Yes
9831,1607885829774:778645aa-6e02-4601-8b5f-9b89e7996b8c,1607885829774:c8cc8623-7966-4d89-b5dc-ed32477e7862,"size == ""0""","isEmpty == ""True""","peek_obj_type == ""EmptyObject""","push == ""class java.lang.String""","pop == ""none""","clear == ""none""","size_p == ""0""",Yes
9832,1607885829774:778645aa-6e02-4601-8b5f-9b89e7996b8c,1607885829774:c8cc8623-7966-4d89-b5dc-ed32477e7862,"size == ""0""","isEmpty == ""True""","peek_obj_type == ""EmptyObject""","push == ""none""","pop == ""EmptyObject""","clear == ""none""","size_p == ""0""",No
9834,1607885829774:778645aa-6e02-4601-8b5f-9b89e7996b8c,1607885829774:c627af85-275f-4f37-8e9a-4516fe3d3b32,"size == ""1""","isEmpty == ""False""","peek_obj_type == ""class java.lang.String""","push == ""none""","pop == ""none""","clear == ""clear""","size_p == ""0""",Yes
9835,1607885829774:778645aa-6e02-4601-8b5f-9b89e7996b8c,1607885829774:c627af85-275f-4f37-8e9a-4516fe3d3b32,"size == ""1""","isEmpty == ""False""","peek_obj_type == ""class java.lang.String""","push == ""class java.lang.String""","pop == ""none""","clear == ""none""","size_p == ""1""",Yes
9836,1607885829774:778645aa-6e02-4601-8b5f-9b89e7996b8c,1607885829774:c627af85-275f-4f37-8e9a-4516fe3d3b32,"size == ""2""","isEmpty == ""False""","peek_obj_type == ""class java.lang.String""","push == ""none""","pop == ""none""","clear == ""clear""","size_p == ""1""",Yes
9837,1607885829774:778645aa-6e02-4601-8b5f-9b89e7996b8c,1607885829774:c627af85-275f-4f37-8e9a-4516fe3d3b32,"size == ""3""","isEmpty == ""False""","peek_obj_type == ""class java.lang.String""","push == ""none""","pop == ""none""","clear == ""clear""","size_p == ""2""",Yes
9838,1607885829774:778645aa-6e02-4601-8b5f-9b89e7996b8c,1607885829774:c627af85-275f-4f37-8e9a-4516fe3d3b32,"size == ""4""","isEmpty == ""False""","peek_obj_type == ""class java.lang.String""","push == ""none""","pop == ""none""","clear == ""clear""","size_p == ""3""",Yes
9840,1607885829774:70fad58f-f9fb-472c-8fff-7764a36e2f37,1607885829774:703e2478-3051-4147-abc0-c341c9a35175,"size == ""1""","isEmpty == ""False""","peek_obj_type == ""class java.lang.String""","push == ""none""","pop == ""none""","clear == ""clear""","size_p == ""0""",Yes
9841,1607885829774:70fad58f-f9fb-472c-8fff-7764a36e2f37,1607885829774:703e2478-3051-4147-abc0-c341c9a35175,"size == ""1""","isEmpty == ""False""","peek_obj_type == ""class java.lang.String""","push == ""class java.lang.String""","pop == ""none""","clear == ""none""","size_p == ""1""",Yes
9842,1607885829774:70fad58f-f9fb-472c-8fff-7764a36e2f37,1607885829774:703e2478-3051-4147-abc0-c341c9a35175,"size == ""2""","isEmpty == ""False""","peek_obj_type == ""class java.lang.String""","push == ""none""","pop == ""none""","clear == ""clear""","size_p == ""1""",Yes
9843,1607885829774:70fad58f-f9fb-472c-8fff-7764a36e2f37,1607885829774:703e2478-3051-4147-abc0-c341c9a35175,"size == ""3""","isEmpty == ""False""","peek_obj_type == ""class java.lang.String""","push == ""none""","pop == ""none""","clear == ""clear""","size_p == ""2""",Yes
9844,1607885829774:70fad58f-f9fb-472c-8fff-7764a36e2f37,1607885829774:703e2478-3051-4147-abc0-c341c9a35175,"size == ""4""","isEmpty == ""False""","peek_obj_type == ""class java.lang.String""","push == ""none""","pop == ""none""","clear == ""clear""","size_p == ""3""",Yes
9846,1607885829774:70fad58f-f9fb-472c-8fff-7764a36e2f37,1607885829774:0bcd1305-584c-47be-850a-64e712630691,"size == ""0""","isEmpty == ""True""","peek_obj_type == ""EmptyObject""","push == ""class java.lang.String""","pop == ""none""","clear == ""none""","size_p == ""0""",Yes
9847,1607885829774:70fad58f-f9fb-472c-8fff-7764a36e2f37,1607885829774:0bcd1305-584c-47be-850a-64e712630691,"size == ""0""","isEmpty == ""True""","peek_obj_type == ""EmptyObject""","push == ""none""","pop == ""EmptyObject""","clear == ""none""","size_p == ""0""",No
9849,1607885829773:e3a62096-73cb-451b-9211-ec2d5cd733e3,1607885829773:f2d53180-8700-4be7-9c37-b52c75b0d79d,"size == ""0""","isEmpty == ""True""","peek_obj_type == ""EmptyObject""","push == ""class java.lang.String""","pop == ""none""","clear == ""none""","size_p == ""0""",Yes
9850,1607885829773:e3a62096-73cb-451b-9211-ec2d5cd733e3,1607885829773:f2d53180-8700-4be7-9c37-b52c75b0d79d,"size == ""0""","isEmpty == ""True""","peek_obj_type == ""EmptyObject""","push == ""class java.lang.String""","pop == ""none""","clear == ""none""","size_p == ""0""",Yes
9851,1607885829773:e3a62096-73cb-451b-9211-ec2d5cd733e3,1607885829773:f2d53180-8700-4be7-9c37-b52c75b0d79d,"size == ""0""","isEmpty == ""True""","peek_obj_type == ""EmptyObject""","push == ""class java.lang.String""","pop == ""none""","clear == ""none""","size_p == ""0""",Yes
9853,1607885829773:e3a62096-73cb-451b-9211-ec2d5cd733e3,1607885829773:4dba588f-528a-45ba-90e1-1f18a800a22b,"size == ""0""","isEmpty == ""True""","peek_obj_type == ""EmptyObject""","push == ""class java.lang.String""","pop == ""none""","clear == ""none""","size_p == ""0""",Yes
9854,1607885829773:e3a62096-73cb-451b-9211-ec2d5cd733e3,1607885829773:4dba588f-528a-45ba-90e1-1f18a800a22b,"size == ""0""","isEmpty == ""True""","peek_obj_type == ""EmptyObject""","push == ""none""","pop == ""EmptyObject""","clear == ""none""","size_p == ""0""",No
9856,1607885829773:68862f63-35f7-4b81-aaf7-7c933dbf2359,1607885829773:5138704c-69e9-4679-9a7c-c862269ecc2a,"size == ""0""","isEmpty == ""True""","peek_obj_type == ""EmptyObject""","push == ""class java.lang.String""","pop == ""none""","clear == ""none""","size_p == ""0""",Yes
9857,1607885829773:68862f63-35f7-4b81-aaf7-7c933dbf2359,1607885829773:5138704c-69e9-4679-9a7c-c862269ecc2a,"size == ""0""","isEmpty == ""True""","peek_obj_type == ""EmptyObject""","push == ""none""","pop == ""EmptyObject""","clear == ""none""","size_p == ""0""",No
9859,1607885829773:562dd0c3-69d4-46d1-ba21-7013dd46bea8,1607885829773:a5ad5590-a61d-4cd5-833c-40591bd2bf79,"size == ""1""","isEmpty == ""False""","peek_obj_type == ""class java.lang.String""","push == ""none""","pop == ""none""","clear == ""clear""","size_p == ""0""",Yes
9860,1607885829773:562dd0c3-69d4-46d1-ba21-7013dd46bea8,1607885829773:a5ad5590-a61d-4cd5-833c-40591bd2bf79,"size == ""1""","isEmpty == ""False""","peek_obj_type == ""class java.lang.String""","push == ""class java.lang.String""","pop == ""none""","clear == ""none""","size_p == ""1""",Yes
9861,1607885829773:562dd0c3-69d4-46d1-ba21-7013dd46bea8,1607885829773:a5ad5590-a61d-4cd5-833c-40591bd2bf79,"size == ""2""","isEmpty == ""False""","peek_obj_type == ""class java.lang.String""","push == ""none""","pop == ""none""","clear == ""clear""","size_p == ""1""",Yes
9862,1607885829773:562dd0c3-69d4-46d1-ba21-7013dd46bea8,1607885829773:a5ad5590-a61d-4cd5-833c-40591bd2bf79,"size == ""3""","isEmpty == ""False""","peek_obj_type == ""class java.lang.String""","push == ""none""","pop == ""none""","clear == ""clear""","size_p == ""2""",Yes
9863,1607885829773:562dd0c3-69d4-46d1-ba21-7013dd46bea8,1607885829773:a5ad5590-a61d-4cd5-833c-40591bd2bf79,"size == ""4""","isEmpty == ""False""","peek_obj_type == ""class java.lang.String""","push == ""none""","pop == ""none""","clear == ""clear""","size_p == ""3""",Yes
9865,1607885829773:562dd0c3-69d4-46d1-ba21-7013dd46bea8,1607885829773:507cfb60-6bb6-4be1-ba82-8090f4216f8e,"size == ""0""","isEmpty == ""True""","peek_obj_type == ""EmptyObject""","push == ""class java.lang.String""","pop == ""none""","clear == ""none""","size_p == ""0""",Yes
9866,1607885829773:562dd0c3-69d4-46d1-ba21-7013dd46bea8,1607885829773:507cfb60-6bb6-4be1-ba82-8090f4216f8e,"size == ""0""","isEmpty == ""True""","peek_obj_type == ""EmptyObject""","push == ""none""","pop == ""EmptyObject""","clear == ""none""","size_p == ""0""",No
9868,1607885829773:38039db1-ce0a-470b-a072-2628996c706f,1607885829773:da1cf894-a504-4060-b642-538b6f8d5713,"size == ""0""","isEmpty == ""True""","peek_obj_type == ""EmptyObject""","push == ""class java.lang.String""","pop == ""none""","clear == ""none""","size_p == ""0""",Yes
9870,1607885829773:38039db1-ce0a-470b-a072-2628996c706f,1607885829773:72782914-0842-40b8-a83c-5efe66297447,"size == ""0""","isEmpty == ""True""","peek_obj_type == ""EmptyObject""","push == ""class java.lang.String""","pop == ""none""","clear == ""none""","size_p == ""0""",Yes
9871,1607885829773:38039db1-ce0a-470b-a072-2628996c706f,1607885829773:72782914-0842-40b8-a83c-5efe66297447,"size == ""0""","isEmpty == ""True""","peek_obj_type == ""EmptyObject""","push == ""none""","pop == ""EmptyObject""","clear == ""none""","size_p == ""0""",No
9873,1607885829772:643bd3ea-67cd-42b7-9b2a-862a38d527ee,1607885829772:3870916a-c4bf-4916-b17f-e153f1bc0031,"size == ""0""","isEmpty == ""True""","peek_obj_type == ""EmptyObject""","push == ""class java.lang.String""","pop == ""none""","clear == ""none""","size_p == ""0""",Yes
9874,1607885829772:643bd3ea-67cd-42b7-9b2a-862a38d527ee,1607885829772:3870916a-c4bf-4916-b17f-e153f1bc0031,"size == ""0""","isEmpty == ""True""","peek_obj_type == ""EmptyObject""","push == ""none""","pop == ""EmptyObject""","clear == ""none""","size_p == ""0""",No
9876,1607885829772:57811ff3-dff4-43c2-b67f-6ce3a66ebe6a,1607885829772:f0697f19-227e-4990-b9ca-3103065ee6b1,"size == ""0""","isEmpty == ""True""","peek_obj_type == ""EmptyObject""","push == ""class java.lang.String""","pop == ""none""","clear == ""none""","size_p == ""0""",Yes
9877,1607885829772:57811ff3-dff4-43c2-b67f-6ce3a66ebe6a,1607885829772:f0697f19-227e-4990-b9ca-3103065ee6b1,"size == ""0""","isEmpty == ""True""","peek_obj_type == ""EmptyObject""","push == ""none""","pop == ""EmptyObject""","clear == ""none""","size_p == ""0""",No
9879,1607885829772:57811ff3-dff4-43c2-b67f-6ce3a66ebe6a,1607885829772:e8769c49-d76d-4a2c-86e9-4f6d307d2e57,"size == ""1""","isEmpty == ""False""","peek_obj_type == ""class java.lang.String""","push == ""none""","pop == ""none""","clear == ""clear""","size_p == ""0""",Yes
9880,1607885829772:57811ff3-dff4-43c2-b67f-6ce3a66ebe6a,1607885829772:e8769c49-d76d-4a2c-86e9-4f6d307d2e57,"size == ""1""","isEmpty == ""False""","peek_obj_type == ""class java.lang.String""","push == ""class java.lang.String""","pop == ""none""","clear == ""none""","size_p == ""1""",Yes
9881,1607885829772:57811ff3-dff4-43c2-b67f-6ce3a66ebe6a,1607885829772:e8769c49-d76d-4a2c-86e9-4f6d307d2e57,"size == ""2""","isEmpty == ""False""","peek_obj_type == ""class java.lang.String""","push == ""none""","pop == ""none""","clear == ""clear""","size_p == ""1""",Yes
9882,1607885829772:57811ff3-dff4-43c2-b67f-6ce3a66ebe6a,1607885829772:e8769c49-d76d-4a2c-86e9-4f6d307d2e57,"size == ""3""","isEmpty == ""False""","peek_obj_type == ""class java.lang.String""","push == ""none""","pop == ""none""","clear == ""clear""","size_p == ""2""",Yes
9883,1607885829772:57811ff3-dff4-43c2-b67f-6ce3a66ebe6a,1607885829772:e8769c49-d76d-4a2c-86e9-4f6d307d2e57,"size == ""4""","isEmpty == ""False""","peek_obj_type == ""class java.lang.String""","push == ""none""","pop == ""none""","clear == ""clear""","size_p == ""3""",Yes
9885,1607885829772:4ac96be5-3246-4e11-b30f-b060502b5a6e,1607885829772:c7bb85e9-a97a-4719-80bf-1942aa1197b2,"size == ""0""","isEmpty == ""True""","peek_obj_type == ""EmptyObject""","push == ""class java.lang.String""","pop == ""none""","clear == ""none""","size_p == ""0""",Yes
9886,1607885829772:4ac96be5-3246-4e11-b30f-b060502b5a6e,1607885829772:c7bb85e9-a97a-4719-80bf-1942aa1197b2,"size == ""0""","isEmpty == ""True""","peek_obj_type == ""EmptyObject""","push == ""none""","pop == ""EmptyObject""","clear == ""none""","size_p == ""0""",No
9888,1607885829772:35f0243c-e73c-4325-8ed1-20c699b87c0b,1607885829772:90a17617-fda3-4451-9e23-de97d773448c,"size == ""0""","isEmpty == ""True""","peek_obj_type == ""EmptyObject""","push == ""class java.lang.String""","pop == ""none""","clear == ""none""","size_p == ""0""",Yes
9889,1607885829772:35f0243c-e73c-4325-8ed1-20c699b87c0b,1607885829772:90a17617-fda3-4451-9e23-de97d773448c,"size == ""0""","isEmpty == ""True""","peek_obj_type == ""EmptyObject""","push == ""none""","pop == ""EmptyObject""","clear == ""none""","size_p == ""0""",No
9891,1607885829772:26048382-3d93-48e4-9f9c-5971be566f48,1607885829772:15a37c83-ca8e-4b41-9ba9-bd1a442f0f28,"size == ""0""","isEmpty == ""True""","peek_obj_type == ""EmptyObject""","push == ""class java.lang.String""","pop == ""none""","clear == ""none""","size_p == ""0""",Yes
9892,1607885829772:26048382-3d93-48e4-9f9c-5971be566f48,1607885829772:15a37c83-ca8e-4b41-9ba9-bd1a442f0f28,"size == ""0""","isEmpty == ""True""","peek_obj_type == ""EmptyObject""","push == ""none""","pop == ""EmptyObject""","clear == ""none""","size_p == ""0""",No
9894,1607885829771:a4466030-9d8b-4841-9f98-42ffb3e2883d,1607885829771:a61fa674-7d82-4560-a3ab-e2798e194905,"size == ""0""","isEmpty == ""True""","peek_obj_type == ""EmptyObject""","push == ""class java.lang.String""","pop == ""none""","clear == ""none""","size_p == ""0""",Yes
9895,1607885829771:a4466030-9d8b-4841-9f98-42ffb3e2883d,1607885829771:a61fa674-7d82-4560-a3ab-e2798e194905,"size == ""0""","isEmpty == ""True""","peek_obj_type == ""EmptyObject""","push == ""class java.lang.String""","pop == ""none""","clear == ""none""","size_p == ""0""",Yes
9896,1607885829771:a4466030-9d8b-4841-9f98-42ffb3e2883d,1607885829771:a61fa674-7d82-4560-a3ab-e2798e194905,"size == ""0""","isEmpty == ""True""","peek_obj_type == ""EmptyObject""","push == ""class java.lang.String""","pop == ""none""","clear == ""none""","size_p == ""0""",Yes
9897,1607885829771:a4466030-9d8b-4841-9f98-42ffb3e2883d,1607885829771:a61fa674-7d82-4560-a3ab-e2798e194905,"size == ""0""","isEmpty == ""True""","peek_obj_type == ""EmptyObject""","push == ""none""","pop == ""EmptyObject""","clear == ""none""","size_p == ""0""",Yes
9899,1607885829771:8d346505-eef9-43f9-8fd0-8104133401e9,1607885829771:5b8765e7-e412-4f9d-b07e-c38755a98fbc,"size == ""0""","isEmpty == ""True""","peek_obj_type == ""EmptyObject""","push == ""class java.lang.String""","pop == ""none""","clear == ""none""","size_p == ""0""",Yes
9900,1607885829771:8d346505-eef9-43f9-8fd0-8104133401e9,1607885829771:5b8765e7-e412-4f9d-b07e-c38755a98fbc,"size == ""0""","isEmpty == ""True""","peek_obj_type == ""EmptyObject""","push == ""none""","pop == ""EmptyObject""","clear == ""none""","size_p == ""0""",No
9902,1607885829771:8d346505-eef9-43f9-8fd0-8104133401e9,1607885829771:060bed08-32e4-4c46-a812-81d21f195340,"size == ""0""","isEmpty == ""True""","peek_obj_type == ""EmptyObject""","push == ""class java.lang.String""","pop == ""none""","clear == ""none""","size_p == ""0""",Yes
9904,1607885829771:8ce3a4eb-3c20-4e5f-9b44-238e3c510b2a,1607885829771:e72228cb-b813-4770-9d78-d0288125dd01,"size == ""0""","isEmpty == ""True""","peek_obj_type == ""EmptyObject""","push == ""class java.lang.String""","pop == ""none""","clear == ""none""","size_p == ""0""",Yes
9905,1607885829771:8ce3a4eb-3c20-4e5f-9b44-238e3c510b2a,1607885829771:e72228cb-b813-4770-9d78-d0288125dd01,"size == ""0""","isEmpty == ""True""","peek_obj_type == ""EmptyObject""","push == ""none""","pop == ""EmptyObject""","clear == ""none""","size_p == ""0""",No
9907,1607885829771:32dac8bd-6241-4ff1-ae5a-b0e5ed8ed0ac,1607885829771:0579089d-6de1-46a1-bd03-5924285d065f,"size == ""0""","isEmpty == ""True""","peek_obj_type == ""EmptyObject""","push == ""class java.lang.String""","pop == ""none""","clear == ""none""","size_p == ""0""",Yes
9908,1607885829771:32dac8bd-6241-4ff1-ae5a-b0e5ed8ed0ac,1607885829771:0579089d-6de1-46a1-bd03-5924285d065f,"size == ""0""","isEmpty == ""True""","peek_obj_type == ""EmptyObject""","push == ""none""","pop == ""EmptyObject""","clear == ""none""","size_p == ""0""",No
9910,1607885829771:0007e3da-c1eb-4f28-bd97-a159543e0a2e,1607885829771:672286ac-3983-4d58-8cb1-d236a6a44883,"size == ""0""","isEmpty == ""True""","peek_obj_type == ""EmptyObject""","push == ""class java.lang.String""","pop == ""none""","clear == ""none""","size_p == ""0""",Yes
9911,1607885829771:0007e3da-c1eb-4f28-bd97-a159543e0a2e,1607885829771:672286ac-3983-4d58-8cb1-d236a6a44883,"size == ""0""","isEmpty == ""True""","peek_obj_type == ""EmptyObject""","push == ""none""","pop == ""EmptyObject""","clear == ""none""","size_p == ""0""",No
9913,1607885829770:ef13858e-3274-4499-86ad-f4c112ea4bd6,1607885829770:ece928be-610a-442e-8ed5-3cd8d363b8f8,"size == ""0""","isEmpty == ""True""","peek_obj_type == ""EmptyObject""","push == ""class java.lang.String""","pop == ""none""","clear == ""none""","size_p == ""0""",Yes
9914,1607885829770:ef13858e-3274-4499-86ad-f4c112ea4bd6,1607885829770:ece928be-610a-442e-8ed5-3cd8d363b8f8,"size == ""0""","isEmpty == ""True""","peek_obj_type == ""EmptyObject""","push == ""none""","pop == ""EmptyObject""","clear == ""none""","size_p == ""0""",No
9916,1607885829770:e25526af-bbbb-4abc-807d-bda64f5d9b99,1607885829770:0f515679-b958-4597-a621-c1b9ae3e92b4,"size == ""0""","isEmpty == ""True""","peek_obj_type == ""EmptyObject""","push == ""class java.lang.String""","pop == ""none""","clear == ""none""","size_p == ""0""",Yes
9917,1607885829770:e25526af-bbbb-4abc-807d-bda64f5d9b99,1607885829770:0f515679-b958-4597-a621-c1b9ae3e92b4,"size == ""0""","isEmpty == ""True""","peek_obj_type == ""EmptyObject""","push == ""none""","pop == ""EmptyObject""","clear == ""none""","size_p == ""0""",No
9919,1607885829770:b2a6cac5-07e8-4524-b905-28d2bd554bf8,1607885829770:bf7a61af-ca41-4efa-9c32-4444ee77fd8c,"size == ""0""","isEmpty == ""True""","peek_obj_type == ""EmptyObject""","push == ""class java.lang.String""","pop == ""none""","clear == ""none""","size_p == ""0""",Yes
9920,1607885829770:b2a6cac5-07e8-4524-b905-28d2bd554bf8,1607885829770:bf7a61af-ca41-4efa-9c32-4444ee77fd8c,"size == ""0""","isEmpty == ""True""","peek_obj_type == ""EmptyObject""","push == ""none""","pop == ""EmptyObject""","clear == ""none""","size_p == ""0""",No
9922,1607885829770:b2a6cac5-07e8-4524-b905-28d2bd554bf8,1607885829770:77f7da12-c1ac-43e5-b5eb-968e05125892,"size == ""0""","isEmpty == ""True""","peek_obj_type == ""EmptyObject""","push == ""class java.lang.String""","pop == ""none""","clear == ""none""","size_p == ""0""",Yes
9925,1607885829770:957698bb-a531-42a2-8566-0005f9b7067c,1607885829770:8d9f62f6-9d6e-40f2-81d5-118a167734ec,"size == ""0""","isEmpty == ""True""","peek_obj_type == ""EmptyObject""","push == ""class java.lang.String""","pop == ""none""","clear == ""none""","size_p == ""0""",Yes
9926,1607885829770:957698bb-a531-42a2-8566-0005f9b7067c,1607885829770:8d9f62f6-9d6e-40f2-81d5-118a167734ec,"size == ""0""","isEmpty == ""True""","peek_obj_type == ""EmptyObject""","push == ""none""","pop == ""EmptyObject""","clear == ""none""","size_p == ""0""",No
9928,1607885829770:35a3fbc4-6f1f-457e-bbb4-de107d7fa3f1,1607885829770:fafb2459-64a6-4b19-9f4a-9971901d7f28,"size == ""0""","isEmpty == ""True""","peek_obj_type == ""EmptyObject""","push == ""class java.lang.String""","pop == ""none""","clear == ""none""","size_p == ""0""",Yes
9929,1607885829770:35a3fbc4-6f1f-457e-bbb4-de107d7fa3f1,1607885829770:fafb2459-64a6-4b19-9f4a-9971901d7f28,"size == ""0""","isEmpty == ""True""","peek_obj_type == ""EmptyObject""","push == ""none""","pop == ""EmptyObject""","clear == ""none""","size_p == ""0""",No
9931,1607885829769:c33ecca4-bdad-4d25-8984-47f7ce808d61,1607885829769:21a3b0ab-f576-4309-92ee-dc9c76d9c5cb,"size == ""0""","isEmpty == ""True""","peek_obj_type == ""EmptyObject""","push == ""class java.lang.String""","pop == ""none""","clear == ""none""","size_p == ""0""",Yes
9932,1607885829769:c33ecca4-bdad-4d25-8984-47f7ce808d61,1607885829769:21a3b0ab-f576-4309-92ee-dc9c76d9c5cb,"size == ""0""","isEmpty == ""True""","peek_obj_type == ""EmptyObject""","push == ""none""","pop == ""EmptyObject""","clear == ""none""","size_p == ""0""",No
9934,1607885829769:80c9bf95-f095-4306-a3c0-228a555f22f9,1607885829769:b0391193-5a77-41b6-b4c4-e43990266ce7,"size == ""0""","isEmpty == ""True""","peek_obj_type == ""EmptyObject""","push == ""class java.lang.String""","pop == ""none""","clear == ""none""","size_p == ""0""",Yes
9935,1607885829769:80c9bf95-f095-4306-a3c0-228a555f22f9,1607885829769:b0391193-5a77-41b6-b4c4-e43990266ce7,"size == ""0""","isEmpty == ""True""","peek_obj_type == ""EmptyObject""","push == ""none""","pop == ""EmptyObject""","clear == ""none""","size_p == ""0""",No
9937,1607885829769:80c9bf95-f095-4306-a3c0-228a555f22f9,1607885829769:96a2834c-748c-4199-bdba-00482726237b,"size == ""1""","isEmpty == ""False""","peek_obj_type == ""class java.lang.String""","push == ""none""","pop == ""none""","clear == ""clear""","size_p == ""0""",Yes
9938,1607885829769:80c9bf95-f095-4306-a3c0-228a555f22f9,1607885829769:96a2834c-748c-4199-bdba-00482726237b,"size == ""1""","isEmpty == ""False""","peek_obj_type == ""class java.lang.String""","push == ""class java.lang.String""","pop == ""none""","clear == ""none""","size_p == ""1""",Yes
9939,1607885829769:80c9bf95-f095-4306-a3c0-228a555f22f9,1607885829769:96a2834c-748c-4199-bdba-00482726237b,"size == ""2""","isEmpty == ""False""","peek_obj_type == ""class java.lang.String""","push == ""none""","pop == ""none""","clear == ""clear""","size_p == ""1""",Yes
9941,1607885829769:3dce5418-c768-4dca-ad1a-03f4384c1428,1607885829769:702bedf5-2979-41fb-806f-074a62d66615,"size == ""0""","isEmpty == ""True""","peek_obj_type == ""EmptyObject""","push == ""class java.lang.String""","pop == ""none""","clear == ""none""","size_p == ""0""",Yes
9942,1607885829769:3dce5418-c768-4dca-ad1a-03f4384c1428,1607885829769:702bedf5-2979-41fb-806f-074a62d66615,"size == ""0""","isEmpty == ""True""","peek_obj_type == ""EmptyObject""","push == ""none""","pop == ""EmptyObject""","clear == ""none""","size_p == ""0""",No
9944,1607885829768:eeed2180-256a-4f72-9cb2-7e3514ffbb08,1607885829768:b16ea5b8-7501-4465-8f94-c066dc2e00ba,"size == ""0""","isEmpty == ""True""","peek_obj_type == ""EmptyObject""","push == ""class java.lang.String""","pop == ""none""","clear == ""none""","size_p == ""0""",Yes
9945,1607885829768:eeed2180-256a-4f72-9cb2-7e3514ffbb08,1607885829768:b16ea5b8-7501-4465-8f94-c066dc2e00ba,"size == ""0""","isEmpty == ""True""","peek_obj_type == ""EmptyObject""","push == ""none""","pop == ""EmptyObject""","clear == ""none""","size_p == ""0""",No
9947,1607885829768:eeed2180-256a-4f72-9cb2-7e3514ffbb08,1607885829768:32cfd082-cff2-4dbc-ab1a-afc0126736aa,"size == ""1""","isEmpty == ""False""","peek_obj_type == ""class java.lang.String""","push == ""none""","pop == ""none""","clear == ""clear""","size_p == ""0""",Yes
9948,1607885829768:eeed2180-256a-4f72-9cb2-7e3514ffbb08,1607885829768:32cfd082-cff2-4dbc-ab1a-afc0126736aa,"size == ""1""","isEmpty == ""False""","peek_obj_type == ""class java.lang.String""","push == ""class java.lang.String""","pop == ""none""","clear == ""none""","size_p == ""1""",Yes
9949,1607885829768:eeed2180-256a-4f72-9cb2-7e3514ffbb08,1607885829768:32cfd082-cff2-4dbc-ab1a-afc0126736aa,"size == ""0""","isEmpty == ""True""","peek_obj_type == ""EmptyObject""","push == ""none""","pop == ""EmptyObject""","clear == ""none""","size_p == ""1""",No
9950,1607885829768:eeed2180-256a-4f72-9cb2-7e3514ffbb08,1607885829768:32cfd082-cff2-4dbc-ab1a-afc0126736aa,"size == ""1""","isEmpty == ""False""","peek_obj_type == ""class java.lang.String""","push == ""none""","pop == ""none""","clear == ""clear""","size_p == ""0""",Yes
9952,1607885829768:8dcf8b98-a376-4927-b3de-752fc1682de8,1607885829768:91cbdc2e-a3c1-43b2-8bd9-4bc0b7be5306,"size == ""1""","isEmpty == ""False""","peek_obj_type == ""class java.lang.String""","push == ""none""","pop == ""none""","clear == ""clear""","size_p == ""0""",Yes
9953,1607885829768:8dcf8b98-a376-4927-b3de-752fc1682de8,1607885829768:91cbdc2e-a3c1-43b2-8bd9-4bc0b7be5306,"size == ""1""","isEmpty == ""False""","peek_obj_type == ""class java.lang.String""","push == ""class java.lang.String""","pop == ""none""","clear == ""none""","size_p == ""1""",Yes
9954,1607885829768:8dcf8b98-a376-4927-b3de-752fc1682de8,1607885829768:91cbdc2e-a3c1-43b2-8bd9-4bc0b7be5306,"size == ""2""","isEmpty == ""False""","peek_obj_type == ""class java.lang.String""","push == ""none""","pop == ""none""","clear == ""clear""","size_p == ""1""",Yes
9955,1607885829768:8dcf8b98-a376-4927-b3de-752fc1682de8,1607885829768:91cbdc2e-a3c1-43b2-8bd9-4bc0b7be5306,"size == ""3""","isEmpty == ""False""","peek_obj_type == ""class java.lang.String""","push == ""none""","pop == ""none""","clear == ""clear""","size_p == ""2""",Yes
9956,1607885829768:8dcf8b98-a376-4927-b3de-752fc1682de8,1607885829768:91cbdc2e-a3c1-43b2-8bd9-4bc0b7be5306,"size == ""4""","isEmpty == ""False""","peek_obj_type == ""class java.lang.String""","push == ""none""","pop == ""none""","clear == ""clear""","size_p == ""3""",Yes
9958,1607885829768:8dcf8b98-a376-4927-b3de-752fc1682de8,1607885829768:8912fe3b-369f-46f4-a595-b00bbb624a8d,"size == ""0""","isEmpty == ""True""","peek_obj_type == ""EmptyObject""","push == ""class java.lang.String""","pop == ""none""","clear == ""none""","size_p == ""0""",Yes
9959,1607885829768:8dcf8b98-a376-4927-b3de-752fc1682de8,1607885829768:8912fe3b-369f-46f4-a595-b00bbb624a8d,"size == ""0""","isEmpty == ""True""","peek_obj_type == ""EmptyObject""","push == ""none""","pop == ""EmptyObject""","clear == ""none""","size_p == ""0""",No
9961,1607885829767:d120f74c-0e5b-4d29-afaa-518ca33e8143,1607885829767:bf903cfc-a31e-4da8-bde7-6d2418856be4,"size == ""0""","isEmpty == ""True""","peek_obj_type == ""EmptyObject""","push == ""class java.lang.String""","pop == ""none""","clear == ""none""","size_p == ""0""",Yes
9962,1607885829767:d120f74c-0e5b-4d29-afaa-518ca33e8143,1607885829767:bf903cfc-a31e-4da8-bde7-6d2418856be4,"size == ""0""","isEmpty == ""True""","peek_obj_type == ""EmptyObject""","push == ""none""","pop == ""EmptyObject""","clear == ""none""","size_p == ""0""",No
9964,1607885829767:d120f74c-0e5b-4d29-afaa-518ca33e8143,1607885829767:5ff7f768-a668-4a59-bf37-e440e83f85c4,"size == ""0""","isEmpty == ""True""","peek_obj_type == ""EmptyObject""","push == ""class java.lang.String""","pop == ""none""","clear == ""none""","size_p == ""0""",Yes
9967,1607885829767:d120f74c-0e5b-4d29-afaa-518ca33e8143,1607885829767:10398d04-dd45-47ca-8d97-d45307cb7f62,"size == ""1""","isEmpty == ""False""","peek_obj_type == ""class java.lang.String""","push == ""none""","pop == ""none""","clear == ""clear""","size_p == ""0""",Yes
9968,1607885829767:d120f74c-0e5b-4d29-afaa-518ca33e8143,1607885829767:10398d04-dd45-47ca-8d97-d45307cb7f62,"size == ""1""","isEmpty == ""False""","peek_obj_type == ""class java.lang.String""","push == ""class java.lang.String""","pop == ""none""","clear == ""none""","size_p == ""1""",Yes
9969,1607885829767:d120f74c-0e5b-4d29-afaa-518ca33e8143,1607885829767:10398d04-dd45-47ca-8d97-d45307cb7f62,"size == ""2""","isEmpty == ""False""","peek_obj_type == ""class java.lang.String""","push == ""none""","pop == ""none""","clear == ""clear""","size_p == ""1""",Yes
9970,1607885829767:d120f74c-0e5b-4d29-afaa-518ca33e8143,1607885829767:10398d04-dd45-47ca-8d97-d45307cb7f62,"size == ""3""","isEmpty == ""False""","peek_obj_type == ""class java.lang.String""","push == ""none""","pop == ""none""","clear == ""clear""","size_p == ""2""",Yes
9971,1607885829767:d120f74c-0e5b-4d29-afaa-518ca33e8143,1607885829767:10398d04-dd45-47ca-8d97-d45307cb7f62,"size == ""4""","isEmpty == ""False""","peek_obj_type == ""class java.lang.String""","push == ""none""","pop == ""none""","clear == ""clear""","size_p == ""3""",Yes
9972,1607885829767:d120f74c-0e5b-4d29-afaa-518ca33e8143,1607885829767:10398d04-dd45-47ca-8d97-d45307cb7f62,"size == ""5""","isEmpty == ""False""","peek_obj_type == ""class java.lang.String""","push == ""none""","pop == ""none""","clear == ""clear""","size_p == ""4""",Yes
9974,1607885829767:c71a7215-55d8-4bc9-a2da-d1e8de02cae8,1607885829767:937e8de2-bb85-4877-a7e0-20a9a9ee85e3,"size == ""0""","isEmpty == ""True""","peek_obj_type == ""EmptyObject""","push == ""class java.lang.String""","pop == ""none""","clear == ""none""","size_p == ""0""",Yes
9975,1607885829767:c71a7215-55d8-4bc9-a2da-d1e8de02cae8,1607885829767:937e8de2-bb85-4877-a7e0-20a9a9ee85e3,"size == ""0""","isEmpty == ""True""","peek_obj_type == ""EmptyObject""","push == ""none""","pop == ""EmptyObject""","clear == ""none""","size_p == ""0""",No
9977,1607885829767:c71a7215-55d8-4bc9-a2da-d1e8de02cae8,1607885829767:047652e3-8849-4c6f-a673-3da7836a4330,"size == ""0""","isEmpty == ""True""","peek_obj_type == ""EmptyObject""","push == ""class java.lang.String""","pop == ""none""","clear == ""none""","size_p == ""0""",Yes
9978,1607885829767:c71a7215-55d8-4bc9-a2da-d1e8de02cae8,1607885829767:047652e3-8849-4c6f-a673-3da7836a4330,"size == ""0""","isEmpty == ""True""","peek_obj_type == ""EmptyObject""","push == ""class java.lang.String""","pop == ""none""","clear == ""none""","size_p == ""0""",Yes
9980,1607885829767:b2f96773-1f6e-4a5a-84a5-8e6d59f54ed1,1607885829767:e94b4c5b-875b-4256-9388-0aee735b4d5b,"size == ""0""","isEmpty == ""True""","peek_obj_type == ""EmptyObject""","push == ""class java.lang.String""","pop == ""none""","clear == ""none""","size_p == ""0""",Yes
9981,1607885829767:b2f96773-1f6e-4a5a-84a5-8e6d59f54ed1,1607885829767:e94b4c5b-875b-4256-9388-0aee735b4d5b,"size == ""0""","isEmpty == ""True""","peek_obj_type == ""EmptyObject""","push == ""none""","pop == ""EmptyObject""","clear == ""none""","size_p == ""0""",No
9983,1607885829767:5ad18e31-2046-4fb3-a315-fd888a2a4978,1607885829767:27e822dd-fc3d-475f-992f-700048eae1f6,"size == ""0""","isEmpty == ""True""","peek_obj_type == ""EmptyObject""","push == ""class java.lang.String""","pop == ""none""","clear == ""none""","size_p == ""0""",Yes
9984,1607885829767:5ad18e31-2046-4fb3-a315-fd888a2a4978,1607885829767:27e822dd-fc3d-475f-992f-700048eae1f6,"size == ""0""","isEmpty == ""True""","peek_obj_type == ""EmptyObject""","push == ""none""","pop == ""EmptyObject""","clear == ""none""","size_p == ""0""",No
9986,1607885829766:ffb84454-a540-47bf-ba7f-57cd8cfc6555,1607885829766:be60cd91-08c6-4707-a0bc-0434c7d903cf,"size == ""0""","isEmpty == ""True""","peek_obj_type == ""EmptyObject""","push == ""class java.lang.String""","pop == ""none""","clear == ""none""","size_p == ""0""",Yes
9987,1607885829766:ffb84454-a540-47bf-ba7f-57cd8cfc6555,1607885829766:be60cd91-08c6-4707-a0bc-0434c7d903cf,"size == ""0""","isEmpty == ""True""","peek_obj_type == ""EmptyObject""","push == ""none""","pop == ""EmptyObject""","clear == ""none""","size_p == ""0""",No
9989,1607885829766:ef237140-756e-433d-8883-4fe45b5ca87b,1607885829766:a64d6e7d-0258-4924-ae8a-9b4585ed57e7,"size == ""0""","isEmpty == ""True""","peek_obj_type == ""EmptyObject""","push == ""class java.lang.String""","pop == ""none""","clear == ""none""","size_p == ""0""",Yes
9991,1607885829766:ef237140-756e-433d-8883-4fe45b5ca87b,1607885829766:884eef0e-2657-45fc-b150-9249683ac332,"size == ""0""","isEmpty == ""True""","peek_obj_type == ""EmptyObject""","push == ""class java.lang.String""","pop == ""none""","clear == ""none""","size_p == ""0""",Yes
9992,1607885829766:ef237140-756e-433d-8883-4fe45b5ca87b,1607885829766:884eef0e-2657-45fc-b150-9249683ac332,"size == ""0""","isEmpty == ""True""","peek_obj_type == ""EmptyObject""","push == ""none""","pop == ""EmptyObject""","clear == ""none""","size_p == ""0""",No
9994,1607885829765:c98f5286-37bc-4970-8e3a-f147cec629e3,1607885829765:c8c9e2ed-5941-41ec-aa1b-4c43f760242b,"size == ""0""","isEmpty == ""True""","peek_obj_type == ""EmptyObject""","push == ""class java.lang.String""","pop == ""none""","clear == ""none""","size_p == ""0""",Yes
9995,1607885829765:c98f5286-37bc-4970-8e3a-f147cec629e3,1607885829765:c8c9e2ed-5941-41ec-aa1b-4c43f760242b,"size == ""0""","isEmpty == ""True""","peek_obj_type == ""EmptyObject""","push == ""none""","pop == ""EmptyObject""","clear == ""none""","size_p == ""0""",No
9997,1607885829765:c98f5286-37bc-4970-8e3a-f147cec629e3,1607885829765:2023707e-0c24-4800-a936-b74320a182d1,"size == ""0""","isEmpty == ""True""","peek_obj_type == ""EmptyObject""","push == ""class java.lang.String""","pop == ""none""","clear == ""none""","size_p == ""0""",Yes
9999,1607885829765:4b26cc85-0bb7-429e-9a4c-5d50fd4ac9db,1607885829765:ce5a68bd-7e49-462a-8bda-46e48f52869d,"size == ""0""","isEmpty == ""True""","peek_obj_type == ""EmptyObject""","push == ""class java.lang.String""","pop == ""none""","clear == ""none""","size_p == ""0""",Yes
10000,1607885829765:4b26cc85-0bb7-429e-9a4c-5d50fd4ac9db,1607885829765:ce5a68bd-7e49-462a-8bda-46e48f52869d,"size == ""0""","isEmpty == ""True""","peek_obj_type == ""EmptyObject""","push == ""none""","pop == ""EmptyObject""","clear == ""none""","size_p == ""0""",No
10002,1607885829764:944d03fe-64d3-41ee-8455-9e867f30ce88,1607885829764:f8e893ad-5a6f-4cbe-b73e-db56b2f130fd,"size == ""0""","isEmpty == ""True""","peek_obj_type == ""EmptyObject""","push == ""class java.lang.String""","pop == ""none""","clear == ""none""","size_p == ""0""",Yes
10003,1607885829764:944d03fe-64d3-41ee-8455-9e867f30ce88,1607885829764:f8e893ad-5a6f-4cbe-b73e-db56b2f130fd,"size == ""0""","isEmpty == ""True""","peek_obj_type == ""EmptyObject""","push == ""none""","pop == ""EmptyObject""","clear == ""none""","size_p == ""0""",No
10005,1607885829764:944d03fe-64d3-41ee-8455-9e867f30ce88,1607885829764:041e820a-c511-41e2-9cf5-baaadc5662fb,"size == ""1""","isEmpty == ""False""","peek_obj_type == ""class java.lang.String""","push == ""none""","pop == ""none""","clear == ""clear""","size_p == ""0""",Yes
10006,1607885829764:944d03fe-64d3-41ee-8455-9e867f30ce88,1607885829764:041e820a-c511-41e2-9cf5-baaadc5662fb,"size == ""1""","isEmpty == ""False""","peek_obj_type == ""class java.lang.String""","push == ""class java.lang.String""","pop == ""none""","clear == ""none""","size_p == ""1""",Yes
10007,1607885829764:944d03fe-64d3-41ee-8455-9e867f30ce88,1607885829764:041e820a-c511-41e2-9cf5-baaadc5662fb,"size == ""2""","isEmpty == ""False""","peek_obj_type == ""class java.lang.String""","push == ""none""","pop == ""none""","clear == ""clear""","size_p == ""1""",Yes
10008,1607885829764:944d03fe-64d3-41ee-8455-9e867f30ce88,1607885829764:041e820a-c511-41e2-9cf5-baaadc5662fb,"size == ""3""","isEmpty == ""False""","peek_obj_type == ""class java.lang.String""","push == ""none""","pop == ""none""","clear == ""clear""","size_p == ""2""",Yes
10009,1607885829764:944d03fe-64d3-41ee-8455-9e867f30ce88,1607885829764:041e820a-c511-41e2-9cf5-baaadc5662fb,"size == ""4""","isEmpty == ""False""","peek_obj_type == ""class java.lang.String""","push == ""none""","pop == ""none""","clear == ""clear""","size_p == ""3""",Yes
10011,1607885829764:81949246-ebd4-422c-89e8-cc3b770375ab,1607885829764:249ed4b3-64ba-4a93-87d3-44a8777e583a,"size == ""0""","isEmpty == ""True""","peek_obj_type == ""EmptyObject""","push == ""class java.lang.String""","pop == ""none""","clear == ""none""","size_p == ""0""",Yes
10013,1607885829764:81949246-ebd4-422c-89e8-cc3b770375ab,1607885829764:0d99c527-fadc-48e5-8b37-dc90c2f0f0bb,"size == ""0""","isEmpty == ""True""","peek_obj_type == ""EmptyObject""","push == ""class java.lang.String""","pop == ""none""","clear == ""none""","size_p == ""0""",Yes
10014,1607885829764:81949246-ebd4-422c-89e8-cc3b770375ab,1607885829764:0d99c527-fadc-48e5-8b37-dc90c2f0f0bb,"size == ""0""","isEmpty == ""True""","peek_obj_type == ""EmptyObject""","push == ""none""","pop == ""EmptyObject""","clear == ""none""","size_p == ""0""",No
10016,1607885829764:6b158320-7da4-4dc1-addc-ab4c0ce6a14b,1607885829764:85b4af55-66e1-467f-8b64-2d077e39a192,"size == ""0""","isEmpty == ""True""","peek_obj_type == ""EmptyObject""","push == ""class java.lang.String""","pop == ""none""","clear == ""none""","size_p == ""0""",Yes
10018,1607885829764:6b158320-7da4-4dc1-addc-ab4c0ce6a14b,1607885829764:4e059f3a-ad39-48fa-bb63-bc4d347b081d,"size == ""0""","isEmpty == ""True""","peek_obj_type == ""EmptyObject""","push == ""class java.lang.String""","pop == ""none""","clear == ""none""","size_p == ""0""",Yes
10019,1607885829764:6b158320-7da4-4dc1-addc-ab4c0ce6a14b,1607885829764:4e059f3a-ad39-48fa-bb63-bc4d347b081d,"size == ""0""","isEmpty == ""True""","peek_obj_type == ""EmptyObject""","push == ""none""","pop == ""EmptyObject""","clear == ""none""","size_p == ""0""",No
10021,1607885829764:532f2ede-f3a3-44b4-bce8-02b181c2d2f0,1607885829764:47a2d771-31ec-4055-ad42-781e0b5bd84b,"size == ""0""","isEmpty == ""True""","peek_obj_type == ""EmptyObject""","push == ""class java.lang.String""","pop == ""none""","clear == ""none""","size_p == ""0""",Yes
10022,1607885829764:532f2ede-f3a3-44b4-bce8-02b181c2d2f0,1607885829764:47a2d771-31ec-4055-ad42-781e0b5bd84b,"size == ""0""","isEmpty == ""True""","peek_obj_type == ""EmptyObject""","push == ""none""","pop == ""EmptyObject""","clear == ""none""","size_p == ""0""",No
10024,1607885829763:e46ff7fb-4261-41f5-90f7-753af49dfc54,1607885829763:aa1c506b-7a85-452a-8a48-1e33b94f75aa,"size == ""0""","isEmpty == ""True""","peek_obj_type == ""EmptyObject""","push == ""class java.lang.String""","pop == ""none""","clear == ""none""","size_p == ""0""",Yes
10025,1607885829763:e46ff7fb-4261-41f5-90f7-753af49dfc54,1607885829763:aa1c506b-7a85-452a-8a48-1e33b94f75aa,"size == ""0""","isEmpty == ""True""","peek_obj_type == ""EmptyObject""","push == ""none""","pop == ""EmptyObject""","clear == ""none""","size_p == ""0""",No
10028,1607885829763:e46ff7fb-4261-41f5-90f7-753af49dfc54,1607885829763:0ff1968c-90f6-4d5c-9fd5-7a2656a324ea,"size == ""0""","isEmpty == ""True""","peek_obj_type == ""EmptyObject""","push == ""class java.lang.String""","pop == ""none""","clear == ""none""","size_p == ""0""",Yes
10030,1607885829763:8a97912c-0e8e-49d8-862d-ea89257f8f35,1607885829763:4aae6b99-c5cc-4d0d-a3bc-35677cf3efb7,"size == ""0""","isEmpty == ""True""","peek_obj_type == ""EmptyObject""","push == ""class java.lang.String""","pop == ""none""","clear == ""none""","size_p == ""0""",Yes
10031,1607885829763:8a97912c-0e8e-49d8-862d-ea89257f8f35,1607885829763:4aae6b99-c5cc-4d0d-a3bc-35677cf3efb7,"size == ""0""","isEmpty == ""True""","peek_obj_type == ""EmptyObject""","push == ""none""","pop == ""EmptyObject""","clear == ""none""","size_p == ""0""",No
10033,1607885829763:4c9e1a6e-6705-4feb-9697-e662b1774d19,1607885829763:40b59b52-9005-44b0-91c8-fe0de79f418d,"size == ""0""","isEmpty == ""True""","peek_obj_type == ""EmptyObject""","push == ""class java.lang.String""","pop == ""none""","clear == ""none""","size_p == ""0""",Yes
10034,1607885829763:4c9e1a6e-6705-4feb-9697-e662b1774d19,1607885829763:40b59b52-9005-44b0-91c8-fe0de79f418d,"size == ""0""","isEmpty == ""True""","peek_obj_type == ""EmptyObject""","push == ""none""","pop == ""EmptyObject""","clear == ""none""","size_p == ""0""",No
10036,1607885829763:41227194-a6af-4895-90dc-30a49a92d8f6,1607885829763:59aaf454-a762-431b-b495-a43ef1f527e0,"size == ""0""","isEmpty == ""True""","peek_obj_type == ""EmptyObject""","push == ""class java.lang.String""","pop == ""none""","clear == ""none""","size_p == ""0""",Yes
10037,1607885829763:41227194-a6af-4895-90dc-30a49a92d8f6,1607885829763:59aaf454-a762-431b-b495-a43ef1f527e0,"size == ""0""","isEmpty == ""True""","peek_obj_type == ""EmptyObject""","push == ""none""","pop == ""EmptyObject""","clear == ""none""","size_p == ""0""",No
10039,1607885829762:f003d263-09ad-4caf-84b9-397bfa3deda2,1607885829762:ce62d5a0-9e53-4757-b62b-b5e3cc7740e6,"size == ""0""","isEmpty == ""True""","peek_obj_type == ""EmptyObject""","push == ""class java.lang.String""","pop == ""none""","clear == ""none""","size_p == ""0""",Yes
10040,1607885829762:f003d263-09ad-4caf-84b9-397bfa3deda2,1607885829762:ce62d5a0-9e53-4757-b62b-b5e3cc7740e6,"size == ""0""","isEmpty == ""True""","peek_obj_type == ""EmptyObject""","push == ""none""","pop == ""EmptyObject""","clear == ""none""","size_p == ""0""",No
10042,1607885829762:b8aa19e7-3bdb-446c-8a02-bcccd79b069c,1607885829762:c40a9424-e4da-49fe-9cb6-b27c43dfe2b4,"size == ""0""","isEmpty == ""True""","peek_obj_type == ""EmptyObject""","push == ""class java.lang.String""","pop == ""none""","clear == ""none""","size_p == ""0""",Yes
10043,1607885829762:b8aa19e7-3bdb-446c-8a02-bcccd79b069c,1607885829762:c40a9424-e4da-49fe-9cb6-b27c43dfe2b4,"size == ""0""","isEmpty == ""True""","peek_obj_type == ""EmptyObject""","push == ""none""","pop == ""EmptyObject""","clear == ""none""","size_p == ""0""",No
10045,1607885829762:b8aa19e7-3bdb-446c-8a02-bcccd79b069c,1607885829762:1ac45464-358c-41e9-af42-133fe82c7236,"size == ""1""","isEmpty == ""False""","peek_obj_type == ""class java.lang.String""","push == ""none""","pop == ""none""","clear == ""clear""","size_p == ""0""",Yes
10046,1607885829762:b8aa19e7-3bdb-446c-8a02-bcccd79b069c,1607885829762:1ac45464-358c-41e9-af42-133fe82c7236,"size == ""1""","isEmpty == ""False""","peek_obj_type == ""class java.lang.String""","push == ""class java.lang.String""","pop == ""none""","clear == ""none""","size_p == ""1""",Yes
10047,1607885829762:b8aa19e7-3bdb-446c-8a02-bcccd79b069c,1607885829762:1ac45464-358c-41e9-af42-133fe82c7236,"size == ""2""","isEmpty == ""False""","peek_obj_type == ""class java.lang.String""","push == ""none""","pop == ""none""","clear == ""clear""","size_p == ""1""",Yes
10048,1607885829762:b8aa19e7-3bdb-446c-8a02-bcccd79b069c,1607885829762:1ac45464-358c-41e9-af42-133fe82c7236,"size == ""3""","isEmpty == ""False""","peek_obj_type == ""class java.lang.String""","push == ""none""","pop == ""none""","clear == ""clear""","size_p == ""2""",Yes
10049,1607885829762:b8aa19e7-3bdb-446c-8a02-bcccd79b069c,1607885829762:1ac45464-358c-41e9-af42-133fe82c7236,"size == ""4""","isEmpty == ""False""","peek_obj_type == ""class java.lang.String""","push == ""none""","pop == ""none""","clear == ""clear""","size_p == ""3""",Yes
10051,1607885829762:25b13412-77b3-4abe-ad33-23ef220c2643,1607885829762:65f89f07-2262-46b7-8743-3222061266c8,"size == ""0""","isEmpty == ""True""","peek_obj_type == ""EmptyObject""","push == ""class java.lang.String""","pop == ""none""","clear == ""none""","size_p == ""0""",Yes
10053,1607885829762:25b13412-77b3-4abe-ad33-23ef220c2643,1607885829762:293e5973-9464-49fd-a2b2-b4887a42450c,"size == ""0""","isEmpty == ""True""","peek_obj_type == ""EmptyObject""","push == ""class java.lang.String""","pop == ""none""","clear == ""none""","size_p == ""0""",Yes
10054,1607885829762:25b13412-77b3-4abe-ad33-23ef220c2643,1607885829762:293e5973-9464-49fd-a2b2-b4887a42450c,"size == ""0""","isEmpty == ""True""","peek_obj_type == ""EmptyObject""","push == ""none""","pop == ""EmptyObject""","clear == ""none""","size_p == ""0""",No
10056,1607885829761:c078735c-da49-4935-a692-99a5b67c2272,1607885829761:efb207a5-a1bf-4417-a47c-9cbf81da79e7,"size == ""0""","isEmpty == ""True""","peek_obj_type == ""EmptyObject""","push == ""class java.lang.String""","pop == ""none""","clear == ""none""","size_p == ""0""",Yes
10057,1607885829761:c078735c-da49-4935-a692-99a5b67c2272,1607885829761:efb207a5-a1bf-4417-a47c-9cbf81da79e7,"size == ""0""","isEmpty == ""True""","peek_obj_type == ""EmptyObject""","push == ""none""","pop == ""EmptyObject""","clear == ""none""","size_p == ""0""",No
10059,1607885829761:b038ffaf-5316-4180-86e0-2a20287d1ef5,1607885829761:1b6fa8e4-9eab-4508-bce7-886fdad93ffd,"size == ""0""","isEmpty == ""True""","peek_obj_type == ""EmptyObject""","push == ""class java.lang.String""","pop == ""none""","clear == ""none""","size_p == ""0""",Yes
10060,1607885829761:b038ffaf-5316-4180-86e0-2a20287d1ef5,1607885829761:1b6fa8e4-9eab-4508-bce7-886fdad93ffd,"size == ""0""","isEmpty == ""True""","peek_obj_type == ""EmptyObject""","push == ""none""","pop == ""EmptyObject""","clear == ""none""","size_p == ""0""",No
10062,1607885829761:75b68e19-05f2-4c28-bbb6-2957b0ee74b2,1607885829761:a1cb39c3-8d40-48f8-ac14-e7fa18d24920,"size == ""0""","isEmpty == ""True""","peek_obj_type == ""EmptyObject""","push == ""class java.lang.String""","pop == ""none""","clear == ""none""","size_p == ""0""",Yes
10063,1607885829761:75b68e19-05f2-4c28-bbb6-2957b0ee74b2,1607885829761:a1cb39c3-8d40-48f8-ac14-e7fa18d24920,"size == ""0""","isEmpty == ""True""","peek_obj_type == ""EmptyObject""","push == ""none""","pop == ""EmptyObject""","clear == ""none""","size_p == ""0""",No
10065,1607885829761:37dc5089-66d0-493d-9eb5-0275036af0c9,1607885829761:caf985b8-c118-4b9b-b11b-a8f184e11d44,"size == ""0""","isEmpty == ""True""","peek_obj_type == ""EmptyObject""","push == ""class java.lang.String""","pop == ""none""","clear == ""none""","size_p == ""0""",Yes
10066,1607885829761:37dc5089-66d0-493d-9eb5-0275036af0c9,1607885829761:caf985b8-c118-4b9b-b11b-a8f184e11d44,"size == ""0""","isEmpty == ""True""","peek_obj_type == ""EmptyObject""","push == ""none""","pop == ""EmptyObject""","clear == ""none""","size_p == ""0""",No
10068,1607885829760:856f3ce8-916c-4531-8107-6ce275224473,1607885829760:92e62bc5-932c-4795-b37f-84d5df88fc5a,"size == ""0""","isEmpty == ""True""","peek_obj_type == ""EmptyObject""","push == ""class java.lang.String""","pop == ""none""","clear == ""none""","size_p == ""0""",Yes
10069,1607885829760:856f3ce8-916c-4531-8107-6ce275224473,1607885829760:92e62bc5-932c-4795-b37f-84d5df88fc5a,"size == ""0""","isEmpty == ""True""","peek_obj_type == ""EmptyObject""","push == ""none""","pop == ""EmptyObject""","clear == ""none""","size_p == ""0""",No
10071,1607885829760:83baab9b-cf67-4a41-9582-6ab8668948ed,1607885829760:c5c97ccb-86b6-44ae-929b-25ac29f126b3,"size == ""0""","isEmpty == ""True""","peek_obj_type == ""EmptyObject""","push == ""class java.lang.String""","pop == ""none""","clear == ""none""","size_p == ""0""",Yes
10072,1607885829760:83baab9b-cf67-4a41-9582-6ab8668948ed,1607885829760:c5c97ccb-86b6-44ae-929b-25ac29f126b3,"size == ""0""","isEmpty == ""True""","peek_obj_type == ""EmptyObject""","push == ""none""","pop == ""EmptyObject""","clear == ""none""","size_p == ""0""",No
10074,1607885829760:83baab9b-cf67-4a41-9582-6ab8668948ed,1607885829760:461aacd3-1446-4472-9682-942ee347b549,"size == ""1""","isEmpty == ""False""","peek_obj_type == ""class java.lang.String""","push == ""none""","pop == ""none""","clear == ""clear""","size_p == ""0""",Yes
10075,1607885829760:83baab9b-cf67-4a41-9582-6ab8668948ed,1607885829760:461aacd3-1446-4472-9682-942ee347b549,"size == ""1""","isEmpty == ""False""","peek_obj_type == ""class java.lang.String""","push == ""class java.lang.String""","pop == ""none""","clear == ""none""","size_p == ""1""",Yes
10076,1607885829760:83baab9b-cf67-4a41-9582-6ab8668948ed,1607885829760:461aacd3-1446-4472-9682-942ee347b549,"size == ""2""","isEmpty == ""False""","peek_obj_type == ""class java.lang.String""","push == ""none""","pop == ""none""","clear == ""clear""","size_p == ""1""",Yes
10077,1607885829760:83baab9b-cf67-4a41-9582-6ab8668948ed,1607885829760:461aacd3-1446-4472-9682-942ee347b549,"size == ""3""","isEmpty == ""False""","peek_obj_type == ""class java.lang.String""","push == ""none""","pop == ""none""","clear == ""clear""","size_p == ""2""",Yes
10078,1607885829760:83baab9b-cf67-4a41-9582-6ab8668948ed,1607885829760:461aacd3-1446-4472-9682-942ee347b549,"size == ""4""","isEmpty == ""False""","peek_obj_type == ""class java.lang.String""","push == ""none""","pop == ""none""","clear == ""clear""","size_p == ""3""",Yes
10080,1607885829760:7c1ca7d6-c1c1-4e49-ba55-b8b501d5bab5,1607885829760:f0a1b13d-c7df-4fc2-b99b-f6af98256d13,"size == ""0""","isEmpty == ""True""","peek_obj_type == ""EmptyObject""","push == ""class java.lang.String""","pop == ""none""","clear == ""none""","size_p == ""0""",Yes
10081,1607885829760:7c1ca7d6-c1c1-4e49-ba55-b8b501d5bab5,1607885829760:f0a1b13d-c7df-4fc2-b99b-f6af98256d13,"size == ""0""","isEmpty == ""True""","peek_obj_type == ""EmptyObject""","push == ""none""","pop == ""EmptyObject""","clear == ""none""","size_p == ""0""",No
10083,1607885829759:f411cfcf-b572-4950-b6cc-e28a6aac08ff,1607885829759:c56f2640-9698-4c9b-8b17-e85117d209b6,"size == ""0""","isEmpty == ""True""","peek_obj_type == ""EmptyObject""","push == ""class java.lang.String""","pop == ""none""","clear == ""none""","size_p == ""0""",Yes
10086,1607885829759:f411cfcf-b572-4950-b6cc-e28a6aac08ff,1607885829759:1f020cc4-c760-486c-a0a4-362d5570fc2a,"size == ""0""","isEmpty == ""True""","peek_obj_type == ""EmptyObject""","push == ""class java.lang.String""","pop == ""none""","clear == ""none""","size_p == ""0""",Yes
10087,1607885829759:f411cfcf-b572-4950-b6cc-e28a6aac08ff,1607885829759:1f020cc4-c760-486c-a0a4-362d5570fc2a,"size == ""0""","isEmpty == ""True""","peek_obj_type == ""EmptyObject""","push == ""none""","pop == ""EmptyObject""","clear == ""none""","size_p == ""0""",No
10089,1607885829759:87228058-a4ca-4433-b2a0-44cf0b83fa31,1607885829759:f02615e5-15f5-4498-9ee0-0e386f616504,"size == ""0""","isEmpty == ""True""","peek_obj_type == ""EmptyObject""","push == ""class java.lang.String""","pop == ""none""","clear == ""none""","size_p == ""0""",Yes
10091,1607885829759:87228058-a4ca-4433-b2a0-44cf0b83fa31,1607885829759:edfb6173-8923-4b54-804c-cb0425d2c2a2,"size == ""0""","isEmpty == ""True""","peek_obj_type == ""EmptyObject""","push == ""class java.lang.String""","pop == ""none""","clear == ""none""","size_p == ""0""",Yes
10092,1607885829759:87228058-a4ca-4433-b2a0-44cf0b83fa31,1607885829759:edfb6173-8923-4b54-804c-cb0425d2c2a2,"size == ""0""","isEmpty == ""True""","peek_obj_type == ""EmptyObject""","push == ""none""","pop == ""EmptyObject""","clear == ""none""","size_p == ""0""",No
10094,1607885829759:207541ac-5e51-4775-ade5-4f8216f49f69,1607885829759:b039e21e-146e-41c8-97d4-dad9a5fb734d,"size == ""0""","isEmpty == ""True""","peek_obj_type == ""EmptyObject""","push == ""class java.lang.String""","pop == ""none""","clear == ""none""","size_p == ""0""",Yes
10095,1607885829759:207541ac-5e51-4775-ade5-4f8216f49f69,1607885829759:b039e21e-146e-41c8-97d4-dad9a5fb734d,"size == ""0""","isEmpty == ""True""","peek_obj_type == ""EmptyObject""","push == ""none""","pop == ""EmptyObject""","clear == ""none""","size_p == ""0""",No
10097,1607885829758:de1c2162-02b4-4d01-9d3a-e5e1d25e3b19,1607885829759:98c9c2c0-a283-4bd8-b980-8642bc114123,"size == ""0""","isEmpty == ""True""","peek_obj_type == ""EmptyObject""","push == ""class java.lang.String""","pop == ""none""","clear == ""none""","size_p == ""0""",Yes
10098,1607885829758:de1c2162-02b4-4d01-9d3a-e5e1d25e3b19,1607885829759:98c9c2c0-a283-4bd8-b980-8642bc114123,"size == ""0""","isEmpty == ""True""","peek_obj_type == ""EmptyObject""","push == ""none""","pop == ""EmptyObject""","clear == ""none""","size_p == ""0""",No
10100,1607885829758:a18c9a19-97e4-4f05-9b33-73e6b8e0e47d,1607885829758:84434f2e-2a1c-46fb-a1a8-f9b31221bdbe,"size == ""0""","isEmpty == ""True""","peek_obj_type == ""EmptyObject""","push == ""class java.lang.String""","pop == ""none""","clear == ""none""","size_p == ""0""",Yes
10101,1607885829758:a18c9a19-97e4-4f05-9b33-73e6b8e0e47d,1607885829758:84434f2e-2a1c-46fb-a1a8-f9b31221bdbe,"size == ""0""","isEmpty == ""True""","peek_obj_type == ""EmptyObject""","push == ""none""","pop == ""EmptyObject""","clear == ""none""","size_p == ""0""",No
10103,1607885829758:801e20e2-8d9b-4574-bf0f-7ddd9eeb5145,1607885829758:b4640ac6-2240-4d4c-9bd9-d40b60315af5,"size == ""0""","isEmpty == ""True""","peek_obj_type == ""EmptyObject""","push == ""class java.lang.String""","pop == ""none""","clear == ""none""","size_p == ""0""",Yes
10104,1607885829758:801e20e2-8d9b-4574-bf0f-7ddd9eeb5145,1607885829758:b4640ac6-2240-4d4c-9bd9-d40b60315af5,"size == ""0""","isEmpty == ""True""","peek_obj_type == ""EmptyObject""","push == ""none""","pop == ""EmptyObject""","clear == ""none""","size_p == ""0""",No
10106,1607885829758:7ce7506c-c658-4846-8d9e-07fe47474e67,1607885829758:ee982a65-36e2-46c4-a981-db04c9168dd9,"size == ""0""","isEmpty == ""True""","peek_obj_type == ""EmptyObject""","push == ""class java.lang.String""","pop == ""none""","clear == ""none""","size_p == ""0""",Yes
10107,1607885829758:7ce7506c-c658-4846-8d9e-07fe47474e67,1607885829758:ee982a65-36e2-46c4-a981-db04c9168dd9,"size == ""0""","isEmpty == ""True""","peek_obj_type == ""EmptyObject""","push == ""none""","pop == ""EmptyObject""","clear == ""none""","size_p == ""0""",No
10109,1607885829757:a097e00e-61ef-40b3-b264-4bfa4487a423,1607885829757:65c673a4-595d-403f-bbd3-ee984707b438,"size == ""0""","isEmpty == ""True""","peek_obj_type == ""EmptyObject""","push == ""class java.lang.String""","pop == ""none""","clear == ""none""","size_p == ""0""",Yes
10110,1607885829757:a097e00e-61ef-40b3-b264-4bfa4487a423,1607885829757:65c673a4-595d-403f-bbd3-ee984707b438,"size == ""0""","isEmpty == ""True""","peek_obj_type == ""EmptyObject""","push == ""none""","pop == ""EmptyObject""","clear == ""none""","size_p == ""0""",No
10112,1607885829757:a097e00e-61ef-40b3-b264-4bfa4487a423,1607885829757:30eb974b-f456-42e8-b353-6fe4c3250028,"size == ""1""","isEmpty == ""False""","peek_obj_type == ""class java.lang.String""","push == ""none""","pop == ""none""","clear == ""clear""","size_p == ""0""",Yes
10113,1607885829757:a097e00e-61ef-40b3-b264-4bfa4487a423,1607885829757:30eb974b-f456-42e8-b353-6fe4c3250028,"size == ""1""","isEmpty == ""False""","peek_obj_type == ""class java.lang.String""","push == ""class java.lang.String""","pop == ""none""","clear == ""none""","size_p == ""1""",Yes
10114,1607885829757:a097e00e-61ef-40b3-b264-4bfa4487a423,1607885829757:30eb974b-f456-42e8-b353-6fe4c3250028,"size == ""2""","isEmpty == ""False""","peek_obj_type == ""class java.lang.String""","push == ""none""","pop == ""none""","clear == ""clear""","size_p == ""1""",Yes
10115,1607885829757:a097e00e-61ef-40b3-b264-4bfa4487a423,1607885829757:30eb974b-f456-42e8-b353-6fe4c3250028,"size == ""3""","isEmpty == ""False""","peek_obj_type == ""class java.lang.String""","push == ""none""","pop == ""none""","clear == ""clear""","size_p == ""2""",Yes
10116,1607885829757:a097e00e-61ef-40b3-b264-4bfa4487a423,1607885829757:30eb974b-f456-42e8-b353-6fe4c3250028,"size == ""4""","isEmpty == ""False""","peek_obj_type == ""class java.lang.String""","push == ""none""","pop == ""none""","clear == ""clear""","size_p == ""3""",Yes
10118,1607885829757:34d67890-ab55-4e1c-bea2-dd48f7f630c2,1607885829757:8efeb938-b18c-497d-bfd4-959669010583,"size == ""0""","isEmpty == ""True""","peek_obj_type == ""EmptyObject""","push == ""class java.lang.String""","pop == ""none""","clear == ""none""","size_p == ""0""",Yes
10119,1607885829757:34d67890-ab55-4e1c-bea2-dd48f7f630c2,1607885829757:8efeb938-b18c-497d-bfd4-959669010583,"size == ""0""","isEmpty == ""True""","peek_obj_type == ""EmptyObject""","push == ""class java.lang.String""","pop == ""none""","clear == ""none""","size_p == ""0""",Yes
10120,1607885829757:34d67890-ab55-4e1c-bea2-dd48f7f630c2,1607885829757:8efeb938-b18c-497d-bfd4-959669010583,"size == ""0""","isEmpty == ""True""","peek_obj_type == ""EmptyObject""","push == ""class java.lang.String""","pop == ""none""","clear == ""none""","size_p == ""0""",Yes
10121,1607885829757:34d67890-ab55-4e1c-bea2-dd48f7f630c2,1607885829757:8efeb938-b18c-497d-bfd4-959669010583,"size == ""1""","isEmpty == ""False""","peek_obj_type == ""class java.lang.String""","push == ""none""","pop == ""none""","clear == ""clear""","size_p == ""0""",Yes
10123,1607885829757:34d67890-ab55-4e1c-bea2-dd48f7f630c2,1607885829757:7044ee84-2a48-445a-81bd-df762f76023f,"size == ""0""","isEmpty == ""True""","peek_obj_type == ""EmptyObject""","push == ""class java.lang.String""","pop == ""none""","clear == ""none""","size_p == ""0""",Yes
10125,1607885829757:34d67890-ab55-4e1c-bea2-dd48f7f630c2,1607885829757:0c648e11-ec92-4127-bb3d-da1139bf498c,"size == ""0""","isEmpty == ""True""","peek_obj_type == ""EmptyObject""","push == ""class java.lang.String""","pop == ""none""","clear == ""none""","size_p == ""0""",Yes
10126,1607885829757:34d67890-ab55-4e1c-bea2-dd48f7f630c2,1607885829757:0c648e11-ec92-4127-bb3d-da1139bf498c,"size == ""0""","isEmpty == ""True""","peek_obj_type == ""EmptyObject""","push == ""none""","pop == ""EmptyObject""","clear == ""none""","size_p == ""0""",No
10128,1607885829756:de71f588-2736-428f-b66c-d747ab42e9b4,1607885829756:56c45481-97c0-4dc0-823a-7959e248b8c7,"size == ""0""","isEmpty == ""True""","peek_obj_type == ""EmptyObject""","push == ""class java.lang.String""","pop == ""none""","clear == ""none""","size_p == ""0""",Yes
10129,1607885829756:de71f588-2736-428f-b66c-d747ab42e9b4,1607885829756:56c45481-97c0-4dc0-823a-7959e248b8c7,"size == ""0""","isEmpty == ""True""","peek_obj_type == ""EmptyObject""","push == ""none""","pop == ""EmptyObject""","clear == ""none""","size_p == ""0""",No
10131,1607885829756:8353fe4c-5e92-4b56-adc3-dfe7eda8fcca,1607885829757:1ceea532-a7d6-4a0b-b4db-a247de1ca2d5,"size == ""0""","isEmpty == ""True""","peek_obj_type == ""EmptyObject""","push == ""class java.lang.String""","pop == ""none""","clear == ""none""","size_p == ""0""",Yes
10132,1607885829756:8353fe4c-5e92-4b56-adc3-dfe7eda8fcca,1607885829757:1ceea532-a7d6-4a0b-b4db-a247de1ca2d5,"size == ""0""","isEmpty == ""True""","peek_obj_type == ""EmptyObject""","push == ""none""","pop == ""EmptyObject""","clear == ""none""","size_p == ""0""",No
10134,1607885829756:8353fe4c-5e92-4b56-adc3-dfe7eda8fcca,1607885829756:14d69e4f-1f58-499f-8719-5aa692d493f9,"size == ""0""","isEmpty == ""True""","peek_obj_type == ""EmptyObject""","push == ""class java.lang.String""","pop == ""none""","clear == ""none""","size_p == ""0""",Yes
10136,1607885829756:186c0823-3271-4e53-a9c6-a21ec5f0dff7,1607885829756:a0b8e2c9-f4a1-475f-8b8d-dcee0c3161da,"size == ""0""","isEmpty == ""True""","peek_obj_type == ""EmptyObject""","push == ""class java.lang.String""","pop == ""none""","clear == ""none""","size_p == ""0""",Yes
10137,1607885829756:186c0823-3271-4e53-a9c6-a21ec5f0dff7,1607885829756:a0b8e2c9-f4a1-475f-8b8d-dcee0c3161da,"size == ""0""","isEmpty == ""True""","peek_obj_type == ""EmptyObject""","push == ""class java.lang.String""","pop == ""none""","clear == ""none""","size_p == ""0""",Yes
10139,1607885829756:186c0823-3271-4e53-a9c6-a21ec5f0dff7,1607885829756:7ffaf5a5-df83-41dd-b3ea-82936a8e5a8b,"size == ""0""","isEmpty == ""True""","peek_obj_type == ""EmptyObject""","push == ""class java.lang.String""","pop == ""none""","clear == ""none""","size_p == ""0""",Yes
10140,1607885829756:186c0823-3271-4e53-a9c6-a21ec5f0dff7,1607885829756:7ffaf5a5-df83-41dd-b3ea-82936a8e5a8b,"size == ""0""","isEmpty == ""True""","peek_obj_type == ""EmptyObject""","push == ""none""","pop == ""EmptyObject""","clear == ""none""","size_p == ""0""",No
10142,1607885829755:f97607ce-c100-4a98-94bb-5f6bfb6d494d,1607885829755:5a769c57-0a55-4dd5-b925-de25b56bba25,"size == ""0""","isEmpty == ""True""","peek_obj_type == ""EmptyObject""","push == ""class java.lang.String""","pop == ""none""","clear == ""none""","size_p == ""0""",Yes
10143,1607885829755:f97607ce-c100-4a98-94bb-5f6bfb6d494d,1607885829755:5a769c57-0a55-4dd5-b925-de25b56bba25,"size == ""0""","isEmpty == ""True""","peek_obj_type == ""EmptyObject""","push == ""none""","pop == ""EmptyObject""","clear == ""none""","size_p == ""0""",No
10145,1607885829755:f97607ce-c100-4a98-94bb-5f6bfb6d494d,1607885829755:02263984-92af-4269-9509-4c61d6d6ff21,"size == ""0""","isEmpty == ""True""","peek_obj_type == ""EmptyObject""","push == ""class java.lang.String""","pop == ""none""","clear == ""none""","size_p == ""0""",Yes
10146,1607885829755:f97607ce-c100-4a98-94bb-5f6bfb6d494d,1607885829755:02263984-92af-4269-9509-4c61d6d6ff21,"size == ""0""","isEmpty == ""True""","peek_obj_type == ""EmptyObject""","push == ""class java.lang.String""","pop == ""none""","clear == ""none""","size_p == ""0""",Yes
10148,1607885829755:f0d929f8-100c-48dc-96db-d22952025817,1607885829755:18a6d9ad-d3b3-4c7c-bc5a-4d182aff07cc,"size == ""0""","isEmpty == ""True""","peek_obj_type == ""EmptyObject""","push == ""class java.lang.String""","pop == ""none""","clear == ""none""","size_p == ""0""",Yes
10149,1607885829755:f0d929f8-100c-48dc-96db-d22952025817,1607885829755:18a6d9ad-d3b3-4c7c-bc5a-4d182aff07cc,"size == ""0""","isEmpty == ""True""","peek_obj_type == ""EmptyObject""","push == ""none""","pop == ""EmptyObject""","clear == ""none""","size_p == ""0""",No
10151,1607885829755:7e388e22-d5be-46a1-9704-a3c4a4c547c8,1607885829756:9fa1e5f0-5024-4cea-8840-9de4f5e34ac5,"size == ""1""","isEmpty == ""False""","peek_obj_type == ""class java.lang.String""","push == ""none""","pop == ""none""","clear == ""clear""","size_p == ""0""",Yes
10152,1607885829755:7e388e22-d5be-46a1-9704-a3c4a4c547c8,1607885829756:9fa1e5f0-5024-4cea-8840-9de4f5e34ac5,"size == ""1""","isEmpty == ""False""","peek_obj_type == ""class java.lang.String""","push == ""class java.lang.String""","pop == ""none""","clear == ""none""","size_p == ""1""",Yes
10153,1607885829755:7e388e22-d5be-46a1-9704-a3c4a4c547c8,1607885829756:9fa1e5f0-5024-4cea-8840-9de4f5e34ac5,"size == ""0""","isEmpty == ""True""","peek_obj_type == ""EmptyObject""","push == ""none""","pop == ""EmptyObject""","clear == ""none""","size_p == ""1""",No
10155,1607885829755:104a52c0-b929-4acb-9523-4d80081661f4,1607885829755:d9718900-da50-42a9-b608-cec20fa1841e,"size == ""0""","isEmpty == ""True""","peek_obj_type == ""EmptyObject""","push == ""class java.lang.String""","pop == ""none""","clear == ""none""","size_p == ""0""",Yes
10156,1607885829755:104a52c0-b929-4acb-9523-4d80081661f4,1607885829755:d9718900-da50-42a9-b608-cec20fa1841e,"size == ""0""","isEmpty == ""True""","peek_obj_type == ""EmptyObject""","push == ""none""","pop == ""EmptyObject""","clear == ""none""","size_p == ""0""",No
10158,1607885829754:f0402785-8175-4d65-a7c6-8b41b3477476,1607885829754:93324bab-326a-4ede-aeda-249776d293a0,"size == ""0""","isEmpty == ""True""","peek_obj_type == ""EmptyObject""","push == ""class java.lang.String""","pop == ""none""","clear == ""none""","size_p == ""0""",Yes
10159,1607885829754:f0402785-8175-4d65-a7c6-8b41b3477476,1607885829754:93324bab-326a-4ede-aeda-249776d293a0,"size == ""0""","isEmpty == ""True""","peek_obj_type == ""EmptyObject""","push == ""none""","pop == ""EmptyObject""","clear == ""none""","size_p == ""0""",No
10161,1607885829754:f0402785-8175-4d65-a7c6-8b41b3477476,1607885829754:4f969cf0-e88d-4df5-abcb-36cceef5aa1f,"size == ""0""","isEmpty == ""True""","peek_obj_type == ""EmptyObject""","push == ""class java.lang.String""","pop == ""none""","clear == ""none""","size_p == ""0""",Yes
10162,1607885829754:f0402785-8175-4d65-a7c6-8b41b3477476,1607885829754:4f969cf0-e88d-4df5-abcb-36cceef5aa1f,"size == ""0""","isEmpty == ""True""","peek_obj_type == ""EmptyObject""","push == ""class java.lang.String""","pop == ""none""","clear == ""none""","size_p == ""0""",Yes
10164,1607885829754:366f117d-8c91-40b7-8d56-8dce29b688f3,1607885829754:fc8f78d3-3d35-480e-ae40-f28e0db4a3be,"size == ""0""","isEmpty == ""True""","peek_obj_type == ""EmptyObject""","push == ""class java.lang.String""","pop == ""none""","clear == ""none""","size_p == ""0""",Yes
10165,1607885829754:366f117d-8c91-40b7-8d56-8dce29b688f3,1607885829754:fc8f78d3-3d35-480e-ae40-f28e0db4a3be,"size == ""0""","isEmpty == ""True""","peek_obj_type == ""EmptyObject""","push == ""none""","pop == ""EmptyObject""","clear == ""none""","size_p == ""0""",No
10167,1607885829754:366f117d-8c91-40b7-8d56-8dce29b688f3,1607885829754:46621d2d-3ecb-435c-b12a-d5fcb4bcbc86,"size == ""1""","isEmpty == ""False""","peek_obj_type == ""class java.lang.String""","push == ""none""","pop == ""none""","clear == ""clear""","size_p == ""0""",Yes
10168,1607885829754:366f117d-8c91-40b7-8d56-8dce29b688f3,1607885829754:46621d2d-3ecb-435c-b12a-d5fcb4bcbc86,"size == ""1""","isEmpty == ""False""","peek_obj_type == ""class java.lang.String""","push == ""class java.lang.String""","pop == ""none""","clear == ""none""","size_p == ""1""",Yes
10169,1607885829754:366f117d-8c91-40b7-8d56-8dce29b688f3,1607885829754:46621d2d-3ecb-435c-b12a-d5fcb4bcbc86,"size == ""0""","isEmpty == ""True""","peek_obj_type == ""EmptyObject""","push == ""none""","pop == ""EmptyObject""","clear == ""none""","size_p == ""1""",No
10171,1607885829754:366f117d-8c91-40b7-8d56-8dce29b688f3,1607885829754:12a0e82b-bdfb-48b9-80cb-a7897ddd2906,"size == ""0""","isEmpty == ""True""","peek_obj_type == ""EmptyObject""","push == ""class java.lang.String""","pop == ""none""","clear == ""none""","size_p == ""0""",Yes
10172,1607885829754:366f117d-8c91-40b7-8d56-8dce29b688f3,1607885829754:12a0e82b-bdfb-48b9-80cb-a7897ddd2906,"size == ""0""","isEmpty == ""True""","peek_obj_type == ""EmptyObject""","push == ""class java.lang.String""","pop == ""none""","clear == ""none""","size_p == ""0""",Yes
10174,1607885829753:5256b0bb-328f-41c8-88dd-2c37e4ef34be,1607885829753:167ee293-a434-4bb5-80ad-5bc1aad1ff03,"size == ""0""","isEmpty == ""True""","peek_obj_type == ""EmptyObject""","push == ""class java.lang.String""","pop == ""none""","clear == ""none""","size_p == ""0""",Yes
10176,1607885829753:5256b0bb-328f-41c8-88dd-2c37e4ef34be,1607885829753:14ab23e7-0801-497a-9658-9c154471a262,"size == ""0""","isEmpty == ""True""","peek_obj_type == ""EmptyObject""","push == ""class java.lang.String""","pop == ""none""","clear == ""none""","size_p == ""0""",Yes
10177,1607885829753:5256b0bb-328f-41c8-88dd-2c37e4ef34be,1607885829753:14ab23e7-0801-497a-9658-9c154471a262,"size == ""0""","isEmpty == ""True""","peek_obj_type == ""EmptyObject""","push == ""none""","pop == ""EmptyObject""","clear == ""none""","size_p == ""0""",No
10179,1607885829753:5256b0bb-328f-41c8-88dd-2c37e4ef34be,1607885829753:0877fea1-f32b-409f-88d2-ef147d6d229d,"size == ""0""","isEmpty == ""True""","peek_obj_type == ""EmptyObject""","push == ""class java.lang.String""","pop == ""none""","clear == ""none""","size_p == ""0""",Yes
10180,1607885829753:5256b0bb-328f-41c8-88dd-2c37e4ef34be,1607885829753:0877fea1-f32b-409f-88d2-ef147d6d229d,"size == ""0""","isEmpty == ""True""","peek_obj_type == ""EmptyObject""","push == ""class java.lang.String""","pop == ""none""","clear == ""none""","size_p == ""0""",Yes
10181,1607885829753:5256b0bb-328f-41c8-88dd-2c37e4ef34be,1607885829753:0877fea1-f32b-409f-88d2-ef147d6d229d,"size == ""0""","isEmpty == ""True""","peek_obj_type == ""EmptyObject""","push == ""class java.lang.String""","pop == ""none""","clear == ""none""","size_p == ""0""",Yes
10182,1607885829753:5256b0bb-328f-41c8-88dd-2c37e4ef34be,1607885829753:0877fea1-f32b-409f-88d2-ef147d6d229d,"size == ""1""","isEmpty == ""False""","peek_obj_type == ""class java.lang.String""","push == ""none""","pop == ""none""","clear == ""clear""","size_p == ""0""",Yes
10184,1607885829753:3d211665-0cc7-4a45-bddc-4462f764df5a,1607885829753:63a8c5d0-3c53-4dbd-9d36-612577b6f135,"size == ""0""","isEmpty == ""True""","peek_obj_type == ""EmptyObject""","push == ""class java.lang.String""","pop == ""none""","clear == ""none""","size_p == ""0""",Yes
10185,1607885829753:3d211665-0cc7-4a45-bddc-4462f764df5a,1607885829753:63a8c5d0-3c53-4dbd-9d36-612577b6f135,"size == ""0""","isEmpty == ""True""","peek_obj_type == ""EmptyObject""","push == ""none""","pop == ""EmptyObject""","clear == ""none""","size_p == ""0""",No
10187,1607885829753:3d211665-0cc7-4a45-bddc-4462f764df5a,1607885829753:20951b5e-cc1d-440f-bcba-efb9c7249732,"size == ""0""","isEmpty == ""True""","peek_obj_type == ""EmptyObject""","push == ""class java.lang.String""","pop == ""none""","clear == ""none""","size_p == ""0""",Yes
10189,1607885829752:ae35a4db-aa12-4a7c-9974-a46db9865ec7,1607885829752:d8007a81-57ad-4059-b7cb-f145203c3b2f,"size == ""0""","isEmpty == ""True""","peek_obj_type == ""EmptyObject""","push == ""class java.lang.String""","pop == ""none""","clear == ""none""","size_p == ""0""",Yes
10191,1607885829752:ae35a4db-aa12-4a7c-9974-a46db9865ec7,1607885829752:9efe445c-642b-4963-bdc7-1ece66477019,"size == ""0""","isEmpty == ""True""","peek_obj_type == ""EmptyObject""","push == ""class java.lang.String""","pop == ""none""","clear == ""none""","size_p == ""0""",Yes
10192,1607885829752:ae35a4db-aa12-4a7c-9974-a46db9865ec7,1607885829752:9efe445c-642b-4963-bdc7-1ece66477019,"size == ""0""","isEmpty == ""True""","peek_obj_type == ""EmptyObject""","push == ""none""","pop == ""EmptyObject""","clear == ""none""","size_p == ""0""",No
10195,1607885829752:84cbab9b-c6d8-4384-b381-a4141d63d73a,1607885829753:ae2743bc-5520-4df2-ad43-d6b47828bf67,"size == ""0""","isEmpty == ""True""","peek_obj_type == ""EmptyObject""","push == ""class java.lang.String""","pop == ""none""","clear == ""none""","size_p == ""0""",Yes
10196,1607885829752:84cbab9b-c6d8-4384-b381-a4141d63d73a,1607885829753:ae2743bc-5520-4df2-ad43-d6b47828bf67,"size == ""0""","isEmpty == ""True""","peek_obj_type == ""EmptyObject""","push == ""none""","pop == ""EmptyObject""","clear == ""none""","size_p == ""0""",No
10198,1607885829752:84cbab9b-c6d8-4384-b381-a4141d63d73a,1607885829752:a622dff2-2ba8-459d-ae27-fe71808ff036,"size == ""1""","isEmpty == ""False""","peek_obj_type == ""class java.lang.String""","push == ""none""","pop == ""none""","clear == ""clear""","size_p == ""0""",Yes
10199,1607885829752:84cbab9b-c6d8-4384-b381-a4141d63d73a,1607885829752:a622dff2-2ba8-459d-ae27-fe71808ff036,"size == ""1""","isEmpty == ""False""","peek_obj_type == ""class java.lang.String""","push == ""class java.lang.String""","pop == ""none""","clear == ""none""","size_p == ""1""",Yes
10200,1607885829752:84cbab9b-c6d8-4384-b381-a4141d63d73a,1607885829752:a622dff2-2ba8-459d-ae27-fe71808ff036,"size == ""2""","isEmpty == ""False""","peek_obj_type == ""class java.lang.String""","push == ""none""","pop == ""none""","clear == ""clear""","size_p == ""1""",Yes
10201,1607885829752:84cbab9b-c6d8-4384-b381-a4141d63d73a,1607885829752:a622dff2-2ba8-459d-ae27-fe71808ff036,"size == ""3""","isEmpty == ""False""","peek_obj_type == ""class java.lang.String""","push == ""none""","pop == ""none""","clear == ""clear""","size_p == ""2""",Yes
10202,1607885829752:84cbab9b-c6d8-4384-b381-a4141d63d73a,1607885829752:a622dff2-2ba8-459d-ae27-fe71808ff036,"size == ""4""","isEmpty == ""False""","peek_obj_type == ""class java.lang.String""","push == ""none""","pop == ""none""","clear == ""clear""","size_p == ""3""",Yes
10204,1607885829752:27c53430-534f-4f3a-a2b6-09b64ab7d7e3,1607885829752:550c4d4e-f549-4d9c-8c8b-affe14042631,"size == ""1""","isEmpty == ""False""","peek_obj_type == ""class java.lang.String""","push == ""none""","pop == ""none""","clear == ""clear""","size_p == ""0""",Yes
10205,1607885829752:27c53430-534f-4f3a-a2b6-09b64ab7d7e3,1607885829752:550c4d4e-f549-4d9c-8c8b-affe14042631,"size == ""1""","isEmpty == ""False""","peek_obj_type == ""class java.lang.String""","push == ""class java.lang.String""","pop == ""none""","clear == ""none""","size_p == ""1""",Yes
10206,1607885829752:27c53430-534f-4f3a-a2b6-09b64ab7d7e3,1607885829752:550c4d4e-f549-4d9c-8c8b-affe14042631,"size == ""2""","isEmpty == ""False""","peek_obj_type == ""class java.lang.String""","push == ""none""","pop == ""none""","clear == ""clear""","size_p == ""1""",Yes
10207,1607885829752:27c53430-534f-4f3a-a2b6-09b64ab7d7e3,1607885829752:550c4d4e-f549-4d9c-8c8b-affe14042631,"size == ""3""","isEmpty == ""False""","peek_obj_type == ""class java.lang.String""","push == ""none""","pop == ""none""","clear == ""clear""","size_p == ""2""",Yes
10208,1607885829752:27c53430-534f-4f3a-a2b6-09b64ab7d7e3,1607885829752:550c4d4e-f549-4d9c-8c8b-affe14042631,"size == ""4""","isEmpty == ""False""","peek_obj_type == ""class java.lang.String""","push == ""none""","pop == ""none""","clear == ""clear""","size_p == ""3""",Yes
10210,1607885829752:27c53430-534f-4f3a-a2b6-09b64ab7d7e3,1607885829752:0b7e8535-fc6d-4929-b473-7bec11c2dacd,"size == ""0""","isEmpty == ""True""","peek_obj_type == ""EmptyObject""","push == ""class java.lang.String""","pop == ""none""","clear == ""none""","size_p == ""0""",Yes
10211,1607885829752:27c53430-534f-4f3a-a2b6-09b64ab7d7e3,1607885829752:0b7e8535-fc6d-4929-b473-7bec11c2dacd,"size == ""0""","isEmpty == ""True""","peek_obj_type == ""EmptyObject""","push == ""none""","pop == ""EmptyObject""","clear == ""none""","size_p == ""0""",No
10213,1607885829751:4fee97da-6f55-43e3-af65-e8b02498e7de,1607885829751:eaf8493c-658c-488c-a288-7548b3e46ae1,"size == ""0""","isEmpty == ""True""","peek_obj_type == ""EmptyObject""","push == ""class java.lang.String""","pop == ""none""","clear == ""none""","size_p == ""0""",Yes
10214,1607885829751:4fee97da-6f55-43e3-af65-e8b02498e7de,1607885829751:eaf8493c-658c-488c-a288-7548b3e46ae1,"size == ""0""","isEmpty == ""True""","peek_obj_type == ""EmptyObject""","push == ""class java.lang.String""","pop == ""none""","clear == ""none""","size_p == ""0""",Yes
10215,1607885829751:4fee97da-6f55-43e3-af65-e8b02498e7de,1607885829751:eaf8493c-658c-488c-a288-7548b3e46ae1,"size == ""0""","isEmpty == ""True""","peek_obj_type == ""EmptyObject""","push == ""class java.lang.String""","pop == ""none""","clear == ""none""","size_p == ""0""",Yes
10216,1607885829751:4fee97da-6f55-43e3-af65-e8b02498e7de,1607885829751:eaf8493c-658c-488c-a288-7548b3e46ae1,"size == ""1""","isEmpty == ""False""","peek_obj_type == ""class java.lang.String""","push == ""none""","pop == ""none""","clear == ""clear""","size_p == ""0""",Yes
10218,1607885829751:4fee97da-6f55-43e3-af65-e8b02498e7de,1607885829751:d4e17bfd-2b13-4c5d-b0e3-f885fc37f8d8,"size == ""0""","isEmpty == ""True""","peek_obj_type == ""EmptyObject""","push == ""class java.lang.String""","pop == ""none""","clear == ""none""","size_p == ""0""",Yes
10219,1607885829751:4fee97da-6f55-43e3-af65-e8b02498e7de,1607885829751:d4e17bfd-2b13-4c5d-b0e3-f885fc37f8d8,"size == ""0""","isEmpty == ""True""","peek_obj_type == ""EmptyObject""","push == ""none""","pop == ""EmptyObject""","clear == ""none""","size_p == ""0""",No
10221,1607885829751:4fee97da-6f55-43e3-af65-e8b02498e7de,1607885829751:4b1a4c63-aad9-4f62-9b12-7a9a22fbe7bd,"size == ""0""","isEmpty == ""True""","peek_obj_type == ""EmptyObject""","push == ""class java.lang.String""","pop == ""none""","clear == ""none""","size_p == ""0""",Yes
10223,1607885829751:248e84b5-6625-4134-96dc-37acab9a7c76,1607885829751:f40226ee-bffd-4d8c-9b92-cea99e973855,"size == ""0""","isEmpty == ""True""","peek_obj_type == ""EmptyObject""","push == ""class java.lang.String""","pop == ""none""","clear == ""none""","size_p == ""0""",Yes
10224,1607885829751:248e84b5-6625-4134-96dc-37acab9a7c76,1607885829751:f40226ee-bffd-4d8c-9b92-cea99e973855,"size == ""0""","isEmpty == ""True""","peek_obj_type == ""EmptyObject""","push == ""none""","pop == ""EmptyObject""","clear == ""none""","size_p == ""0""",No
10226,1607885829751:248e84b5-6625-4134-96dc-37acab9a7c76,1607885829751:384bec6c-6c6a-41c1-b6ea-51cbeedab469,"size == ""0""","isEmpty == ""True""","peek_obj_type == ""EmptyObject""","push == ""class java.lang.String""","pop == ""none""","clear == ""none""","size_p == ""0""",Yes
10229,1607885829750:88dc5a03-78ab-40a1-b71b-6bf32a5f8fc2,1607885829750:5f5bf770-20ff-4412-9298-73e36ce37619,"size == ""0""","isEmpty == ""True""","peek_obj_type == ""EmptyObject""","push == ""class java.lang.String""","pop == ""none""","clear == ""none""","size_p == ""0""",Yes
10230,1607885829750:88dc5a03-78ab-40a1-b71b-6bf32a5f8fc2,1607885829750:5f5bf770-20ff-4412-9298-73e36ce37619,"size == ""0""","isEmpty == ""True""","peek_obj_type == ""EmptyObject""","push == ""none""","pop == ""EmptyObject""","clear == ""none""","size_p == ""0""",No
10232,1607885829750:4bef949f-6790-4f89-b69b-58595ce95e3b,1607885829750:ed7424dc-cdf2-4e8f-b404-80961fcf6965,"size == ""0""","isEmpty == ""True""","peek_obj_type == ""EmptyObject""","push == ""class java.lang.String""","pop == ""none""","clear == ""none""","size_p == ""0""",Yes
10233,1607885829750:4bef949f-6790-4f89-b69b-58595ce95e3b,1607885829750:ed7424dc-cdf2-4e8f-b404-80961fcf6965,"size == ""0""","isEmpty == ""True""","peek_obj_type == ""EmptyObject""","push == ""none""","pop == ""EmptyObject""","clear == ""none""","size_p == ""0""",No
10235,1607885829750:4bef949f-6790-4f89-b69b-58595ce95e3b,1607885829750:5a2bee2c-6d89-48d0-a501-4f14233a0059,"size == ""1""","isEmpty == ""False""","peek_obj_type == ""class java.lang.String""","push == ""none""","pop == ""none""","clear == ""clear""","size_p == ""0""",Yes
10236,1607885829750:4bef949f-6790-4f89-b69b-58595ce95e3b,1607885829750:5a2bee2c-6d89-48d0-a501-4f14233a0059,"size == ""1""","isEmpty == ""False""","peek_obj_type == ""class java.lang.String""","push == ""class java.lang.String""","pop == ""none""","clear == ""none""","size_p == ""1""",Yes
10237,1607885829750:4bef949f-6790-4f89-b69b-58595ce95e3b,1607885829750:5a2bee2c-6d89-48d0-a501-4f14233a0059,"size == ""0""","isEmpty == ""True""","peek_obj_type == ""EmptyObject""","push == ""none""","pop == ""EmptyObject""","clear == ""none""","size_p == ""1""",No
10238,1607885829750:4bef949f-6790-4f89-b69b-58595ce95e3b,1607885829750:5a2bee2c-6d89-48d0-a501-4f14233a0059,"size == ""1""","isEmpty == ""False""","peek_obj_type == ""class java.lang.String""","push == ""none""","pop == ""none""","clear == ""clear""","size_p == ""0""",Yes
10240,1607885829750:05a66fa1-f493-4422-b9bd-5f6b8afe7fa8,1607885829750:9ab2179e-956b-45e4-9d99-fa96d82fc3e3,"size == ""0""","isEmpty == ""True""","peek_obj_type == ""EmptyObject""","push == ""class java.lang.String""","pop == ""none""","clear == ""none""","size_p == ""0""",Yes
10241,1607885829750:05a66fa1-f493-4422-b9bd-5f6b8afe7fa8,1607885829750:9ab2179e-956b-45e4-9d99-fa96d82fc3e3,"size == ""0""","isEmpty == ""True""","peek_obj_type == ""EmptyObject""","push == ""none""","pop == ""EmptyObject""","clear == ""none""","size_p == ""0""",No
10243,1607885829749:7a984ef3-c523-4277-b663-6d6bf3c0f8d3,1607885829749:e7c90b77-faac-4f11-83e0-48940ebc3db7,"size == ""0""","isEmpty == ""True""","peek_obj_type == ""EmptyObject""","push == ""class java.lang.String""","pop == ""none""","clear == ""none""","size_p == ""0""",Yes
10244,1607885829749:7a984ef3-c523-4277-b663-6d6bf3c0f8d3,1607885829749:e7c90b77-faac-4f11-83e0-48940ebc3db7,"size == ""0""","isEmpty == ""True""","peek_obj_type == ""EmptyObject""","push == ""none""","pop == ""EmptyObject""","clear == ""none""","size_p == ""0""",No
10246,1607885829749:7a984ef3-c523-4277-b663-6d6bf3c0f8d3,1607885829749:826c63b9-50ef-4905-8b88-280d8d2338c7,"size == ""0""","isEmpty == ""True""","peek_obj_type == ""EmptyObject""","push == ""class java.lang.String""","pop == ""none""","clear == ""none""","size_p == ""0""",Yes
10248,1607885829749:639da5d7-e920-4847-913f-6de6b58ce88e,1607885829749:9504e7e2-b8ab-4442-b351-74f0d1db8b29,"size == ""0""","isEmpty == ""True""","peek_obj_type == ""EmptyObject""","push == ""class java.lang.String""","pop == ""none""","clear == ""none""","size_p == ""0""",Yes
10249,1607885829749:639da5d7-e920-4847-913f-6de6b58ce88e,1607885829749:9504e7e2-b8ab-4442-b351-74f0d1db8b29,"size == ""0""","isEmpty == ""True""","peek_obj_type == ""EmptyObject""","push == ""none""","pop == ""EmptyObject""","clear == ""none""","size_p == ""0""",No
10251,1607885829749:33fc028a-a405-4e2b-a3e6-dd08f345ccba,1607885829749:9eea665c-c02b-4f92-914a-7d8babe8bef1,"size == ""0""","isEmpty == ""True""","peek_obj_type == ""EmptyObject""","push == ""class java.lang.String""","pop == ""none""","clear == ""none""","size_p == ""0""",Yes
10252,1607885829749:33fc028a-a405-4e2b-a3e6-dd08f345ccba,1607885829749:9eea665c-c02b-4f92-914a-7d8babe8bef1,"size == ""0""","isEmpty == ""True""","peek_obj_type == ""EmptyObject""","push == ""none""","pop == ""EmptyObject""","clear == ""none""","size_p == ""0""",No
10254,1607885829748:e4e4711f-5376-4333-955e-90ccde90cc99,1607885829748:d0442d14-242e-4437-bcc6-1c28ca011e5d,"size == ""0""","isEmpty == ""True""","peek_obj_type == ""EmptyObject""","push == ""class java.lang.String""","pop == ""none""","clear == ""none""","size_p == ""0""",Yes
10255,1607885829748:e4e4711f-5376-4333-955e-90ccde90cc99,1607885829748:d0442d14-242e-4437-bcc6-1c28ca011e5d,"size == ""0""","isEmpty == ""True""","peek_obj_type == ""EmptyObject""","push == ""none""","pop == ""EmptyObject""","clear == ""none""","size_p == ""0""",No
10257,1607885829748:e4e4711f-5376-4333-955e-90ccde90cc99,1607885829748:9224cca3-1287-4438-9e06-c69353908690,"size == ""1""","isEmpty == ""False""","peek_obj_type == ""class java.lang.String""","push == ""none""","pop == ""none""","clear == ""clear""","size_p == ""0""",Yes
10258,1607885829748:e4e4711f-5376-4333-955e-90ccde90cc99,1607885829748:9224cca3-1287-4438-9e06-c69353908690,"size == ""1""","isEmpty == ""False""","peek_obj_type == ""class java.lang.String""","push == ""class java.lang.String""","pop == ""none""","clear == ""none""","size_p == ""1""",Yes
10259,1607885829748:e4e4711f-5376-4333-955e-90ccde90cc99,1607885829748:9224cca3-1287-4438-9e06-c69353908690,"size == ""0""","isEmpty == ""True""","peek_obj_type == ""EmptyObject""","push == ""none""","pop == ""EmptyObject""","clear == ""none""","size_p == ""1""",No
10260,1607885829748:e4e4711f-5376-4333-955e-90ccde90cc99,1607885829748:9224cca3-1287-4438-9e06-c69353908690,"size == ""1""","isEmpty == ""False""","peek_obj_type == ""class java.lang.String""","push == ""none""","pop == ""none""","clear == ""clear""","size_p == ""0""",Yes
10262,1607885829748:305fdcd1-f9de-4cc2-8e59-c01935d07004,1607885829748:dc1253d5-ff19-49b2-b8cd-c16430ab6119,"size == ""0""","isEmpty == ""True""","peek_obj_type == ""EmptyObject""","push == ""class java.lang.String""","pop == ""none""","clear == ""none""","size_p == ""0""",Yes
10263,1607885829748:305fdcd1-f9de-4cc2-8e59-c01935d07004,1607885829748:dc1253d5-ff19-49b2-b8cd-c16430ab6119,"size == ""0""","isEmpty == ""True""","peek_obj_type == ""EmptyObject""","push == ""none""","pop == ""EmptyObject""","clear == ""none""","size_p == ""0""",No
10265,1607885829748:305fdcd1-f9de-4cc2-8e59-c01935d07004,1607885829748:565a231a-68e6-42f4-964f-db89ca9b7692,"size == ""1""","isEmpty == ""False""","peek_obj_type == ""class java.lang.String""","push == ""none""","pop == ""none""","clear == ""clear""","size_p == ""0""",Yes
10266,1607885829748:305fdcd1-f9de-4cc2-8e59-c01935d07004,1607885829748:565a231a-68e6-42f4-964f-db89ca9b7692,"size == ""1""","isEmpty == ""False""","peek_obj_type == ""class java.lang.String""","push == ""class java.lang.String""","pop == ""none""","clear == ""none""","size_p == ""1""",Yes
10267,1607885829748:305fdcd1-f9de-4cc2-8e59-c01935d07004,1607885829748:565a231a-68e6-42f4-964f-db89ca9b7692,"size == ""2""","isEmpty == ""False""","peek_obj_type == ""class java.lang.String""","push == ""none""","pop == ""none""","clear == ""clear""","size_p == ""1""",Yes
10268,1607885829748:305fdcd1-f9de-4cc2-8e59-c01935d07004,1607885829748:565a231a-68e6-42f4-964f-db89ca9b7692,"size == ""3""","isEmpty == ""False""","peek_obj_type == ""class java.lang.String""","push == ""none""","pop == ""none""","clear == ""clear""","size_p == ""2""",Yes
10269,1607885829748:305fdcd1-f9de-4cc2-8e59-c01935d07004,1607885829748:565a231a-68e6-42f4-964f-db89ca9b7692,"size == ""4""","isEmpty == ""False""","peek_obj_type == ""class java.lang.String""","push == ""none""","pop == ""none""","clear == ""clear""","size_p == ""3""",Yes
10271,1607885829748:258ad914-af5c-47aa-aeb4-7e64f8f7c5e2,1607885829748:265ba66f-3723-4f77-b3bf-543e5b5b14a1,"size == ""0""","isEmpty == ""True""","peek_obj_type == ""EmptyObject""","push == ""class java.lang.String""","pop == ""none""","clear == ""none""","size_p == ""0""",Yes
10272,1607885829748:258ad914-af5c-47aa-aeb4-7e64f8f7c5e2,1607885829748:265ba66f-3723-4f77-b3bf-543e5b5b14a1,"size == ""0""","isEmpty == ""True""","peek_obj_type == ""EmptyObject""","push == ""none""","pop == ""EmptyObject""","clear == ""none""","size_p == ""0""",No
10274,1607885829747:e99549b1-44eb-4bc1-b23a-3dbaad5a6ae1,1607885829747:a33accfb-a604-4437-bac5-0362a4168a58,"size == ""0""","isEmpty == ""True""","peek_obj_type == ""EmptyObject""","push == ""class java.lang.String""","pop == ""none""","clear == ""none""","size_p == ""0""",Yes
10275,1607885829747:e99549b1-44eb-4bc1-b23a-3dbaad5a6ae1,1607885829747:a33accfb-a604-4437-bac5-0362a4168a58,"size == ""0""","isEmpty == ""True""","peek_obj_type == ""EmptyObject""","push == ""none""","pop == ""EmptyObject""","clear == ""none""","size_p == ""0""",No
10277,1607885829747:e99549b1-44eb-4bc1-b23a-3dbaad5a6ae1,1607885829747:0342b327-4c8e-44d0-aabc-93b460e3c1e2,"size == ""0""","isEmpty == ""True""","peek_obj_type == ""EmptyObject""","push == ""class java.lang.String""","pop == ""none""","clear == ""none""","size_p == ""0""",Yes
10279,1607885829747:86679e25-1f8e-462c-b692-56f0395605cb,1607885829747:44f69a53-fa72-4424-b3b4-110935a29052,"size == ""0""","isEmpty == ""True""","peek_obj_type == ""EmptyObject""","push == ""class java.lang.String""","pop == ""none""","clear == ""none""","size_p == ""0""",Yes
10281,1607885829747:86679e25-1f8e-462c-b692-56f0395605cb,1607885829747:1a273b52-213a-4ad9-af04-2d5a7b1e71fb,"size == ""0""","isEmpty == ""True""","peek_obj_type == ""EmptyObject""","push == ""class java.lang.String""","pop == ""none""","clear == ""none""","size_p == ""0""",Yes
10282,1607885829747:86679e25-1f8e-462c-b692-56f0395605cb,1607885829747:1a273b52-213a-4ad9-af04-2d5a7b1e71fb,"size == ""0""","isEmpty == ""True""","peek_obj_type == ""EmptyObject""","push == ""none""","pop == ""EmptyObject""","clear == ""none""","size_p == ""0""",No
10285,1607885829746:d04b1f4d-34bf-45eb-b98a-02fcf10b0483,1607885829746:8ef53559-164a-460e-a637-e8e739e5a220,"size == ""0""","isEmpty == ""True""","peek_obj_type == ""EmptyObject""","push == ""class java.lang.String""","pop == ""none""","clear == ""none""","size_p == ""0""",Yes
10286,1607885829746:d04b1f4d-34bf-45eb-b98a-02fcf10b0483,1607885829746:8ef53559-164a-460e-a637-e8e739e5a220,"size == ""0""","isEmpty == ""True""","peek_obj_type == ""EmptyObject""","push == ""none""","pop == ""EmptyObject""","clear == ""none""","size_p == ""0""",No
10288,1607885829746:d04b1f4d-34bf-45eb-b98a-02fcf10b0483,1607885829746:2289152c-d5c3-41bc-9e73-a950b9be2211,"size == ""0""","isEmpty == ""True""","peek_obj_type == ""EmptyObject""","push == ""class java.lang.String""","pop == ""none""","clear == ""none""","size_p == ""0""",Yes
10290,1607885829746:8a797399-7b87-4002-8cc9-0db6094feeeb,1607885829747:e8080b7b-a045-4b5f-b281-f7b8c6fe8d25,"size == ""0""","isEmpty == ""True""","peek_obj_type == ""EmptyObject""","push == ""class java.lang.String""","pop == ""none""","clear == ""none""","size_p == ""0""",Yes
10291,1607885829746:8a797399-7b87-4002-8cc9-0db6094feeeb,1607885829747:e8080b7b-a045-4b5f-b281-f7b8c6fe8d25,"size == ""0""","isEmpty == ""True""","peek_obj_type == ""EmptyObject""","push == ""none""","pop == ""EmptyObject""","clear == ""none""","size_p == ""0""",No
10293,1607885829746:2475d718-86a9-4b38-a14b-0d67f4730eae,1607885829746:2fe7a2ae-a770-4de9-8035-25e181664213,"size == ""0""","isEmpty == ""True""","peek_obj_type == ""EmptyObject""","push == ""class java.lang.String""","pop == ""none""","clear == ""none""","size_p == ""0""",Yes
10294,1607885829746:2475d718-86a9-4b38-a14b-0d67f4730eae,1607885829746:2fe7a2ae-a770-4de9-8035-25e181664213,"size == ""0""","isEmpty == ""True""","peek_obj_type == ""EmptyObject""","push == ""none""","pop == ""EmptyObject""","clear == ""none""","size_p == ""0""",No
10296,1607885829745:d9fad08a-0478-4366-a3b2-eb0126a0b782,1607885829746:65bdcd28-dae9-4fa6-a3b7-8177ca024566,"size == ""0""","isEmpty == ""True""","peek_obj_type == ""EmptyObject""","push == ""class java.lang.String""","pop == ""none""","clear == ""none""","size_p == ""0""",Yes
10297,1607885829745:d9fad08a-0478-4366-a3b2-eb0126a0b782,1607885829746:65bdcd28-dae9-4fa6-a3b7-8177ca024566,"size == ""0""","isEmpty == ""True""","peek_obj_type == ""EmptyObject""","push == ""none""","pop == ""EmptyObject""","clear == ""none""","size_p == ""0""",No
10299,1607885829745:d9fad08a-0478-4366-a3b2-eb0126a0b782,1607885829745:c8c644eb-0ffa-4850-a3ac-23d2d60c9a5c,"size == ""1""","isEmpty == ""False""","peek_obj_type == ""class java.lang.String""","push == ""none""","pop == ""none""","clear == ""clear""","size_p == ""0""",Yes
10300,1607885829745:d9fad08a-0478-4366-a3b2-eb0126a0b782,1607885829745:c8c644eb-0ffa-4850-a3ac-23d2d60c9a5c,"size == ""1""","isEmpty == ""False""","peek_obj_type == ""class java.lang.String""","push == ""class java.lang.String""","pop == ""none""","clear == ""none""","size_p == ""1""",Yes
10301,1607885829745:d9fad08a-0478-4366-a3b2-eb0126a0b782,1607885829745:c8c644eb-0ffa-4850-a3ac-23d2d60c9a5c,"size == ""0""","isEmpty == ""True""","peek_obj_type == ""EmptyObject""","push == ""none""","pop == ""EmptyObject""","clear == ""none""","size_p == ""1""",No
10302,1607885829745:d9fad08a-0478-4366-a3b2-eb0126a0b782,1607885829745:c8c644eb-0ffa-4850-a3ac-23d2d60c9a5c,"size == ""1""","isEmpty == ""False""","peek_obj_type == ""class java.lang.String""","push == ""none""","pop == ""none""","clear == ""clear""","size_p == ""0""",Yes
10304,1607885829745:592939d9-5bfc-4ff7-b0a1-3aed5f8918c5,1607885829745:b14c3374-3406-4165-a69e-385ebb03c313,"size == ""0""","isEmpty == ""True""","peek_obj_type == ""EmptyObject""","push == ""class java.lang.String""","pop == ""none""","clear == ""none""","size_p == ""0""",Yes
10305,1607885829745:592939d9-5bfc-4ff7-b0a1-3aed5f8918c5,1607885829745:b14c3374-3406-4165-a69e-385ebb03c313,"size == ""0""","isEmpty == ""True""","peek_obj_type == ""EmptyObject""","push == ""none""","pop == ""EmptyObject""","clear == ""none""","size_p == ""0""",No
10307,1607885829745:592939d9-5bfc-4ff7-b0a1-3aed5f8918c5,1607885829745:89a6d513-4b0e-47a3-ba8d-9ae565b4e4be,"size == ""1""","isEmpty == ""False""","peek_obj_type == ""class java.lang.String""","push == ""none""","pop == ""none""","clear == ""clear""","size_p == ""0""",Yes
10308,1607885829745:592939d9-5bfc-4ff7-b0a1-3aed5f8918c5,1607885829745:89a6d513-4b0e-47a3-ba8d-9ae565b4e4be,"size == ""1""","isEmpty == ""False""","peek_obj_type == ""class java.lang.String""","push == ""class java.lang.String""","pop == ""none""","clear == ""none""","size_p == ""1""",Yes
10309,1607885829745:592939d9-5bfc-4ff7-b0a1-3aed5f8918c5,1607885829745:89a6d513-4b0e-47a3-ba8d-9ae565b4e4be,"size == ""2""","isEmpty == ""False""","peek_obj_type == ""class java.lang.String""","push == ""none""","pop == ""none""","clear == ""clear""","size_p == ""1""",Yes
10311,1607885829745:27292130-f5ba-441a-b6b9-80fbc827eeb5,1607885829745:02cdc937-588c-45d7-9105-f71220250a17,"size == ""0""","isEmpty == ""True""","peek_obj_type == ""EmptyObject""","push == ""class java.lang.String""","pop == ""none""","clear == ""none""","size_p == ""0""",Yes
10312,1607885829745:27292130-f5ba-441a-b6b9-80fbc827eeb5,1607885829745:02cdc937-588c-45d7-9105-f71220250a17,"size == ""0""","isEmpty == ""True""","peek_obj_type == ""EmptyObject""","push == ""none""","pop == ""EmptyObject""","clear == ""none""","size_p == ""0""",No
10314,1607885829744:8663b99f-a8af-4fd8-8919-b6c17e582b93,1607885829745:98e33545-5d1d-4033-81a7-c8b5706064e6,"size == ""0""","isEmpty == ""True""","peek_obj_type == ""EmptyObject""","push == ""class java.lang.String""","pop == ""none""","clear == ""none""","size_p == ""0""",Yes
10315,1607885829744:8663b99f-a8af-4fd8-8919-b6c17e582b93,1607885829745:98e33545-5d1d-4033-81a7-c8b5706064e6,"size == ""0""","isEmpty == ""True""","peek_obj_type == ""EmptyObject""","push == ""none""","pop == ""EmptyObject""","clear == ""none""","size_p == ""0""",No
10317,1607885829744:6f789e97-58b9-40d0-b5fb-a4f045551bab,1607885829744:d5149abf-19bb-4786-b0de-c6e7b4c8d1ad,"size == ""0""","isEmpty == ""True""","peek_obj_type == ""EmptyObject""","push == ""class java.lang.String""","pop == ""none""","clear == ""none""","size_p == ""0""",Yes
10318,1607885829744:6f789e97-58b9-40d0-b5fb-a4f045551bab,1607885829744:d5149abf-19bb-4786-b0de-c6e7b4c8d1ad,"size == ""0""","isEmpty == ""True""","peek_obj_type == ""EmptyObject""","push == ""none""","pop == ""EmptyObject""","clear == ""none""","size_p == ""0""",No
10320,1607885829744:6f789e97-58b9-40d0-b5fb-a4f045551bab,1607885829744:79906d84-12a9-4352-8091-9eb92a252c45,"size == ""0""","isEmpty == ""True""","peek_obj_type == ""EmptyObject""","push == ""class java.lang.String""","pop == ""none""","clear == ""none""","size_p == ""0""",Yes
10323,1607885829744:6ac0db9b-db6b-4f84-ac40-e14580ae1534,1607885829744:84d80255-5df7-470b-9666-9d9984fd7300,"size == ""0""","isEmpty == ""True""","peek_obj_type == ""EmptyObject""","push == ""class java.lang.String""","pop == ""none""","clear == ""none""","size_p == ""0""",Yes
10324,1607885829744:6ac0db9b-db6b-4f84-ac40-e14580ae1534,1607885829744:84d80255-5df7-470b-9666-9d9984fd7300,"size == ""0""","isEmpty == ""True""","peek_obj_type == ""EmptyObject""","push == ""none""","pop == ""EmptyObject""","clear == ""none""","size_p == ""0""",No
10326,1607885829743:47e155bd-5df1-41cd-87e0-72cd531ef107,1607885829744:bd3b6c89-5546-45cb-973e-592e654e29f0,"size == ""0""","isEmpty == ""True""","peek_obj_type == ""EmptyObject""","push == ""class java.lang.String""","pop == ""none""","clear == ""none""","size_p == ""0""",Yes
10327,1607885829743:47e155bd-5df1-41cd-87e0-72cd531ef107,1607885829744:bd3b6c89-5546-45cb-973e-592e654e29f0,"size == ""0""","isEmpty == ""True""","peek_obj_type == ""EmptyObject""","push == ""none""","pop == ""EmptyObject""","clear == ""none""","size_p == ""0""",No
10329,1607885829743:204d9263-40ee-4943-9f45-ea85097c297b,1607885829743:c6013038-90ce-42b7-a748-0c195a167257,"size == ""0""","isEmpty == ""True""","peek_obj_type == ""EmptyObject""","push == ""class java.lang.String""","pop == ""none""","clear == ""none""","size_p == ""0""",Yes
10330,1607885829743:204d9263-40ee-4943-9f45-ea85097c297b,1607885829743:c6013038-90ce-42b7-a748-0c195a167257,"size == ""0""","isEmpty == ""True""","peek_obj_type == ""EmptyObject""","push == ""class java.lang.String""","pop == ""none""","clear == ""none""","size_p == ""0""",Yes
10332,1607885829743:204d9263-40ee-4943-9f45-ea85097c297b,1607885829743:6a2af620-192a-488b-a88f-3132e6047cb8,"size == ""0""","isEmpty == ""True""","peek_obj_type == ""EmptyObject""","push == ""class java.lang.String""","pop == ""none""","clear == ""none""","size_p == ""0""",Yes
10333,1607885829743:204d9263-40ee-4943-9f45-ea85097c297b,1607885829743:6a2af620-192a-488b-a88f-3132e6047cb8,"size == ""0""","isEmpty == ""True""","peek_obj_type == ""EmptyObject""","push == ""none""","pop == ""EmptyObject""","clear == ""none""","size_p == ""0""",No
10335,1607885829743:000b567e-36c1-4a56-b030-9ac6fd956496,1607885829743:23faff2e-4a67-4811-93d0-ed7d9d21dcf2,"size == ""0""","isEmpty == ""True""","peek_obj_type == ""EmptyObject""","push == ""class java.lang.String""","pop == ""none""","clear == ""none""","size_p == ""0""",Yes
10336,1607885829743:000b567e-36c1-4a56-b030-9ac6fd956496,1607885829743:23faff2e-4a67-4811-93d0-ed7d9d21dcf2,"size == ""0""","isEmpty == ""True""","peek_obj_type == ""EmptyObject""","push == ""none""","pop == ""EmptyObject""","clear == ""none""","size_p == ""0""",No
10338,1607885829743:000b567e-36c1-4a56-b030-9ac6fd956496,1607885829743:0caded1a-fc50-4253-8c36-53898277fd8e,"size == ""1""","isEmpty == ""False""","peek_obj_type == ""class java.lang.String""","push == ""none""","pop == ""none""","clear == ""clear""","size_p == ""0""",Yes
10339,1607885829743:000b567e-36c1-4a56-b030-9ac6fd956496,1607885829743:0caded1a-fc50-4253-8c36-53898277fd8e,"size == ""1""","isEmpty == ""False""","peek_obj_type == ""class java.lang.String""","push == ""class java.lang.String""","pop == ""none""","clear == ""none""","size_p == ""1""",Yes
10340,1607885829743:000b567e-36c1-4a56-b030-9ac6fd956496,1607885829743:0caded1a-fc50-4253-8c36-53898277fd8e,"size == ""2""","isEmpty == ""False""","peek_obj_type == ""class java.lang.String""","push == ""none""","pop == ""none""","clear == ""clear""","size_p == ""1""",Yes
10341,1607885829743:000b567e-36c1-4a56-b030-9ac6fd956496,1607885829743:0caded1a-fc50-4253-8c36-53898277fd8e,"size == ""3""","isEmpty == ""False""","peek_obj_type == ""class java.lang.String""","push == ""none""","pop == ""none""","clear == ""clear""","size_p == ""2""",Yes
10342,1607885829743:000b567e-36c1-4a56-b030-9ac6fd956496,1607885829743:0caded1a-fc50-4253-8c36-53898277fd8e,"size == ""4""","isEmpty == ""False""","peek_obj_type == ""class java.lang.String""","push == ""none""","pop == ""none""","clear == ""clear""","size_p == ""3""",Yes
10344,1607885829742:e73f60d9-49a4-4354-921e-4ca6e05321cb,1607885829742:0a5a8ee2-c196-4fa6-a26d-3ba88b94d081,"size == ""0""","isEmpty == ""True""","peek_obj_type == ""EmptyObject""","push == ""class java.lang.String""","pop == ""none""","clear == ""none""","size_p == ""0""",Yes
10345,1607885829742:e73f60d9-49a4-4354-921e-4ca6e05321cb,1607885829742:0a5a8ee2-c196-4fa6-a26d-3ba88b94d081,"size == ""0""","isEmpty == ""True""","peek_obj_type == ""EmptyObject""","push == ""none""","pop == ""EmptyObject""","clear == ""none""","size_p == ""0""",No
10347,1607885829742:d7e89a72-b193-4111-ba08-c5d36cee1f92,1607885829742:5f1c3f35-e985-480f-8a5d-f5d9adee66c5,"size == ""0""","isEmpty == ""True""","peek_obj_type == ""EmptyObject""","push == ""class java.lang.String""","pop == ""none""","clear == ""none""","size_p == ""0""",Yes
10348,1607885829742:d7e89a72-b193-4111-ba08-c5d36cee1f92,1607885829742:5f1c3f35-e985-480f-8a5d-f5d9adee66c5,"size == ""0""","isEmpty == ""True""","peek_obj_type == ""EmptyObject""","push == ""none""","pop == ""EmptyObject""","clear == ""none""","size_p == ""0""",No
10350,1607885829742:d7e89a72-b193-4111-ba08-c5d36cee1f92,1607885829742:210cd35c-619f-4887-9c06-11a397a46d45,"size == ""0""","isEmpty == ""True""","peek_obj_type == ""EmptyObject""","push == ""class java.lang.String""","pop == ""none""","clear == ""none""","size_p == ""0""",Yes
10351,1607885829742:d7e89a72-b193-4111-ba08-c5d36cee1f92,1607885829742:210cd35c-619f-4887-9c06-11a397a46d45,"size == ""0""","isEmpty == ""True""","peek_obj_type == ""EmptyObject""","push == ""class java.lang.String""","pop == ""none""","clear == ""none""","size_p == ""0""",Yes
10353,1607885829741:5bace69c-9fc0-4e06-9b0b-519cee9e493b,1607885829741:e045b958-a628-4a03-82c5-d4b1da91316f,"size == ""0""","isEmpty == ""True""","peek_obj_type == ""EmptyObject""","push == ""class java.lang.String""","pop == ""none""","clear == ""none""","size_p == ""0""",Yes
10354,1607885829741:5bace69c-9fc0-4e06-9b0b-519cee9e493b,1607885829741:e045b958-a628-4a03-82c5-d4b1da91316f,"size == ""0""","isEmpty == ""True""","peek_obj_type == ""EmptyObject""","push == ""none""","pop == ""EmptyObject""","clear == ""none""","size_p == ""0""",No
10356,1607885829741:5bace69c-9fc0-4e06-9b0b-519cee9e493b,1607885829741:977a7fa0-362f-45f2-83bc-796f5243cc29,"size == ""0""","isEmpty == ""True""","peek_obj_type == ""EmptyObject""","push == ""class java.lang.String""","pop == ""none""","clear == ""none""","size_p == ""0""",Yes
10357,1607885829741:5bace69c-9fc0-4e06-9b0b-519cee9e493b,1607885829741:977a7fa0-362f-45f2-83bc-796f5243cc29,"size == ""0""","isEmpty == ""True""","peek_obj_type == ""EmptyObject""","push == ""class java.lang.String""","pop == ""none""","clear == ""none""","size_p == ""0""",Yes
10360,1607885829741:24f5f813-ced3-45d1-ab73-75f84b81386b,1607885829741:d548a9f2-0e0e-4df5-bce6-e33761f1cf28,"size == ""0""","isEmpty == ""True""","peek_obj_type == ""EmptyObject""","push == ""class java.lang.String""","pop == ""none""","clear == ""none""","size_p == ""0""",Yes
10361,1607885829741:24f5f813-ced3-45d1-ab73-75f84b81386b,1607885829741:d548a9f2-0e0e-4df5-bce6-e33761f1cf28,"size == ""0""","isEmpty == ""True""","peek_obj_type == ""EmptyObject""","push == ""none""","pop == ""EmptyObject""","clear == ""none""","size_p == ""0""",No
10363,1607885829741:24f5f813-ced3-45d1-ab73-75f84b81386b,1607885829741:975bf061-60f8-4c0c-839f-57e73a6e1a7c,"size == ""0""","isEmpty == ""True""","peek_obj_type == ""EmptyObject""","push == ""class java.lang.String""","pop == ""none""","clear == ""none""","size_p == ""0""",Yes
10365,1607885829740:dc36b64d-e517-4487-bd8d-ee975d59c49b,1607885829740:6593cd49-f6e5-4ab6-aadb-78fb0907687b,"size == ""0""","isEmpty == ""True""","peek_obj_type == ""EmptyObject""","push == ""class java.lang.String""","pop == ""none""","clear == ""none""","size_p == ""0""",Yes
10366,1607885829740:dc36b64d-e517-4487-bd8d-ee975d59c49b,1607885829740:6593cd49-f6e5-4ab6-aadb-78fb0907687b,"size == ""0""","isEmpty == ""True""","peek_obj_type == ""EmptyObject""","push == ""none""","pop == ""EmptyObject""","clear == ""none""","size_p == ""0""",No
10368,1607885829740:84a14b7a-079f-44b8-afa4-0471bf4ffad6,1607885829740:2ac58866-b314-45d1-a1b8-b2bf4517057e,"size == ""0""","isEmpty == ""True""","peek_obj_type == ""EmptyObject""","push == ""class java.lang.String""","pop == ""none""","clear == ""none""","size_p == ""0""",Yes
10369,1607885829740:84a14b7a-079f-44b8-afa4-0471bf4ffad6,1607885829740:2ac58866-b314-45d1-a1b8-b2bf4517057e,"size == ""0""","isEmpty == ""True""","peek_obj_type == ""EmptyObject""","push == ""none""","pop == ""EmptyObject""","clear == ""none""","size_p == ""0""",No
10371,1607885829740:4d458808-7b68-4a5b-bbee-435d032e7d85,1607885829740:5f8f8165-601d-4eb0-adde-3c9606de98bc,"size == ""0""","isEmpty == ""True""","peek_obj_type == ""EmptyObject""","push == ""class java.lang.String""","pop == ""none""","clear == ""none""","size_p == ""0""",Yes
10372,1607885829740:4d458808-7b68-4a5b-bbee-435d032e7d85,1607885829740:5f8f8165-601d-4eb0-adde-3c9606de98bc,"size == ""0""","isEmpty == ""True""","peek_obj_type == ""EmptyObject""","push == ""none""","pop == ""EmptyObject""","clear == ""none""","size_p == ""0""",No
10374,1607885829739:e4dafd04-7caf-47c8-9b3a-bdf06a03f4e1,1607885829739:f20c236b-25d7-4133-8068-5059fa194455,"size == ""0""","isEmpty == ""True""","peek_obj_type == ""EmptyObject""","push == ""class java.lang.String""","pop == ""none""","clear == ""none""","size_p == ""0""",Yes
10375,1607885829739:e4dafd04-7caf-47c8-9b3a-bdf06a03f4e1,1607885829739:f20c236b-25d7-4133-8068-5059fa194455,"size == ""0""","isEmpty == ""True""","peek_obj_type == ""EmptyObject""","push == ""class java.lang.String""","pop == ""none""","clear == ""none""","size_p == ""0""",Yes
10377,1607885829739:e4dafd04-7caf-47c8-9b3a-bdf06a03f4e1,1607885829739:45933a7c-4905-4ba2-ab36-c23996648335,"size == ""0""","isEmpty == ""True""","peek_obj_type == ""EmptyObject""","push == ""class java.lang.String""","pop == ""none""","clear == ""none""","size_p == ""0""",Yes
10378,1607885829739:e4dafd04-7caf-47c8-9b3a-bdf06a03f4e1,1607885829739:45933a7c-4905-4ba2-ab36-c23996648335,"size == ""0""","isEmpty == ""True""","peek_obj_type == ""EmptyObject""","push == ""none""","pop == ""EmptyObject""","clear == ""none""","size_p == ""0""",No
10380,1607885829739:88d836d5-6ee9-4522-babe-2bfe51c1a336,1607885829739:30fc4ef4-fa60-4633-b43a-6aad69fa4759,"size == ""0""","isEmpty == ""True""","peek_obj_type == ""EmptyObject""","push == ""class java.lang.String""","pop == ""none""","clear == ""none""","size_p == ""0""",Yes
10381,1607885829739:88d836d5-6ee9-4522-babe-2bfe51c1a336,1607885829739:30fc4ef4-fa60-4633-b43a-6aad69fa4759,"size == ""0""","isEmpty == ""True""","peek_obj_type == ""EmptyObject""","push == ""none""","pop == ""EmptyObject""","clear == ""none""","size_p == ""0""",No
10383,1607885829739:88d836d5-6ee9-4522-babe-2bfe51c1a336,1607885829739:1da3e259-2ac5-4cfe-a5dd-f9d593d02942,"size == ""1""","isEmpty == ""False""","peek_obj_type == ""class java.lang.String""","push == ""none""","pop == ""none""","clear == ""clear""","size_p == ""0""",Yes
10384,1607885829739:88d836d5-6ee9-4522-babe-2bfe51c1a336,1607885829739:1da3e259-2ac5-4cfe-a5dd-f9d593d02942,"size == ""1""","isEmpty == ""False""","peek_obj_type == ""class java.lang.String""","push == ""class java.lang.String""","pop == ""none""","clear == ""none""","size_p == ""1""",Yes
10385,1607885829739:88d836d5-6ee9-4522-babe-2bfe51c1a336,1607885829739:1da3e259-2ac5-4cfe-a5dd-f9d593d02942,"size == ""2""","isEmpty == ""False""","peek_obj_type == ""class java.lang.String""","push == ""none""","pop == ""none""","clear == ""clear""","size_p == ""1""",Yes
10386,1607885829739:88d836d5-6ee9-4522-babe-2bfe51c1a336,1607885829739:1da3e259-2ac5-4cfe-a5dd-f9d593d02942,"size == ""3""","isEmpty == ""False""","peek_obj_type == ""class java.lang.String""","push == ""none""","pop == ""none""","clear == ""clear""","size_p == ""2""",Yes
10387,1607885829739:88d836d5-6ee9-4522-babe-2bfe51c1a336,1607885829739:1da3e259-2ac5-4cfe-a5dd-f9d593d02942,"size == ""4""","isEmpty == ""False""","peek_obj_type == ""class java.lang.String""","push == ""none""","pop == ""none""","clear == ""clear""","size_p == ""3""",Yes
10389,1607885829738:e8d8bfa2-3e81-4583-bc30-fa9779d7c450,1607885829738:a6e1d912-208e-4a3a-be14-9aad0fd4a7e4,"size == ""0""","isEmpty == ""True""","peek_obj_type == ""EmptyObject""","push == ""class java.lang.String""","pop == ""none""","clear == ""none""","size_p == ""0""",Yes
10391,1607885829738:e8d8bfa2-3e81-4583-bc30-fa9779d7c450,1607885829738:9540466f-8f14-4b5d-8a49-c849f62b1f15,"size == ""0""","isEmpty == ""True""","peek_obj_type == ""EmptyObject""","push == ""class java.lang.String""","pop == ""none""","clear == ""none""","size_p == ""0""",Yes
10392,1607885829738:e8d8bfa2-3e81-4583-bc30-fa9779d7c450,1607885829738:9540466f-8f14-4b5d-8a49-c849f62b1f15,"size == ""0""","isEmpty == ""True""","peek_obj_type == ""EmptyObject""","push == ""none""","pop == ""EmptyObject""","clear == ""none""","size_p == ""0""",No
10394,1607885829738:7f927a8a-6045-4262-8e7e-f50b4bc2eb1b,1607885829738:7341e1ce-6e14-4f85-a1a7-d399c133d459,"size == ""0""","isEmpty == ""True""","peek_obj_type == ""EmptyObject""","push == ""class java.lang.String""","pop == ""none""","clear == ""none""","size_p == ""0""",Yes
10395,1607885829738:7f927a8a-6045-4262-8e7e-f50b4bc2eb1b,1607885829738:7341e1ce-6e14-4f85-a1a7-d399c133d459,"size == ""0""","isEmpty == ""True""","peek_obj_type == ""EmptyObject""","push == ""none""","pop == ""EmptyObject""","clear == ""none""","size_p == ""0""",No
10397,1607885829737:b94b8750-e827-477d-a703-115429c6fe12,1607885829737:f964d69d-139d-434f-b2da-e097026ece0c,"size == ""0""","isEmpty == ""True""","peek_obj_type == ""EmptyObject""","push == ""class java.lang.String""","pop == ""none""","clear == ""none""","size_p == ""0""",Yes
10398,1607885829737:b94b8750-e827-477d-a703-115429c6fe12,1607885829737:f964d69d-139d-434f-b2da-e097026ece0c,"size == ""0""","isEmpty == ""True""","peek_obj_type == ""EmptyObject""","push == ""none""","pop == ""EmptyObject""","clear == ""none""","size_p == ""0""",No
10400,1607885829737:957490d4-d0f4-4468-9723-dfb9eb2aca33,1607885829738:b6be3d78-7349-49dd-99d6-6115bd053d32,"size == ""0""","isEmpty == ""True""","peek_obj_type == ""EmptyObject""","push == ""class java.lang.String""","pop == ""none""","clear == ""none""","size_p == ""0""",Yes
10401,1607885829737:957490d4-d0f4-4468-9723-dfb9eb2aca33,1607885829738:b6be3d78-7349-49dd-99d6-6115bd053d32,"size == ""0""","isEmpty == ""True""","peek_obj_type == ""EmptyObject""","push == ""none""","pop == ""EmptyObject""","clear == ""none""","size_p == ""0""",No
10403,1607885829737:957490d4-d0f4-4468-9723-dfb9eb2aca33,1607885829737:bae98f7e-da95-4a9e-8e0a-aa0f31d53b32,"size == ""0""","isEmpty == ""True""","peek_obj_type == ""EmptyObject""","push == ""class java.lang.String""","pop == ""none""","clear == ""none""","size_p == ""0""",Yes
10404,1607885829737:957490d4-d0f4-4468-9723-dfb9eb2aca33,1607885829737:bae98f7e-da95-4a9e-8e0a-aa0f31d53b32,"size == ""0""","isEmpty == ""True""","peek_obj_type == ""EmptyObject""","push == ""class java.lang.String""","pop == ""none""","clear == ""none""","size_p == ""0""",Yes
10406,1607885829736:68d2a60f-b2a2-4f20-8f20-86941e3d2352,1607885829737:75208bf5-8e5d-428c-b076-c8d049cd7128,"size == ""0""","isEmpty == ""True""","peek_obj_type == ""EmptyObject""","push == ""class java.lang.String""","pop == ""none""","clear == ""none""","size_p == ""0""",Yes
10407,1607885829736:68d2a60f-b2a2-4f20-8f20-86941e3d2352,1607885829737:75208bf5-8e5d-428c-b076-c8d049cd7128,"size == ""0""","isEmpty == ""True""","peek_obj_type == ""EmptyObject""","push == ""none""","pop == ""EmptyObject""","clear == ""none""","size_p == ""0""",No
10409,1607885829736:68d2a60f-b2a2-4f20-8f20-86941e3d2352,1607885829736:7b3df583-a7d8-48ca-b6a3-7884c385eec7,"size == ""1""","isEmpty == ""False""","peek_obj_type == ""class java.lang.String""","push == ""none""","pop == ""none""","clear == ""clear""","size_p == ""0""",Yes
10410,1607885829736:68d2a60f-b2a2-4f20-8f20-86941e3d2352,1607885829736:7b3df583-a7d8-48ca-b6a3-7884c385eec7,"size == ""1""","isEmpty == ""False""","peek_obj_type == ""class java.lang.String""","push == ""class java.lang.String""","pop == ""none""","clear == ""none""","size_p == ""1""",Yes
10411,1607885829736:68d2a60f-b2a2-4f20-8f20-86941e3d2352,1607885829736:7b3df583-a7d8-48ca-b6a3-7884c385eec7,"size == ""2""","isEmpty == ""False""","peek_obj_type == ""class java.lang.String""","push == ""none""","pop == ""none""","clear == ""clear""","size_p == ""1""",Yes
10412,1607885829736:68d2a60f-b2a2-4f20-8f20-86941e3d2352,1607885829736:7b3df583-a7d8-48ca-b6a3-7884c385eec7,"size == ""3""","isEmpty == ""False""","peek_obj_type == ""class java.lang.String""","push == ""none""","pop == ""none""","clear == ""clear""","size_p == ""2""",Yes
10413,1607885829736:68d2a60f-b2a2-4f20-8f20-86941e3d2352,1607885829736:7b3df583-a7d8-48ca-b6a3-7884c385eec7,"size == ""4""","isEmpty == ""False""","peek_obj_type == ""class java.lang.String""","push == ""none""","pop == ""none""","clear == ""clear""","size_p == ""3""",Yes
10415,1607885829735:87225b8f-2cb5-4c9b-85f0-c34bc2613b0d,1607885829736:e95c9971-4113-4a75-8497-0543dd3bccbb,"size == ""0""","isEmpty == ""True""","peek_obj_type == ""EmptyObject""","push == ""class java.lang.String""","pop == ""none""","clear == ""none""","size_p == ""0""",Yes
10416,1607885829735:87225b8f-2cb5-4c9b-85f0-c34bc2613b0d,1607885829736:e95c9971-4113-4a75-8497-0543dd3bccbb,"size == ""0""","isEmpty == ""True""","peek_obj_type == ""EmptyObject""","push == ""none""","pop == ""EmptyObject""","clear == ""none""","size_p == ""0""",No
10418,1607885829735:87225b8f-2cb5-4c9b-85f0-c34bc2613b0d,1607885829735:bd5e8446-3f97-46f5-a815-ab300ae72f99,"size == ""1""","isEmpty == ""False""","peek_obj_type == ""class java.lang.String""","push == ""none""","pop == ""none""","clear == ""clear""","size_p == ""0""",Yes
10419,1607885829735:87225b8f-2cb5-4c9b-85f0-c34bc2613b0d,1607885829735:bd5e8446-3f97-46f5-a815-ab300ae72f99,"size == ""1""","isEmpty == ""False""","peek_obj_type == ""class java.lang.String""","push == ""class java.lang.String""","pop == ""none""","clear == ""none""","size_p == ""1""",Yes
10420,1607885829735:87225b8f-2cb5-4c9b-85f0-c34bc2613b0d,1607885829735:bd5e8446-3f97-46f5-a815-ab300ae72f99,"size == ""2""","isEmpty == ""False""","peek_obj_type == ""class java.lang.String""","push == ""none""","pop == ""none""","clear == ""clear""","size_p == ""1""",Yes
10421,1607885829735:87225b8f-2cb5-4c9b-85f0-c34bc2613b0d,1607885829735:bd5e8446-3f97-46f5-a815-ab300ae72f99,"size == ""3""","isEmpty == ""False""","peek_obj_type == ""class java.lang.String""","push == ""none""","pop == ""none""","clear == ""clear""","size_p == ""2""",Yes
10422,1607885829735:87225b8f-2cb5-4c9b-85f0-c34bc2613b0d,1607885829735:bd5e8446-3f97-46f5-a815-ab300ae72f99,"size == ""4""","isEmpty == ""False""","peek_obj_type == ""class java.lang.String""","push == ""none""","pop == ""none""","clear == ""clear""","size_p == ""3""",Yes
10424,1607885829735:6fd8762f-f4f6-4509-a15d-ad9cd6039549,1607885829735:7e3c3823-4308-4de8-8a35-9a79f80bf8f9,"size == ""0""","isEmpty == ""True""","peek_obj_type == ""EmptyObject""","push == ""class java.lang.String""","pop == ""none""","clear == ""none""","size_p == ""0""",Yes
10425,1607885829735:6fd8762f-f4f6-4509-a15d-ad9cd6039549,1607885829735:7e3c3823-4308-4de8-8a35-9a79f80bf8f9,"size == ""0""","isEmpty == ""True""","peek_obj_type == ""EmptyObject""","push == ""none""","pop == ""EmptyObject""","clear == ""none""","size_p == ""0""",No
10427,1607885829734:789eed7b-d0bd-4093-841a-1e3b2014c230,1607885829734:4b751281-b61d-47c9-9c34-37b0fb5bda30,"size == ""0""","isEmpty == ""True""","peek_obj_type == ""EmptyObject""","push == ""class java.lang.String""","pop == ""none""","clear == ""none""","size_p == ""0""",Yes
10428,1607885829734:789eed7b-d0bd-4093-841a-1e3b2014c230,1607885829734:4b751281-b61d-47c9-9c34-37b0fb5bda30,"size == ""0""","isEmpty == ""True""","peek_obj_type == ""EmptyObject""","push == ""none""","pop == ""EmptyObject""","clear == ""none""","size_p == ""0""",No
10430,1607885829734:70ef797b-8c23-4c32-b511-13e07f2a2648,1607885829735:0c3ec5d4-7591-42c8-9ee4-6d4158f0bcaa,"size == ""0""","isEmpty == ""True""","peek_obj_type == ""EmptyObject""","push == ""class java.lang.String""","pop == ""none""","clear == ""none""","size_p == ""0""",Yes
10431,1607885829734:70ef797b-8c23-4c32-b511-13e07f2a2648,1607885829735:0c3ec5d4-7591-42c8-9ee4-6d4158f0bcaa,"size == ""0""","isEmpty == ""True""","peek_obj_type == ""EmptyObject""","push == ""none""","pop == ""EmptyObject""","clear == ""none""","size_p == ""0""",No
10433,1607885829734:70ef797b-8c23-4c32-b511-13e07f2a2648,1607885829734:cb91fb36-a04d-47c1-90ac-cd10f6e131a4,"size == ""1""","isEmpty == ""False""","peek_obj_type == ""class java.lang.String""","push == ""none""","pop == ""none""","clear == ""clear""","size_p == ""0""",Yes
10434,1607885829734:70ef797b-8c23-4c32-b511-13e07f2a2648,1607885829734:cb91fb36-a04d-47c1-90ac-cd10f6e131a4,"size == ""1""","isEmpty == ""False""","peek_obj_type == ""class java.lang.String""","push == ""class java.lang.String""","pop == ""none""","clear == ""none""","size_p == ""1""",Yes
10435,1607885829734:70ef797b-8c23-4c32-b511-13e07f2a2648,1607885829734:cb91fb36-a04d-47c1-90ac-cd10f6e131a4,"size == ""2""","isEmpty == ""False""","peek_obj_type == ""class java.lang.String""","push == ""none""","pop == ""none""","clear == ""clear""","size_p == ""1""",Yes
10437,1607885829734:4d5378ae-5cf6-4055-9bd6-0b5fd904477e,1607885829734:cde213cb-bc57-4b38-abcc-f1586dede21c,"size == ""0""","isEmpty == ""True""","peek_obj_type == ""EmptyObject""","push == ""class java.lang.String""","pop == ""none""","clear == ""none""","size_p == ""0""",Yes
10438,1607885829734:4d5378ae-5cf6-4055-9bd6-0b5fd904477e,1607885829734:cde213cb-bc57-4b38-abcc-f1586dede21c,"size == ""0""","isEmpty == ""True""","peek_obj_type == ""EmptyObject""","push == ""none""","pop == ""EmptyObject""","clear == ""none""","size_p == ""0""",No
10440,1607885829733:6b6998d9-3d58-487b-a7ee-ad3041c9875b,1607885829733:c5969d6c-72da-46ac-8963-7988cbe66f67,"size == ""1""","isEmpty == ""False""","peek_obj_type == ""class java.lang.String""","push == ""none""","pop == ""none""","clear == ""clear""","size_p == ""0""",Yes
10441,1607885829733:6b6998d9-3d58-487b-a7ee-ad3041c9875b,1607885829733:c5969d6c-72da-46ac-8963-7988cbe66f67,"size == ""1""","isEmpty == ""False""","peek_obj_type == ""class java.lang.String""","push == ""class java.lang.String""","pop == ""none""","clear == ""none""","size_p == ""1""",Yes
10442,1607885829733:6b6998d9-3d58-487b-a7ee-ad3041c9875b,1607885829733:c5969d6c-72da-46ac-8963-7988cbe66f67,"size == ""2""","isEmpty == ""False""","peek_obj_type == ""class java.lang.String""","push == ""none""","pop == ""none""","clear == ""clear""","size_p == ""1""",Yes
10443,1607885829733:6b6998d9-3d58-487b-a7ee-ad3041c9875b,1607885829733:c5969d6c-72da-46ac-8963-7988cbe66f67,"size == ""3""","isEmpty == ""False""","peek_obj_type == ""class java.lang.String""","push == ""none""","pop == ""none""","clear == ""clear""","size_p == ""2""",Yes
10444,1607885829733:6b6998d9-3d58-487b-a7ee-ad3041c9875b,1607885829733:c5969d6c-72da-46ac-8963-7988cbe66f67,"size == ""4""","isEmpty == ""False""","peek_obj_type == ""class java.lang.String""","push == ""none""","pop == ""none""","clear == ""clear""","size_p == ""3""",Yes
10446,1607885829733:6b6998d9-3d58-487b-a7ee-ad3041c9875b,1607885829733:4a62f1ff-e6dc-4b0b-b788-4391d277e687,"size == ""0""","isEmpty == ""True""","peek_obj_type == ""EmptyObject""","push == ""class java.lang.String""","pop == ""none""","clear == ""none""","size_p == ""0""",Yes
10447,1607885829733:6b6998d9-3d58-487b-a7ee-ad3041c9875b,1607885829733:4a62f1ff-e6dc-4b0b-b788-4391d277e687,"size == ""0""","isEmpty == ""True""","peek_obj_type == ""EmptyObject""","push == ""none""","pop == ""EmptyObject""","clear == ""none""","size_p == ""0""",No
10449,1607885829733:34f91b3b-7ecb-4f03-81b8-7370932f1d30,1607885829733:a06bdc98-c06b-4643-b9f1-54ff624b7585,"size == ""1""","isEmpty == ""False""","peek_obj_type == ""class java.lang.String""","push == ""none""","pop == ""none""","clear == ""clear""","size_p == ""0""",Yes
10450,1607885829733:34f91b3b-7ecb-4f03-81b8-7370932f1d30,1607885829733:a06bdc98-c06b-4643-b9f1-54ff624b7585,"size == ""1""","isEmpty == ""False""","peek_obj_type == ""class java.lang.String""","push == ""class java.lang.String""","pop == ""none""","clear == ""none""","size_p == ""1""",Yes
10451,1607885829733:34f91b3b-7ecb-4f03-81b8-7370932f1d30,1607885829733:a06bdc98-c06b-4643-b9f1-54ff624b7585,"size == ""0""","isEmpty == ""True""","peek_obj_type == ""EmptyObject""","push == ""none""","pop == ""EmptyObject""","clear == ""none""","size_p == ""1""",No
10452,1607885829733:34f91b3b-7ecb-4f03-81b8-7370932f1d30,1607885829733:a06bdc98-c06b-4643-b9f1-54ff624b7585,"size == ""1""","isEmpty == ""False""","peek_obj_type == ""class java.lang.String""","push == ""none""","pop == ""none""","clear == ""clear""","size_p == ""0""",Yes
10454,1607885829733:34f91b3b-7ecb-4f03-81b8-7370932f1d30,1607885829733:6897f1f8-35a5-4c7f-816a-145c16a35c34,"size == ""0""","isEmpty == ""True""","peek_obj_type == ""EmptyObject""","push == ""class java.lang.String""","pop == ""none""","clear == ""none""","size_p == ""0""",Yes
10455,1607885829733:34f91b3b-7ecb-4f03-81b8-7370932f1d30,1607885829733:6897f1f8-35a5-4c7f-816a-145c16a35c34,"size == ""0""","isEmpty == ""True""","peek_obj_type == ""EmptyObject""","push == ""none""","pop == ""EmptyObject""","clear == ""none""","size_p == ""0""",No
10457,1607885829732:00652e16-06c4-4f37-bf4f-aaf9bd2fb16f,1607885829732:fdfe253d-408d-4ea1-b15b-c58bf67b3674,"size == ""0""","isEmpty == ""True""","peek_obj_type == ""EmptyObject""","push == ""class java.lang.String""","pop == ""none""","clear == ""none""","size_p == ""0""",Yes
10458,1607885829732:00652e16-06c4-4f37-bf4f-aaf9bd2fb16f,1607885829732:fdfe253d-408d-4ea1-b15b-c58bf67b3674,"size == ""0""","isEmpty == ""True""","peek_obj_type == ""EmptyObject""","push == ""none""","pop == ""EmptyObject""","clear == ""none""","size_p == ""0""",No
10460,1607885829732:00652e16-06c4-4f37-bf4f-aaf9bd2fb16f,1607885829732:b111dc90-6067-4806-bcff-6a63072015b4,"size == ""1""","isEmpty == ""False""","peek_obj_type == ""class java.lang.String""","push == ""none""","pop == ""none""","clear == ""clear""","size_p == ""0""",Yes
10461,1607885829732:00652e16-06c4-4f37-bf4f-aaf9bd2fb16f,1607885829732:b111dc90-6067-4806-bcff-6a63072015b4,"size == ""1""","isEmpty == ""False""","peek_obj_type == ""class java.lang.String""","push == ""class java.lang.String""","pop == ""none""","clear == ""none""","size_p == ""1""",Yes
10462,1607885829732:00652e16-06c4-4f37-bf4f-aaf9bd2fb16f,1607885829732:b111dc90-6067-4806-bcff-6a63072015b4,"size == ""2""","isEmpty == ""False""","peek_obj_type == ""class java.lang.String""","push == ""none""","pop == ""none""","clear == ""clear""","size_p == ""1""",Yes
10463,1607885829732:00652e16-06c4-4f37-bf4f-aaf9bd2fb16f,1607885829732:b111dc90-6067-4806-bcff-6a63072015b4,"size == ""3""","isEmpty == ""False""","peek_obj_type == ""class java.lang.String""","push == ""none""","pop == ""none""","clear == ""clear""","size_p == ""2""",Yes
10464,1607885829732:00652e16-06c4-4f37-bf4f-aaf9bd2fb16f,1607885829732:b111dc90-6067-4806-bcff-6a63072015b4,"size == ""4""","isEmpty == ""False""","peek_obj_type == ""class java.lang.String""","push == ""none""","pop == ""none""","clear == ""clear""","size_p == ""3""",Yes
10466,1607885829731:eb5acad9-3c26-4912-9364-8a79ec018cc5,1607885829731:46a08ba7-c294-4640-9fa2-0bb059c358d5,"size == ""1""","isEmpty == ""False""","peek_obj_type == ""class java.lang.String""","push == ""none""","pop == ""none""","clear == ""clear""","size_p == ""0""",Yes
10467,1607885829731:eb5acad9-3c26-4912-9364-8a79ec018cc5,1607885829731:46a08ba7-c294-4640-9fa2-0bb059c358d5,"size == ""1""","isEmpty == ""False""","peek_obj_type == ""class java.lang.String""","push == ""class java.lang.String""","pop == ""none""","clear == ""none""","size_p == ""1""",Yes
10468,1607885829731:eb5acad9-3c26-4912-9364-8a79ec018cc5,1607885829731:46a08ba7-c294-4640-9fa2-0bb059c358d5,"size == ""2""","isEmpty == ""False""","peek_obj_type == ""class java.lang.String""","push == ""none""","pop == ""none""","clear == ""clear""","size_p == ""1""",Yes
10469,1607885829731:eb5acad9-3c26-4912-9364-8a79ec018cc5,1607885829731:46a08ba7-c294-4640-9fa2-0bb059c358d5,"size == ""3""","isEmpty == ""False""","peek_obj_type == ""class java.lang.String""","push == ""none""","pop == ""none""","clear == ""clear""","size_p == ""2""",Yes
10470,1607885829731:eb5acad9-3c26-4912-9364-8a79ec018cc5,1607885829731:46a08ba7-c294-4640-9fa2-0bb059c358d5,"size == ""4""","isEmpty == ""False""","peek_obj_type == ""class java.lang.String""","push == ""none""","pop == ""none""","clear == ""clear""","size_p == ""3""",Yes
10471,1607885829731:eb5acad9-3c26-4912-9364-8a79ec018cc5,1607885829731:46a08ba7-c294-4640-9fa2-0bb059c358d5,"size == ""5""","isEmpty == ""False""","peek_obj_type == ""class java.lang.String""","push == ""none""","pop == ""none""","clear == ""clear""","size_p == ""4""",Yes
10472,1607885829731:eb5acad9-3c26-4912-9364-8a79ec018cc5,1607885829731:46a08ba7-c294-4640-9fa2-0bb059c358d5,"size == ""6""","isEmpty == ""False""","peek_obj_type == ""class java.lang.String""","push == ""none""","pop == ""none""","clear == ""clear""","size_p == ""5""",Yes
10473,1607885829731:eb5acad9-3c26-4912-9364-8a79ec018cc5,1607885829731:46a08ba7-c294-4640-9fa2-0bb059c358d5,"size == ""5""","isEmpty == ""False""","peek_obj_type == ""class java.lang.String""","push == ""none""","pop == ""class java.lang.String""","clear == ""none""","size_p == ""6""",Yes
10475,1607885829731:d4c64f52-d0af-42e1-b719-aba1446748ee,1607885829731:1efa5025-9c8e-4638-9d42-19c106e9bc80,"size == ""0""","isEmpty == ""True""","peek_obj_type == ""EmptyObject""","push == ""class java.lang.String""","pop == ""none""","clear == ""none""","size_p == ""0""",Yes
10476,1607885829731:d4c64f52-d0af-42e1-b719-aba1446748ee,1607885829731:1efa5025-9c8e-4638-9d42-19c106e9bc80,"size == ""0""","isEmpty == ""True""","peek_obj_type == ""EmptyObject""","push == ""none""","pop == ""EmptyObject""","clear == ""none""","size_p == ""0""",No
10478,1607885829731:416be511-c4bf-43fd-8483-2e41cea3d4c5,1607885829731:64cdc476-d8f0-4cf8-94aa-f0c7ddeffec7,"size == ""0""","isEmpty == ""True""","peek_obj_type == ""EmptyObject""","push == ""class java.lang.String""","pop == ""none""","clear == ""none""","size_p == ""0""",Yes
10479,1607885829731:416be511-c4bf-43fd-8483-2e41cea3d4c5,1607885829731:64cdc476-d8f0-4cf8-94aa-f0c7ddeffec7,"size == ""0""","isEmpty == ""True""","peek_obj_type == ""EmptyObject""","push == ""none""","pop == ""EmptyObject""","clear == ""none""","size_p == ""0""",No
10481,1607885829730:736c5253-a938-4a60-8537-dd2be715edf7,1607885829730:f7e5f8be-9fe4-46f5-a61c-024938c8ca72,"size == ""0""","isEmpty == ""True""","peek_obj_type == ""EmptyObject""","push == ""class java.lang.String""","pop == ""none""","clear == ""none""","size_p == ""0""",Yes
10482,1607885829730:736c5253-a938-4a60-8537-dd2be715edf7,1607885829730:f7e5f8be-9fe4-46f5-a61c-024938c8ca72,"size == ""0""","isEmpty == ""True""","peek_obj_type == ""EmptyObject""","push == ""none""","pop == ""EmptyObject""","clear == ""none""","size_p == ""0""",No
10484,1607885829730:736c5253-a938-4a60-8537-dd2be715edf7,1607885829730:e93ee440-c737-460f-85bf-e217f960a164,"size == ""0""","isEmpty == ""True""","peek_obj_type == ""EmptyObject""","push == ""class java.lang.String""","pop == ""none""","clear == ""none""","size_p == ""0""",Yes
10487,1607885829729:e6bd2a8d-910a-4d30-8568-46953f8b5d2b,1607885829729:95a13d06-2ee6-4d59-93dc-eb7bbbfda2d4,"size == ""0""","isEmpty == ""True""","peek_obj_type == ""EmptyObject""","push == ""class java.lang.String""","pop == ""none""","clear == ""none""","size_p == ""0""",Yes
10488,1607885829729:e6bd2a8d-910a-4d30-8568-46953f8b5d2b,1607885829729:95a13d06-2ee6-4d59-93dc-eb7bbbfda2d4,"size == ""0""","isEmpty == ""True""","peek_obj_type == ""EmptyObject""","push == ""none""","pop == ""EmptyObject""","clear == ""none""","size_p == ""0""",No
10490,1607885829729:e6bd2a8d-910a-4d30-8568-46953f8b5d2b,1607885829729:3c6f2119-f5e9-4cea-a89a-c2db4534c1f4,"size == ""0""","isEmpty == ""True""","peek_obj_type == ""EmptyObject""","push == ""class java.lang.String""","pop == ""none""","clear == ""none""","size_p == ""0""",Yes
10492,1607885829729:8810b2f5-4000-4541-a193-bd93d393db89,1607885829730:b551e25e-c528-4c93-9b14-ae4a294a0aa9,"size == ""0""","isEmpty == ""True""","peek_obj_type == ""EmptyObject""","push == ""class java.lang.String""","pop == ""none""","clear == ""none""","size_p == ""0""",Yes
10493,1607885829729:8810b2f5-4000-4541-a193-bd93d393db89,1607885829730:b551e25e-c528-4c93-9b14-ae4a294a0aa9,"size == ""0""","isEmpty == ""True""","peek_obj_type == ""EmptyObject""","push == ""none""","pop == ""EmptyObject""","clear == ""none""","size_p == ""0""",No
10495,1607885829729:8810b2f5-4000-4541-a193-bd93d393db89,1607885829730:75239deb-4a6e-4bd4-81b5-44fad5867583,"size == ""1""","isEmpty == ""False""","peek_obj_type == ""class java.lang.String""","push == ""none""","pop == ""none""","clear == ""clear""","size_p == ""0""",Yes
10496,1607885829729:8810b2f5-4000-4541-a193-bd93d393db89,1607885829730:75239deb-4a6e-4bd4-81b5-44fad5867583,"size == ""1""","isEmpty == ""False""","peek_obj_type == ""class java.lang.String""","push == ""class java.lang.String""","pop == ""none""","clear == ""none""","size_p == ""1""",Yes
10497,1607885829729:8810b2f5-4000-4541-a193-bd93d393db89,1607885829730:75239deb-4a6e-4bd4-81b5-44fad5867583,"size == ""2""","isEmpty == ""False""","peek_obj_type == ""class java.lang.String""","push == ""none""","pop == ""none""","clear == ""clear""","size_p == ""1""",Yes
10498,1607885829729:8810b2f5-4000-4541-a193-bd93d393db89,1607885829730:75239deb-4a6e-4bd4-81b5-44fad5867583,"size == ""3""","isEmpty == ""False""","peek_obj_type == ""class java.lang.String""","push == ""none""","pop == ""none""","clear == ""clear""","size_p == ""2""",Yes
10499,1607885829729:8810b2f5-4000-4541-a193-bd93d393db89,1607885829730:75239deb-4a6e-4bd4-81b5-44fad5867583,"size == ""4""","isEmpty == ""False""","peek_obj_type == ""class java.lang.String""","push == ""none""","pop == ""none""","clear == ""clear""","size_p == ""3""",Yes
10501,1607885829728:ff8d458f-ea03-482b-80e6-b708b3f00c5f,1607885829728:fbebd23a-f716-4599-82f6-e0b968f0e722,"size == ""1""","isEmpty == ""False""","peek_obj_type == ""class java.lang.String""","push == ""none""","pop == ""none""","clear == ""clear""","size_p == ""0""",Yes
10502,1607885829728:ff8d458f-ea03-482b-80e6-b708b3f00c5f,1607885829728:fbebd23a-f716-4599-82f6-e0b968f0e722,"size == ""1""","isEmpty == ""False""","peek_obj_type == ""class java.lang.String""","push == ""class java.lang.String""","pop == ""none""","clear == ""none""","size_p == ""1""",Yes
10503,1607885829728:ff8d458f-ea03-482b-80e6-b708b3f00c5f,1607885829728:fbebd23a-f716-4599-82f6-e0b968f0e722,"size == ""0""","isEmpty == ""True""","peek_obj_type == ""EmptyObject""","push == ""none""","pop == ""EmptyObject""","clear == ""none""","size_p == ""1""",No
10505,1607885829728:ff8d458f-ea03-482b-80e6-b708b3f00c5f,1607885829728:e52e5bc5-b858-4288-b934-32f05efed2aa,"size == ""0""","isEmpty == ""True""","peek_obj_type == ""EmptyObject""","push == ""class java.lang.String""","pop == ""none""","clear == ""none""","size_p == ""0""",Yes
10506,1607885829728:ff8d458f-ea03-482b-80e6-b708b3f00c5f,1607885829728:e52e5bc5-b858-4288-b934-32f05efed2aa,"size == ""0""","isEmpty == ""True""","peek_obj_type == ""EmptyObject""","push == ""none""","pop == ""EmptyObject""","clear == ""none""","size_p == ""0""",No
10508,1607885829728:ff8d458f-ea03-482b-80e6-b708b3f00c5f,1607885829728:34ab21d7-5cbb-4a96-b2b5-f6af37af4e82,"size == ""0""","isEmpty == ""True""","peek_obj_type == ""EmptyObject""","push == ""class java.lang.String""","pop == ""none""","clear == ""none""","size_p == ""0""",Yes
10509,1607885829728:ff8d458f-ea03-482b-80e6-b708b3f00c5f,1607885829728:34ab21d7-5cbb-4a96-b2b5-f6af37af4e82,"size == ""0""","isEmpty == ""True""","peek_obj_type == ""EmptyObject""","push == ""class java.lang.String""","pop == ""none""","clear == ""none""","size_p == ""0""",Yes
10511,1607885829726:2225912d-9218-40cf-aea0-dee4a848d7ee,1607885829728:6c0be1f8-b105-4bd0-92dc-ce15b8da39bb,"size == ""0""","isEmpty == ""True""","peek_obj_type == ""EmptyObject""","push == ""class java.lang.String""","pop == ""none""","clear == ""none""","size_p == ""0""",Yes
10512,1607885829726:2225912d-9218-40cf-aea0-dee4a848d7ee,1607885829728:6c0be1f8-b105-4bd0-92dc-ce15b8da39bb,"size == ""0""","isEmpty == ""True""","peek_obj_type == ""EmptyObject""","push == ""none""","pop == ""EmptyObject""","clear == ""none""","size_p == ""0""",No
10514,1607885829726:2225912d-9218-40cf-aea0-dee4a848d7ee,1607885829728:001a3b75-aa30-47a5-8321-99001dcf1483,"size == ""0""","isEmpty == ""True""","peek_obj_type == ""EmptyObject""","push == ""class java.lang.String""","pop == ""none""","clear == ""none""","size_p == ""0""",Yes
10516,1607885829726:2225912d-9218-40cf-aea0-dee4a848d7ee,1607885829726:065ae0c1-8cc9-4b00-9366-bd0a74df0abd,"size == ""0""","isEmpty == ""True""","peek_obj_type == ""EmptyObject""","push == ""class java.lang.String""","pop == ""none""","clear == ""none""","size_p == ""0""",Yes
10517,1607885829726:2225912d-9218-40cf-aea0-dee4a848d7ee,1607885829726:065ae0c1-8cc9-4b00-9366-bd0a74df0abd,"size == ""0""","isEmpty == ""True""","peek_obj_type == ""EmptyObject""","push == ""class java.lang.String""","pop == ""none""","clear == ""none""","size_p == ""0""",Yes
10518,1607885829726:2225912d-9218-40cf-aea0-dee4a848d7ee,1607885829726:065ae0c1-8cc9-4b00-9366-bd0a74df0abd,"size == ""0""","isEmpty == ""True""","peek_obj_type == ""EmptyObject""","push == ""class java.lang.String""","pop == ""none""","clear == ""none""","size_p == ""0""",Yes
10519,1607885829726:2225912d-9218-40cf-aea0-dee4a848d7ee,1607885829726:065ae0c1-8cc9-4b00-9366-bd0a74df0abd,"size == ""1""","isEmpty == ""False""","peek_obj_type == ""class java.lang.String""","push == ""none""","pop == ""none""","clear == ""clear""","size_p == ""0""",Yes
10521,1607885829725:1acff277-a096-448e-ad44-160f8e1e9180,1607885829725:76aa36e8-e398-410c-a2f9-ee2992c69bf5,"size == ""1""","isEmpty == ""False""","peek_obj_type == ""class java.lang.String""","push == ""none""","pop == ""none""","clear == ""clear""","size_p == ""0""",Yes
10522,1607885829725:1acff277-a096-448e-ad44-160f8e1e9180,1607885829725:76aa36e8-e398-410c-a2f9-ee2992c69bf5,"size == ""1""","isEmpty == ""False""","peek_obj_type == ""class java.lang.String""","push == ""class java.lang.String""","pop == ""none""","clear == ""none""","size_p == ""1""",Yes
10523,1607885829725:1acff277-a096-448e-ad44-160f8e1e9180,1607885829725:76aa36e8-e398-410c-a2f9-ee2992c69bf5,"size == ""0""","isEmpty == ""True""","peek_obj_type == ""EmptyObject""","push == ""none""","pop == ""EmptyObject""","clear == ""none""","size_p == ""1""",No
10524,1607885829725:1acff277-a096-448e-ad44-160f8e1e9180,1607885829725:76aa36e8-e398-410c-a2f9-ee2992c69bf5,"size == ""1""","isEmpty == ""False""","peek_obj_type == ""class java.lang.String""","push == ""none""","pop == ""none""","clear == ""clear""","size_p == ""0""",Yes
10526,1607885829725:1acff277-a096-448e-ad44-160f8e1e9180,1607885829725:39079f57-3d53-4bfa-a5a4-fa6f6fc4d410,"size == ""0""","isEmpty == ""True""","peek_obj_type == ""EmptyObject""","push == ""class java.lang.String""","pop == ""none""","clear == ""none""","size_p == ""0""",Yes
10527,1607885829725:1acff277-a096-448e-ad44-160f8e1e9180,1607885829725:39079f57-3d53-4bfa-a5a4-fa6f6fc4d410,"size == ""0""","isEmpty == ""True""","peek_obj_type == ""EmptyObject""","push == ""none""","pop == ""EmptyObject""","clear == ""none""","size_p == ""0""",No
10529,1607885829724:d567d0ad-ee17-429a-950c-4549e2b1922d,1607885829724:96b2b5af-f8cd-45a9-8ef7-71353774ef7d,"size == ""0""","isEmpty == ""True""","peek_obj_type == ""EmptyObject""","push == ""class java.lang.String""","pop == ""none""","clear == ""none""","size_p == ""0""",Yes
10530,1607885829724:d567d0ad-ee17-429a-950c-4549e2b1922d,1607885829724:96b2b5af-f8cd-45a9-8ef7-71353774ef7d,"size == ""0""","isEmpty == ""True""","peek_obj_type == ""EmptyObject""","push == ""none""","pop == ""EmptyObject""","clear == ""none""","size_p == ""0""",No
10532,1607885829724:d567d0ad-ee17-429a-950c-4549e2b1922d,1607885829724:41c6f6a2-3744-4abd-ad0d-77bd8db741ae,"size == ""0""","isEmpty == ""True""","peek_obj_type == ""EmptyObject""","push == ""class java.lang.String""","pop == ""none""","clear == ""none""","size_p == ""0""",Yes
10533,1607885829724:d567d0ad-ee17-429a-950c-4549e2b1922d,1607885829724:41c6f6a2-3744-4abd-ad0d-77bd8db741ae,"size == ""0""","isEmpty == ""True""","peek_obj_type == ""EmptyObject""","push == ""class java.lang.String""","pop == ""none""","clear == ""none""","size_p == ""0""",Yes
10535,1607885829724:8c67e3eb-bf4f-4a9b-9b5d-d7f75e1359b0,1607885829724:f983f23a-f25c-46b3-bf81-2d39759280d7,"size == ""0""","isEmpty == ""True""","peek_obj_type == ""EmptyObject""","push == ""class java.lang.String""","pop == ""none""","clear == ""none""","size_p == ""0""",Yes
10536,1607885829724:8c67e3eb-bf4f-4a9b-9b5d-d7f75e1359b0,1607885829724:f983f23a-f25c-46b3-bf81-2d39759280d7,"size == ""0""","isEmpty == ""True""","peek_obj_type == ""EmptyObject""","push == ""none""","pop == ""EmptyObject""","clear == ""none""","size_p == ""0""",No
10538,1607885829723:d9c110ac-c7e8-47da-80e3-9dd7d28b571a,1607885829723:e200106e-27ef-407b-894c-3ba862dcc204,"size == ""0""","isEmpty == ""True""","peek_obj_type == ""EmptyObject""","push == ""class java.lang.String""","pop == ""none""","clear == ""none""","size_p == ""0""",Yes
10539,1607885829723:d9c110ac-c7e8-47da-80e3-9dd7d28b571a,1607885829723:e200106e-27ef-407b-894c-3ba862dcc204,"size == ""0""","isEmpty == ""True""","peek_obj_type == ""EmptyObject""","push == ""none""","pop == ""EmptyObject""","clear == ""none""","size_p == ""0""",No
10541,1607885829723:a94bb917-e44c-49ad-98e7-c03634859848,1607885829724:2b15a0aa-b0c4-4f4d-9281-4e137741a9f1,"size == ""0""","isEmpty == ""True""","peek_obj_type == ""EmptyObject""","push == ""class java.lang.String""","pop == ""none""","clear == ""none""","size_p == ""0""",Yes
10542,1607885829723:a94bb917-e44c-49ad-98e7-c03634859848,1607885829724:2b15a0aa-b0c4-4f4d-9281-4e137741a9f1,"size == ""0""","isEmpty == ""True""","peek_obj_type == ""EmptyObject""","push == ""none""","pop == ""EmptyObject""","clear == ""none""","size_p == ""0""",No
10544,1607885829723:245915a3-2181-4ee9-a2f0-663035818d6a,1607885829723:c738873d-3a54-4598-b6fc-75aea0174b74,"size == ""0""","isEmpty == ""True""","peek_obj_type == ""EmptyObject""","push == ""class java.lang.String""","pop == ""none""","clear == ""none""","size_p == ""0""",Yes
10545,1607885829723:245915a3-2181-4ee9-a2f0-663035818d6a,1607885829723:c738873d-3a54-4598-b6fc-75aea0174b74,"size == ""0""","isEmpty == ""True""","peek_obj_type == ""EmptyObject""","push == ""none""","pop == ""EmptyObject""","clear == ""none""","size_p == ""0""",No
10547,1607885829723:245915a3-2181-4ee9-a2f0-663035818d6a,1607885829723:750b8631-4fe8-4fc2-a998-25dbf590d636,"size == ""0""","isEmpty == ""True""","peek_obj_type == ""EmptyObject""","push == ""class java.lang.String""","pop == ""none""","clear == ""none""","size_p == ""0""",Yes
10550,1607885829722:732e5c92-8be6-4e29-aaf0-43d4331c9e71,1607885829722:569bc60c-0804-4895-bf13-288b62ead7d8,"size == ""0""","isEmpty == ""True""","peek_obj_type == ""EmptyObject""","push == ""class java.lang.String""","pop == ""none""","clear == ""none""","size_p == ""0""",Yes
10551,1607885829722:732e5c92-8be6-4e29-aaf0-43d4331c9e71,1607885829722:569bc60c-0804-4895-bf13-288b62ead7d8,"size == ""0""","isEmpty == ""True""","peek_obj_type == ""EmptyObject""","push == ""none""","pop == ""EmptyObject""","clear == ""none""","size_p == ""0""",No
10553,1607885829722:732e5c92-8be6-4e29-aaf0-43d4331c9e71,1607885829722:2156342a-677b-4c9f-b87e-1b62741ab443,"size == ""0""","isEmpty == ""True""","peek_obj_type == ""EmptyObject""","push == ""class java.lang.String""","pop == ""none""","clear == ""none""","size_p == ""0""",Yes
10555,1607885829722:42a410dd-562a-4c01-bb88-8f5e778e2378,1607885829722:d731773d-258d-4e23-9706-c8256605ed8d,"size == ""0""","isEmpty == ""True""","peek_obj_type == ""EmptyObject""","push == ""class java.lang.String""","pop == ""none""","clear == ""none""","size_p == ""0""",Yes
10556,1607885829722:42a410dd-562a-4c01-bb88-8f5e778e2378,1607885829722:d731773d-258d-4e23-9706-c8256605ed8d,"size == ""0""","isEmpty == ""True""","peek_obj_type == ""EmptyObject""","push == ""none""","pop == ""EmptyObject""","clear == ""none""","size_p == ""0""",No
10558,1607885829721:9d51c25e-9e9b-4851-aab9-23d46da9245e,1607885829721:2631efc0-c804-4dd3-b8c6-70e8b8a9d511,"size == ""0""","isEmpty == ""True""","peek_obj_type == ""EmptyObject""","push == ""class java.lang.String""","pop == ""none""","clear == ""none""","size_p == ""0""",Yes
10559,1607885829721:9d51c25e-9e9b-4851-aab9-23d46da9245e,1607885829721:2631efc0-c804-4dd3-b8c6-70e8b8a9d511,"size == ""0""","isEmpty == ""True""","peek_obj_type == ""EmptyObject""","push == ""none""","pop == ""EmptyObject""","clear == ""none""","size_p == ""0""",No
10561,1607885829721:6ab5900f-f1ff-42b9-9dc2-bfd6e1d08f06,1607885829721:ccc0cdf4-fbc4-4931-93c8-5bb8e852a57e,"size == ""0""","isEmpty == ""True""","peek_obj_type == ""EmptyObject""","push == ""class java.lang.String""","pop == ""none""","clear == ""none""","size_p == ""0""",Yes
10562,1607885829721:6ab5900f-f1ff-42b9-9dc2-bfd6e1d08f06,1607885829721:ccc0cdf4-fbc4-4931-93c8-5bb8e852a57e,"size == ""0""","isEmpty == ""True""","peek_obj_type == ""EmptyObject""","push == ""none""","pop == ""EmptyObject""","clear == ""none""","size_p == ""0""",No
10564,1607885829721:5259abd1-8dfc-4c27-a53b-bd5f394e89cc,1607885829721:66206eaa-7a57-471a-a7cd-80d8b2b3e298,"size == ""0""","isEmpty == ""True""","peek_obj_type == ""EmptyObject""","push == ""class java.lang.String""","pop == ""none""","clear == ""none""","size_p == ""0""",Yes
10565,1607885829721:5259abd1-8dfc-4c27-a53b-bd5f394e89cc,1607885829721:66206eaa-7a57-471a-a7cd-80d8b2b3e298,"size == ""0""","isEmpty == ""True""","peek_obj_type == ""EmptyObject""","push == ""none""","pop == ""EmptyObject""","clear == ""none""","size_p == ""0""",No
10567,1607885829720:76364ad7-1694-4465-8bde-e0ae2a0c5c40,1607885829720:4d6503d5-4424-458a-a85c-7cb525e58a80,"size == ""0""","isEmpty == ""True""","peek_obj_type == ""EmptyObject""","push == ""class java.lang.String""","pop == ""none""","clear == ""none""","size_p == ""0""",Yes
10568,1607885829720:76364ad7-1694-4465-8bde-e0ae2a0c5c40,1607885829720:4d6503d5-4424-458a-a85c-7cb525e58a80,"size == ""0""","isEmpty == ""True""","peek_obj_type == ""EmptyObject""","push == ""none""","pop == ""EmptyObject""","clear == ""none""","size_p == ""0""",No
10570,1607885829720:469b1d3e-d1ab-4fd3-89cf-2031d8565532,1607885829720:d63313f4-a814-44bc-99f9-1e0213857574,"size == ""0""","isEmpty == ""True""","peek_obj_type == ""EmptyObject""","push == ""class java.lang.String""","pop == ""none""","clear == ""none""","size_p == ""0""",Yes
10571,1607885829720:469b1d3e-d1ab-4fd3-89cf-2031d8565532,1607885829720:d63313f4-a814-44bc-99f9-1e0213857574,"size == ""0""","isEmpty == ""True""","peek_obj_type == ""EmptyObject""","push == ""none""","pop == ""EmptyObject""","clear == ""none""","size_p == ""0""",No
10573,1607885829719:62d5105c-950b-4f70-b478-c69b698e28e2,1607885829719:fa582226-a98c-4880-88e1-7b32b7db6634,"size == ""1""","isEmpty == ""False""","peek_obj_type == ""class java.lang.String""","push == ""none""","pop == ""none""","clear == ""clear""","size_p == ""0""",Yes
10574,1607885829719:62d5105c-950b-4f70-b478-c69b698e28e2,1607885829719:fa582226-a98c-4880-88e1-7b32b7db6634,"size == ""1""","isEmpty == ""False""","peek_obj_type == ""class java.lang.String""","push == ""class java.lang.String""","pop == ""none""","clear == ""none""","size_p == ""1""",Yes
10575,1607885829719:62d5105c-950b-4f70-b478-c69b698e28e2,1607885829719:fa582226-a98c-4880-88e1-7b32b7db6634,"size == ""2""","isEmpty == ""False""","peek_obj_type == ""class java.lang.String""","push == ""none""","pop == ""none""","clear == ""clear""","size_p == ""1""",Yes
10576,1607885829719:62d5105c-950b-4f70-b478-c69b698e28e2,1607885829719:fa582226-a98c-4880-88e1-7b32b7db6634,"size == ""3""","isEmpty == ""False""","peek_obj_type == ""class java.lang.String""","push == ""none""","pop == ""none""","clear == ""clear""","size_p == ""2""",Yes
10577,1607885829719:62d5105c-950b-4f70-b478-c69b698e28e2,1607885829719:fa582226-a98c-4880-88e1-7b32b7db6634,"size == ""4""","isEmpty == ""False""","peek_obj_type == ""class java.lang.String""","push == ""none""","pop == ""none""","clear == ""clear""","size_p == ""3""",Yes
10578,1607885829719:62d5105c-950b-4f70-b478-c69b698e28e2,1607885829719:fa582226-a98c-4880-88e1-7b32b7db6634,"size == ""5""","isEmpty == ""False""","peek_obj_type == ""class java.lang.String""","push == ""none""","pop == ""none""","clear == ""clear""","size_p == ""4""",Yes
10580,1607885829719:0eae9106-0c66-46c6-9032-ce9a8517a0b6,1607885829719:5e826ab7-100e-4189-9a23-8224b1bf1dc1,"size == ""0""","isEmpty == ""True""","peek_obj_type == ""EmptyObject""","push == ""class java.lang.String""","pop == ""none""","clear == ""none""","size_p == ""0""",Yes
10581,1607885829719:0eae9106-0c66-46c6-9032-ce9a8517a0b6,1607885829719:5e826ab7-100e-4189-9a23-8224b1bf1dc1,"size == ""0""","isEmpty == ""True""","peek_obj_type == ""EmptyObject""","push == ""none""","pop == ""EmptyObject""","clear == ""none""","size_p == ""0""",No
10583,1607885829718:e99057af-3858-47de-be09-661b057cd9da,1607885829719:a0f6b207-7fd0-4020-b796-4f52cdca4b56,"size == ""0""","isEmpty == ""True""","peek_obj_type == ""EmptyObject""","push == ""class java.lang.String""","pop == ""none""","clear == ""none""","size_p == ""0""",Yes
10584,1607885829718:e99057af-3858-47de-be09-661b057cd9da,1607885829719:a0f6b207-7fd0-4020-b796-4f52cdca4b56,"size == ""0""","isEmpty == ""True""","peek_obj_type == ""EmptyObject""","push == ""none""","pop == ""EmptyObject""","clear == ""none""","size_p == ""0""",No
10586,1607885829718:e99057af-3858-47de-be09-661b057cd9da,1607885829718:f614e13a-2bce-4a4c-abbd-88826be8e264,"size == ""1""","isEmpty == ""False""","peek_obj_type == ""class java.lang.String""","push == ""none""","pop == ""none""","clear == ""clear""","size_p == ""0""",Yes
10587,1607885829718:e99057af-3858-47de-be09-661b057cd9da,1607885829718:f614e13a-2bce-4a4c-abbd-88826be8e264,"size == ""1""","isEmpty == ""False""","peek_obj_type == ""class java.lang.String""","push == ""class java.lang.String""","pop == ""none""","clear == ""none""","size_p == ""1""",Yes
10588,1607885829718:e99057af-3858-47de-be09-661b057cd9da,1607885829718:f614e13a-2bce-4a4c-abbd-88826be8e264,"size == ""2""","isEmpty == ""False""","peek_obj_type == ""class java.lang.String""","push == ""none""","pop == ""none""","clear == ""clear""","size_p == ""1""",Yes
10589,1607885829718:e99057af-3858-47de-be09-661b057cd9da,1607885829718:f614e13a-2bce-4a4c-abbd-88826be8e264,"size == ""3""","isEmpty == ""False""","peek_obj_type == ""class java.lang.String""","push == ""none""","pop == ""none""","clear == ""clear""","size_p == ""2""",Yes
10590,1607885829718:e99057af-3858-47de-be09-661b057cd9da,1607885829718:f614e13a-2bce-4a4c-abbd-88826be8e264,"size == ""4""","isEmpty == ""False""","peek_obj_type == ""class java.lang.String""","push == ""none""","pop == ""none""","clear == ""clear""","size_p == ""3""",Yes
10592,1607885829718:d5a01290-52df-4ac8-af99-1f9e03b5216c,1607885829718:41cb4da0-6f64-49a3-a21f-60cc388dcf6e,"size == ""0""","isEmpty == ""True""","peek_obj_type == ""EmptyObject""","push == ""class java.lang.String""","pop == ""none""","clear == ""none""","size_p == ""0""",Yes
10593,1607885829718:d5a01290-52df-4ac8-af99-1f9e03b5216c,1607885829718:41cb4da0-6f64-49a3-a21f-60cc388dcf6e,"size == ""0""","isEmpty == ""True""","peek_obj_type == ""EmptyObject""","push == ""none""","pop == ""EmptyObject""","clear == ""none""","size_p == ""0""",No
10595,1607885829718:d5a01290-52df-4ac8-af99-1f9e03b5216c,1607885829718:0a7f4a15-22c9-4f11-9e97-126f0e077f68,"size == ""1""","isEmpty == ""False""","peek_obj_type == ""class java.lang.String""","push == ""none""","pop == ""none""","clear == ""clear""","size_p == ""0""",Yes
10596,1607885829718:d5a01290-52df-4ac8-af99-1f9e03b5216c,1607885829718:0a7f4a15-22c9-4f11-9e97-126f0e077f68,"size == ""1""","isEmpty == ""False""","peek_obj_type == ""class java.lang.String""","push == ""class java.lang.String""","pop == ""none""","clear == ""none""","size_p == ""1""",Yes
10597,1607885829718:d5a01290-52df-4ac8-af99-1f9e03b5216c,1607885829718:0a7f4a15-22c9-4f11-9e97-126f0e077f68,"size == ""0""","isEmpty == ""True""","peek_obj_type == ""EmptyObject""","push == ""none""","pop == ""EmptyObject""","clear == ""none""","size_p == ""1""",No
10598,1607885829718:d5a01290-52df-4ac8-af99-1f9e03b5216c,1607885829718:0a7f4a15-22c9-4f11-9e97-126f0e077f68,"size == ""1""","isEmpty == ""False""","peek_obj_type == ""class java.lang.String""","push == ""none""","pop == ""none""","clear == ""clear""","size_p == ""0""",Yes
10600,1607885829717:82f50bd8-0b91-444a-8348-8a329eea671b,1607885829717:3c45af10-bb99-46c7-9379-8b3f0c99d2d2,"size == ""0""","isEmpty == ""True""","peek_obj_type == ""EmptyObject""","push == ""class java.lang.String""","pop == ""none""","clear == ""none""","size_p == ""0""",Yes
10601,1607885829717:82f50bd8-0b91-444a-8348-8a329eea671b,1607885829717:3c45af10-bb99-46c7-9379-8b3f0c99d2d2,"size == ""0""","isEmpty == ""True""","peek_obj_type == ""EmptyObject""","push == ""none""","pop == ""EmptyObject""","clear == ""none""","size_p == ""0""",No
10603,1607885829717:804469e6-3cd0-4477-8a87-aa919c4cb136,1607885829717:f4383506-21ab-4172-8ff7-cd3bdfd32075,"size == ""0""","isEmpty == ""True""","peek_obj_type == ""EmptyObject""","push == ""class java.lang.String""","pop == ""none""","clear == ""none""","size_p == ""0""",Yes
10604,1607885829717:804469e6-3cd0-4477-8a87-aa919c4cb136,1607885829717:f4383506-21ab-4172-8ff7-cd3bdfd32075,"size == ""0""","isEmpty == ""True""","peek_obj_type == ""EmptyObject""","push == ""none""","pop == ""EmptyObject""","clear == ""none""","size_p == ""0""",No
10606,1607885829717:3734958f-112f-4b6c-90a0-9fa5e6c0a9e3,1607885829717:603d913a-eeda-4cb9-b164-166568b3cc78,"size == ""0""","isEmpty == ""True""","peek_obj_type == ""EmptyObject""","push == ""class java.lang.String""","pop == ""none""","clear == ""none""","size_p == ""0""",Yes
10607,1607885829717:3734958f-112f-4b6c-90a0-9fa5e6c0a9e3,1607885829717:603d913a-eeda-4cb9-b164-166568b3cc78,"size == ""0""","isEmpty == ""True""","peek_obj_type == ""EmptyObject""","push == ""none""","pop == ""EmptyObject""","clear == ""none""","size_p == ""0""",No
10609,1607885829716:f7af556c-99c5-4762-a1fa-02c12dd65c19,1607885829716:a1466526-7ecb-42e2-9f8a-a85b46e2d10b,"size == ""0""","isEmpty == ""True""","peek_obj_type == ""EmptyObject""","push == ""class java.lang.String""","pop == ""none""","clear == ""none""","size_p == ""0""",Yes
10610,1607885829716:f7af556c-99c5-4762-a1fa-02c12dd65c19,1607885829716:a1466526-7ecb-42e2-9f8a-a85b46e2d10b,"size == ""0""","isEmpty == ""True""","peek_obj_type == ""EmptyObject""","push == ""none""","pop == ""EmptyObject""","clear == ""none""","size_p == ""0""",No
10612,1607885829716:5f948d86-bad6-4f63-9330-8762c45c0acb,1607885829716:b9c76fd3-d013-4ad4-bf6e-d91badcbbecc,"size == ""0""","isEmpty == ""True""","peek_obj_type == ""EmptyObject""","push == ""class java.lang.String""","pop == ""none""","clear == ""none""","size_p == ""0""",Yes
10613,1607885829716:5f948d86-bad6-4f63-9330-8762c45c0acb,1607885829716:b9c76fd3-d013-4ad4-bf6e-d91badcbbecc,"size == ""1""","isEmpty == ""False""","peek_obj_type == ""class java.lang.String""","push == ""none""","pop == ""none""","clear == ""clear""","size_p == ""0""",Yes
10615,1607885829716:5f948d86-bad6-4f63-9330-8762c45c0acb,1607885829716:5be8ca6d-9f16-4b72-b367-74efd2750974,"size == ""1""","isEmpty == ""False""","peek_obj_type == ""class java.lang.String""","push == ""none""","pop == ""none""","clear == ""clear""","size_p == ""0""",Yes
10616,1607885829716:5f948d86-bad6-4f63-9330-8762c45c0acb,1607885829716:5be8ca6d-9f16-4b72-b367-74efd2750974,"size == ""1""","isEmpty == ""False""","peek_obj_type == ""class java.lang.String""","push == ""class java.lang.String""","pop == ""none""","clear == ""none""","size_p == ""1""",Yes
10618,1607885829715:fd1346a8-6b99-406c-8c61-109b8c051d3d,1607885829715:e6a187b4-7103-45a0-b3b4-3970ac002d9b,"size == ""0""","isEmpty == ""True""","peek_obj_type == ""EmptyObject""","push == ""class java.lang.String""","pop == ""none""","clear == ""none""","size_p == ""0""",Yes
10619,1607885829715:fd1346a8-6b99-406c-8c61-109b8c051d3d,1607885829715:e6a187b4-7103-45a0-b3b4-3970ac002d9b,"size == ""0""","isEmpty == ""True""","peek_obj_type == ""EmptyObject""","push == ""none""","pop == ""EmptyObject""","clear == ""none""","size_p == ""0""",No
10621,1607885829715:fd1346a8-6b99-406c-8c61-109b8c051d3d,1607885829715:3b6f1863-1877-43af-ab36-7d3600ee18f0,"size == ""1""","isEmpty == ""False""","peek_obj_type == ""class java.lang.String""","push == ""none""","pop == ""none""","clear == ""clear""","size_p == ""0""",Yes
10622,1607885829715:fd1346a8-6b99-406c-8c61-109b8c051d3d,1607885829715:3b6f1863-1877-43af-ab36-7d3600ee18f0,"size == ""1""","isEmpty == ""False""","peek_obj_type == ""class java.lang.String""","push == ""class java.lang.String""","pop == ""none""","clear == ""none""","size_p == ""1""",Yes
10623,1607885829715:fd1346a8-6b99-406c-8c61-109b8c051d3d,1607885829715:3b6f1863-1877-43af-ab36-7d3600ee18f0,"size == ""2""","isEmpty == ""False""","peek_obj_type == ""class java.lang.String""","push == ""none""","pop == ""none""","clear == ""clear""","size_p == ""1""",Yes
10624,1607885829715:fd1346a8-6b99-406c-8c61-109b8c051d3d,1607885829715:3b6f1863-1877-43af-ab36-7d3600ee18f0,"size == ""3""","isEmpty == ""False""","peek_obj_type == ""class java.lang.String""","push == ""none""","pop == ""none""","clear == ""clear""","size_p == ""2""",Yes
10625,1607885829715:fd1346a8-6b99-406c-8c61-109b8c051d3d,1607885829715:3b6f1863-1877-43af-ab36-7d3600ee18f0,"size == ""4""","isEmpty == ""False""","peek_obj_type == ""class java.lang.String""","push == ""none""","pop == ""none""","clear == ""clear""","size_p == ""3""",Yes
10627,1607885829715:d5772b9b-23fc-4ee3-b729-df0995838216,1607885829715:b27ef04f-858d-4282-9902-9acd9d72a9cd,"size == ""0""","isEmpty == ""True""","peek_obj_type == ""EmptyObject""","push == ""class java.lang.String""","pop == ""none""","clear == ""none""","size_p == ""0""",Yes
10628,1607885829715:d5772b9b-23fc-4ee3-b729-df0995838216,1607885829715:b27ef04f-858d-4282-9902-9acd9d72a9cd,"size == ""0""","isEmpty == ""True""","peek_obj_type == ""EmptyObject""","push == ""none""","pop == ""EmptyObject""","clear == ""none""","size_p == ""0""",No
10630,1607885829714:ab775d73-16f6-4358-a21f-f163ff603a67,1607885829714:98c64eae-8e68-4e6d-be2f-88788d07f1bb,"size == ""0""","isEmpty == ""True""","peek_obj_type == ""EmptyObject""","push == ""class java.lang.String""","pop == ""none""","clear == ""none""","size_p == ""0""",Yes
10631,1607885829714:ab775d73-16f6-4358-a21f-f163ff603a67,1607885829714:98c64eae-8e68-4e6d-be2f-88788d07f1bb,"size == ""0""","isEmpty == ""True""","peek_obj_type == ""EmptyObject""","push == ""none""","pop == ""EmptyObject""","clear == ""none""","size_p == ""0""",No
10633,1607885829714:ab775d73-16f6-4358-a21f-f163ff603a67,1607885829714:052ba2bc-1393-416c-b021-ac1052a71464,"size == ""0""","isEmpty == ""True""","peek_obj_type == ""EmptyObject""","push == ""class java.lang.String""","pop == ""none""","clear == ""none""","size_p == ""0""",Yes
10635,1607885829714:95abcb90-13a4-4c8b-b400-db12bd88e644,1607885829714:c2f838f5-d149-4d9f-a218-d8445bfb94fb,"size == ""0""","isEmpty == ""True""","peek_obj_type == ""EmptyObject""","push == ""class java.lang.String""","pop == ""none""","clear == ""none""","size_p == ""0""",Yes
10636,1607885829714:95abcb90-13a4-4c8b-b400-db12bd88e644,1607885829714:c2f838f5-d149-4d9f-a218-d8445bfb94fb,"size == ""0""","isEmpty == ""True""","peek_obj_type == ""EmptyObject""","push == ""none""","pop == ""EmptyObject""","clear == ""none""","size_p == ""0""",No
10638,1607885829713:e74a3793-2c88-4b38-a981-5bb5518d4721,1607885829713:2efdb2b4-2079-4768-a536-1c5a4d69a77d,"size == ""0""","isEmpty == ""True""","peek_obj_type == ""EmptyObject""","push == ""class java.lang.String""","pop == ""none""","clear == ""none""","size_p == ""0""",Yes
10639,1607885829713:e74a3793-2c88-4b38-a981-5bb5518d4721,1607885829713:2efdb2b4-2079-4768-a536-1c5a4d69a77d,"size == ""0""","isEmpty == ""True""","peek_obj_type == ""EmptyObject""","push == ""none""","pop == ""EmptyObject""","clear == ""none""","size_p == ""0""",No
10641,1607885829713:3fb424c3-8ebd-4e07-ae53-69d6778fd3c9,1607885829713:660ba2c1-9e3c-4993-b4e5-18e9335d5604,"size == ""0""","isEmpty == ""True""","peek_obj_type == ""EmptyObject""","push == ""class java.lang.String""","pop == ""none""","clear == ""none""","size_p == ""0""",Yes
10642,1607885829713:3fb424c3-8ebd-4e07-ae53-69d6778fd3c9,1607885829713:660ba2c1-9e3c-4993-b4e5-18e9335d5604,"size == ""0""","isEmpty == ""True""","peek_obj_type == ""EmptyObject""","push == ""none""","pop == ""EmptyObject""","clear == ""none""","size_p == ""0""",No
10644,1607885829712:d437d258-054d-469d-9e14-ee65fcba8f91,1607885829712:bd23d627-855f-4644-bbba-a18052aa7810,"size == ""0""","isEmpty == ""True""","peek_obj_type == ""EmptyObject""","push == ""class java.lang.String""","pop == ""none""","clear == ""none""","size_p == ""0""",Yes
10645,1607885829712:d437d258-054d-469d-9e14-ee65fcba8f91,1607885829712:bd23d627-855f-4644-bbba-a18052aa7810,"size == ""0""","isEmpty == ""True""","peek_obj_type == ""EmptyObject""","push == ""none""","pop == ""EmptyObject""","clear == ""none""","size_p == ""0""",No
10647,1607885829712:6368bfdf-f492-4b35-9b03-e1ce14887e3f,1607885829713:8af5893e-b0d8-400c-95f1-da963a8f29eb,"size == ""0""","isEmpty == ""True""","peek_obj_type == ""EmptyObject""","push == ""class java.lang.String""","pop == ""none""","clear == ""none""","size_p == ""0""",Yes
10648,1607885829712:6368bfdf-f492-4b35-9b03-e1ce14887e3f,1607885829713:8af5893e-b0d8-400c-95f1-da963a8f29eb,"size == ""0""","isEmpty == ""True""","peek_obj_type == ""EmptyObject""","push == ""none""","pop == ""EmptyObject""","clear == ""none""","size_p == ""0""",No
10650,1607885829712:6368bfdf-f492-4b35-9b03-e1ce14887e3f,1607885829713:033cd629-05e9-4259-bbf5-1e794327da82,"size == ""0""","isEmpty == ""True""","peek_obj_type == ""EmptyObject""","push == ""class java.lang.String""","pop == ""none""","clear == ""none""","size_p == ""0""",Yes
10652,1607885829711:b8959e28-ad01-4b99-b21d-763c393ecd3d,1607885829712:e269d311-d877-4582-a2d7-bc0354e7c477,"size == ""0""","isEmpty == ""True""","peek_obj_type == ""EmptyObject""","push == ""class java.lang.String""","pop == ""none""","clear == ""none""","size_p == ""0""",Yes
10654,1607885829711:b8959e28-ad01-4b99-b21d-763c393ecd3d,1607885829712:a2f858c1-50dd-4f18-9abb-8b7d97357f57,"size == ""0""","isEmpty == ""True""","peek_obj_type == ""EmptyObject""","push == ""class java.lang.String""","pop == ""none""","clear == ""none""","size_p == ""0""",Yes
10655,1607885829711:b8959e28-ad01-4b99-b21d-763c393ecd3d,1607885829712:a2f858c1-50dd-4f18-9abb-8b7d97357f57,"size == ""0""","isEmpty == ""True""","peek_obj_type == ""EmptyObject""","push == ""none""","pop == ""EmptyObject""","clear == ""none""","size_p == ""0""",No
10657,1607885829711:b8959e28-ad01-4b99-b21d-763c393ecd3d,1607885829711:de76ab39-b13c-465b-8ab1-6daaca6862f4,"size == ""0""","isEmpty == ""True""","peek_obj_type == ""EmptyObject""","push == ""class java.lang.String""","pop == ""none""","clear == ""none""","size_p == ""0""",Yes
10658,1607885829711:b8959e28-ad01-4b99-b21d-763c393ecd3d,1607885829711:de76ab39-b13c-465b-8ab1-6daaca6862f4,"size == ""0""","isEmpty == ""True""","peek_obj_type == ""EmptyObject""","push == ""class java.lang.String""","pop == ""none""","clear == ""none""","size_p == ""0""",Yes
10659,1607885829711:b8959e28-ad01-4b99-b21d-763c393ecd3d,1607885829711:de76ab39-b13c-465b-8ab1-6daaca6862f4,"size == ""0""","isEmpty == ""True""","peek_obj_type == ""EmptyObject""","push == ""class java.lang.String""","pop == ""none""","clear == ""none""","size_p == ""0""",Yes
10660,1607885829711:b8959e28-ad01-4b99-b21d-763c393ecd3d,1607885829711:de76ab39-b13c-465b-8ab1-6daaca6862f4,"size == ""1""","isEmpty == ""False""","peek_obj_type == ""class java.lang.String""","push == ""none""","pop == ""none""","clear == ""clear""","size_p == ""0""",Yes
10662,1607885829710:99f61e51-96dc-4bb0-804b-367c4e3ab976,1607885829710:7dfcf8bf-fbf3-4867-aeb9-712fd417c460,"size == ""0""","isEmpty == ""True""","peek_obj_type == ""EmptyObject""","push == ""class java.lang.String""","pop == ""none""","clear == ""none""","size_p == ""0""",Yes
10663,1607885829710:99f61e51-96dc-4bb0-804b-367c4e3ab976,1607885829710:7dfcf8bf-fbf3-4867-aeb9-712fd417c460,"size == ""0""","isEmpty == ""True""","peek_obj_type == ""EmptyObject""","push == ""none""","pop == ""EmptyObject""","clear == ""none""","size_p == ""0""",No
10665,1607885829710:8163b40e-c6bb-4d68-9956-7b867ce39cc8,1607885829711:7b204b56-11ce-467e-9508-dc26d3e2da28,"size == ""0""","isEmpty == ""True""","peek_obj_type == ""EmptyObject""","push == ""class java.lang.String""","pop == ""none""","clear == ""none""","size_p == ""0""",Yes
10666,1607885829710:8163b40e-c6bb-4d68-9956-7b867ce39cc8,1607885829711:7b204b56-11ce-467e-9508-dc26d3e2da28,"size == ""0""","isEmpty == ""True""","peek_obj_type == ""EmptyObject""","push == ""none""","pop == ""EmptyObject""","clear == ""none""","size_p == ""0""",No
10668,1607885829710:8163b40e-c6bb-4d68-9956-7b867ce39cc8,1607885829711:54219c90-26fe-4927-a33d-93696a0775c8,"size == ""0""","isEmpty == ""True""","peek_obj_type == ""EmptyObject""","push == ""class java.lang.String""","pop == ""none""","clear == ""none""","size_p == ""0""",Yes
10669,1607885829710:8163b40e-c6bb-4d68-9956-7b867ce39cc8,1607885829711:54219c90-26fe-4927-a33d-93696a0775c8,"size == ""0""","isEmpty == ""True""","peek_obj_type == ""EmptyObject""","push == ""class java.lang.String""","pop == ""none""","clear == ""none""","size_p == ""0""",Yes
10670,1607885829710:8163b40e-c6bb-4d68-9956-7b867ce39cc8,1607885829711:54219c90-26fe-4927-a33d-93696a0775c8,"size == ""0""","isEmpty == ""True""","peek_obj_type == ""EmptyObject""","push == ""class java.lang.String""","pop == ""none""","clear == ""none""","size_p == ""0""",Yes
10671,1607885829710:8163b40e-c6bb-4d68-9956-7b867ce39cc8,1607885829711:54219c90-26fe-4927-a33d-93696a0775c8,"size == ""1""","isEmpty == ""False""","peek_obj_type == ""class java.lang.String""","push == ""none""","pop == ""none""","clear == ""clear""","size_p == ""0""",Yes
10673,1607885829710:8163b40e-c6bb-4d68-9956-7b867ce39cc8,1607885829711:1aea2112-2645-431c-9a5a-e0eb5006db38,"size == ""0""","isEmpty == ""True""","peek_obj_type == ""EmptyObject""","push == ""class java.lang.String""","pop == ""none""","clear == ""none""","size_p == ""0""",Yes
10675,1607885829710:28ebaf0e-dbe1-4f87-b970-3dc1a13fdca1,1607885829710:f8fb1d93-5960-429e-9971-7449266f9c4b,"size == ""0""","isEmpty == ""True""","peek_obj_type == ""EmptyObject""","push == ""class java.lang.String""","pop == ""none""","clear == ""none""","size_p == ""0""",Yes
10676,1607885829710:28ebaf0e-dbe1-4f87-b970-3dc1a13fdca1,1607885829710:f8fb1d93-5960-429e-9971-7449266f9c4b,"size == ""0""","isEmpty == ""True""","peek_obj_type == ""EmptyObject""","push == ""none""","pop == ""EmptyObject""","clear == ""none""","size_p == ""0""",No
10678,1607885829709:8de77a0e-c815-4a32-ac0f-ce9fd21d27bc,1607885829709:7efe309d-1231-4bd5-9825-dab76c36b79a,"size == ""0""","isEmpty == ""True""","peek_obj_type == ""EmptyObject""","push == ""class java.lang.String""","pop == ""none""","clear == ""none""","size_p == ""0""",Yes
10679,1607885829709:8de77a0e-c815-4a32-ac0f-ce9fd21d27bc,1607885829709:7efe309d-1231-4bd5-9825-dab76c36b79a,"size == ""0""","isEmpty == ""True""","peek_obj_type == ""EmptyObject""","push == ""none""","pop == ""EmptyObject""","clear == ""none""","size_p == ""0""",No
10681,1607885829709:8de77a0e-c815-4a32-ac0f-ce9fd21d27bc,1607885829709:320b8848-e9d6-4c98-ba1f-b68bc7795c37,"size == ""0""","isEmpty == ""True""","peek_obj_type == ""EmptyObject""","push == ""class java.lang.String""","pop == ""none""","clear == ""none""","size_p == ""0""",Yes
10684,1607885829708:b4409ade-1dca-4b5e-803a-f21835b9ab9a,1607885829708:f9cb7229-c4e8-44cb-9260-f2d60884fc40,"size == ""1""","isEmpty == ""False""","peek_obj_type == ""class java.lang.String""","push == ""none""","pop == ""none""","clear == ""clear""","size_p == ""0""",Yes
10685,1607885829708:b4409ade-1dca-4b5e-803a-f21835b9ab9a,1607885829708:f9cb7229-c4e8-44cb-9260-f2d60884fc40,"size == ""1""","isEmpty == ""False""","peek_obj_type == ""class java.lang.String""","push == ""class java.lang.String""","pop == ""none""","clear == ""none""","size_p == ""1""",Yes
10686,1607885829708:b4409ade-1dca-4b5e-803a-f21835b9ab9a,1607885829708:f9cb7229-c4e8-44cb-9260-f2d60884fc40,"size == ""2""","isEmpty == ""False""","peek_obj_type == ""class java.lang.String""","push == ""none""","pop == ""none""","clear == ""clear""","size_p == ""1""",Yes
10687,1607885829708:b4409ade-1dca-4b5e-803a-f21835b9ab9a,1607885829708:f9cb7229-c4e8-44cb-9260-f2d60884fc40,"size == ""3""","isEmpty == ""False""","peek_obj_type == ""class java.lang.String""","push == ""none""","pop == ""none""","clear == ""clear""","size_p == ""2""",Yes
10688,1607885829708:b4409ade-1dca-4b5e-803a-f21835b9ab9a,1607885829708:f9cb7229-c4e8-44cb-9260-f2d60884fc40,"size == ""4""","isEmpty == ""False""","peek_obj_type == ""class java.lang.String""","push == ""none""","pop == ""none""","clear == ""clear""","size_p == ""3""",Yes
10690,1607885829708:b4409ade-1dca-4b5e-803a-f21835b9ab9a,1607885829708:dbbe66e7-3952-4e59-9fed-5c3c10517cb0,"size == ""0""","isEmpty == ""True""","peek_obj_type == ""EmptyObject""","push == ""class java.lang.String""","pop == ""none""","clear == ""none""","size_p == ""0""",Yes
10691,1607885829708:b4409ade-1dca-4b5e-803a-f21835b9ab9a,1607885829708:dbbe66e7-3952-4e59-9fed-5c3c10517cb0,"size == ""0""","isEmpty == ""True""","peek_obj_type == ""EmptyObject""","push == ""none""","pop == ""EmptyObject""","clear == ""none""","size_p == ""0""",No
10693,1607885829708:1a55514a-5020-4bc7-9f7e-955b000daa6d,1607885829709:1e8d05f2-8b55-4407-8860-e51f1d098692,"size == ""1""","isEmpty == ""False""","peek_obj_type == ""class java.lang.String""","push == ""none""","pop == ""none""","clear == ""clear""","size_p == ""0""",Yes
10694,1607885829708:1a55514a-5020-4bc7-9f7e-955b000daa6d,1607885829709:1e8d05f2-8b55-4407-8860-e51f1d098692,"size == ""1""","isEmpty == ""False""","peek_obj_type == ""class java.lang.String""","push == ""class java.lang.String""","pop == ""none""","clear == ""none""","size_p == ""1""",Yes
10695,1607885829708:1a55514a-5020-4bc7-9f7e-955b000daa6d,1607885829709:1e8d05f2-8b55-4407-8860-e51f1d098692,"size == ""2""","isEmpty == ""False""","peek_obj_type == ""class java.lang.String""","push == ""none""","pop == ""none""","clear == ""clear""","size_p == ""1""",Yes
10696,1607885829708:1a55514a-5020-4bc7-9f7e-955b000daa6d,1607885829709:1e8d05f2-8b55-4407-8860-e51f1d098692,"size == ""3""","isEmpty == ""False""","peek_obj_type == ""class java.lang.String""","push == ""none""","pop == ""none""","clear == ""clear""","size_p == ""2""",Yes
10697,1607885829708:1a55514a-5020-4bc7-9f7e-955b000daa6d,1607885829709:1e8d05f2-8b55-4407-8860-e51f1d098692,"size == ""4""","isEmpty == ""False""","peek_obj_type == ""class java.lang.String""","push == ""none""","pop == ""none""","clear == ""clear""","size_p == ""3""",Yes
10698,1607885829708:1a55514a-5020-4bc7-9f7e-955b000daa6d,1607885829709:1e8d05f2-8b55-4407-8860-e51f1d098692,"size == ""5""","isEmpty == ""False""","peek_obj_type == ""class java.lang.String""","push == ""none""","pop == ""none""","clear == ""clear""","size_p == ""4""",Yes
10699,1607885829708:1a55514a-5020-4bc7-9f7e-955b000daa6d,1607885829709:1e8d05f2-8b55-4407-8860-e51f1d098692,"size == ""4""","isEmpty == ""False""","peek_obj_type == ""class java.lang.String""","push == ""none""","pop == ""class java.lang.String""","clear == ""none""","size_p == ""5""",Yes
10701,1607885829707:f81a3fea-0020-43c3-a4e1-449386118e6c,1607885829707:ef4ce226-4a3d-4bc3-99cd-dc4e97cee97d,"size == ""0""","isEmpty == ""True""","peek_obj_type == ""EmptyObject""","push == ""class java.lang.String""","pop == ""none""","clear == ""none""","size_p == ""0""",Yes
10703,1607885829707:f81a3fea-0020-43c3-a4e1-449386118e6c,1607885829707:bf0ee91d-7cba-4d71-ac49-8de368acacf7,"size == ""0""","isEmpty == ""True""","peek_obj_type == ""EmptyObject""","push == ""class java.lang.String""","pop == ""none""","clear == ""none""","size_p == ""0""",Yes
10704,1607885829707:f81a3fea-0020-43c3-a4e1-449386118e6c,1607885829707:bf0ee91d-7cba-4d71-ac49-8de368acacf7,"size == ""0""","isEmpty == ""True""","peek_obj_type == ""EmptyObject""","push == ""none""","pop == ""EmptyObject""","clear == ""none""","size_p == ""0""",No
10706,1607885829706:86c90ba3-e583-4dfc-bb74-58236f871aaf,1607885829706:3abd87ff-a22d-4448-89a8-715e25955c77,"size == ""0""","isEmpty == ""True""","peek_obj_type == ""EmptyObject""","push == ""class java.lang.String""","pop == ""none""","clear == ""none""","size_p == ""0""",Yes
10707,1607885829706:86c90ba3-e583-4dfc-bb74-58236f871aaf,1607885829706:3abd87ff-a22d-4448-89a8-715e25955c77,"size == ""0""","isEmpty == ""True""","peek_obj_type == ""EmptyObject""","push == ""none""","pop == ""EmptyObject""","clear == ""none""","size_p == ""0""",No
10709,1607885829706:0236a29a-c390-4e50-88d4-4f8bcdb64fcb,1607885829707:cf6d963c-7269-4cc8-a3cc-f6429be73396,"size == ""0""","isEmpty == ""True""","peek_obj_type == ""EmptyObject""","push == ""class java.lang.String""","pop == ""none""","clear == ""none""","size_p == ""0""",Yes
10710,1607885829706:0236a29a-c390-4e50-88d4-4f8bcdb64fcb,1607885829707:cf6d963c-7269-4cc8-a3cc-f6429be73396,"size == ""0""","isEmpty == ""True""","peek_obj_type == ""EmptyObject""","push == ""none""","pop == ""EmptyObject""","clear == ""none""","size_p == ""0""",No
10712,1607885829706:0236a29a-c390-4e50-88d4-4f8bcdb64fcb,1607885829707:c9236aec-1728-428a-9577-7ea719108413,"size == ""0""","isEmpty == ""True""","peek_obj_type == ""EmptyObject""","push == ""class java.lang.String""","pop == ""none""","clear == ""none""","size_p == ""0""",Yes
10714,1607885829706:0236a29a-c390-4e50-88d4-4f8bcdb64fcb,1607885829706:e2866072-6653-463f-b526-3df487fdcad8,"size == ""0""","isEmpty == ""True""","peek_obj_type == ""EmptyObject""","push == ""class java.lang.String""","pop == ""none""","clear == ""none""","size_p == ""0""",Yes
10715,1607885829706:0236a29a-c390-4e50-88d4-4f8bcdb64fcb,1607885829706:e2866072-6653-463f-b526-3df487fdcad8,"size == ""0""","isEmpty == ""True""","peek_obj_type == ""EmptyObject""","push == ""class java.lang.String""","pop == ""none""","clear == ""none""","size_p == ""0""",Yes
10716,1607885829706:0236a29a-c390-4e50-88d4-4f8bcdb64fcb,1607885829706:e2866072-6653-463f-b526-3df487fdcad8,"size == ""0""","isEmpty == ""True""","peek_obj_type == ""EmptyObject""","push == ""class java.lang.String""","pop == ""none""","clear == ""none""","size_p == ""0""",Yes
10717,1607885829706:0236a29a-c390-4e50-88d4-4f8bcdb64fcb,1607885829706:e2866072-6653-463f-b526-3df487fdcad8,"size == ""1""","isEmpty == ""False""","peek_obj_type == ""class java.lang.String""","push == ""none""","pop == ""none""","clear == ""clear""","size_p == ""0""",Yes
10719,1607885829705:e88774b1-5813-4c5a-a4e5-7f0c24617520,1607885829705:3caecd81-5cb6-4b01-ac7b-ca0cfa3f7969,"size == ""0""","isEmpty == ""True""","peek_obj_type == ""EmptyObject""","push == ""class java.lang.String""","pop == ""none""","clear == ""none""","size_p == ""0""",Yes
10720,1607885829705:e88774b1-5813-4c5a-a4e5-7f0c24617520,1607885829705:3caecd81-5cb6-4b01-ac7b-ca0cfa3f7969,"size == ""0""","isEmpty == ""True""","peek_obj_type == ""EmptyObject""","push == ""none""","pop == ""EmptyObject""","clear == ""none""","size_p == ""0""",No
10722,1607885829704:e6451dce-7d58-4bff-b3fc-690516844ecc,1607885829704:f403ae9c-4b72-481b-9ba1-c36ac75ba739,"size == ""0""","isEmpty == ""True""","peek_obj_type == ""EmptyObject""","push == ""class java.lang.String""","pop == ""none""","clear == ""none""","size_p == ""0""",Yes
10723,1607885829704:e6451dce-7d58-4bff-b3fc-690516844ecc,1607885829704:f403ae9c-4b72-481b-9ba1-c36ac75ba739,"size == ""0""","isEmpty == ""True""","peek_obj_type == ""EmptyObject""","push == ""none""","pop == ""EmptyObject""","clear == ""none""","size_p == ""0""",No
10725,1607885829704:8edf794d-7ca0-4145-b2dd-ee591d4841cc,1607885829704:d4a5febb-65f7-41a1-8a48-2198c5afa1fe,"size == ""0""","isEmpty == ""True""","peek_obj_type == ""EmptyObject""","push == ""class java.lang.String""","pop == ""none""","clear == ""none""","size_p == ""0""",Yes
10726,1607885829704:8edf794d-7ca0-4145-b2dd-ee591d4841cc,1607885829704:d4a5febb-65f7-41a1-8a48-2198c5afa1fe,"size == ""0""","isEmpty == ""True""","peek_obj_type == ""EmptyObject""","push == ""class java.lang.String""","pop == ""none""","clear == ""none""","size_p == ""0""",Yes
10728,1607885829704:8edf794d-7ca0-4145-b2dd-ee591d4841cc,1607885829704:563f2b14-f8f3-47e0-a30f-4a899088e228,"size == ""0""","isEmpty == ""True""","peek_obj_type == ""EmptyObject""","push == ""class java.lang.String""","pop == ""none""","clear == ""none""","size_p == ""0""",Yes
10729,1607885829704:8edf794d-7ca0-4145-b2dd-ee591d4841cc,1607885829704:563f2b14-f8f3-47e0-a30f-4a899088e228,"size == ""0""","isEmpty == ""True""","peek_obj_type == ""EmptyObject""","push == ""none""","pop == ""EmptyObject""","clear == ""none""","size_p == ""0""",No
10731,1607885829704:6841cf4f-d462-4fab-8f8c-c887b804b1bf,1607885829705:2334977f-9804-4cb3-978f-8773f28cda37,"size == ""0""","isEmpty == ""True""","peek_obj_type == ""EmptyObject""","push == ""class java.lang.String""","pop == ""none""","clear == ""none""","size_p == ""0""",Yes
10732,1607885829704:6841cf4f-d462-4fab-8f8c-c887b804b1bf,1607885829705:2334977f-9804-4cb3-978f-8773f28cda37,"size == ""0""","isEmpty == ""True""","peek_obj_type == ""EmptyObject""","push == ""none""","pop == ""EmptyObject""","clear == ""none""","size_p == ""0""",No
10734,1607885829704:6841cf4f-d462-4fab-8f8c-c887b804b1bf,1607885829704:3cbd11c1-7906-47b8-b393-aad5d2dd4f29,"size == ""1""","isEmpty == ""False""","peek_obj_type == ""class java.lang.String""","push == ""none""","pop == ""none""","clear == ""clear""","size_p == ""0""",Yes
10735,1607885829704:6841cf4f-d462-4fab-8f8c-c887b804b1bf,1607885829704:3cbd11c1-7906-47b8-b393-aad5d2dd4f29,"size == ""1""","isEmpty == ""False""","peek_obj_type == ""class java.lang.String""","push == ""class java.lang.String""","pop == ""none""","clear == ""none""","size_p == ""1""",Yes
10736,1607885829704:6841cf4f-d462-4fab-8f8c-c887b804b1bf,1607885829704:3cbd11c1-7906-47b8-b393-aad5d2dd4f29,"size == ""2""","isEmpty == ""False""","peek_obj_type == ""class java.lang.String""","push == ""none""","pop == ""none""","clear == ""clear""","size_p == ""1""",Yes
10737,1607885829704:6841cf4f-d462-4fab-8f8c-c887b804b1bf,1607885829704:3cbd11c1-7906-47b8-b393-aad5d2dd4f29,"size == ""3""","isEmpty == ""False""","peek_obj_type == ""class java.lang.String""","push == ""none""","pop == ""none""","clear == ""clear""","size_p == ""2""",Yes
10738,1607885829704:6841cf4f-d462-4fab-8f8c-c887b804b1bf,1607885829704:3cbd11c1-7906-47b8-b393-aad5d2dd4f29,"size == ""4""","isEmpty == ""False""","peek_obj_type == ""class java.lang.String""","push == ""none""","pop == ""none""","clear == ""clear""","size_p == ""3""",Yes
10740,1607885829703:be05002d-3d1c-40cc-9be4-95bb64ca180c,1607885829703:31a162bb-1c5a-43f7-931c-a16355b42d87,"size == ""0""","isEmpty == ""True""","peek_obj_type == ""EmptyObject""","push == ""class java.lang.String""","pop == ""none""","clear == ""none""","size_p == ""0""",Yes
10741,1607885829703:be05002d-3d1c-40cc-9be4-95bb64ca180c,1607885829703:31a162bb-1c5a-43f7-931c-a16355b42d87,"size == ""0""","isEmpty == ""True""","peek_obj_type == ""EmptyObject""","push == ""none""","pop == ""EmptyObject""","clear == ""none""","size_p == ""0""",No
10743,1607885829703:59828183-f9f7-4b0a-a860-8936b8b6935f,1607885829703:f35e95b0-1e8a-4ba4-9eff-8e8cd2bd81b4,"size == ""0""","isEmpty == ""True""","peek_obj_type == ""EmptyObject""","push == ""class java.lang.String""","pop == ""none""","clear == ""none""","size_p == ""0""",Yes
10745,1607885829703:59828183-f9f7-4b0a-a860-8936b8b6935f,1607885829703:bef90efb-13b4-4658-9cfb-1efec5f1ef35,"size == ""0""","isEmpty == ""True""","peek_obj_type == ""EmptyObject""","push == ""class java.lang.String""","pop == ""none""","clear == ""none""","size_p == ""0""",Yes
10746,1607885829703:59828183-f9f7-4b0a-a860-8936b8b6935f,1607885829703:bef90efb-13b4-4658-9cfb-1efec5f1ef35,"size == ""0""","isEmpty == ""True""","peek_obj_type == ""EmptyObject""","push == ""none""","pop == ""EmptyObject""","clear == ""none""","size_p == ""0""",No
10748,1607885829703:289073a5-a687-447c-8d58-4b9cdbbcb10b,1607885829703:92069e64-5612-4adc-87d2-5755383e5d64,"size == ""0""","isEmpty == ""True""","peek_obj_type == ""EmptyObject""","push == ""class java.lang.String""","pop == ""none""","clear == ""none""","size_p == ""0""",Yes
10749,1607885829703:289073a5-a687-447c-8d58-4b9cdbbcb10b,1607885829703:92069e64-5612-4adc-87d2-5755383e5d64,"size == ""0""","isEmpty == ""True""","peek_obj_type == ""EmptyObject""","push == ""none""","pop == ""EmptyObject""","clear == ""none""","size_p == ""0""",No
10751,1607885829702:5e3293c6-21ba-4b5c-9b39-67c5025a630e,1607885829702:7308c5e8-33cd-41c4-8a52-ce8bac58913e,"size == ""0""","isEmpty == ""True""","peek_obj_type == ""EmptyObject""","push == ""class java.lang.String""","pop == ""none""","clear == ""none""","size_p == ""0""",Yes
10752,1607885829702:5e3293c6-21ba-4b5c-9b39-67c5025a630e,1607885829702:7308c5e8-33cd-41c4-8a52-ce8bac58913e,"size == ""0""","isEmpty == ""True""","peek_obj_type == ""EmptyObject""","push == ""none""","pop == ""EmptyObject""","clear == ""none""","size_p == ""0""",No
10754,1607885829702:13eb43a3-da01-4291-a0fb-42062a7fd4ff,1607885829702:d3cb60d3-dce9-4f5c-8c24-64a482cba685,"size == ""1""","isEmpty == ""False""","peek_obj_type == ""class java.lang.String""","push == ""none""","pop == ""none""","clear == ""clear""","size_p == ""0""",Yes
10755,1607885829702:13eb43a3-da01-4291-a0fb-42062a7fd4ff,1607885829702:d3cb60d3-dce9-4f5c-8c24-64a482cba685,"size == ""1""","isEmpty == ""False""","peek_obj_type == ""class java.lang.String""","push == ""class java.lang.String""","pop == ""none""","clear == ""none""","size_p == ""1""",Yes
10756,1607885829702:13eb43a3-da01-4291-a0fb-42062a7fd4ff,1607885829702:d3cb60d3-dce9-4f5c-8c24-64a482cba685,"size == ""2""","isEmpty == ""False""","peek_obj_type == ""class java.lang.String""","push == ""none""","pop == ""none""","clear == ""clear""","size_p == ""1""",Yes
10757,1607885829702:13eb43a3-da01-4291-a0fb-42062a7fd4ff,1607885829702:d3cb60d3-dce9-4f5c-8c24-64a482cba685,"size == ""3""","isEmpty == ""False""","peek_obj_type == ""class java.lang.String""","push == ""none""","pop == ""none""","clear == ""clear""","size_p == ""2""",Yes
10758,1607885829702:13eb43a3-da01-4291-a0fb-42062a7fd4ff,1607885829702:d3cb60d3-dce9-4f5c-8c24-64a482cba685,"size == ""4""","isEmpty == ""False""","peek_obj_type == ""class java.lang.String""","push == ""none""","pop == ""none""","clear == ""clear""","size_p == ""3""",Yes
10760,1607885829702:13eb43a3-da01-4291-a0fb-42062a7fd4ff,1607885829702:55eef206-0b73-4935-ac25-11d6e2cb88ab,"size == ""0""","isEmpty == ""True""","peek_obj_type == ""EmptyObject""","push == ""class java.lang.String""","pop == ""none""","clear == ""none""","size_p == ""0""",Yes
10761,1607885829702:13eb43a3-da01-4291-a0fb-42062a7fd4ff,1607885829702:55eef206-0b73-4935-ac25-11d6e2cb88ab,"size == ""0""","isEmpty == ""True""","peek_obj_type == ""EmptyObject""","push == ""none""","pop == ""EmptyObject""","clear == ""none""","size_p == ""0""",No
10763,1607885829701:e51c7b7b-aa3a-4c1e-8cae-e53c82f3c7ab,1607885829701:b0840cbd-b859-4c80-a847-b2198c995d67,"size == ""0""","isEmpty == ""True""","peek_obj_type == ""EmptyObject""","push == ""none""","pop == ""EmptyObject""","clear == ""none""","size_p == ""0""",No
10765,1607885829701:b59475e1-0a76-4ed9-bbd1-723b8c17b73a,1607885829701:2917e55c-12ac-42a7-b2ab-729aef3e00b8,"size == ""0""","isEmpty == ""True""","peek_obj_type == ""EmptyObject""","push == ""class java.lang.String""","pop == ""none""","clear == ""none""","size_p == ""0""",Yes
10766,1607885829701:b59475e1-0a76-4ed9-bbd1-723b8c17b73a,1607885829701:2917e55c-12ac-42a7-b2ab-729aef3e00b8,"size == ""0""","isEmpty == ""True""","peek_obj_type == ""EmptyObject""","push == ""none""","pop == ""EmptyObject""","clear == ""none""","size_p == ""0""",No
10768,1607885829701:9f644dd5-5cd5-4d50-83e0-23c005277d4f,1607885829701:5a336601-72a6-46e0-93da-44321b917d86,"size == ""0""","isEmpty == ""True""","peek_obj_type == ""EmptyObject""","push == ""class java.lang.String""","pop == ""none""","clear == ""none""","size_p == ""0""",Yes
10769,1607885829701:9f644dd5-5cd5-4d50-83e0-23c005277d4f,1607885829701:5a336601-72a6-46e0-93da-44321b917d86,"size == ""0""","isEmpty == ""True""","peek_obj_type == ""EmptyObject""","push == ""none""","pop == ""EmptyObject""","clear == ""none""","size_p == ""0""",No
10771,1607885829701:326c2932-2a46-4fcb-b031-8b4ea02b2ff3,1607885829702:fac7075a-a793-4b40-9604-65254ccb5b34,"size == ""0""","isEmpty == ""True""","peek_obj_type == ""EmptyObject""","push == ""class java.lang.String""","pop == ""none""","clear == ""none""","size_p == ""0""",Yes
10772,1607885829701:326c2932-2a46-4fcb-b031-8b4ea02b2ff3,1607885829702:fac7075a-a793-4b40-9604-65254ccb5b34,"size == ""0""","isEmpty == ""True""","peek_obj_type == ""EmptyObject""","push == ""none""","pop == ""EmptyObject""","clear == ""none""","size_p == ""0""",No
10774,1607885829700:a7bcd93c-6a98-4edf-b563-c7cf85465243,1607885829700:96866846-16ac-4214-a215-836e3a420834,"size == ""0""","isEmpty == ""True""","peek_obj_type == ""EmptyObject""","push == ""class java.lang.String""","pop == ""none""","clear == ""none""","size_p == ""0""",Yes
10776,1607885829700:a7bcd93c-6a98-4edf-b563-c7cf85465243,1607885829700:0cd4f385-0227-49d5-a02b-14a1705c2aad,"size == ""0""","isEmpty == ""True""","peek_obj_type == ""EmptyObject""","push == ""class java.lang.String""","pop == ""none""","clear == ""none""","size_p == ""0""",Yes
10777,1607885829700:a7bcd93c-6a98-4edf-b563-c7cf85465243,1607885829700:0cd4f385-0227-49d5-a02b-14a1705c2aad,"size == ""0""","isEmpty == ""True""","peek_obj_type == ""EmptyObject""","push == ""none""","pop == ""EmptyObject""","clear == ""none""","size_p == ""0""",No
10779,1607885829700:4501db36-acba-446b-9a82-e072e4833383,1607885829700:10693602-23d4-41c9-b775-17387aa5e260,"size == ""0""","isEmpty == ""True""","peek_obj_type == ""EmptyObject""","push == ""class java.lang.String""","pop == ""none""","clear == ""none""","size_p == ""0""",Yes
10781,1607885829700:4501db36-acba-446b-9a82-e072e4833383,1607885829700:0caef384-de62-48ad-b42a-43d86eee821f,"size == ""0""","isEmpty == ""True""","peek_obj_type == ""EmptyObject""","push == ""class java.lang.String""","pop == ""none""","clear == ""none""","size_p == ""0""",Yes
10782,1607885829700:4501db36-acba-446b-9a82-e072e4833383,1607885829700:0caef384-de62-48ad-b42a-43d86eee821f,"size == ""0""","isEmpty == ""True""","peek_obj_type == ""EmptyObject""","push == ""none""","pop == ""EmptyObject""","clear == ""none""","size_p == ""0""",No
10784,1607885829699:39e43151-034d-4098-9b32-01163d92ac47,1607885829699:540f9a2d-6b4f-475e-a5fe-02dd802c0bd5,"size == ""0""","isEmpty == ""True""","peek_obj_type == ""EmptyObject""","push == ""class java.lang.String""","pop == ""none""","clear == ""none""","size_p == ""0""",Yes
10785,1607885829699:39e43151-034d-4098-9b32-01163d92ac47,1607885829699:540f9a2d-6b4f-475e-a5fe-02dd802c0bd5,"size == ""0""","isEmpty == ""True""","peek_obj_type == ""EmptyObject""","push == ""none""","pop == ""EmptyObject""","clear == ""none""","size_p == ""0""",No
10787,1607885829699:1f416853-7d1e-4617-b028-cf4f9d46346a,1607885829699:b8c44695-3dca-4182-bf4c-fc10cda3b9d1,"size == ""1""","isEmpty == ""False""","peek_obj_type == ""class java.lang.String""","push == ""none""","pop == ""none""","clear == ""clear""","size_p == ""0""",Yes
10788,1607885829699:1f416853-7d1e-4617-b028-cf4f9d46346a,1607885829699:b8c44695-3dca-4182-bf4c-fc10cda3b9d1,"size == ""1""","isEmpty == ""False""","peek_obj_type == ""class java.lang.String""","push == ""class java.lang.String""","pop == ""none""","clear == ""none""","size_p == ""1""",Yes
10789,1607885829699:1f416853-7d1e-4617-b028-cf4f9d46346a,1607885829699:b8c44695-3dca-4182-bf4c-fc10cda3b9d1,"size == ""0""","isEmpty == ""True""","peek_obj_type == ""EmptyObject""","push == ""none""","pop == ""EmptyObject""","clear == ""none""","size_p == ""1""",No
10790,1607885829699:1f416853-7d1e-4617-b028-cf4f9d46346a,1607885829699:b8c44695-3dca-4182-bf4c-fc10cda3b9d1,"size == ""0""","isEmpty == ""True""","peek_obj_type == ""EmptyObject""","push == ""none""","pop == ""EmptyObject""","clear == ""none""","size_p == ""0""",No
10792,1607885829699:03f795df-c208-49e3-b8a9-cb08b01937b4,1607885829699:bf1eb714-2ec7-4213-b011-6d28449a0bb1,"size == ""0""","isEmpty == ""True""","peek_obj_type == ""EmptyObject""","push == ""class java.lang.String""","pop == ""none""","clear == ""none""","size_p == ""0""",Yes
10793,1607885829699:03f795df-c208-49e3-b8a9-cb08b01937b4,1607885829699:bf1eb714-2ec7-4213-b011-6d28449a0bb1,"size == ""0""","isEmpty == ""True""","peek_obj_type == ""EmptyObject""","push == ""none""","pop == ""EmptyObject""","clear == ""none""","size_p == ""0""",No
10795,1607885829699:03f795df-c208-49e3-b8a9-cb08b01937b4,1607885829699:56d4bbf7-98fa-4813-8399-fedac41e6297,"size == ""0""","isEmpty == ""True""","peek_obj_type == ""EmptyObject""","push == ""class java.lang.String""","pop == ""none""","clear == ""none""","size_p == ""0""",Yes
10797,1607885829698:5fc8905b-e7d6-495f-a1c4-128a28ebb293,1607885829698:3a1630b6-5c67-4afc-a3c8-9c1cddd09e2b,"size == ""0""","isEmpty == ""True""","peek_obj_type == ""EmptyObject""","push == ""class java.lang.String""","pop == ""none""","clear == ""none""","size_p == ""0""",Yes
10799,1607885829698:5fc8905b-e7d6-495f-a1c4-128a28ebb293,1607885829698:1485d068-7f69-4ae2-bd2c-54d56522deb4,"size == ""0""","isEmpty == ""True""","peek_obj_type == ""EmptyObject""","push == ""class java.lang.String""","pop == ""none""","clear == ""none""","size_p == ""0""",Yes
10800,1607885829698:5fc8905b-e7d6-495f-a1c4-128a28ebb293,1607885829698:1485d068-7f69-4ae2-bd2c-54d56522deb4,"size == ""0""","isEmpty == ""True""","peek_obj_type == ""EmptyObject""","push == ""none""","pop == ""EmptyObject""","clear == ""none""","size_p == ""0""",No
10802,1607885829698:551b41a1-8ac6-4998-b1e5-17baf32e0e2f,1607885829698:45cfe936-4ed5-4229-b92b-0143e55633e9,"size == ""0""","isEmpty == ""True""","peek_obj_type == ""EmptyObject""","push == ""class java.lang.String""","pop == ""none""","clear == ""none""","size_p == ""0""",Yes
10803,1607885829698:551b41a1-8ac6-4998-b1e5-17baf32e0e2f,1607885829698:45cfe936-4ed5-4229-b92b-0143e55633e9,"size == ""0""","isEmpty == ""True""","peek_obj_type == ""EmptyObject""","push == ""none""","pop == ""EmptyObject""","clear == ""none""","size_p == ""0""",No
10805,1607885829698:551b41a1-8ac6-4998-b1e5-17baf32e0e2f,1607885829698:04bd2902-aae3-4868-88f4-4dacd60c3d61,"size == ""1""","isEmpty == ""False""","peek_obj_type == ""class java.lang.String""","push == ""none""","pop == ""none""","clear == ""clear""","size_p == ""0""",Yes
10806,1607885829698:551b41a1-8ac6-4998-b1e5-17baf32e0e2f,1607885829698:04bd2902-aae3-4868-88f4-4dacd60c3d61,"size == ""1""","isEmpty == ""False""","peek_obj_type == ""class java.lang.String""","push == ""class java.lang.String""","pop == ""none""","clear == ""none""","size_p == ""1""",Yes
10807,1607885829698:551b41a1-8ac6-4998-b1e5-17baf32e0e2f,1607885829698:04bd2902-aae3-4868-88f4-4dacd60c3d61,"size == ""2""","isEmpty == ""False""","peek_obj_type == ""class java.lang.String""","push == ""none""","pop == ""none""","clear == ""clear""","size_p == ""1""",Yes
10808,1607885829698:551b41a1-8ac6-4998-b1e5-17baf32e0e2f,1607885829698:04bd2902-aae3-4868-88f4-4dacd60c3d61,"size == ""3""","isEmpty == ""False""","peek_obj_type == ""class java.lang.String""","push == ""none""","pop == ""none""","clear == ""clear""","size_p == ""2""",Yes
10809,1607885829698:551b41a1-8ac6-4998-b1e5-17baf32e0e2f,1607885829698:04bd2902-aae3-4868-88f4-4dacd60c3d61,"size == ""4""","isEmpty == ""False""","peek_obj_type == ""class java.lang.String""","push == ""none""","pop == ""none""","clear == ""clear""","size_p == ""3""",Yes
10811,1607885829697:ca455eaa-e556-41db-87a3-81265d2bf894,1607885829697:ddcca1ba-7f9b-43ec-bed9-0233df3c0e8d,"size == ""0""","isEmpty == ""True""","peek_obj_type == ""EmptyObject""","push == ""class java.lang.String""","pop == ""none""","clear == ""none""","size_p == ""0""",Yes
10812,1607885829697:ca455eaa-e556-41db-87a3-81265d2bf894,1607885829697:ddcca1ba-7f9b-43ec-bed9-0233df3c0e8d,"size == ""0""","isEmpty == ""True""","peek_obj_type == ""EmptyObject""","push == ""none""","pop == ""EmptyObject""","clear == ""none""","size_p == ""0""",No
10814,1607885829697:c4ac27dd-b343-4593-849a-3c7079ab54af,1607885829697:80dc9020-39e8-42cb-b433-11e54a960af6,"size == ""0""","isEmpty == ""True""","peek_obj_type == ""EmptyObject""","push == ""class java.lang.String""","pop == ""none""","clear == ""none""","size_p == ""0""",Yes
10815,1607885829697:c4ac27dd-b343-4593-849a-3c7079ab54af,1607885829697:80dc9020-39e8-42cb-b433-11e54a960af6,"size == ""0""","isEmpty == ""True""","peek_obj_type == ""EmptyObject""","push == ""none""","pop == ""EmptyObject""","clear == ""none""","size_p == ""0""",No
10817,1607885829697:688bec62-e6c3-47b9-8e02-d7a1452d5314,1607885829697:d614edec-2c87-4640-b062-3083d3aca316,"size == ""0""","isEmpty == ""True""","peek_obj_type == ""EmptyObject""","push == ""class java.lang.String""","pop == ""none""","clear == ""none""","size_p == ""0""",Yes
10818,1607885829697:688bec62-e6c3-47b9-8e02-d7a1452d5314,1607885829697:d614edec-2c87-4640-b062-3083d3aca316,"size == ""0""","isEmpty == ""True""","peek_obj_type == ""EmptyObject""","push == ""none""","pop == ""EmptyObject""","clear == ""none""","size_p == ""0""",No
10820,1607885829696:b4626a1f-5d18-4c5d-8b28-60d9b4866037,1607885829696:8ed4d539-cb45-408b-83de-f0c5a4dde967,"size == ""0""","isEmpty == ""True""","peek_obj_type == ""EmptyObject""","push == ""class java.lang.String""","pop == ""none""","clear == ""none""","size_p == ""0""",Yes
10821,1607885829696:b4626a1f-5d18-4c5d-8b28-60d9b4866037,1607885829696:8ed4d539-cb45-408b-83de-f0c5a4dde967,"size == ""0""","isEmpty == ""True""","peek_obj_type == ""EmptyObject""","push == ""none""","pop == ""EmptyObject""","clear == ""none""","size_p == ""0""",No
10823,1607885829696:b4626a1f-5d18-4c5d-8b28-60d9b4866037,1607885829696:42ecbee8-644e-4b79-987d-58ec7edc20b9,"size == ""0""","isEmpty == ""True""","peek_obj_type == ""EmptyObject""","push == ""class java.lang.String""","pop == ""none""","clear == ""none""","size_p == ""0""",Yes
10825,1607885829696:344213ca-60f3-468e-aaef-3c80dadd3116,1607885829696:aa6a121b-6f51-403e-97f3-2b0830d3f85f,"size == ""0""","isEmpty == ""True""","peek_obj_type == ""EmptyObject""","push == ""class java.lang.String""","pop == ""none""","clear == ""none""","size_p == ""0""",Yes
10826,1607885829696:344213ca-60f3-468e-aaef-3c80dadd3116,1607885829696:aa6a121b-6f51-403e-97f3-2b0830d3f85f,"size == ""0""","isEmpty == ""True""","peek_obj_type == ""EmptyObject""","push == ""none""","pop == ""EmptyObject""","clear == ""none""","size_p == ""0""",No
10828,1607885829696:344213ca-60f3-468e-aaef-3c80dadd3116,1607885829696:72c43067-4234-4c0a-8afa-d8b913b30c9f,"size == ""0""","isEmpty == ""True""","peek_obj_type == ""EmptyObject""","push == ""class java.lang.String""","pop == ""none""","clear == ""none""","size_p == ""0""",Yes
10830,1607885829695:a58cc4b9-8fb0-414f-9bf7-1f392d21dd0a,1607885829695:c50e34b6-6fb4-4c86-a36e-765ad418e6a3,"size == ""1""","isEmpty == ""False""","peek_obj_type == ""class java.lang.String""","push == ""none""","pop == ""none""","clear == ""clear""","size_p == ""0""",Yes
10831,1607885829695:a58cc4b9-8fb0-414f-9bf7-1f392d21dd0a,1607885829695:c50e34b6-6fb4-4c86-a36e-765ad418e6a3,"size == ""1""","isEmpty == ""False""","peek_obj_type == ""class java.lang.String""","push == ""class java.lang.String""","pop == ""none""","clear == ""none""","size_p == ""1""",Yes
10832,1607885829695:a58cc4b9-8fb0-414f-9bf7-1f392d21dd0a,1607885829695:c50e34b6-6fb4-4c86-a36e-765ad418e6a3,"size == ""0""","isEmpty == ""True""","peek_obj_type == ""EmptyObject""","push == ""none""","pop == ""EmptyObject""","clear == ""none""","size_p == ""1""",No
10833,1607885829695:a58cc4b9-8fb0-414f-9bf7-1f392d21dd0a,1607885829695:c50e34b6-6fb4-4c86-a36e-765ad418e6a3,"size == ""1""","isEmpty == ""False""","peek_obj_type == ""class java.lang.String""","push == ""none""","pop == ""none""","clear == ""clear""","size_p == ""0""",Yes
10835,1607885829695:87fa4932-d45d-46c2-b1ab-c1b8a5352f83,1607885829695:4da36f69-c0cc-49f2-9d59-cbd2307f8e05,"size == ""0""","isEmpty == ""True""","peek_obj_type == ""EmptyObject""","push == ""class java.lang.String""","pop == ""none""","clear == ""none""","size_p == ""0""",Yes
10837,1607885829695:87fa4932-d45d-46c2-b1ab-c1b8a5352f83,1607885829695:0a174d26-2f0e-422a-a2e4-53a04e2dd74a,"size == ""0""","isEmpty == ""True""","peek_obj_type == ""EmptyObject""","push == ""class java.lang.String""","pop == ""none""","clear == ""none""","size_p == ""0""",Yes
10838,1607885829695:87fa4932-d45d-46c2-b1ab-c1b8a5352f83,1607885829695:0a174d26-2f0e-422a-a2e4-53a04e2dd74a,"size == ""0""","isEmpty == ""True""","peek_obj_type == ""EmptyObject""","push == ""none""","pop == ""EmptyObject""","clear == ""none""","size_p == ""0""",No
10840,1607885829693:f520021f-f603-4e33-b1dd-2664d58e9198,1607885829693:6830ff88-7608-4360-ae51-0271cc99c89a,"size == ""1""","isEmpty == ""False""","peek_obj_type == ""class java.lang.String""","push == ""none""","pop == ""none""","clear == ""clear""","size_p == ""0""",Yes
10841,1607885829693:f520021f-f603-4e33-b1dd-2664d58e9198,1607885829693:6830ff88-7608-4360-ae51-0271cc99c89a,"size == ""1""","isEmpty == ""False""","peek_obj_type == ""class java.lang.String""","push == ""class java.lang.String""","pop == ""none""","clear == ""none""","size_p == ""1""",Yes
10843,1607885829693:da6d70f4-6dc9-44e8-b99b-8954441c204a,1607885829693:c51a62cb-cc41-41f4-ac03-ab8e65c09ee8,"size == ""0""","isEmpty == ""True""","peek_obj_type == ""EmptyObject""","push == ""class java.lang.String""","pop == ""none""","clear == ""none""","size_p == ""0""",Yes
10844,1607885829693:da6d70f4-6dc9-44e8-b99b-8954441c204a,1607885829693:c51a62cb-cc41-41f4-ac03-ab8e65c09ee8,"size == ""0""","isEmpty == ""True""","peek_obj_type == ""EmptyObject""","push == ""none""","pop == ""EmptyObject""","clear == ""none""","size_p == ""0""",No
10846,1607885829693:da3a0161-840c-4a48-a50b-5b54b74aaaa9,1607885829693:48b4740a-a544-469f-bce4-433189558bfc,"size == ""0""","isEmpty == ""True""","peek_obj_type == ""EmptyObject""","push == ""class java.lang.String""","pop == ""none""","clear == ""none""","size_p == ""0""",Yes
10847,1607885829693:da3a0161-840c-4a48-a50b-5b54b74aaaa9,1607885829693:48b4740a-a544-469f-bce4-433189558bfc,"size == ""0""","isEmpty == ""True""","peek_obj_type == ""EmptyObject""","push == ""none""","pop == ""EmptyObject""","clear == ""none""","size_p == ""0""",No
10849,1607885829692:eff0a2c8-0772-4536-a0d0-917e2d34190f,1607885829692:864c89ca-f269-4f4b-a5bd-934895af71fe,"size == ""0""","isEmpty == ""True""","peek_obj_type == ""EmptyObject""","push == ""class java.lang.String""","pop == ""none""","clear == ""none""","size_p == ""0""",Yes
10850,1607885829692:eff0a2c8-0772-4536-a0d0-917e2d34190f,1607885829692:864c89ca-f269-4f4b-a5bd-934895af71fe,"size == ""0""","isEmpty == ""True""","peek_obj_type == ""EmptyObject""","push == ""none""","pop == ""EmptyObject""","clear == ""none""","size_p == ""0""",No
10852,1607885829692:dad67326-f2a3-438c-b5ac-1aa6e20c47ff,1607885829692:77355044-b853-4199-b7b8-1ca5d4509509,"size == ""1""","isEmpty == ""False""","peek_obj_type == ""class java.lang.String""","push == ""none""","pop == ""none""","clear == ""clear""","size_p == ""0""",Yes
10853,1607885829692:dad67326-f2a3-438c-b5ac-1aa6e20c47ff,1607885829692:77355044-b853-4199-b7b8-1ca5d4509509,"size == ""2""","isEmpty == ""False""","peek_obj_type == ""class java.lang.String""","push == ""none""","pop == ""none""","clear == ""clear""","size_p == ""1""",Yes
10854,1607885829692:dad67326-f2a3-438c-b5ac-1aa6e20c47ff,1607885829692:77355044-b853-4199-b7b8-1ca5d4509509,"size == ""1""","isEmpty == ""False""","peek_obj_type == ""class java.lang.String""","push == ""none""","pop == ""class java.lang.String""","clear == ""none""","size_p == ""2""",Yes
10856,1607885829691:89a87880-9b8e-4002-ac8f-8ec3f95fb3e9,1607885829691:c533f5c6-62b4-4379-beed-b6ffe9151913,"size == ""0""","isEmpty == ""True""","peek_obj_type == ""EmptyObject""","push == ""class java.lang.String""","pop == ""none""","clear == ""none""","size_p == ""0""",Yes
10858,1607885829691:41fbe1f4-08e6-4546-93b7-912398782ade,1607885829692:e3d8b14f-a0b1-421a-8d4e-0576c68ccb84,"size == ""0""","isEmpty == ""True""","peek_obj_type == ""EmptyObject""","push == ""class java.lang.String""","pop == ""none""","clear == ""none""","size_p == ""0""",Yes
10859,1607885829691:41fbe1f4-08e6-4546-93b7-912398782ade,1607885829692:e3d8b14f-a0b1-421a-8d4e-0576c68ccb84,"size == ""0""","isEmpty == ""True""","peek_obj_type == ""EmptyObject""","push == ""none""","pop == ""EmptyObject""","clear == ""none""","size_p == ""0""",No
10861,1607885829691:17faa5b5-07cb-46ba-a84b-ec89b36c3a6c,1607885829691:7dbf63ec-7a72-4ab8-8870-25637601b0c2,"size == ""0""","isEmpty == ""True""","peek_obj_type == ""EmptyObject""","push == ""class java.lang.String""","pop == ""none""","clear == ""none""","size_p == ""0""",Yes
10862,1607885829691:17faa5b5-07cb-46ba-a84b-ec89b36c3a6c,1607885829691:7dbf63ec-7a72-4ab8-8870-25637601b0c2,"size == ""0""","isEmpty == ""True""","peek_obj_type == ""EmptyObject""","push == ""none""","pop == ""EmptyObject""","clear == ""none""","size_p == ""0""",No
10864,1607885829690:8f5cabe6-297a-404b-a60b-9ba8066a2464,1607885829690:c8659e69-890c-46cc-ab97-80d376382127,"size == ""1""","isEmpty == ""False""","peek_obj_type == ""class java.lang.String""","push == ""none""","pop == ""none""","clear == ""clear""","size_p == ""0""",Yes
10865,1607885829690:8f5cabe6-297a-404b-a60b-9ba8066a2464,1607885829690:c8659e69-890c-46cc-ab97-80d376382127,"size == ""1""","isEmpty == ""False""","peek_obj_type == ""class java.lang.String""","push == ""class java.lang.String""","pop == ""none""","clear == ""none""","size_p == ""1""",Yes
10867,1607885829690:089dce29-bf0a-4cd8-bfb3-3408125af38b,1607885829690:40ce7fb2-865a-43b5-a897-1413cd2d99c3,"size == ""1""","isEmpty == ""False""","peek_obj_type == ""class java.lang.String""","push == ""none""","pop == ""none""","clear == ""clear""","size_p == ""0""",Yes
10868,1607885829690:089dce29-bf0a-4cd8-bfb3-3408125af38b,1607885829690:40ce7fb2-865a-43b5-a897-1413cd2d99c3,"size == ""0""","isEmpty == ""True""","peek_obj_type == ""EmptyObject""","push == ""none""","pop == ""EmptyObject""","clear == ""none""","size_p == ""1""",No
10870,1607885829689:caf35703-59a2-4381-97b8-582d64565370,1607885829689:4535e3bc-1a44-438b-b29f-03a646e2b25f,"size == ""0""","isEmpty == ""True""","peek_obj_type == ""EmptyObject""","push == ""class java.lang.String""","pop == ""none""","clear == ""none""","size_p == ""0""",Yes
10871,1607885829689:caf35703-59a2-4381-97b8-582d64565370,1607885829689:4535e3bc-1a44-438b-b29f-03a646e2b25f,"size == ""0""","isEmpty == ""True""","peek_obj_type == ""EmptyObject""","push == ""none""","pop == ""EmptyObject""","clear == ""none""","size_p == ""0""",No
10873,1607885829688:240b46b4-ddab-4f34-9e71-f460df47f43d,1607885829688:d37e8e50-566e-42af-b91a-7520b7b71237,"size == ""0""","isEmpty == ""True""","peek_obj_type == ""EmptyObject""","push == ""class java.lang.String""","pop == ""none""","clear == ""none""","size_p == ""0""",Yes
10874,1607885829688:240b46b4-ddab-4f34-9e71-f460df47f43d,1607885829688:d37e8e50-566e-42af-b91a-7520b7b71237,"size == ""0""","isEmpty == ""True""","peek_obj_type == ""EmptyObject""","push == ""none""","pop == ""EmptyObject""","clear == ""none""","size_p == ""0""",No
10876,1607885829688:0d3b211d-2d28-4f3b-a4c2-ac931690b548,1607885829688:9e12ac4b-a6cf-4088-b5ce-c9e7f274cb53,"size == ""0""","isEmpty == ""True""","peek_obj_type == ""EmptyObject""","push == ""class java.lang.String""","pop == ""none""","clear == ""none""","size_p == ""0""",Yes
10877,1607885829688:0d3b211d-2d28-4f3b-a4c2-ac931690b548,1607885829688:9e12ac4b-a6cf-4088-b5ce-c9e7f274cb53,"size == ""0""","isEmpty == ""True""","peek_obj_type == ""EmptyObject""","push == ""none""","pop == ""EmptyObject""","clear == ""none""","size_p == ""0""",No
10879,1607885829686:04791a57-7c64-482e-940f-66e4285d1861,1607885829686:65c63e89-7cde-4d58-af32-2cbae0e303e2,"size == ""0""","isEmpty == ""True""","peek_obj_type == ""EmptyObject""","push == ""class java.lang.String""","pop == ""none""","clear == ""none""","size_p == ""0""",Yes
10880,1607885829686:04791a57-7c64-482e-940f-66e4285d1861,1607885829686:65c63e89-7cde-4d58-af32-2cbae0e303e2,"size == ""0""","isEmpty == ""True""","peek_obj_type == ""EmptyObject""","push == ""none""","pop == ""EmptyObject""","clear == ""none""","size_p == ""0""",No
10882,1607885829409:e037b458-a85c-411b-8e70-ab91698bb0fc,1607885829683:96772fe0-3e36-4a43-bf41-48198fbd09d5,"size == ""0""","isEmpty == ""True""","peek_obj_type == ""EmptyObject""","push == ""class java.lang.String""","pop == ""none""","clear == ""none""","size_p == ""0""",Yes
10883,1607885829409:e037b458-a85c-411b-8e70-ab91698bb0fc,1607885829683:96772fe0-3e36-4a43-bf41-48198fbd09d5,"size == ""0""","isEmpty == ""True""","peek_obj_type == ""EmptyObject""","push == ""none""","pop == ""EmptyObject""","clear == ""none""","size_p == ""0""",No
